138.83999999999997
150.34056809424195
245.4781173222912
276.52236152454316
228.17422258795767
129.82598077662442
320.20465991912636
128.87499440287507
185.06029739369004
109.92380979058285
59.13406684973012
69.51750008991189
119.01388328214134
66.28725708473422
5.993087557603701
38.88420942953893
32.27438748105408
1.2255054545454493
117.6735642939282
89.27695314038199
48.85925518802666
14.304946266573607
3.5136624220510457
3.34516561650961
-0.520376515370925
-0.545081991395207
-1.2586796677339227
-0.3596850807280356
-0.041354704708809094
-1.1034688480385708
0.3271095390737224
-15.348890182587999
-2.883967705559147
-7.4203614457831275
1.814913518564443
-65.71927755022423
-28.812139693815666
-50.31819264580777
-33.890257029979075
-10.94293968575773
-15.06227683746814
-7.6181325997687805
73.34618852239684
161.1285838592948
74.42527349117843
127.47900049513117
78.8593753440341
152.09256346040874
70.36910794060007
26.00912326588691
53.34993171752957
5.04906857550244
23.33669946673438
9.486516782591162
-3.9034297288173656
-20.816998884231495
-0.25197469765002695
-27.353647276084963
5.1487250838760446
-2.589306214125294
-29.320832915418897
6.548605425436436
7.038919287712359
18.558169090711267
7.255332942947976
-1.013861147411236
0.02739249380182755
-1.1425757510078443
46.03594742408218
25.485784290136813
0.20900967389897174
-1.3353130934761737
-3.961212271000038
-0.023933385540764435
0.7985603053897683
-3.140792898966917
-5.7658167330676875
-4.371234141352738
-15.799980045650965
0.9566712908137441
46.73195160650535
44.236096586958936
20.56092516461106
91.69349352072723
53.16210764872518
3.3800129348257215
119.34286322470787
35.174704021620734
84.6708408312993
171.76551569425618
-334.3254202803088
617.3068566296639
1716.0944303504752
389.61451390031266
1117.9306238572572
773.7545437460701
12.404148045208037
469.2886334946144
181.27222396538744
47.76000640757402
64.2556226971259
107.55536330178981
11.47033520809897
85.9148429931105
-57.19868457384897
-6.892196221147633
-0.4781393561907082
-10.144912611662898
-49.45577654587497
122.67312408799906
3.5012399269662104
33.20454485899683
14.367260451892356
-0.01339579631452047
-23.405556873599593
-7.492406871222909
-49.76959439290616
-66.28963643948343
-130.06767295742526
-117.80464136525433
-455.38675367894757
-35.33438280963246
-295.64672967395785
-281.90041582473657
-695.7056913240457
-377.5123295129358
-1197.1471216925333
-754.4092952959608
0.14097899608401593
-0.1421082878176212
1.6147081827842786
1.862743425728493
-0.22590738423028817
36.72980813643634
0.2044850690232785
0.021402453135848383
0.09878907795805192
-542.0851136903136
-464.00795036646514
33.2873421065586
26.551332964601812
0.0005936551146476722
61.726449502842
22.409221902017286
18.926653032637624
80.40848728314843
25.98874639806857
82.06242979741964
108.94860280569289
2.5499226749272865
28.608581569549646
11.638420113258249
32.5631614694575
5.154570535670692
8.296571365297298
15.150465100434907
75.8732298580079
-0.18620436554212677
105.2744511799616
-14.401263909869492
-1.345864000933787
46.341330178634784
0.3666888527461482
0.9822017453592966
-9.80016272719751
-184.96752113285632
26.74375106406033
-23.521658556116755
-134.30197906788885
-136.956301818739
-201.79112197782226
-91.12657853221432
36.010423495354104
137.61423015085074
137.18376865387344
16.755833600513025
212.72575927281406
157.3674628340575
18.679364922481962
70.61546236782098
26.59584867457281
-2.07197379086732
24.180315895167062
0.05012492490201344
2.4820489722439114
16.00331052227206
25.496101031690607
-5.842089325171125
48.29880571358856
16.603160893315767
8.873499719096344
20.62297150923286
0.6056144595821984
-7.880071724113595
25.736892855117183
4.229991266867642
2.76639148685471
1.1075827777149974
0.04906023815082805
-0.6392326550625199
-5.547818993533142
0.06720798814944973
0.21675289739284997
-0.4512140118770203
-4.60874340998544
-1.4083906038941687
-6.08624900204984
-9.709132830034662
-0.1533073272452789
-8.962977265190293
-1.0581798648453171
-8.91450077967692
-32.99334484851664
-79.22282047330155
12.29089349891931
-6.321714001936161
-55.3737604045118
-42.854898620506646
-97.93398852867058
-30.209839105535856
9.195184394612571
-1.4098317012755723
-48.60550338120204
-127.41176667520234
-117.06313329202892
-181.92710041215628
-258.53898709832526
-105.3580106150483
-82.24831414212096
-99.39073912774514
-72.52525396347743
-0.09615157151714392
4.549630931458697
-0.014634675598921398
224.83864153906546
86.2358984549718
147.21787607548444
22.3529589091194
-1.2612767197308974
0.5925006312986374
-5.797718321571663
-65.55491513950592
1.719756765424178
30.170932086114092
-19.20572323606516
162.28902559783575
-5.128996464209937
-7.610882916458841
-169.7286154377682
-60.5859613362242
-556.8564681437742
-100.35958469446035
-205.2352596127476
-64.71005721551185
-174.50564116004927
-40.21448585759043
-4.800413845568652
20.1389122790115
79.90652281337515
99.50972861940224
71.14540854417254
34.463175274801095
7.1582482504809475
48.19573001169167
47.13535178599045
32.271436831683204
35.41226661756582
11.99377663854341
0.21724037264414212
8.343115485342553
-0.6155361813426329
-3.6191714526380405
-15.101260776990465
-1.0758912671232865
-7.293977850658311
-46.19016768007971
-31.151658619434706
-86.13672246873746
-20.767562866222132
-52.46085018468664
-25.732401125268886
3.8644083318369535
80.37291245813356
0.05664504160704142
6.0488638842643025
0.5864914146449485
0.24827538999171414
260.42000175082296
93.51247139142882
87.22740800578006
1.4123354394475771
-19.466070015822805
16.245179530675763
0.1517786544067582
7.769100060225436
-1.9733396282223332
-0.0010318828586535628
7.471472537721086
1.9004448598130756
-21.391863702168884
-4.302061172336679
-4.653076270330334
-1.2885164880803917
-15.627541754316642
-14.995932937181694
-23.35847530915202
-184.64684040950942
-31.483502391681064
-59.82948272776092
-7.5330852224271405
-98.39191349658542
-57.87894118684674
-43.20957193907773
-48.70304816607639
0.27556377861182835
-8.735269452627488
-0.15375493162753212
0.00037699108151253644
42.702288667404915
56.960451977401114
65.2566343524264
61.27000072522885
116.47607692724223
65.85774172473872
28.389906452056632
17.916522447870687
0.826838205847028
5.105138896294331
0.7834688827676332
0.4219372352302482
-43.04404717200437
-74.6576724165623
-45.598106907006645
-97.04685074528862
-98.40525840007362
-69.44484393677777
-82.76116411369337
-8.295895078658111
-3.0716030482718275
-3.299045384067381
16.70377447889455
682.3964489669952
296.9611268364905
1.5343418585165447
18.231132587671773
41.828130841121485
1.056133333333333
0.7072441450112271
6.064769270698164
47.901242275667954
202.56009484755293
-0.03533121119056691
174.02716668882695
1.5441329544604754
232.3939979775506
694.8438458401115
203.74713062170628
28.57453224979865
250.7420476763334
173.24899929252322
315.5673133713068
133.4959095808566
-31.614221343411543
-5.133102242400055
-94.79601834238326
-71.35486591559656
-258.2288434522962
-161.75371300894247
-438.50551687317034
-0.4656087744012856
0.05597593080105226
0.22441575067319797
-9.611900102043473
0.20128033348221064
-2.433512789607618
1.7682696157879638
0.7405535338057818
-0.16147105750207333
0.00024189567220669924
1.7264272854570804
0.09849705882352999
0.060726138490330255
0.2996647876828433
-0.0886726411903956
5.088814758715372
-3.388689025312265
3.4233389830508325
1.4840463843272804
0.03131772865192919
-405.0321270733183
5.05987938676161
16.660313055692566
-0.25355690713521706
14.757357769034318
0.32538828233123296
-554.3806159579299
-508.1728691054212
-355.8666002136954
-0.0055865921787711095
3.0124384322994824
-0.26174265779652506
-1.979102054912794
-4.685387549779937
-328.52682367640375
0.2812391348291893
-239.27201964295392
13.102659171574164
-2.935083869060829
-0.02191811745391234
4.304780063260049
-16.21291983543199
31.37904167782243
-27.5894890744895
-1.7568940387698684
-5.113517220005416
-4.708810437452051
-126.61758116828828
-145.32350312717165
-142.6342515463918
-58.61274847047841
-105.45704566025375
-14.31939711575468
3.017785884630823
-0.4419922185869653
12.706613907166982
16.33782863617559
0.3617441092270465
29.835388671345
129.4686427468052
93.71320107550329
67.86157722450086
17.92636375643906
18.572426768155168
11.72337609540157
-6.330112749653534e-05
3.68146032284189
52.04219302350695
39.34723144643017
110.80452928559127
19.39612767057199
11.709094121315017
7.718268931400714
38.22772866153269
3.487604553513095
1.280952370476292
1.2679593037921437
1.9757610943793382
-10.399535451499363
7.709377234242724
7.512968882059189
6.621754267988447
9.726019531384772
-2.709840041920047
-13.78839405579997
-64.38400921161039
-94.77455745285872
-25.308959771186913
-0.12949939524257745
49.14221455480062
5.148612402034924
0.2829671953074077
0.43056688594587705
0.09432205404548634
0.010669398614001761
6.185120869565219
6.96321721012607
55.00976097678753
-1.0649790332078404
-2.347251070132037
17.878570118577066
3.2663935692974633
-15.89932077625572
-7.681125128779808
-22.255339830725788
-8.431384027062776
-42.4365470139771
-5.0015616947904755
-10.988552949477274
-40.37112915761579
-58.88861880930605
-72.6077621534753
-138.7106947755354
-23.972859029895677
-1.6218169710555859
60.47268373790337
27.04686377519846
296.884534375208
126.51351189200783
240.46820258558876
182.2419360938712
271.8339268931478
197.32556110168673
119.902904979253
97.37967828255185
104.71614451531947
32.78973145262694
63.12413368947943
19.700678508613837
2.0269955754777116
12.413732668946938
2.498174589282581
-23.90247082985405
1.546120453005972
7.5848352632034945
-9.234707509516966
3.2809910593876497
93.91441074808186
34.75505729367841
2.360081092303581
59.30739003372793
35.8711308837216
30.952557685855936
-10.441975892224075
-0.2591735871819672
-16.47391366616693
-13.792781933596086
-17.38467560635671
-24.53644442514008
-2.423968420362989
-94.16011177286443
-15.491312868664934
-25.242034004836565
-21.46221402214019
-105.34061466328109
-25.198573294601662
-61.86224604695732
-67.48343479160854
-5.337330901511201
-1.1111435370581255
-1.073057778170732
-92.58087693426312
0.28443550219048475
0.0064201041813317546
-2.8584648576881504
-9.066710979812889
-4.21219099654159
-30.648136615561754
2.0419415853110205
-36.322672448372685
-57.6991448406437
-87.36933832294847
-0.04860553677141009
0.3005442185218397
-42.987774393239604
-72.72349791476921
-63.17183908357987
-5.071596176763865
-81.91927582220245
-34.677244525780985
-85.61240828837325
-95.74940748020123
-211.81219855567443
-124.59647777794525
-0.8023026565935366
-2.9796554843846015
-44.18772911704313
-76.76063054476134
-51.093703845336734
0.032390225634303896
-5.359814082089891
0.1621211561547683
-7.010181288147948
0.6788651024314116
22.002900044403926
138.04681367056182
107.83838744078257
31.57143467467234
63.87802621005126
22.091989325772406
17.97422736114114
0.005213971278054343
48.26807457351004
5.441520544063466
130.6754237752923
1245.3782531775123
-6.111250713285268
58.45044356247018
513.3905301397109
23.636159843313262
196.08472909455747
422.9742057382414
251.0385250781
47.952893716058924
26.306728982484067
14.57660601950377
-1.0608727221623777
-121.02326145946398
-70.98674930241035
-287.94467225268875
-36.00294460219568
-2.1471686746987997
-303.1903817379083
-975.2512112015448
0.036280265494998284
0.026380805973426687
-0.3110000000000006
0.7615691533948019
-0.13038095238095157
1.166769959897923
0.49076486733760283
0.9700578776379423
-146.2802416032753
-390.8520672603761
-828.2767361284763
-46.83834323269956
-8.289069249334732
-48.673405656395175
-39.94637216365909
-0.3281637934048994
10.38297326482621
-24.39263020783074
36.15478831384355
3.295033152933586
0.7183847152360835
-4.573487953803198
-10.73150504741514
-79.20501291613604
-134.86970684039088
-35.835790586402624
-77.95395864169724
-11.309329061580288
-162.93672555343798
0.001785593945205999
37.782647761263235
84.28692134831462
65.24181910277736
86.72719187516356
187.2448156504002
75.37880442200084
55.845195601466244
255.0758023690491
0.022468260064156816
100.746718743238
53.941181991390735
134.3628654504127
1.6507139337193608
75.69799522442779
80.15116426512964
5.473841536901159
10.132407717266414
-1.300301789297203
38.80239556652539
-10.717085337771616
-31.66813371696825
-9.245445807265599
-7.316494398626109
1.9550496984113575
-0.011563878947916377
-2.3281397356042492
-11.585443652709346
-88.33214756715486
-27.240332840451153
-57.517330970474276
-121.58345951190746
-43.77729259190938
-9.721661688840616
2.7561805342339434
209.1081772778991
131.00380928669227
107.71791233492557
154.65878043578712
5.806310405643755
89.22940930867429
17.795371384377447
63.41889239890584
0.004801999642920826
-0.0002449168819126525
181.77142939618597
57.449638293548794
154.65772946161994
40.69518066059855
44.98735634176588
108.00714691897826
45.219255768254904
2.117239509489352
28.09166439024391
69.11120668098619
10.262016563056008
0.29936197614271653
-1.114722150387153
-5.468330795611383
0.0007133889551053183
-45.865398899171396
-31.208807802798617
-68.57812113664671
-3.150375715139602
1.593595514368037
-9.893022406896844
-12.71927520266642
-14.622151733798033
-14.841497139269734
-118.47848382809036
-43.88925143772985
-54.64276489823806
-68.02739651392938
-103.19559987865921
-128.44916427043313
-305.22536299407204
-217.74372426650442
-32.46606972781686
-145.92949901461088
-161.69250003865247
-221.89164523014614
-390.526494617609
-111.40865816914082
-17.238531073446346
78.94707766212977
60.62890231621349
216.42623968794092
194.77335434909526
77.52776036531571
71.5179303220475
261.97406192646235
83.7488797007031
39.96049332512912
91.321389318836
-12.843192269387853
-2.037921632379827
27.739130242233117
-3.8819457333857756
-1.2658986920552708
0.2692460847395917
-133.20833654876742
-32.602793232223135
-90.76140544751189
-88.76884572405181
-175.82655243171223
-273.61741946631764
39.077599642879946
6.197855429688968
-0.1357613019891529
-12.722032361974684
37.70346669268803
51.16506722936502
286.9201726808916
343.9855780656286
382.410744655545
488.11767978708724
310.4284045244289
130.60974968975765
198.9270501398753
242.57877468174834
240.95994456012266
157.41860955953769
68.30592314539267
113.18710141260054
62.293794894781996
9.71760575230546
19.28890061909416
0.3667345539122196
1.2205398205272122
17.239537707635222
-1.742578628653101
0.2843059834813446
1.0918327172698323
16.340510145840305
-5.924345344273971
-42.09604316815766
-35.1424512961509
66.3800269157694
-16.392755786360365
-34.52140600742492
-35.333976585976146
-1.1580586606935286
-87.0423395585737
-136.87347320289913
-241.2623997152407
-106.52513450129689
-80.8326402793406
-21.569819376933243
19.54587616349654
27.40521283550305
31.500071211450916
-75.64275215408011
-57.463741159656074
-231.81596869727542
-89.5472377057531
-43.736455403061754
-0.4280510477214394
-23.295651985118898
-75.65705510388437
-169.4996156073704
-93.20023767276246
-211.25753621132026
-117.62930824715389
-343.22532191101385
-295.2681898659474
-346.88176916511856
-248.69505898725393
-60.15440255946584
-1.6104126130353957
0.05655945481179504
20.817082433551448
-11.98626799682577
21.630703349470636
1.2349640603381395
13.765639548609457
11.19029361810126
-83.22251361359174
-93.39092012800633
-2.3280663392685663
-4.836082766330637
-22.948541736309103
14.642739442946981
32.12862383247965
88.11691961006215
228.62469428090262
10.741805021357214
58.29720473711526
19.263759403519558
17.084627676574016
11.730156382417348
40.6553000960712
11.451342674707295
9.69491985203452
-38.93687863716583
-40.98775450893238
-13.707374269005838
-31.232672675245418
-69.18349984486498
6.626049419525568
-7.082658822685369
-62.27121041925439
-69.51680384986265
-4.089451975306652
87.57027019521364
6.520425975667554
84.65722616265558
16.904935264217883
1.1016352806047598
29.548092013811004
70.98607569568739
161.58802512450407
32.24042446359706
41.72432801822323
1.8034130210545436
23.72864136943892
137.59130408626032
35.73724313863485
5.431025392547287
95.60117904376425
-0.5790162579222927
2.8256836590162044
-36.11685181422938
1.4853771118831278
-0.7384728764943449
-121.79785456998911
-37.89850823106148
-233.89393353814404
-13.835071463028015
22.028138184491006
-83.53342102639348
-285.5678767453058
-30.918309579693666
-8.841897303853747
-32.67012699666985
-340.13558167815165
-52.48473906151408
-56.0456769851952
-0.10230229949523238
-0.3385959534028242
20.486228060439768
192.19451347068141
99.94964247718661
67.7212979543434
134.80398822808388
44.99606710790041
9.27779376153515
0.7685935969479898
10.294586872586867
-2.968771441039252
-17.309385860806803
-10.671739177709822
-58.06800618238025
-51.25765082524927
-138.45106203561
-182.72633283143531
-106.19260821213226
-139.21599570156596
-8.842024505145668
-1.044720933589
5.7601998342388825
11.136646230603352
81.41856088861707
191.06592850268993
224.27185473025582
202.14180707114798
219.49331014920287
794.688290236357
103.15380040384254
126.97954221770092
-1.4540817891177893
9.066574698611348
-31.23471099147225
86.69967895362669
120.99042436083779
-27.04465724446271
-59.05603198510278
-177.01739857901504
83.81004045463308
-1.0357808396124852
0.04123640393481942
0.5389423657009504
0.08190414020928469
-26.707513552260245
-459.6717409620173
76.30782385776308
-95.96669712670747
-118.19364384359598
39.07689178180652
19.32703327636473
63.6621828244739
-4.263947982711119
15.539963315573429
-310.6390880146422
45.9090677134446
15.554792307692301
37.399390688027715
1.186834901893246
10.063059713555958
8.789965983427797
-2.9520981727624536
-0.48371128343963543
-0.26000781148287694
-0.007050585150604488
6.808900485436877
158.19990341802418
79.98324796000193
14.471813269937329
6.365708352271809
-0.7673545735711487
-84.12968200345179
-18.513224252557848
-25.563684614793786
-56.21932872580091
-119.11924548851388
-128.9974187077362
-72.10656002875629
-80.47420293689645
-22.538515327922084
33.36071328627354
212.69482137364326
-0.037632128718015814
191.41483894732565
153.50741703318675
27.795418575648174
101.94517661760355
19.71459770718014
5.403014817607463
233.1789072261006
124.20215679494537
71.44272198057901
222.631038756694
251.82375511396833
30.9206254144843
23.683564727764328
8.198856711058308
334.6715853985068
166.6745864215552
63.199250022977175
102.29371215124706
5.980283872380587
116.97189116363239
86.94892665396604
36.33841734821948
26.658573859614833
141.77154505992675
-0.004119404751339162
28.20806797587572
-24.028037577764348
2.8601750369211594
-34.39537342330394
-69.89654686594659
-238.2387309454784
-135.84676745516344
-31.803132285684846
22.680071452716504
5.0591871350177495
-0.31016369323321613
-2.769385773276589
2.6725781942746023
31.614881454306545
1.3943770589040496
-12.668456947433699
-34.85416188597433
7.8835974549949706
-22.61761171590274
43.87403774361383
-7.6128618585942505
-52.36505897296322
225.43998670162642
25.891601416462752
201.9398942483546
-8.18253904193724
-28.814477107995256
38.88848270158941
3.6785069828192363
143.26622786576766
-14.051656599017862
109.21569662501902
-0.10363184198142618
52.08323451230037
-0.8701924251958442
0.10447759030803082
49.475280340230924
131.94651572804813
1.0088482558949678
171.7350764162368
333.5782729371482
67.58155859059389
33.95555293893004
39.875214945716166
14.902510466806053
55.98469118978333
12.360257233912105
-46.09770972899114
22.516181577626362
-38.75409704536588
-65.19887732520422
0.021602269864051317
-154.00481361531536
-234.283815532196
-146.17216497797492
-208.7139102235405
-117.096544671458
5.211795554906761
-217.55915058288582
-198.51771042308587
-195.59282764962504
-290.16955127099044
-196.1306936522019
-138.8346294117648
-65.21660742970188
-80.19437149997448
-220.79769523897318
5.552142949059703
13.25641188016143
163.41426089967393
-667.3722380815262
-107.10267121308434
-84.95734954113667
-27.476814307203703
-139.47469255191038
55.92379108962221
61.05428792439706
55.4210248878967
-0.6159376734433845
0.9352621196798845
-191.1027222206224
5.41466252297993
-5.181631293699106
-0.002812665643744185
-116.21853712042488
-74.51233753801101
-0.05480539618545649
68.87574565849042
38.99197746292571
11.956206390839643
-3.727045030642137
-0.00047360467201167805
-5.1011148724330875
-0.027782817744714236
-4.28490986214211
-35.1479982628449
13.076161482322789
314.88019149674653
177.9701671059445
212.4413136828711
91.91367946828333
13.473263745464743
173.2589416477809
90.05281998831094
0.8058170822857954
0.5423497408417159
-5.0473331371773735
-34.59127765577368
-17.275813996603528
62.857533169082146
6.4378798023274175
7.441302637167739
15.427972543552286
212.1932044819752
43.50156190764158
34.34990763481668
96.1605475783248
2.2087995932027096
26.954067715281095
82.54946870469735
-1.2211983124644985
-0.010475670319028409
18.375758286557886
69.22097241206387
12.713554954246755
-2.344181105240402
-1.816309611964247
-27.511550282376245
-90.99255255443555
48.971894307213006
8.017440948207087
-143.7241647969052
-56.45844694761718
-1.0450628731998695
45.277894297054566
0.07526816709575765
-0.8723595707261081
-249.60277374775626
-166.4177572485362
-10.464215970018328
5.213564875743309
-17.707853533233642
-4.975203748093275
-235.67810344239365
-133.71835595965743
39.48083702520144
-123.16869947979194
-304.97760723158683
-115.55381176542045
-42.36237494470491
-89.52331790148176
55.92492264695904
-75.45316211936435
1.2286564144071355
-62.800063906220466
-188.9487454391724
23.500649709024334
2.808032494447261
-76.92487389796209
622.4996325132988
168.41335582282187
231.1813473224952
58.95114505986163
0.14018337270784048
36.38617054442585
11.896346915201343
122.46603758021142
-2.43666268778389
-0.03331539148815663
-17.90470127005189
6.0195101252155006
4.43583919648715
0.407079120438687
33.82534941526109
108.78378920356083
-17.810656616886465
47.16977394985405
-33.945670620396854
-74.69333893144855
-0.02552668073560466
0.2902636800861044
-0.18998978720407542
1.4433239340340078
-25.653644357171988
-229.49876502468993
-252.09903622510342
-328.55070535540403
-86.68540743660724
25.321376435026103
329.3787200376183
272.4123103659445
339.2769594456762
55.74594537622576
287.20813634639006
188.14459600940737
1.3242545185608248
98.70659409436549
36.38676705885292
-18.439722855983128
-508.9147818905386
42.65317679187538
13.304183205503278
-0.4787342041539454
-4.139692740227236
0.03688925175295281
63.80041420415334
0.6910345665736046
18.407925686353757
-12.621737627401538
-34.68521379766363
-34.5711131766932
-4.85429362570975
-57.0112430518165
-50.28939703034209
-182.50777654634769
-75.73208736680692
36.22928094121338
-0.08363898140438608
6.108767280280752
15.50115236297998
15.633089043563185
-1.5691484364076884
1.9692917236254341
-116.4147710032857
-540.4728379605651
-313.3086055019926
-62.32117332223256
-213.71253547481692
-290.28873025639064
-75.67609430816866
-159.19909516365877
-319.05703805360696
-118.93559604864421
0.6321055334690214
-15.21045181941092
-5.28977016075461
-1.54401345263808
-117.16134334170215
-120.63495592387966
-180.38232911392402
-225.07871377774143
-113.45083346054037
-273.04294071593245
-177.60344380422896
-146.60504083838399
-72.23803041234248
-6.196853895432932
160.50016132589724
217.44152145068543
325.3758774390625
315.5027807386512
91.58012011006105
124.39405993485352
52.48335913922062
14.184623786855614
205.52836642887857
82.14618920554156
124.9619821606612
34.38305541170376
76.16098741183819
23.09641793305397
-0.5580019651953557
24.25367309512541
5.574172723932465
-7.221982429167573
-21.809139363278447
4.866292498766596
156.3532992221231
62.498652031411595
133.96168215554292
75.43047587726167
40.55975104299691
87.5240651654571
54.85724851432088
44.22922986929899
0.8353626054574879
-0.1885423448375122
0.2611668292682814
14.989276662117415
51.6447010158501
-0.025195075323087415
-6.122535961640897
-38.18526798760889
1.0715409358194725
-17.619354142666445
-0.4423331510118829
-0.23384984548263849
-41.44611583226405
-17.62810614391587
-9.896895635323428
-37.97564474608011
-86.61504892694916
-1.6598017303901231
-14.556539471487302
-65.49415081906444
-155.91356904770444
-176.1802427008989
-13.501443105138703
4.849555800761072
10.99827918354865
-22.466112606528228
-131.73017949534355
-43.678869036389294
-8.516087862961333
62.07729138508425
-12.544342871716408
118.27685750360754
50.40981124732442
88.64160124475602
81.49695185809743
15.468877413093974
32.522310886880966
39.37016742586498
3.8253644903918564
0.8838004717982012
0.055942327861509385
38.123560348763405
-6.470106122448968
-4.599994641726337
-1.3608729430863415
-31.982749251269503
-19.44285696002726
-35.131435652421
-116.63632782112217
-6.457890952111511
-2.4851863612232323
-123.55611393270989
-1.628216527405745
-16.796945771284058
-110.64000967499186
-156.20359581490936
-39.78015131007009
-249.86866553844894
-312.5186117807779
-206.65477685195754
-346.7094531249999
-175.3448758713044
-159.390820944145
-104.02111615720509
25.976059372417843
344.3796644354316
95.68702638678687
139.93045625616608
228.05898426445995
263.64481400531395
102.39549694795204
25.83342015173364
3.702177717843516
36.84868877626133
122.7803163027042
10.525428051001821
8.50299134899933
331.063597461723
238.1333353358164
485.46284865477264
81.76101805798262
25.568485697551125
26.847166634252197
-95.91481828618149
12.545061543659775
-0.3407602746032926
59.16264698085128
25.81813365551077
0.9444244831950547
-6.697186917332908
-36.163203194449444
-0.11378690433023211
-0.9008048733003412
-80.64207149539621
-1.7203041946845987
-23.699188021537584
-4.449477542504301
-96.75637130376356
-2.5490144737799247
45.60439808611269
16.68659461093263
93.59270585605265
112.23096402189499
74.60840485839871
40.350037201927215
70.2160127710867
33.635851310020826
0.30495763408050497
2.24878484096127
9.859729729729713
0.34015788307791434
-17.13635881992085
-6.40155403469677
-41.70049072772315
59.07656276240256
129.11211051094668
131.80886911395223
67.47876226151982
12.605764279263836
84.04692193376405
36.63294057304836
2.2648600650707804
60.04063668088398
-0.5514870034759414
0.010908763072484371
-6.169133058349932
2.115438991934427
-0.3295283436841747
-32.94249086784329
-52.54230012520121
-46.182855414307724
-81.91849398040841
-119.87784331911915
-104.2323400445722
-27.10440576791686
-20.97432467249856
0.004703590643077687
-8.693370115444884
-17.420362549491504
-127.98217524127972
-23.13550992005199
-45.75975070221789
-11.262344214652597
-4.370430718493292
-19.281128624225687
-93.33747532489238
-52.624124423434374
-0.6529659671654355
-113.77135951135831
-16.062138640809746
-57.270881393683915
-153.72263340379806
-231.18007349096635
-54.623509940551244
30.252310495943057
-7.265767057034877
-7.267233881668117
-50.94298331157833
0.7440804253516483
26.11711250926581
10.253164876816172
1.0132283269254632
1.429224797196568
-2.2116972863644113
-0.9568526408492593
-10.253253752987627
-0.007694419030192615
1.8967902459044443
-1.6065441113306376
-22.361888962326532
-1.66409350263553
4.243894787461573
-3.8307936270984184
-36.68621802329862
-40.362570919823405
3.3414189030312205
-7.247548754265645
-6.613837524443369
161.16064358232074
65.97411580651618
117.22556725078255
12.193434701764254
51.947836246109674
0.6138666375220141
-0.057349591982375825
-1.8743478332713677
37.59111066435165
5.313042370152275
61.64667427100444
155.3168486654319
-1.448539318447355
25.240766336857103
161.787823830067
104.82385816909193
59.838295096178314
154.57442070144026
27.495000107027334
21.506548755505015
0.0012956063890971754
-3.0200522973922945
16.30948166206187
42.71050469024273
0.36077379199706794
0.45466427493578765
-0.17196605664042597
17.483421281675042
5.666152454195847
3.443509836499783
-21.75450087586262
-38.61375159309456
-112.81906020467365
-36.79358902717803
-0.3335449564937168
-16.65025478400524
-71.63423831070887
-25.12480209530422
-8.393060988105306
182.12748214010378
165.12429819420794
57.62483471800423
20.629295717488596
72.9392137037274
21.166999479182646
2.063058828448371
0.2599821868017582
1.7086300583887668
2.2466045791679923
152.79333139075973
21.492404300157418
29.50279551227485
5.641145314916184
2.3177255018587317
5.922855062942783
-4.2680867326795315
-0.17866841247849574
0.0202207940467623
-9.740358978974216
10.085160814976287
-32.02361449134271
-5.135997139536987
-15.947897330436154
-79.65516162248393
-22.745840514745996
-125.55123020797757
-76.44186136586697
-37.63624159652745
-70.63683330446484
-238.71177361748548
-167.31147951298587
-18.859643012811162
-51.769638089167515
-42.95147446399313
-164.80142924875773
-68.64214321362269
-499.65520436688445
-353.2006873524109
-348.0881023415607
-40.19620674055639
-121.5407952931629
-265.7061979428755
-198.29126152792395
-413.00542316887646
-155.46798658544085
-228.9739611831729
-144.47139784946242
-16.196922133190228
-25.741618104865488
-72.47622452413893
-5.741876698923557
-46.61229219206468
-155.9234633953305
-95.68094688111495
-0.02320690802407638
46.47305210618954
18.15072154446294
19.272249159796605
-0.6664034305317297
-44.136964837089224
-9.741370878002433
16.545649709587806
57.732606116395615
91.01063032662766
95.0842882620563
12.359384253340025
94.19314914086547
196.11371339582902
169.3246505764213
167.08864670467247
56.52474744742712
74.73101212745121
166.00234987121218
151.8100757376411
88.23973453916746
164.78817800677416
80.28607086531387
131.96524544179522
19.063454132674213
81.03223985546163
22.02542968608018
2.0173432456886577
24.14648579067235
0.9598189567382015
4.209523987672156
-1.729733237789688
0.7128333722832427
0.03904866473046766
5.92712346921243
1.0371811027256546
3.565594967442912
-2.029864274134945
-24.190559239966063
-13.341435828840897
-41.191944474687006
-86.91571448477669
-50.96131076445083
-92.9352198365777
-77.58015658061785
-206.56259927046455
-296.1981693845343
-254.7816618450659
-148.64161763821204
-85.1583786910534
-28.480068984589877
-11.68005075633616
5.648120912658014
40.57983981764332
-46.5082590247093
-106.22359527808734
-11.953117851815009
-7.69741196252702
31.29482785118857
-2.5074929038220217
-3.4382582400967747
-10.992030541248745
5.4699608461391875
38.575505061311894
236.55403400672944
73.7976612847819
114.7380603600153
255.71415343188426
9.279579191120723
-1.5975083719005205
25.77551584257258
135.52555668218332
324.87552771352136
51.85754327534067
44.782596750469175
12.147830502736577
-23.65195469744087
4.5431307032356125
113.26515880930285
24.03987150718217
-1.8270581144524862
-9.376797355023715
22.910313597744107
80.94453571466371
0.5260450961225113
-0.04724246723272795
47.184443721535374
69.22544544046028
16.144058606546857
27.520986894465988
8.426326575103552
18.15102667074079
-1.619343073578459
-9.24499830805221
5.292147449049377
-8.703169600938963
-0.10803899783345075
-5.582662155679563
-69.70364165434339
-121.29989539938406
-54.76566903048803
-30.223962675559477
-63.67481625772615
-41.235210120789944
-61.77910336950315
-160.71010470227796
-44.3656398879878
-153.07339425150903
-70.00284943615742
-204.51244936395176
-100.9081594033163
-80.12749405785621
-170.0040131655598
-134.51652176353372
0.022300944463120413
2.377469358567122
-24.056684190259368
-143.2284078785392
-39.52222452873703
-5.453864135261491
-12.545399753593424
141.72301514913994
200.06104862871615
150.05119444938617
445.50106436268516
338.0577138324945
109.42826425450049
217.74171156910998
204.37435399388926
227.95182207014534
133.27913534885585
51.66214307562201
87.0355502378874
143.4770482074448
149.25528468491802
46.179915484261095
55.97438752143243
87.43882917723639
57.75372748366903
41.51632536276314
37.730292180776466
8.931533492967418
8.76873757145334
2.094340292171721
0.37865755368940246
-4.3253615184646
18.118864758682772
101.16172166017233
3.645540920252828
-0.26250863436254407
202.82251867893882
70.32081123323078
46.5973465144679
22.476967708231314
17.771062660210724
2.9771979661470622
-0.595778030535012
7.462674814161511
69.16653100253997
28.36780096884159
57.112155739264594
12.708684364705125
0.0895590884446524
0.7360438034342682
0.42544647143542935
0.5886798693863711
-0.12317807809305334
12.859311802834672
-2.2921370976682356
-30.47408472658503
0.6441812934625822
126.52769133377973
4.543102398734254
-41.58098210522274
0.9189078683123862
-24.072689173457494
-93.30362079207379
-62.580090404657525
35.78557544757025
-4.189905585079143
0.24506755958243184
-30.046605095300997
-24.047112413832696
-131.03490877479925
-206.0934674602148
-2.041781723947495
1.0824713743418997
-117.14905571001226
-162.78479888364404
0.05096155000214224
4.549185984659969
35.53009825374345
-49.14885662746733
-11.434194488012533
-40.7996010036166
-131.1931892820832
-14.612592333533598
-123.86808623431702
-46.68442332896462
-243.11768659960725
-3.8210678050233318
-266.50882306163
-53.13237685437668
-6.635976867771163
-113.91660317578294
-80.51329163408917
-17.798430845670268
-14.79304636050414
6.767114792858244
9.059069825024794
0.3625430199896389
9.308323930236773
8.322114345679944
15.856767684430066
1.9937562458299363
-3.0028157883615645
-4.107030469627148
-12.952745491786779
-2.6251068158697968
-47.509885937130164
-58.06020339482668
-37.576594879394094
-2.120818156398538
1.3140604821351791
6.433857639013207
3.1079030859638395
34.643078188798874
-39.65202975662621
-85.02235460164505
-5.693838960584948
-6.47905290905665
-1.1655577886023796
-22.089297559682585
-39.94272720302109
-41.610087174329
0.3593765381460191
0.2119770752930658
66.05893672795855
559.3688648725179
184.02806501046632
116.49321810726161
480.64207439703273
71.73390738825697
194.07637995465547
74.47622615961285
-7.237560683782441
250.31076150283545
77.22205196620288
47.11528310977651
45.00636222081664
11.13150729481543
11.168488789557532
106.54063556407837
119.48249085923231
-48.71273109417879
56.35993781741598
64.66505213693814
18.592461036958703
3.18853950561161
22.594887497964052
1.6405689036177782
2.771223968193861
0.9572009016900493
-47.95646239837976
-22.114009634703482
-35.424302839338864
-6.752159987621882
-0.006931737632494164
-0.8055496990685421
-8.547473708911536
-83.40948345330261
-58.5847892345933
-144.49704572965695
-17.978314990812265
-23.241108228007008
12.712464911816076
15.87320296969454
39.28501635964325
7.055668135095418
1.1425292490959353
-0.0848090597242096
0.1677073111782494
-7.594524895903482
-0.023863031071654838
18.612861086463596
32.09829724297472
2.6191607497243625
-11.925806089078389
7.2089921179049545
52.35983178131566
45.97485001898492
-51.08907491758018
5.28533922195075
61.724389776099834
4.446868794643945
0.36521300617189967
22.12313712331416
0.6587189124350331
-29.660897296679465
9.927314148082516
-11.183668422183352
-1.255559897423365
21.79915267417152
0.14714266638342305
-1.2518627450980357
0.02024911437878161
1.5465884803965675
-0.5286847630662583
5.500450634511082
5.678717703675889
-0.9581709907678727
4.831854861933216
-1.7450580395528994
0.0009572357376146603
-9.051769912999365
-30.158748985449083
-14.25863104251302
-8.53162549557791
-42.45885815566576
13.956184244410645
-120.79121738127017
-25.78519692923901
-255.8771031487368
-214.16261482379014
-92.47286317485896
-168.8726321688772
-97.47444800847056
-355.6995092030349
-749.4576241688072
-149.20091800889617
-446.5322075144719
-202.43433038292233
-268.9390439708878
-93.83731429833765
-4.609828491911661
-30.758950211366813
-35.20090402563028
-90.56912137475756
-243.16350131549677
-41.45830898301617
-43.36592673547858
-0.32578451494360555
-5.736566248375485
-0.011730630558448444
22.341860895301515
11.534049707070341
77.4069263066229
97.94639550441534
218.28026882481106
183.0892632435796
163.70407808020008
79.60141570886766
55.153087774294654
73.14589028369971
6.05118059923019
0.06291143156700901
-2.9446617610854253
3.6458522811510043
3.007211604754418
-0.02938104006603666
0.00014186362250976096
-7.508855265068033
-12.140645120684761
-20.531895526196976
-126.92711328181969
-22.561675911144754
-114.7791012229882
1.1152241028051963
-47.65134974956597
-91.6185019559715
-124.92931236693681
-69.45355614716419
126.50818623034675
187.9553774249612
144.3670739123224
171.36309045115746
101.64023948003404
71.4997228532485
191.7760707086997
-9.011260672225244
35.62360804454255
51.07048084665823
4.659864128876929
-12.905570997613658
-28.37100819036455
-22.226842351995735
-2.0404810207677078
-5.207534277478406
63.96323939845562
-0.13549354260197524
-7.277989175536706
-0.268181181925549
-0.022587559724718
0.627226647784276
-0.7894379241816369
32.31213614437788
121.73049092781538
50.91069597503662
44.546718139311906
15.854588350946177
136.71484099566877
236.30748412104464
132.0733417419235
140.7109772549942
32.79199384892357
20.055739403025743
23.057836145688483
105.95880599042349
50.71192581646225
0.9783725581285607
44.60091739605619
0.06528535800773658
53.25638869056124
1.6231789960654517e-06
22.073911343414625
-1.3521134053109694
-2.759742231519286
28.86032560428625
25.041082843675365
19.79114221508823
11.629613300051007
23.454007472367852
61.04996512068749
10.584646544400597
-0.4447444165770778
0.2898471459787863
-17.881629353857864
-13.637224925309399
5.2272852440448965
2.0570537135813822
-3.820580413147118
-33.53263808500978
-32.42649805886384
1.1944474497681594
-12.607038247165157
-45.63497342513355
-145.23035290755834
-12.781242287688665
-104.40910566124224
-143.3643128459932
-72.82872481349793
-88.29837532755482
-164.56387159756525
-7.21650524407611
0.6903016527583857
0.04237175335551846
0.085595866953039
-40.19751251644225
14.371935286668661
8.24003152536244
-4.515920054353967
-66.98625394395403
-160.6836215772588
-27.043934222452314
-26.664115329280783
-2.5453146405479807
-16.95723781053109
-45.445138114142964
-80.93835950885203
-191.00321410274336
-170.95811643655844
-143.8803672265148
-189.1248672524732
-251.19205596930715
-256.8206415263039
-158.77287071458062
-254.09461725611206
-144.85460331942153
-316.6163524795704
-300.5247811782141
-16.317508936925712
-4.245608229641503
31.23639813095816
-37.19014456505426
-77.328454854319
41.13455366616008
49.026974179055514
98.0608493972087
46.46066547471933
102.31155803784225
267.1346356653223
342.3827608240176
40.62834634479447
3.2088904299583785
105.78197610176024
239.09717360703002
32.04404162102958
267.5938414181668
167.00540055355793
500.8639302711491
153.81198087878977
184.41239120141546
67.89287879445243
57.20798869384109
24.590778936807872
37.07604767879544
67.4820165972904
3.7504734498293986
0.1555098898892194
4.882000050442647
-14.399268829337068
-27.6351359113238
-78.01281902155316
11.588854840791367
57.91006049241971
-4.409603135701409e-06
16.7446030806896
23.43471538417721
-2.0144390134696417
7.6566257668711755
7.508566210667212
0.44905357960616493
0.0004100377234703729
0.20684732137500195
-5.983707219672782
1.0905969893944507
-6.557097264082607
0.12021407738903728
17.12684484928984
-69.84817017772984
-1.020983170141617
-109.88697762566323
-8.776019003640915
-1.0938291302110208
-77.2634400103774
-25.338507484013796
-12.58373116414068
-9.235624339515729
-0.005124390035099843
0.16408465117766685
-10.514242197056388
-6.499362098090291
11.924458902418163
53.93988347036543
11.207752350005777
0.3161874036980006
29.9848721094695
33.190932753429244
0.8181219428550773
-0.005053880555142994
-10.853729278162138
0.01753633919176928
2.017386795073631
18.19313284263361
-0.026512706504656473
-0.6599375709421128
-37.701140291196126
-3.5744505457103206
-2.695457404127669
-22.32542972627995
0.21977072124344846
-30.89590442868985
-4.8443196347032345
-0.7627763514735145
-42.09464417160693
-5.839160156731309
-12.845781372460829
-8.463622865627295
-66.94904931606419
0.1768752459661542
83.80529137373063
7.457466118902563
45.55551826258638
2.6178141201666616
17.024934346582803
10.665524376923837
-10.137811954549129
-29.50082536268794
51.31545231624847
16.276782650470082
94.4873484611604
-63.00119440839916
-0.8987710103018216
0.9469002480381783
-8.504825693388394
55.61038269577796
17.52378397741164
-2.867280312600979
-5.7163033275698005
4.753305407774311
6.991562849349376
28.96594701061058
10.855326152004789
4.793848858932561
-3.2480144815102223
-13.670194490056584
-3.8441166226912946
-0.5876033595937201
5.121398568504563
-5.115440376948178
-37.733263758863075
-26.87553996134133
-83.00903594851005
-75.065571876224
-73.43504995874966
-98.41211833342918
-136.44156999696332
-63.73261595284875
-145.19822893577447
-291.9474581093139
-137.5767506313541
-251.9975911060808
-294.07139622004206
-29.715332452331516
37.716048497176374
-67.95105377659937
-0.3030766714946548
-13.466296812336385
0.37665521683125464
-12.714388094680144
-46.85821563517916
-112.76633418529306
-34.647533425168184
-75.00439649819941
6.898325026735822
175.56181425485954
141.49948411737307
240.41646595443424
-0.705606972726802
61.705528092023926
86.52869533384026
1.1838651511380243
22.543608214456995
20.801610345550614
73.67551892162668
9.622149481223015
8.255754818408299
0.03669436454671314
-1.6541084289835772
-3.5033974940984223
0.4732608443292212
61.03186650815222
82.55651672021891
18.539139754370268
29.53135308537358
0.18329897923266536
-0.00012619000722216095
-0.5851332963960336
53.75189107078424
11.900071010195958
3.896002090892315
0.8426908138171947
8.641081040064746
0.1478793663118626
31.855242192479288
18.1605015915042
0.6201441834294538
1.5475905741849538
59.75580652965768
47.777096764867416
35.50716757797549
50.72858846367174
88.5532134136918
134.83427014423597
17.92107871564295
19.489400214640916
18.88688391824145
-5.720233034862696
-21.022630939324785
27.10052098049419
16.888903779147697
1.8155402084827834
115.50168913640093
-53.937232367632404
-82.49381642569472
0.16834550385979463
1.0404433066933032
2.7655666711128823
7.566690763896127
-1.562646011318194
-2.5183386258156726
-7.373327594555318
-1.2294436111706264
-0.6592395536510469
0.030180277296760608
14.092646061062842
1.2234591239248471
-39.17869293608838
19.096417661595268
-57.389093500742945
-3.070681647565196
-17.00048396697928
-29.79058175866688
-53.90700498249219
-24.687634980622484
-45.819637116485055
-86.99345687958173
-69.42884989988798
-107.61809791673483
-233.45859209493918
-137.80695423298445
-57.04852620448093
-17.174378521149666
24.89588998936824
-6.812888597471144
-35.08768559013766
-1.596620703144109
0.05713699790468317
-36.72251292445737
0.21593265633351358
66.53635269366995
68.83758742818173
8.445639921224819
48.47612859297446
125.70266076386287
-0.518802876242903
-69.4234920448464
-47.53244446106671
-5.367234602417561
-127.21468210978253
-28.260733648346214
115.99317220889037
267.11484615197804
39.542458588094476
76.31428867135857
31.63735034123756
310.18237967537056
158.54930232558144
192.29210228163902
20.54340058257489
-7.064145940578209
72.67830009232685
230.59932741031025
201.77841701477792
108.66986888678787
172.89676438165998
15.632935159686745
87.02718274519407
1.5668113087911633
17.940693702033595
14.150708575581394
-8.667202471115857
0.27863271371719295
-4.291396384595208
0.00017742260671919197
-26.678819776714494
1.4736678642178092
-43.93200663005459
-8.227147643726626
-49.62561033347059
-48.53572749270954
-43.14980015648118
-85.64892773248582
-197.57984926444513
-229.26235040396574
-144.62231263852257
-0.1346991472005941
3.624576081127195
17.616179099217053
7.6111149122591035
10.925419354838708
3.5763540081563026
0.7287312514246634
3.3134559193954676
4.1888050806990815
2.502944049296934
0.27165357243256205
65.09469722294945
0.14244594841777722
2.0700757219083847
-0.5997094278121247
0.19109006543934828
-5.019661982529451
-5.0625299316469725
-5.391142887996983
0.07253073478355773
-38.38832592534316
-22.85394755545581
-28.784929180390122
-61.46977949233536
-107.573107293134
-6.273344668799954
2.1256416577743256
-0.688752570253597
-1.6178535376431802
-1.6462215148940358
-16.80896296446123
9.49363950691521
-93.87906574521996
-34.81956304279588
-3.8137814606633027
-4.812946939732858
1.0633228906481516
-0.08745398063386148
-37.21514859357914
-2.4799336148195135
2.809025769552065
63.523094048336574
19.812931942007612
2.5988020746591776
-1.4790251680063213
32.71117408966257
3.610284102778361
5.384905074919379
34.56890001909687
28.101193508747926
0.3157269597763586
0.7652426147233531
-0.2549338627560862
-0.7884316684048238
10.86234992887628
-28.411450010330377
-0.18493947186853016
0.3214848020992794
0.07611113507916861
1.8809926491430176
36.36321247002398
38.274754144820804
1.0114922400017459
14.97568753740199
35.48884488923389
10.430284992869353
-0.8950205045912402
2.029305810283089
-0.14944496268656743
1.5486751143187711
-13.090572840374206
-24.683974106850215
36.76753934577996
18.70103975535167
19.16709494545279
2.6763514429595303
8.030251383660087
11.771185391721252
-0.034937347135123246
11.757582586854799
-0.822729497884028
-1.5949513573407248
-0.11120598302620982
-18.948199854930298
6.429229220489983
-4.082874446456797
1.8934423009958912
-15.200654901459291
-84.5374001473667
-4.829504847645413
-35.60991200912497
-0.0015776857972448484
20.149824705896865
18.442718992694623
15.669663984458367
25.217408187174215
21.89620198845607
25.19158431900601
42.7325598829329
60.37857358177334
35.16402308508751
-3.8193731299927594
-5.768235422984195
-0.6141875721875724
-0.40129567024526536
-148.4834593182935
-39.43263753324594
-84.41687402757299
-100.62838652549073
-167.71484493753826
-181.31404247295356
-56.89157121529563
-4.360533201066405
32.47906071728648
26.80998671778314
-2.2131392308989875
0.31921570498295426
20.936515207273445
38.96655506200733
177.25452675547817
146.80013995810265
34.692470494098885
1.7238075915250324
1.7236500428169372
0.00034873130973105896
-1.6790894405924692
-13.364276485115024
-4.30888659204361
-0.9992193628623359
-62.60747056830697
-24.527297424994103
-95.87495877129399
-11.758203675579754
-35.10562499999998
-91.09344405231471
-198.1610988680757
-152.46337474437632
-61.31213132328307
0.10747363777964451
-21.05295344408497
-25.45274758311719
-79.57771497005982
-15.136848249027297
-56.22403535490889
-221.91831728385395
-183.7937485200094
-259.27080772418867
-208.15005252531387
-136.22686006344725
7.995022359936311
213.54220968139597
263.2249504131147
360.3720742969461
186.83569285008474
157.79906028828194
99.88121245051616
43.526631085938355
61.65156920715895
68.04822398707759
73.19322202762754
8.5293339432754
14.040551791456114
45.36529245465502
7.8698988625425255
0.3731704415215829
-12.500871550005217
-0.008116204587363375
-2.831668275728898
-0.9365353070902467
-5.50319755668426
-26.33820648288389
0.018058706184096898
-9.17745240314207
-44.83869708659024
-59.89145300524399
-27.732038804371815
-131.2865844649914
-156.70627079761408
-162.08280199177193
-256.23712725793524
-226.4721345866942
-98.19353040307215
-29.518193571754725
-140.35112975677168
-159.62974413788493
-60.99008796321537
-91.77573474706088
21.271317829457402
2.4470987821380286
-8.571161543690053
-0.7035716521350309
-13.122399350865885
9.129379075381884
62.118633823501426
34.58932771980109
5.907664341403352
-1.6421970711046245
-15.072547914765325
-9.863709879116293
-103.06172331975036
-0.5784470209668777
15.224506961113805
69.93737848135905
52.94769102355237
115.55200815933082
52.154473920949386
124.85980074719811
109.95889915755066
225.11716272372476
359.9033815235007
81.66063479595844
352.15951093500485
-28.865361694857356
45.84322280395571
107.14794569471616
130.6829363489409
54.13941076038544
44.36767836316908
-0.024997793929822373
41.50274063537224
12.202419188048209
-86.4715136242572
10.671464515673984
-36.22265812786847
101.64512632813015
-0.1096167638377275
13.953453662829894
-64.60822678094705
-47.24654159537202
-7.013401249936467
-65.84315857614587
0.250891648531558
-12.107559474464304
-10.938207158694933
-85.78289731577456
-238.53113842536152
-367.7433696992342
-112.3540270625616
-169.20014676755875
14.12628902387343
71.30529578648726
38.486107854228784
2.127334904533657
5.360544337137844
40.11123942373659
-1.2600826161790053
-4.80421180585923
-7.151577679235113
-26.94559566372321
-55.565571195017554
-83.44630872483216
-36.80739584638122
-146.0897997678808
-0.028719713719144984
12.209168104020176
139.51748641702187
282.2976931737807
200.3668930080072
55.60547083954801
30.892398072646458
136.109563512844
76.59251823405083
60.09792834151226
101.51478597647329
52.72105794365386
101.7220920478849
24.20281082461068
3.2822476213272735
12.69133907699545
50.64473684210529
19.661655078943177
53.34810348010702
16.4304957372908
4.209843878207254
9.248841363329166
2.2426142043473414
18.4993591515637
5.374986651679078
9.644519452833489
-0.9545398952314567
22.67614346285405
2.5523041511231073
4.223123056419385
-0.055765374963744396
44.00312675644333
-2.174085412133782
0.008680403503285099
0.6564456852074462
-0.18788044331417963
17.87206894541211
12.130470218223564
-67.80834065821753
-4.571465601588833
-7.149452711381211
14.919856470206222
-0.1472244067796608
-0.33403955830602716
3.1719475176273866
0.4177771403238755
0.8417366519470253
3.916013605989849
-16.57188271117623
-13.2427621864592
-27.072351667869263
-34.41427999944243
-17.66634481146252
-0.6132502585525065
-0.5936568522558268
13.221171070715469
4.265821154790215
14.291788487974532
7.9750770141586
-4.21411519979359
7.3134375499674755
0.0057166122227409475
-5.69009828662504
0.024973840456174522
-8.117176543885812
0.09839677546705979
-1.0663580836830453
-54.871866014269386
-2.505716863501406
-1.2527302091256662
0.3710444416100281
25.94547036503994
7.590882911890359
0.009895877122069345
-0.9098816856883674
-0.4950947338088024
-1.267117525055025
15.48337131651474
-0.29503407432837925
16.518643658742608
-0.23254949433810515
-0.7928896580835807
-0.5221713131940671
-3.302527593819
-0.455085167226161
-2.547765885777495
-1.8449121349290063
-4.469837177747619
-64.55156854961423
-0.2524041525832884
2.686949320835654
22.696494750447087
5.43574518619052
0.29619321567257173
0.3857422065001085
-12.00379482258711
-9.810830264738932
-120.24338638932849
-80.47853564353952
-89.4489774445466
-42.312699780914414
-2.431728276923721
-9.592081021431122
51.57876844733387
1.1909442817451232
-0.08294332935239201
13.394236960721157
87.98701238611939
151.67898499958798
133.05978397706778
67.16426269959899
28.44419957780393
62.51404672342116
27.16440285781856
136.84965979166475
43.984724277101854
32.70805646112228
-0.00019452714858339825
-4.855964008212871
-19.85768871176584
-30.321875308709735
-101.60854549395755
-22.380550157364603
-7.5972086667967975
-10.290064393036019
12.72685093443925
7.989296195254595
9.571952788596935
-4.030738994610309
20.645366176109718
45.36456050261781
190.27677662711753
151.2548451087642
64.72575535786893
88.02323462331073
17.125957548675387
3.3879303009447925
14.143283969249634
0.001740664536181403
-12.99180653111519
-4.897915756585152
0.49222806497566995
21.00250811535476
43.92398884996005
35.687904145781445
20.7499038632091
-8.56956692098048
-0.9501413880717937
-0.01895963291374848
25.212723246733546
-7.169673020632531
-2.7176902887139356
-1.5858566785830401
-12.467410939691474
-1.800544951884734
0.38030868971418225
1.1688596499857378
21.826211389902117
-5.638928228486995
-24.049467774815778
0.7910895194519845
-6.81095415713138
-0.7680522537756365
-21.439865449734278
-24.182466777746086
-17.789519458815754
-46.00222038739298
-59.2463485470338
-58.4067637780664
-60.805736544035696
-64.75028009195402
-12.934911297852477
-6.342869646512694
-15.698646914275873
0.16610299504417153
-28.81521957311271
3.7688292550602664
29.65222426126354
0.43966559001813926
-0.7727011345283388
-0.7368973980911736
14.978142698353912
0.5424550065347016
-2.206407665004353
-25.55294666104593
-13.691579023195514
-25.41317992656052
-72.93818557462156
0.6569523548967311
-93.64577329018407
-15.257615611204661
-95.17228568098378
-93.51983735114726
-141.81936928709888
-74.43253290151628
-126.41859613009468
-250.91237253703264
-242.21027373781905
-229.2029046694249
-83.57837662880738
-477.9186782054425
-244.79039496533625
-15.719878775490972
24.77233195178886
-0.010360302049621923
-5.796112345825659
0.1253203525851862
-9.943297279307751
-76.25826446902978
-27.425195755777374
22.018005217510698
29.978183164833627
-3.3050326888625046
-0.23537401342914352
-0.5251866204364664
-14.10365244650402
-10.018153976568797
-39.627428480102296
0.04144082299022512
-11.307710577814406
-45.545261593228645
-52.20533968305769
-117.91516086723239
-111.93425088735295
-42.22234095150384
-86.4470158390827
1805.809037977229
2034.6473788307512
1290.8690400120945
1543.313750413145
1705.7330172756415
1286.5101346546576
2235.2264910610684
678.606267484316
673.1300860868091
16.895731156508795
-35.097078951072874
136.8993675337623
959.2982311559865
914.9927078330945
509.5209973146949
57.718246600323674
304.74874751643574
1546.7023116502382
706.6654348440995
1209.4622567919942
1511.033945655589
382.49413392542385
220.13931920407276
113.75047452913658
16.53884436731152
-94.90881813221353
-11.424517167948453
-50.344470334942926
-707.5536445743503
-524.6633498516335
-91.35309517014852
12.439058222095964
-2.1509349945390603
5.566982672199982
0.04463626973587225
680.4187965066645
1123.5424188988718
140.16562116470857
505.0319448875802
206.01548986467176
-1.2389349248663772
-0.05440800135452206
45.182715149981966
12.356578200333441
100.66741847995814
-0.028006846117937814
-1.566241381347432
248.78064668950805
-0.02469208779293188
897.5731319753485
135.7583301359627
572.0986518085492
178.67496958732792
36.99144413766352
193.61082459660338
52.61633983094226
80.65658847232106
10.877648120319133
350.42343861002274
726.9278716831847
383.87166927203015
121.12722548921873
299.9462655149739
-10.50431671605783
-5.003207039931184
180.547596207669
-49.80610811361112
422.6977114295196
236.44324213417548
6.721541293008524
52.29539354679587
-89.4288113968674
-94.32470946498246
-139.35986078294712
10.838246248524065
-40.35201266921168
514.0766483149342
-380.54566758285057
11.297762747210268
-82.21177987092861
-118.36541720304277
-269.68448316324435
-52.675001659475704
-1187.8974952149858
-1085.63701791716
-2264.8979950790067
-1157.860956792186
-1837.8270019005192
-591.5126784356318
-444.99278227406603
-70.67694779826273
-570.2123889139242
-187.31726429220177
-1406.6174700771066
-1104.4752507252929
-1755.8889489541193
-502.66065522994654
-891.2562180441141
-4427.2813746588745
-734.7585664516319
-1231.6779807578662
-1837.3464576286678
-2962.4020890997394
-2476.7264844953597
-1806.7613666224458
-2613.49575893175
-4098.170000000001
