312.38
259.63091561938967
302.5398469518626
194.54621317906773
185.09326599577582
409.22241052060735
209.95129075072583
215.24476959619955
335.7622713099419
159.09312680359866
111.78891903485246
138.73490704466138
293.8430777428395
673.4016667539493
463.3353444532888
304.4801887497224
92.5145491974296
125.23647058309058
85.60270220923854
28.590466947232105
10.628915076302711
0.6432249822569209
25.12296784420811
26.8287825065928
-2.433443247800317
-99.59835575433773
-49.571381313049415
-40.96492297222047
-206.82686847643555
-117.30345686105525
-85.82354776819756
-443.0535117624113
-156.96075109122359
-168.5908836875518
-325.31013115395905
-33.14221523294222
-115.79531483635148
-17.880616966580995
39.863249455601206
260.2314669421489
150.7300473759444
205.3251236443478
60.901273584366024
66.58009664831894
6.693691000307175
75.78509490188898
35.485088849099476
10.437334881715643
7.382478606271738
22.810552086841625
-2.118442884990255
-0.025342150312835106
-41.686643392810964
-52.68347184747338
-13.02560034174471
1.917496504525716
92.62467186735677
119.40880225325668
27.520502401182135
54.38244359118643
27.900768229965788
-44.15326722312205
-0.749055185947449
-34.38813011959604
53.691186322400576
547.3779198290069
130.1756740096906
-2.7048532867268755
13.801336429397626
1.7389835211315083
14.991908703838797
41.56724710594442
-128.74755923024858
-39.15457781733232
-0.36316053180968694
-8.173703405306664
-36.88315832436198
-102.21490370550944
83.78517318815297
29.662669267844876
1.354375442347946
0.6976256241058177
4.04666513233603
-58.34573824351496
-148.9489262546944
-77.14487638370149
11.033138178978248
-15.465947135309072
5.573380921479559
-66.67494497833306
5.510689483447654
21.25640614230975
60.22054395026736
23.3401036498502
44.08947350613907
3.9559224482346003
38.970430729186184
18.03300774989156
-17.316717679638558
-128.1400843916698
49.9599129804206
50.4700574045731
-612.1144283637288
-36.143650127877265
-25.524246727229137
-1.2957070434688909
-10.393793963614527
-64.45354547533523
-96.41577577577576
1.1751771052129123
1.9743911174785207
210.79095039649258
179.65464982766593
59.21642917502358
39.51303322945555
68.68943659050859
12.18535980408744
-12.527594900289529
22.053617421139393
-34.50198286794027
120.25033920000013
35.86174768854743
33.165192405758454
17.77080740449
78.2310679958735
25.438808211796214
-0.6461343466653968
-1.9121968991029612
8.06188679245285
-3.046857285860897
-42.826707066715876
34.82754441522701
-11.857755498943211
9.644467598390335
38.12400923513385
10.48560790679297
-1.2327439975598147
16.33426744775532
4.356097546325498
14.794624251327786
128.48065249675938
-32.30151422277561
36.03927198364002
0.1827994428969359
-0.3565162848421877
-0.8385008927345119
25.670558350280118
1.2530699427920153
-2.0085730532750543
-19.26587038223731
-0.8121679327321781
-1.9415617785307289
-8.375166659025258
-143.90921329448366
-0.008861966130579399
2.923013818050654
2.1267033354415092
-15.532975738320994
32.26608491988207
-3.5653170428930814
-8.670687149908463
17.18896757152909
-0.6378095389760396
-10.599145804850618
-27.434188085903493
-11.008758732863347
31.254369080993673
5.6143077709690665
-1.172038720738296
1.1842939425673644
-0.3978701750991595
-104.34445008065359
-54.68396797212635
-43.19316968762055
4.588002666819381
-81.24051474198046
-187.68821607829318
-125.49294934450387
-110.65878230544088
-151.9483573999919
-290.15834802717166
10.357293466111182
28.24817533745557
36.1481281968274
1.1796327333361822
2.4149212445038093
1.4678149704054695
-9.00144959583302
-9.82869132936301
-4.318208171859263
-1.7180458389508673
-7.537193095002013
0.6398663372161428
-8.893317540174845
27.51899693364993
-4.540819555639778
-22.055662332359272
-0.5618090978967234
5.382622599757296
0.04543735656695041
47.348460262270805
171.89002852983995
54.90623229461754
18.096804899961523
31.105169735082384
-16.57082630414161
-3.006512366586882
-14.099058391528146
-30.515461672110625
21.71512200252415
7.220848944783932
9.761229425789189
-0.10727812475904021
40.41696082105333
44.59693517865353
2.706845865805743
1.397653466735232
112.37198010448438
47.663447876719985
-0.0623821523673444
-15.831981106887222
-93.51827502761849
17.689859291051388
-0.9557471580262473
12.10283110571081
33.47899626384667
24.14439830127023
91.1876370910414
40.18064119614724
-0.39543090575334
0.2914139984668885
-2.8458451588221823
-14.825169062425669
0.38147320382498984
-37.7629758053681
-69.65902245719013
-43.65392947049078
-51.67775154581222
-4.017183421086248
-32.37617479935439
-38.41171957581752
0.4575081288054724
-57.87785972546644
-1.9987951004347493
-15.557632320701572
-27.864506269850832
-38.28251815779805
-129.0429717070402
-123.75373328556256
-69.57177455033639
-112.16853253453593
1.5198221252090018
-0.9471749577289427
-7.475440021571324
-77.91305523490406
10.920908451846628
79.2671301864695
369.9119808663098
136.33665945409433
80.56896923161918
506.0932873456994
231.71855151468623
13.97859899583682
20.719539203125173
19.101308203182
0.333829076409101
183.95766122272033
0.4316841608680286
-0.10311694872442231
121.12108127556806
38.51023365973534
-0.08650273970900621
0.08161877480380804
-82.54265829108081
0.7487156445258181
-75.78030855397836
-76.09910731788234
-18.105548716513944
-0.22322150363783064
12.765979209928723
65.49642469225208
0.15191141643669295
-7.599527518520993
-0.2197632131082024
8.62962052693668
2.8241122890846837
-5.316884015395856
-2.428987678318079
-6.919310530837325
-15.846434272859042
-26.139315417927314
-94.34188666531188
-69.32638288642462
13.840031462259963
-66.29367848811916
14.01491848346573
-62.01607871448529
1.9264065722740926
25.14480666435264
294.1716032797874
30.30470769991349
443.99901787906526
184.12168830848964
205.14692780682634
35.64739166159475
3.120390561432049
-0.18044395848519457
123.3186001207925
57.254474409677435
229.5080157463331
47.93095806142266
222.05016676522746
324.62411603405985
9.141076076048666
266.39038104879535
23.797750518587062
55.462722040309956
57.37310797174568
54.01561676465721
684.6483696755712
49.400611847454165
271.8568483527262
122.50255045363099
92.80432823302866
-21.60807359408023
36.30154626137818
517.4843815831289
36.53600487709378
-11.166016778732804
-4.412324305652203
0.14200535970174033
6.665110791323206
13.30315112489447
-21.474540110177934
-2.2113609798832725e-06
6.784619215638553
-78.35196851306566
-67.77908885822082
-151.23243341765783
-302.3025181056885
17.86336409097003
-78.98764915903733
-122.57971128052424
-122.99856340202874
-636.1630017120029
-124.13307744597554
-11.030636208368916
-78.45801474252085
-39.56902228671106
-308.9764055917445
-22.80779298831384
-882.6387516286959
-284.65257030541267
-158.0591731259986
-628.8040256820487
-388.83439975694307
-427.0405140780419
-381.7044024396262
-46.524151100179466
296.895018955669
75.7784651240684
83.64010825678368
10.299390696602721
20.98228841585542
-7.409482423895979
-52.89968404929333
-180.96445114636936
-64.69435553919764
-14.002068624364803
403.9096975161666
338.4589257442133
159.3890043713252
127.1724710419566
155.07786664874303
64.15272258491818
70.05776891507014
109.28618911249026
-3.9931468016271947
22.31865630521366
0.1425311743904738
0.005287954364316597
0.33187277807850984
0.7199929145192605
-63.75290531314935
34.838277624251845
-39.710162286213944
3.7709714805254584
-5.025638579541999
-28.195425281799942
-130.9564225609358
-26.749739922896453
-49.959825100449095
-134.39828523004834
-154.46086163648712
-59.47891476060349
-115.98637024755591
-109.04449566504545
-138.00580862917334
-11.325775592739536
-109.4941186715692
-28.193222941111934
-12.197836486681991
-174.5200266720011
-240.8428871352886
-273.95480333853203
-181.94105537349807
-235.5437086223983
-319.76785331412776
-332.2738066967468
-473.9111455817441
-162.55717216285146
85.48267341852392
35.46098721817049
29.854669883746414
29.289274052084778
44.52890605844628
183.7025367270031
-45.34006229260065
-22.025056179775333
14.272244921057114
87.18413705198624
15.34440964992646
97.48015478914212
67.5549105774144
5.038580072381823
-22.888123451499336
-58.87656557673495
-84.69286989935956
105.36657786710515
193.12599574274657
541.3366453372237
503.33425163722336
65.7637220955609
396.99409670054166
413.2217732806844
234.22620812807884
85.48044162033358
211.55262835609977
128.92901898038102
108.41014468671771
18.495299588075145
0.00774356198980836
21.00394174617458
415.0065156140802
-6.34124265294647
-19.407128104122908
74.40541303610374
24.56138197604676
17.694893058639735
38.489345380847915
36.18969378640073
5.92086448004069
1.1457498925655407
38.99888475836431
1.683466111671229
105.66924402996939
62.59465153741492
41.48993948035492
74.92398398681078
-26.041139656928014
48.78768588131294
-10.700703133868672
-43.4473533462593
25.35293084209968
-2.889945873153202
-0.7037020838693128
-40.80416047846519
-29.745500218855156
-65.97419030224897
-18.380390592923128
-17.20911355030962
-14.257123644113111
-20.63875924598326
-151.72414229405524
-97.52123284969534
-299.775865530994
-11.218035784576841
-68.96445576909343
-73.59690547075316
167.28253356470898
58.68786731894363
38.54677849580639
-0.17859973422717063
-11.314993442771202
-0.030061622051417027
-3.5599793935825783
-9.090939438109103
-35.25277120390871
-57.687060143321425
-98.10844903347852
-34.91210811420836
0.5031400389770595
0.08155911381986866
-40.351963303833756
-5.448277835760852
89.8192943651917
324.5692564446086
220.1072943365666
95.88694673710454
34.04096790206272
79.42645083148348
13.891778542550663
20.816170039314777
7.137956161444878
-12.735775867635775
2.6658313536993976
7.959287318268755
6.83147876384589
-114.16177378572277
-7.13234041254202
-20.76696669305991
-121.33717299888005
-60.69702948418451
-112.39751935874347
-7.5035128002987825
-33.12481569593931
-39.04465036129575
-99.40508532475607
-69.39071388420447
4.403618036791945
-95.98103746502954
-41.1026389013553
-46.10899863851141
9.510961115919873
-43.39093706340792
28.01397405093693
-317.0317021122372
-0.0048904131611378614
-125.4582798057339
-274.46224334858516
75.05077688976199
-42.02934758211337
-34.09869207600613
25.200265444663692
3.9154988185438655
51.34204005560545
-8.932789786681289
-6.606387599812139
115.55887739639383
49.07771271899835
50.810361268741424
13.573056119559633
26.34161623396814
1.5644133738601689
-0.704269640644367
0.8410213898270383
2.214366480897072
-8.867026541608444
-23.66684591505767
2.664624555819288
0.01991660205770763
-66.22785960874566
-100.52019323671487
-5.71444667093603
-1.4871091461356887
-29.326689777083946
-15.410732303929057
-142.03791939282934
-0.2609713777944024
1.473937289484975
22.907730801479616
8.170885374539756
24.09247617626366
2.925932390045306
1.0332679958027355
19.056522782231138
-0.021896574182622447
0.05298448158772256
51.36036417944203
-22.736283668598755
0.010712124834964771
0.43352276267188117
0.010950564298204114
0.0308233454924426
0.8747321207974466
-0.16517622961057293
-1.6482235968844832
2.4257600479005967
-14.532927845649759
47.22432457123865
-29.420283310526646
-0.781485594720754
-3.780146940323271
-68.18460751637738
-3.120262238756741
-30.773750930659695
-67.32940826792249
-6.135222876936326
0.0031185039370077786
-60.843663436562395
0.002800213312649241
84.12175187093695
36.31013807292835
1.1294733762434177
-3.24802527066349
1.267573704524919
27.01339516537666
-7.687331855766816
-22.406354258902542
-8.680521561709643
63.350560777514275
131.8739608501576
154.2834109940365
131.57747173874031
37.08328877585828
7.071613067891787
71.49271587435199
79.05888069221817
0.6156645110201864
-0.006766569445841919
-16.87316688112441
8.885196072573756
41.279215392522474
17.73235352856069
14.905363685537251
-2.5819801892806415
-18.919333118134247
9.329358458127844
17.726568292138268
-31.18032367643115
-65.67552622858145
-91.27394885012339
-3.0761272487381865
-6.876309880324778
-4.13355017261872
5.571912305457985
-50.46138986676173
-77.10541201830355
-176.772687755984
-5.862658842152423
-147.29351583510626
-16.58399589036484
-1.478617459638369
-61.183006005113214
-109.1759871589085
-109.75368474423969
-138.09044467676446
-11.401627299152386
2.4801426539671536
0.021879661859770468
-9.367195504404048
-75.536662637533
-42.10271530421245
-58.5244067308617
-261.2867170459326
-19.023941002376
0.5709105642743435
35.457492260061855
7.5802300347843925
5.104089023321928
-7.648758105047614
9.322436154566095
-2.9175132307318057
-0.9167496749674917
-46.691477244589706
-22.597277440301692
-95.03120396797235
-106.74392689854963
-193.7194330838177
-138.70976348354944
-0.6327229971330051
-0.03034416762361055
-15.394543480473681
0.9125721610750064
19.546802903811255
-1.1204243495832296
234.35818242417506
338.61170888351046
97.88928909656535
75.66457057676871
178.14419289673975
137.93949145877423
115.23270358159073
59.83931132951005
5.637188813008136
0.10577209129660968
24.394145302605754
0.05515038825411058
-12.56721700717835
-42.49207145939067
-118.96760674473069
-32.069898741298076
-2.4100417807232297
-42.369766510914296
0.06465193152103925
23.298793586894533
376.56301365349384
194.72050615970616
511.65512752042764
345.29113687289936
242.44223820354824
224.59484133416933
105.03389633853246
53.224687165532735
77.03986530647265
18.9596889877276
-12.412678772210281
0.0883678204460459
-3.906737872387957
-9.74148615407097
-100.33314600858267
-0.992603557824592
5.6248330085571645
1.5215486126898559
-21.084635017720384
45.53545712808217
-1.0426146415728277
41.87654932346814
59.97407085308364
28.836183651222164
193.238077377505
-29.15250978575561
633.4746013915853
512.7087730067749
381.02032583939626
17.063546676464203
240.79360180959878
76.32053759330427
155.0043967272206
74.1396578513997
42.557616353222194
12.733185355582098
-7.159161836095151
-12.924954788526968
-94.24959685353917
-0.14447910176587925
-100.6272966196789
-55.87805313863576
16.185127277785533
-282.92733232680075
-40.785352216648505
-230.8416389068873
-31.232280307457167
33.78696595442374
-696.5158458945642
-103.76302534340121
-0.08116837522819922
-19.347198604019873
0.9158156710716213
-0.6079027591864892
3.822017018973435
5.785811427652503
-22.48186154678202
3.663022072493954
123.17254729581556
33.68294985594121
9.837526875483416
38.01786595121476
91.2194748572082
87.73433411430742
32.05135005092542
57.80765438611921
3.7703755252528275
5.795772983251661
2.8317925610355514
-0.38727730391300286
58.33888404902571
29.324265813742098
1.1571100149543507
-1.3909422272900072
1.5171698836355163
-1.897384028916545
9.63749716016655
0.916492641793075
-6.564074083183716
-39.824824534846464
-2.0633113849396656
-17.774011204087817
0.4783340320920818
0.00895820591233433
-3.7431835753259968
6.083272059292559
-81.45897975708496
-30.8697291847909
-195.72035431881932
-32.885879586419136
-154.6975590282749
-163.9200506204087
-271.31647276383353
-231.28749365616767
-203.6253131107492
-318.2147920001245
-291.8117419250733
-140.31217207586548
-139.61966875767527
-21.49564142788533
-47.814944898559254
-80.6653838991993
-196.38788190361828
-318.46966412414747
-248.46737511977284
-255.30759120008642
-176.06212622749064
-85.69307789520633
-125.59575161876361
8.472509566968807
144.34573410979002
255.41077061874267
272.50151378441393
444.57242107040366
197.06094697517796
78.26940303124032
94.49889031112043
51.542928507328696
682.4593082032941
97.71995941783763
249.57797321211694
25.221646976340164
194.50960301286318
79.98518810296147
305.905396134574
21.165216820924854
242.68597488941276
14.261006782911338
-12.904602587800362
163.80930080453788
-13.356721710616753
142.3777916601594
14.757318139152837
-12.979353910346514
-36.41787145638215
-38.84930280600191
-42.15885314697004
13.893515052569674
-38.900912381777914
-0.309223315054981
-25.641787604472583
-85.42484339551027
-34.70728632373852
2.2558054924048614
21.925404326770916
-13.11011497639394
-99.33129560184469
-240.49845522737917
-72.00189786418687
-249.04960124394407
-389.0192511715387
-412.9246103249553
-486.3261130412616
-633.0718269841752
-240.2061252911376
-199.41732591328093
-864.1613743647946
-356.9246572620706
-64.17601502664618
-105.4305399267178
-35.02061070792824
-0.21385542168674612
106.73464216873046
189.66061942183896
275.55411695354877
604.5204481497756
338.337398896779
520.541925493596
285.4464448042822
658.2862268591979
477.9118885973264
346.6871390948994
187.9931923584223
189.14335146773283
184.18094340716124
275.67490916354154
111.7610186307663
328.26794193858524
25.930663800603888
67.20219768633766
32.57056467173235
2.312687814714248
-22.440771242419373
2.6551944821927567
-23.13286645280889
-107.05687517880392
20.226641880838702
-33.019458902996206
-136.6640355437701
-119.20501775376565
-3.501953404033173
-103.50830313750413
-281.8259501621791
-226.75933930519847
-66.55548655880199
-28.156621431030388
-0.38559392726059394
54.52831338682809
-0.204737532186463
-28.25676985833543
-77.93805680964874
-144.989645136842
-13.529096678040563
-148.61097255252102
-122.52365787530229
-208.17856635964944
-136.09920056892324
-142.44610109729481
-189.54500235548662
-273.81259302357046
-94.02343130224438
-132.38575565462293
-183.67418609926506
-189.37809947745313
-104.3258584830095
-29.875826569325405
19.619281761902137
91.96718979799209
33.66069999499404
51.262945354337404
12.55157540382793
-1.8772790000410688
-7.894473178772905
-20.357465507297846
-92.88863925850103
-24.652668250083266
-21.328134217270588
0.09617971863056021
35.655608622754514
57.763288265957584
106.34435668789811
109.70266121246001
23.340137932190295
-5.846565466461964
-11.229563659798693
38.582733063193665
394.83551782947137
105.84328807885434
64.25285292285436
52.197354762606956
205.85364426281956
93.21454456925242
11.187809705244225
5.393280852181271
182.37534763689803
182.3251086474501
74.75540814177788
108.04398221958525
139.8237269955967
13.336434388049245
0.46920086298378383
-7.389081389814394
50.67507750775083
-52.342978200150995
-29.758163561577536
-69.03370292753365
-127.23430584912919
-65.90474976423533
-2.6237385187345064
231.77359786721698
69.19420177627713
83.86627781045785
-205.02793401118618
-116.25876964047933
-15.96978078584652
85.11170991722919
6.504163365660436
-3.3984673025756345
0.35077496602058833
-3.4381836954481173
125.7887210612225
349.80587788078833
44.38805791520364
169.74568509681512
239.8615968804902
110.37341506689474
46.29262358385196
7.992195654433921
87.71508227946228
82.52635369368329
15.261673088875074
-15.52319376696024
26.07544708830575
3.3649497185503883
-5.030146371213645
-36.643000467691465
-87.67362058856138
-105.80148016735544
-153.79097672794362
-226.5351360318512
-343.65394400089116
-18.88772628398367
1.9326521083569452
13.36442493667586
76.99461563179128
246.3649462069335
212.74719906304034
50.52125489993808
276.1530428498887
273.88148673837026
121.11667383366742
153.09350441859664
119.29701613864161
34.424994544499356
5.850495562997614
-16.753260246258215
-42.659174324222505
-1.6971909062597352
-15.34231577614586
-4.082622622415881
104.42329011987115
25.015875424790487
5.763712319614137
23.18452997209655
1.978185937634227
5.256325817205292
-30.492803369737672
-40.87314749828568
0.016278189070480405
-91.10239122126971
-33.59215310222592
-40.55547707252819
-105.39281623076997
-0.5307393625626875
-4.108996559099785
8.72672736455209
-13.339987877481729
-12.670762249565822
-30.35284215432513
-19.17362613587189
-73.55774800003572
-27.706598771142048
-52.74575292779409
-13.80823768447514
-23.385467236349264
-23.154439032875324
8.319449469380865
216.7877147719576
177.58489207158792
83.74318206368653
1.8982162663937368
-70.6936123393318
46.580543792391545
27.324696126667956
4.418789683567233
0.13245837158953083
3.9900683404017494
-7.583100581878592
-197.2668812319876
-0.25829205327999205
-13.365793087878426
-147.06391003558716
-41.836989196999916
-114.25260868175693
-199.46081909401602
-167.29452868157466
-115.93046019900494
-4.810545956389735
-26.16859087095338
-162.15946673788554
-260.13927343518753
-28.45196859712804
-137.4842444154657
-37.023331690609396
-271.6550019110144
-583.7739491499509
-379.8619410288915
-143.6539199868082
-353.43744961879077
-415.25668374384236
-544.0516868528782
-47.168950125104246
0.4012654437371047
41.76661327231117
75.77038671273368
104.65875066669119
55.45140921795169
79.05077130213728
53.796923751686904
97.60527165057734
64.66049263644238
14.49438254896823
3.0981578448831133
55.861912624891524
-0.021599448993647564
-0.05142946563115942
-2.721433248938718
-62.2470987170496
-133.84439366103362
-14.10216249628343
-47.422208674178094
-125.38554142365265
-75.67991808074905
-47.784310121150355
-67.66896761263077
-10.447572379482686
-0.42011403095126504
0.09150303130625285
-15.687313896824058
-16.160636931468286
-0.01678229473732258
95.49265058961016
298.6594260283237
432.985109071927
530.8745104097281
217.48650166723138
308.96849597761474
269.1531663611536
208.20829475318473
175.12877824208522
434.6108029994813
127.43499618711479
385.47959680751006
422.9995307556177
51.56850218792803
267.23921215595567
62.06022068925633
411.24792223564117
127.66820507800846
196.4562392272112
73.8780143587057
153.83504019867308
39.472623534542464
4.137234609661842
99.66758302934086
92.0102006235597
1.657454056958649
6.011770244821101
48.87058749508448
31.909634263715095
53.15534786867346
-0.22417141439857247
4.329359551960185
-0.6501774285533157
-0.16492218204684878
20.52220644879962
-0.00044724227548391117
-12.58402810585745
323.551319552137
287.12410263678095
10.204363361937371
-1.6107076025246756
-26.416010676560862
160.14524284686468
419.8348970614112
-0.5568220048370277
160.84792998435114
58.18974106515604
42.062486620602115
66.86275227206096
-8.548915901711661
51.4317298990601
-3.773946473735277
-21.836825433923426
4.4499782357027255
0.7798185581834427
19.073954890845442
14.578618977482643
-0.10576115702770283
181.52944251066373
0.14985718184299346
4.73231322461568
-19.992247129685598
-0.8485073753306003
22.38088816026378
-232.09938004470496
20.751677566816404
4.158531638981603
-26.605588980408143
-149.0849683332611
-250.19453198790364
26.87835877842025
-16.79945147679324
-160.23303398502605
-59.26349753217848
-278.2162044240714
-229.28305051793404
-332.30023094567343
-241.00683089074346
22.181647027939285
0.6579875412930599
-15.823723102345904
-9.744948548610068
-30.760034721594334
-8.681077951356134
-169.05557688168355
-164.99260350890293
-154.2561819238834
-252.6384955202696
-306.0279050439268
-83.31736812958599
-78.0500919605276
-96.92819984893163
-22.242350005817546
-42.341259740718485
19.728553054662463
-211.64883390018747
-236.17319708553282
-170.13939259302566
-490.8795297883138
-156.45401198811243
-112.4243077921677
-802.6989994604361
-14.954957368944505
-86.39909778081196
-32.95525047776894
-0.005012571138119237
-0.31855581823934886
-7.457442505988388
36.37701186623514
-6.927376154533229
45.748717546809544
-35.027071690506325
-6.444414752971028
-0.03306559937524461
15.173291439779078
7.425173539364516
48.48020800316954
5.414754646567357
-18.95898270002298
113.37735143054954
92.5723488241153
17.53460710965916
73.12855126595828
268.87050007531275
82.56198365033305
7.075437320691591
0.06441723134809207
8.950874551971355
3.1868648941942492
137.84014190558943
26.597764632708323
1.8434120614537808
78.56910721035507
116.72767649240214
-14.379276117618968
71.75259507595604
12.729663167321732
3.220402776207405
14.26729398325812
-14.8776936908139
-0.07257630971883444
-16.66421613345666
-0.4775507152710095
-2.182805066854333
-8.259189013753087
-91.14306591064836
-97.94247114136941
-203.2894160511413
-206.10834921479906
-84.13967511342827
-50.27877190104342
-103.41753255387817
21.931239658236816
6.734338274327253
-0.15929614295053646
2.586062649323061
0.0393593267317546
-66.1435686003394
-8.934806660133598
-96.03021530819453
-14.947911214730897
-121.32216906002122
-84.48692338289602
-231.58999535709205
0.0005986139533285836
108.06125033216111
5.814656195115519
151.04040990787703
104.96807028680242
96.91043951945046
71.92695128538261
8.721473698340036
2.692946302803273
-6.689935113033709
-31.861652852267202
-8.173081837081849
-0.012534029620751223
-13.452765614506383
-58.590636264962676
-84.35851579665125
-82.80360092331375
-252.3020905112724
-186.0832351979066
-10.636851781456292
12.547079043110624
66.50243417539522
24.427856419094848
17.597228702171087
97.02364293713
123.13140892038328
151.18185190573166
27.302807250294368
42.04283324650336
11.919751312712993
5.246144341136909
0.1267060577819216
37.619038648281276
62.50834245124859
12.337267795713146
7.523055407827628
5.825586753059781
25.450418466120627
-36.40046168357917
-4.100059226112124
-36.05541102256326
-5.814139849513474
1.5905151639563582
1.1295697594501706
-0.13311537506209778
-2.203811869173557
-14.515743617158222
-11.574528696900517
0.8354097452333176
10.169325413943
-4.816467234589483
128.7901129364388
50.287405626265446
83.05529014070238
45.008376939920396
296.91187345800665
171.81561066823087
125.23935824403442
66.31744386741363
25.66546139002599
84.75380256352591
22.78918829421748
0.03660937873833641
-5.013501642535582
-0.07739866625923608
-24.32361611341782
-7.746698763361608
-0.025822601363589562
-0.8674959251951655
-12.068343854839306
-30.971329079625857
-115.43170366410331
-1.705059775403122
0.9168699839486332
0.08639725456236647
-0.96811233433841
-0.026934306569342623
-111.2839777572641
-79.82224853071759
-1.833675159152762
-3.7749381853803475e-07
87.05234649687765
-8.792269760077028
-12.030773517076081
-47.77461311281755
-75.17643425564488
-27.203190011404523
-83.11919789762337
-131.70574308457105
-64.63031242189467
-118.70856724503992
-394.6455271898323
-247.04768939540284
-151.94003687530324
-188.65398567378708
-440.55012160495164
-23.55795156267107
0.3915024630541867
-14.791701770662698
-16.648669942234967
-42.25802507239746
-28.31853545919313
4.8402437201442705
124.1026968884666
124.83028292682921
54.101858951934496
18.245893419120208
0.76737884915166
3.393625152436422
69.26585185185186
93.9635495159807
156.16723341763873
71.36027516040845
21.82667904464511
-4.933229482918806
-10.20257019395039
-1.1038795870993388
0.3259537260264105
-1.0525188908546736
-11.198488041085795
-38.2483461751373
-90.43323884178537
-71.1432482458567
26.510066774261134
-0.0046077696115186815
65.82742876203177
18.622181848866006
40.975725138768176
160.59262454811181
161.64663918833236
149.15140946203087
48.53830191216165
138.5343627746447
133.21734162029355
0.035316257375505686
23.98051116841961
135.88200798341376
92.80111111111117
64.58447755747466
22.053588323189686
47.70975705938229
19.13844401992737
16.198347415696126
-3.636888190468017
-2.994623521193914
29.912579763691696
20.97692963909476
9.94106437048852
-9.901171692255357
-6.683788165627359
-2.7189597031885824
-8.051267139479917
0.05616918810136226
-13.277291137320372
-4.000275467319337
3.6888451704003438
-2.0760911102945543
59.136187245168124
-203.15791382108853
-33.81560305307627
-23.71495213482609
-78.76924326887051
-354.85804633896
-90.8157860292718
-64.35449732320022
-149.09088875180913
-10.26341692902436
-216.57863897923428
-8.379037488699527
-58.35852433896703
-21.89988935268005
-30.956341813940462
-2.9710751874960692
-0.32866477819642076
0.04551468349968925
21.87965772011836
20.715699554883386
-0.31121979208856415
-1.3858104940113352
-23.4109826234046
-15.727812423873296
-11.623942139603587
-20.588648877594228
-23.232454820693185
0.022303519241203943
5.820344344577984
-1.5611981487829805
-30.104032399175907
-40.23381402317827
-55.98966703200657
-22.978119760802294
-4.979342352161267
-0.29568975582261353
-1.0741369309752285e-05
-0.17785816870392723
-5.390946270701698
-14.076498751040821
-0.0022173386839924227
-103.36197287028605
-71.62079679515486
-41.9926659272061
68.22255276979483
212.14048145132014
284.2136880994998
121.92984726047442
145.35969957675894
573.3370376516328
205.5909846003193
347.3369120113424
390.015581148014
55.394796684100584
21.155907382675387
582.712001960784
23.43932069899087
194.77875180458489
36.75319033849295
12.011493877906098
41.11440239043819
4.156206834288785
-9.490193431118133
46.952775188768264
43.37593639722963
121.71919535015607
192.82354854947693
61.36968808072119
42.40073326675696
-24.63705072220354
3.11846938932352
4.935256845440143
-0.38309511278656255
-160.8216118391297
-38.31116279069761
-78.60058362449138
-104.44880074943237
-206.45330827849205
0.0694520445750006
-127.34522634295702
-11.024383775841367
-238.25893721560647
-161.59354577424202
-100.18198824012987
-171.06751616520387
-358.46312353361225
-415.52367703247313
-315.059967785941
-410.78794778696806
-92.79998153326655
-432.9153595653712
-201.6552116979485
-44.69705462218975
-379.5450945538407
-217.6147645957687
-52.41791057487584
40.243135418233514
1.3627596070811865
25.985768996136393
2.104025231755777
0.2574484344356543
-6.8224884009370985
-64.66573069407153
-5.033049964895861
208.00366964025997
100.24860562114225
104.34759938398886
102.27992187915184
167.02057043807127
184.4553921501662
112.66686913982875
123.91492220015932
29.91315896973797
44.80541557974274
42.45805563800221
64.23528428792244
5.454120635606973
0.15359059060350477
-6.763458763891584
-10.957148364856902
-15.079085093896715
-2.940873654390926
1.66374307242044
0.05605460566331107
-15.832110064214117
32.35302521210377
-0.10720617524147169
-1.884342223883559
-0.15856100914688687
-0.02822043479665351
40.71118001547293
37.64165226660673
3.455007256894069
1.317975238990754
-4.313780593147138
0.2864273447934901
-5.567205158358407
-32.18423570216221
-0.4182204625963697
-47.20300057495082
-58.17463324312789
-105.48662907329881
-120.56528865126337
-45.37160211349209
-93.95010939631766
-69.52694218639701
-155.84431660659843
-270.9577539539816
-100.14708535460849
-5.539265168514029
-19.244591846955082
-65.95046629533584
-92.54925312025368
5.8953894477880855
110.94091672315795
151.8292194736248
629.468618387843
316.0811378014918
78.94717681880068
270.4873584597072
92.23176497570947
113.5047898443052
181.66207183908037
52.63591893211786
0.00929137793177053
167.83524072986316
42.09714391248749
177.01920384936344
19.40431622639433
78.77281991707899
43.885758220020264
0.7990645149313708
7.806521598342048
13.344022771748811
-0.8487104244435306
27.58096068123214
0.6170035552993248
-1.049218268276125
-10.52716410301053
-123.24050785940126
-42.40082615198345
-60.91229852273261
-87.33018241707268
-133.93123538661388
-232.24206187913592
-334.6580544054658
-428.1765957446806
-427.77247136806176
-570.4014457680646
-384.54147157356897
-335.8299077036389
-316.0260155973891
-33.21465381819469
-20.9048271825519
-94.57502781343592
-82.3059362905626
-11.38624008092615
6.7503309625415
13.76447029463856
24.72909939450393
4.677514340344194
7.760192311088321
113.33959853780544
15.963992896647966
130.71314909522906
117.16579700692108
149.64898766623443
150.51655401216252
84.11601138309656
139.67732485262175
86.26841735640839
165.77708733835837
137.73816346305537
12.054802796832975
140.69682134700014
137.80433202208607
211.3006636935071
53.05212642908775
522.0247674642378
91.00430334349473
41.10865407462245
-81.52356229263235
0.12106693640601873
31.02954720884898
17.97830642238774
9.401868550278168
2.3287176771989784
17.74450711377587
8.355559413477195
69.7813072726527
13.067352616767522
2.863612530466313
-7.746962533329645
0.5854223250453687
-5.394188554764094
-11.010709199765854
10.66826990632322
140.64324950215922
89.55295752342529
85.90469388418722
26.592195523423744
19.480535284247512
11.816689189189178
0.18789097408401
-0.0005299374277479866
2.7978333823962243
72.00081167654676
6.340166675982377
-0.15499687506300364
1.6251289092826313
-9.017295330058722
-73.66247621492866
-10.462780916771985
-31.155285858841378
-7.224625956247529
-1.572485654061738
0.26800439802089066
10.7633771247927
-108.87331022210508
-17.00912405020066
-14.967056543733696
-3.9649025210509006
-6.380506124851558
2.5312822867517415
8.305672652576474
13.38904299286138
37.15808250981358
1.0229802037407851
-35.39292142090753
-69.17385196667318
-13.695415282392027
-2.2573672743118394
-134.61155312879188
-3.9281842505881883
-1.4122577059330845
0.8998951933502091
-35.786973409722286
-47.784871555140036
-31.70051172494929
1.1049084400670373
-49.734366298506146
-233.36915907817644
-54.81986469521551
-73.10480690552521
-137.42993307791076
-91.82484367356012
-150.7221752034996
-52.48573007288973
-28.310899326663534
-83.52666926616229
-103.51173136748226
-249.73463599359064
-131.8795884732557
-265.82908663264965
-28.284928664574988
-136.62452972778445
-3.947784901201474
-55.197349710284854
-48.103857922183366
-182.10599430062913
-75.68155889357024
-163.00318562190958
-105.52437237894736
-61.96320003562528
-42.36215222872773
7.665592238927277
37.113081890225985
3.916215426251695
8.564093703885867
8.307151529063685
32.05954027100756
21.070324014769035
70.09454142693906
41.00876139648661
84.19464259319739
0.4554661167751778
-6.114121299761811
68.00638469571815
0.04094305440930965
-8.032948243548471
28.436463131047965
567.2209816312907
-3.5983148059742467
-9.118886466056127
-28.68735218129477
-98.1174913241029
-0.03740153297412058
13.66889675674561
-4.277793820775573
-569.1639261994319
0.41824576218821113
-23.33743887542413
4288.040828419009
3006.9092593345367
4691.392747678507
4175.034967782038
2623.992166507718
2751.937427953185
1754.6431355990376
1868.2640351106706
1747.8347088579894
1305.2356800762468
2555.9426704803413
579.7690331550152
1098.2808735239712
857.2326590903806
216.63005693178965
935.9710365616793
-3.759676592341217
80.8246504330636
-2.4258544073252386
-73.46489494018002
1105.8535256639398
117.79362638437797
810.0997252087864
1415.7957397247933
17.011705546937932
-729.8100895789667
-415.6968660270561
80.57252003951552
-18.382514650923845
433.83476432440045
141.5257398126574
643.2201482920262
1225.1920378571922
519.3840800395974
1004.908914539448
289.84302266316934
113.13318273781056
88.92274638525
-5.869145853758161
2.848965594359992
-0.17887621145303445
60.75086938933872
-18.80421678602164
-75.54857049068808
192.478067905522
-112.74571057342283
-1.8535871997270459
61.39041245789967
-93.2370192732709
-261.4647432045368
-637.9768227686975
93.14601509726788
-0.10899828448908017
-57.07824921493006
11.147542508388376
-47.23110755219386
-236.38522871883328
-563.0878983164233
-593.4380433152139
-1137.0637300823373
-376.2775608273274
-1733.5418757586172
-161.12274689882435
-962.8933201231662
50.50874183925647
-25.87558220518121
178.43135530993237
536.5455862895731
69.0448702463959
-5.319892278063456
-0.010729040735872405
-2697.3122592351447
-507.84961899782735
-776.9033900948273
-2387.0713458489217
-1035.293243020124
-15.826902339369552
232.14354793019626
-591.346858551597
-853.1325063378833
-835.6857932797104
-1118.0708636984689
-1533.0735419974453
-1460.799384770744
-1868.502676614455
-751.4497791151867
-2717.866537698761
-1266.782282733305
-738.2943189696375
-2719.2951702463142
-3194.542056149326
-4612.806232493665
-984.7805585167205
-1093.2891765302343
-982.7680166840456
-542.7365065667132
-296.05047495556397
-1361.5
