147.04
74.02927075447896
167.25958180171548
139.21272533479095
137.72696049874799
73.07099859572476
145.79834540110403
142.59461291379876
54.67109867039889
25.76613426152889
134.9032845312038
122.43162385612831
67.22741118506349
56.80905388141579
25.92657612742404
8.21787862513428
28.61305349405861
46.61426081424935
85.74072184369987
219.33675952787806
123.09178102072076
183.46730784146436
357.28182585890363
159.65619003898308
260.4850697960219
218.01841945777804
91.19429840194417
106.57183305807666
13.173839147552533
69.50454137328606
65.1869670134009
46.41121655523555
62.04709043786657
92.5435821769424
44.58823977355278
92.80992618199232
61.32730865677487
30.30754223851336
8.614292685969106
0.39874368548209627
28.064715988438117
3.8084736842105116
19.34375930008268
11.655261430595985
5.939343248628788
17.156119263917986
5.152586523369957
-0.0475203934457252
4.171991602646088
0.6733355232542159
-0.29688880477980145
-0.39211896757255865
-3.8367275036942994
0.30369898600519957
0.6784202583827108
1.132605574191925
-1.39463692799223
-1.7675783342544935
-3.146862425776071
-22.948346842008146
-20.056329531568174
-0.1562525954464175
2.324028977108064
-4.768945651383407
-13.812440025859205
-3.117117664621648
2.387076847047207
-1.0515489871903414
-0.2853402845388054
-55.191054369273445
-18.42486607509657
-2.0474685370396464
-28.370658471076336
-2.4469812054019693
-0.10994189921652027
-0.784718028221858
0.006754063627635478
-21.303562641672816
-56.1556331481836
-0.688490179081134
-3.7432975609756194
9.843553137951428
-15.635373509330922
-62.52952375193771
13.851643417085445
-1.8407164357290613
-12.789168546806279
-62.93569253195196
-16.252438021676827
-57.68825288610133
-95.74455809418845
-1.8037889036901222
-187.4209138697936
-18.743932325608938
-90.62691726600099
-69.31827870967741
-57.207113817013415
-0.330676239866703
-15.993028208631344
0.8763521722985451
14.020172098132548
93.23526315789476
30.74032990836669
38.412860527095035
2.8058449766326703
0.004686800217878665
-2.9271422043341397
1.091088773435736
8.286516580468493
48.319957622339295
32.60767880352838
31.34359089408156
1.83504177676211
21.958940166581662
19.215916571407824
1.5701621302212296
0.20267047431882107
-0.05073879474581486
-5.552779592445813
-1.6748362494392184
-1.7557552837782608
0.33657232503041545
48.357300154127046
30.027051264044932
34.02810694963953
0.7599364303178451
0.04593466872110906
21.450650601524895
20.290297267355992
11.121696
-0.20079875125432095
-0.01816211363344985
-5.7081449338251256
0.12732436587240717
-1.7172715231787943
-6.90070281189926
-1.1792152675687753
1.4440451140966999
-0.14818771888006965
1.8597504081262515
-0.14766003574254216
-12.695575229727405
-1.2341890614079698
-13.018826975522726
-4.170846036585361
-14.70557669263032
-20.92084271917385
-28.282134222333028
-48.359090458777075
-18.294043144969805
-49.45896905152739
-67.8878862350561
-113.78959724717032
-104.14345220143885
-2.6564479720381624
-10.107736781797346
-1.4434943545769885
44.73821406963316
23.257713361745914
1.4735671255518552
4.766569669837724
8.773361667252065
0.14632507246051057
0.01825085022446011
7.199974075540995
5.43609547072077
3.4454606291606136
-2.0112842327739195
-8.940058362770674
-52.022489907276
-74.45509058096758
-9.65615267075593
-9.236714876409422
0.023327624720776152
0.11168081374956046
0.09614987080103377
-13.819670475558292
-25.04653486027084
-32.0487102591504
-31.399177088629024
-15.953218519519629
-6.394694572670616
-13.145635961290758
21.88963463869956
57.10896604656263
85.4636475378702
167.2934390725861
270.70678348830086
142.09700513392596
73.86333626631478
64.42684334247488
79.68557143455266
167.19559485530542
176.03669564928083
23.482006949786488
297.07509413448827
143.18307558324327
125.28737560638899
38.49673185531777
118.3005113336846
16.289533740274635
35.95811929487414
31.392057859285934
51.26344564370287
13.278933957748723
5.133338879523614
8.703818532066428
-10.14944832432907
0.2715318638848484
-0.3154468841162573
-0.0025071335300093788
-0.12763032380221928
-10.257217605945803
3.7369630778777596
3.208656672197206
-0.39304603946238753
-8.262905577260913
-7.88841384468571
0.1907912169706035
0.3412886302616401
-4.366523779967395
0.08023001122614748
-2.002687529713299
-28.300113229396782
-1.8151976020290423
-60.6222372108665
-83.18211929738699
-198.9846194570715
-0.2522867892077785
-86.3898313290343
-16.862858102645227
-126.5521552664097
-136.88220964385044
-20.725410580319473
-4.484795932093943
15.198060038273711
2.3248197404659683
1.572864000000014
-2.2016934757431468
-0.005368148982701681
-8.933187421888281
-4.913590730557751
-4.067147312463096
-1.2834059080658116
-24.0200981140303
-49.97894555627288
-31.533440940071635
30.852701398424298
95.74501733813193
-6.281559302819872
-1.5908031465475472
3.4002383086906955
1.0020882756394762
17.70801347842795
8.193512248199655
6.0230373335512
-4.808186543459422
-6.235692771084342
-53.364800771777055
-16.355313635956687
-29.649891312726503
-81.11331589214421
-43.61952641283601
-26.51898225797249
10.32970306560292
736.3187920329422
146.1962323154762
256.9844170045035
-1.5230161455051219
85.7242010231718
130.91334496243246
56.641820819973134
461.02473143374266
3.4850194129523304
195.93375150054243
308.676963345114
214.97048526416833
0.548272050530114
24.220679830879313
30.940408357075025
18.083454420617336
40.569399109554695
33.5442389117419
-0.05165938561819758
37.588734255669365
70.92546047596947
67.21862489178935
-1.6531061614342821
85.22235991335027
93.54770931488025
20.80641052131085
26.964965635415318
36.00719553036845
1.4532355145491156
-8.66209086585749
10.337564804543643
0.022146396950727714
-0.4303447084979207
-4.903654253380033
-31.89125111482712
-132.9441978098626
0.45614120050699636
-36.18687394875249
-419.4372626884922
-127.39090566130162
-0.0011221199233535225
2.42328246732342
3.825687928072651
-7.298134513274338
-17.289102312818475
-366.98678651077944
-87.89627089973217
-437.2081662851434
-30.93596276219656
-183.62402043932832
-336.5472512236452
-206.52686409081386
-8.181413969335646
-25.154370406111784
0.03308110749485875
-50.11916558710135
2.5128987597346315
-6.855476482673973
-18.495184122942938
-129.18308153098238
-114.45738029180403
-2.79675773732531
6.7871892315104985
-7.330056748994849
9.691810974573874
15.43760043683343
8.437657003460608
2.971441197591562
2.7096454877275997
6.279895635185879
14.84695941123289
0.08823426451025608
-0.04205443392013574
-0.6366127811790684
-2.762478650456435
-0.11669078822083286
-0.12336757595384493
8.829200163139523
129.19000175407817
3.591062966633638
131.91667509375148
19.66100260558482
0.7508737439930131
-12.798073388220589
-17.569634987110593
-6.5491989356357125
-68.69757448144654
-16.010339550517394
-40.22589303874031
-40.139714549542234
0.3238555076557204
-0.032673041842759695
-8.710968138930689
-1.883002032552343
-3.4042708762152154
-42.41490803040391
-30.23519378933129
-41.0919849403122
-95.13815320597305
-5.843302807002605
-5.630235466073469
-34.376052150758476
3.223741109530584
1.4808431703204143
-1.008371734189618
-9.91160463628491
-2.3508265046189853
-2.2222416540436276
20.35261224691846
5.021279793354484
1.6490722115493233
-6.58917057040504
2.77745654542622
11.70988491640344
4.640057764941115
3.371952051234061
0.2276970430921371
-1.028635420987138
-11.305527126590748
-2.7404750018001662
1.7471354568499977
-81.44983612527317
-14.22527778320214
-3.1377221159974624
4.435322238711033
59.597582423796865
292.39188972509436
102.0793922183801
187.81366498042033
219.6768358681216
293.87623728491315
193.12485885783872
124.07725926625179
91.49473573552807
39.53462791515305
30.155104073950934
2.2032026120499983
2.5841370075410603
5.108890801797387
35.55342562010656
-11.854592395078138
-0.9384321507454519
3.0868967058714487
-1.8233249250913286
-1.2000433953481373
-0.8251634997954831
12.850688893538859
3.166484741887266
-3.201793219504188
-2.7581922004939874
-11.36795350948164
-100.8186885693675
-91.28125089401705
-22.746611507786607
-216.36482896982875
-176.9637917768694
-147.79135320031082
-81.26459733604385
-185.79659351130607
-255.24750252492922
-186.102835648061
-1.8316605458642876
24.870638627216827
3.8258250343406535
23.311164700765016
20.85693089005234
72.42984674329495
12.372692604560513
37.664675142203166
76.36584844442851
51.97125964419231
19.105209047792798
14.315861837692799
-0.5036464358549302
41.03097462189179
67.1833165101998
11.789945684476177
0.6571715321252151
2.4818230387548827
7.167677160168589
0.01044439274080929
-2.7801098705233773
94.16009599692806
-2.728785755361973
52.44713038004566
-14.791106527254234
-6.1840230330546655
-11.278222997750188
-0.25906530540398
-7.6208778160943
-0.02609138223538605
54.809949543923175
12.821614456324628
15.720469978358238
24.949567673790213
19.075395485857264
140.71039681717895
42.81591875351325
8.33622668685603
-0.047040708868299516
-9.319420071954072
-19.860958074956116
3.1621987675363954
2.143970651200807
107.67885160890596
-0.012179205370016558
248.39553540170004
22.770658888222098
115.79439828886642
41.28164709769242
45.7415976173171
0.47499335019199584
2.5796041439393536
1.4370500792006653
1.160790992535077
30.761611947985102
3.714005557152437
17.39506269164595
16.358193240211367
0.3051747285587699
10.12489339821868
20.273001190718237
0.2821983779843228
130.16248264748216
3.6350674556459657
-1.5240945896562976
13.940661677958671
99.75818774006603
11.054804633916946
25.242513932259573
14.688681688441363
-1.990758776214077
2.7765725992516828
40.89180746191205
-30.775428116831378
9.178899556341717
1.1656648579805298
23.669881700816383
-11.041142997509686
-3.2284364751805894
14.125435547122041
-291.19479853718474
-3.8217483862537662
-8.235381258023075
5.832420613274367
10.861235640444196
-1.851824189771754
-56.88604022315423
-1.4740903115105277
-0.21707698712833637
3.9031301246389853
28.962142394440896
-2.289880648530797
-30.335242039841045
-0.08020748467658953
-8.048567866661775
-13.477873481537099
-5.477339333754
54.84032609946679
32.801504116871655
1.8256519823441995
8.402494058755128
41.82584152081524
27.79878074717493
-9.519426542872768
40.53482587372814
33.42707468971631
3.987112827373717
2.5878879509392925
47.13133745255259
21.066553511337624
-6.765339806836775
-73.12740595891546
-47.49097586315195
-78.10397117920185
-152.51241021583354
-7.3994153822331
-97.52917034633973
-43.41205280214324
-69.27667336564619
-1.7199664307818348
-0.22116530699871004
-18.995289211830592
3.236701140506582
-34.14579062279264
-3.4958216491938585
-63.27706549076893
-82.95464920442605
-96.7342912519644
-37.05233145995987
-138.10312833274077
-453.56254870253537
-249.50750903937268
-209.09201415768726
-149.05903718086552
-201.31739381443288
-608.3120216310704
-484.0456747444422
-348.2588273585925
-340.4001285013238
-491.9229719075099
-165.4731529247407
-55.779822813039054
-257.24162059092276
-24.001747887968733
-91.8617738494362
-30.793323882380207
-5.396748936326961
-14.249070947633431
-0.6846300694599994
148.08689112664652
-3.6490426054132845
-118.70263665594855
15.638847143985968
1.248526812340723
174.6131562401759
70.75787750684837
23.349868708971538
138.26929906204379
253.3750500567982
117.30598735066758
22.78678971953006
-1.6494986639237061
-2.071694360471186
10.033619104375965
21.90581101894641
156.1384365926071
78.259081573499
21.509093110406432
8.473836153073961
27.11195632759561
43.88130949724503
6.361353248866689
0.15733851058611956
10.653111101689522
8.526197219114607
-0.9410002908385823
0.06695900034550256
-37.42438322589785
-39.948774190678144
-0.07312578040456269
6.867712355698966
-0.01484398854359824
0.13751950534007168
-4.198542534465947
-47.438651124646235
8.537314035636136
17.511544086920175
35.84544648550173
53.25384206713353
117.61243291113873
163.68149783371157
1.641743267131119
18.461201044118123
41.241009586276476
28.474541214918652
72.69714034020922
11.02331049582222
0.08405807501793802
11.486853033064301
-1.1433470170349667
-73.9663564926986
-29.64364128527744
-42.30860407374047
0.5820860075534585
8.210481220818913
10.235772159571628
-1.1177115251161052
-5.057129604804541
-41.13336757162678
-41.20091117380528
-47.68289880072285
-223.74859972084965
-30.351910828025545
-29.454016386806344
-53.942691367258284
-68.98689017423588
-198.63388918855372
-67.03505095394982
-46.25505699288023
0.019707268114528362
38.01537802323369
84.02273701702123
113.83804291591733
313.90510890143986
49.55605366389456
9.463184783204508
519.8590032975214
287.73861350194375
438.35044820055094
239.6968806712154
139.38855555847348
195.15213619373665
74.61211216876764
9.207227184553595
281.5825284350527
157.11379349179958
57.66075704549637
352.10079574061007
19.219086795468527
-12.293972985330308
154.90244890135398
56.424822440366505
24.437886238660628
42.56775623287994
62.80656291100398
2.3900361035268545
1.681763406255199
-5.523207096124803
0.8961554735578048
-9.973662598707808
86.35983996237405
78.89421540267749
-28.71970991663079
-4.824512315212096
3.297413418288423
88.96703246420255
53.97516022185222
137.73305868065722
-12.286005816029803
-0.9521944152940593
-82.09390251940613
-0.09875938310358846
-28.9618298841142
25.383342007750386
2.861628574320264
-99.86948815229599
0.16705203430266255
-77.95320685724269
16.23657983450813
-72.7769716924145
-186.52092995987272
11.66983306487044
-54.521234764903404
5.766000465671336
5.919087644737416
-46.96419856569228
-57.9292844372493
20.899794078041555
-0.6148914521589014
-4.146171499244186
2.609238288473935
-3.817377641030728
1.1356752406783879
-29.79788945378694
-0.9473490377213203
-27.743154277913504
-22.35096047337617
-63.75704134683242
-138.19149971212624
-128.61578265167873
-45.5657712274385
-153.76257676184014
-200.31702995636817
-118.01519675693598
-206.08645136589192
-124.6815064772737
-216.2092945400961
-341.6076529116045
-78.60480818653333
3.7581877794337055
-106.67044251411556
18.95695373258225
-41.214741173566
-62.96907624991655
-120.68067670689484
-20.2868705279105
-16.135761479181554
-15.879064884189193
-327.5639325276938
-235.0771983770876
-394.80147451462227
-159.25790905650314
-87.05397528444891
-80.63057207038563
-141.30883626632067
0.3579521118666817
126.5326106634995
6.094888382255119
-60.11269375616217
-57.169073257494404
-64.66866442322392
-155.25997845819606
-44.55843289515988
-111.58686489980605
-116.77252234970504
-63.75758172508864
-61.505314598917224
8.393608726950575
28.39798495291213
95.37870787242278
24.689962455072006
8.222582285526347
48.670901519095224
1.7306666666666637
130.41214586946606
10.472788148222996
7.012106316820731
-0.12292211717484425
21.49567648397371
40.329141454394716
111.13234848872293
1.8944140633054816
48.54156263512477
0.12215184975743332
4.6591162982126075
-3.5890148652353684
22.165345769591
-61.441538797390024
8.039781491761643
-0.020906473758028024
-8.573152390270245
5.100409338023653
2.178546747967479
0.14834743005855755
0.9894929191411576
-4.898837259975487
0.01303996407723353
-0.9235464496211072
-0.4223884643825489
-0.011876317638791494
-0.026710966163881446
-0.0007183693760874515
4.462027859516882
1.2145992580450309
-0.587157175398632
-0.9453822485207081
0.6943306169965073
-13.467027524470854
6.1726855061394765
-8.970217044892582
51.40532782006301
76.52133708788215
304.50078936686475
254.36432099854449
62.66394797534878
67.70112691478964
63.610627967499084
8.568649837276832
0.9097258119326124
30.763718605030924
104.20656093976919
110.50203078238557
201.5678574587917
107.88182721042561
107.24011229066144
151.00508132667795
42.12544016822551
12.200703101920265
31.56393115742457
15.730692787177194
2.8301313760617397
-5.298613274635953
-0.764738624816522
-33.181253343208624
0.4329342850492699
8.153939480387129
-50.194725731868765
15.903572688743278
38.46275680195537
74.90615386856648
38.774140528737504
94.57765319828928
1.5390791280602318
1.7162425781765411
-33.18708865736188
37.843463374710126
12.071392198859705
91.44817953450607
14.78707393230319
0.7302888855854535
-17.297484341705953
-14.514786787623395
9.873415110356571
-2.601513543351307
-6.243388861382227
19.09878977950512
4.448884245370824
0.20136044671632108
-34.39006037629878
-13.615469470973299
-87.60682905357038
-120.05970273628097
-103.96256790354633
-155.3323842434714
-439.11932854883855
-8.99803338360985
-303.6157603975643
-99.9581363664514
-174.15710985915499
-308.79286136080304
-53.96069336047951
36.22446174292763
89.05090293500606
-0.01826548446225368
-2.628792828413672
-7.284398061871027
-74.04363232709133
-13.820720397040489
-8.904655651558784
-32.385766308735256
-132.35799110083644
-69.36324000466247
-255.4631456740071
-139.67033472333077
-24.475031563244734
-182.76778225806444
-129.8877402963508
73.34143725667963
100.81671740657717
154.54832735057238
232.22268505567075
182.98844373065486
71.53720854373799
11.164694166242326
101.15045209850085
20.92276576599735
9.154467508741002
24.592509193391212
85.7463955191821
20.313337844055294
-0.20401785489118185
-7.919197607493527
-37.00102280441503
131.8146721498743
63.17967937840492
63.313042000485595
216.97691575536655
76.33893140026305
64.50183671482299
49.50140122866897
2.2654855259347086
2.882525397394523
-0.3116930367534684
-0.2102270746417765
1.5001629031853811
-23.456914812327792
-45.87143485294283
-127.87244111909146
-63.724431886615406
-65.67603117434504
-133.20035202086055
-77.45696890193554
-91.25243282118339
-12.322020792110274
-148.6320937690408
-211.55143564707723
-269.4025695696135
-7.030681794219994
9.505399577439782
278.0500025244188
574.2702874240637
563.5024762405889
500.9336569952013
224.94360512807503
57.366250681080146
91.72850768404635
46.42173262879786
12.369581962367718
84.95070728297482
22.855340094212256
39.62570545867607
8.136239600665537
2.013168121487516
-2.653755060449998
-11.6502758586958
-49.94958285737322
-16.28546921670899
146.52662896742288
444.29774122484935
176.61759869027037
36.347630926794466
-0.5934222114491242
181.30683191324556
297.46213747810845
140.60125991869197
70.81600151813618
279.08312254963926
203.76674911131462
23.641420656945314
120.76447662105613
54.57545138932719
6.193324605563302
10.377700203712893
1.0467588335887368
-1.2466576667439417
0.756149054504998
-2.3242472313984432
18.642331192873936
-3.2197862038140705
-94.8105500900651
-71.03658642460621
16.39905564410514
115.69564824948658
-59.21631620096262
-50.26692965550473
-193.99865594177118
3.466581410558447
-44.85107058700449
-41.10640103444608
-37.620376865376
-105.66654532732613
-19.78955933639127
-494.32228108814996
-130.9203736707114
25.558401603407265
-34.46457524016421
-41.449834190273876
-71.97276323182398
-33.31365211148102
-39.12750508474579
-9.789062082717626
-36.619730350850276
-292.7669119395976
-179.7883582863439
-29.932984960188733
-164.30308799114533
-309.76082351149694
-143.62450941236622
-4.231700480099115
-298.59672540663684
-231.5758857626402
20.474299232827008
131.3102901036999
24.37263974261067
-6.6512485476807415
-1.4459381086344951
-19.843131094543715
-16.70713740208453
-118.28526535148659
-162.00382775174444
-582.7827276478051
-246.42505762900734
-50.516375746890056
49.12120688702492
77.07626845337802
165.90324364288114
225.69271940770318
72.60704896855196
74.79712089953665
15.614001146902842
64.85063432789985
103.37864253986757
57.00148094598786
40.35324536821837
48.380407484407456
1.4136764268462374
4.2169678892101645
-0.31980583569607635
17.208315600502637
-4.681077611479698
35.9185146122627
56.03963228975617
53.06974381843775
7.634145823796261
0.46778912865901384
3.4821660513009283
14.194887824429387
-0.5906482080623009
-2.3391277193713074
-7.2283636710474735
-13.064086896709808
-2.0285177479801035
-76.80540288248986
-62.805552056386546
-48.280317359568436
-38.650957815365835
-61.25164177635618
44.92554587471732
17.649615712692192
-1.2391853421042838
4.43114103081397
29.548757336571537
26.282795312795315
3.060008332265077
-5.281377343113298
-16.838712855383633
1.8360535514970024
-60.26129062278058
-10.145371906788824
25.834062020673514
7.642132673023035
-1.0388666583040513
2.834490106313421
-6.912216721672153
-6.1541480009634135
-19.51696691350027
-30.319253453525334
-19.35290468986387
-3.7294125581708784
7.531784717847192
-0.7024751165121341
13.866769734308845
-23.283631394322754
-14.421751861932787
-42.88995188135992
-37.791000950405945
-17.05158377042996
-92.67604755551673
-58.654987961752695
-19.251897374541215
-146.8022328017138
-0.6373726046422281
-140.71298161384436
-307.7263627964275
-45.151878367737645
-273.7267692183742
-145.03764595051393
6.453018424444619
20.421822897563533
163.12167612640127
120.37844120598044
110.19000066685555
26.982499239160035
78.28203294425941
72.65238728158894
27.92768796745836
-1.9613685590515304
10.026691701298919
-2.3309373884061335
75.67928154296166
74.11949404132687
76.74494294485018
104.98695310940437
110.06945679200518
43.40116551086456
19.994061272250143
-51.64478331867856
-102.50636999250884
-5.501752061456084
-3.3157416394990538
-18.904190640359676
-21.368705035971235
24.126370836458104
29.224986202002693
11.926095977380138
110.90975223264853
156.3805585881665
92.67872024288708
53.747362941190985
1.4779115026377687
20.826001158278785
39.492315291008225
37.75351457444433
1.0495713930907218
36.59854513663155
-0.4803451074490918
5.71116423073369
-0.18538215123624205
-4.433019561700219
1.0076073696524137
-21.30292195627376
-60.603330901663284
-19.175252738045376
-16.633197124026335
-11.960424730777905
-16.164050971847328
-84.08823341762306
-157.69615401751804
-117.34890003212104
-252.69948194281562
-228.02082277062527
-48.23175089098049
-134.25945738685868
-228.7904894214963
-318.3478400983387
-128.3060670481389
-109.21140735792817
-179.21947274670475
-203.98277029997035
-332.8936455531856
-272.240178868276
-14.128115297644731
18.389008937662638
108.81519275668731
710.195666821391
149.08934763005598
7.362317871488309
775.1122861012745
625.7816455311715
228.0353259457395
572.2368447774782
-42.52986411315321
-109.34115054378941
466.1712222527474
313.0007529457948
52.56016480673033
12.8533471359558
62.8319585261514
6.032303128887225
4.597010034541771
0.12013388564242926
14.301402676939762
0.18240776829514205
-0.0035969108408739105
0.2537132675118339
-0.004278819526861705
0.17556081512863786
-12.156832864993909
-48.672647504967344
-76.91752252357126
-0.9212075015124023
-5.397144741328843
-162.29740000483343
-98.24296478313762
-30.530113878794168
-536.1171668647089
-891.6469347078203
-439.7243225220991
-856.7903903915205
0.34926603718485616
-8.318022345366025
-127.73820620029889
-33.67817346921642
-82.21828378137792
-8.65052355579892
0.56512141280353
-5.694303677750802
17.550348535250556
43.08607718012291
85.05425182186241
36.81789815795494
0.016415431726235163
102.17189157588004
52.7124853278097
0.6719683800389589
-1.775161278512049
-126.53589452219242
-58.936889111119676
4.6869499161777055
93.32557791088874
21.08564202456388
5.756500835485319
13.373087097706547
0.2968028372749566
-0.23760536363132947
26.26963502056574
6.9800529174209665
-0.5970471975404618
-37.042520385470745
-35.37858581722896
-21.38639707195149
-31.21501459427905
-82.88515233052681
-110.46252601702928
-166.40416439246266
2.255054361784092
75.93707648523653
41.74438977460139
108.8877571119052
161.10401756311762
202.0683081979893
48.385955558393476
10.850529517562414
-1.12564588979223
152.24548278622893
594.5095827845519
319.4079283887469
453.06761435527767
337.68010319202205
451.3051309256121
329.9400696505715
236.91989202492965
80.80336589269962
151.92160814653164
136.31206774554335
243.3247595273755
77.89208739670973
160.36291629136764
173.87219501414415
125.25920799416414
77.93034806461449
18.04981926547082
176.6785880880596
42.71604649005494
92.79731809439517
51.7758457698272
1.720523634390456
12.321270242206872
9.46624263399119
-10.147898744031046
-0.2956956493620402
15.103032328237358
-6.039982144083526
-17.38132174774515
-60.670041101845634
-1.100265213442317
-35.18382497114342
-28.120958322825413
51.37202557274855
-0.018612514485678626
-46.66889276681514
-50.158202099513375
0.5522665976646517
-0.2206019527917386
6.274051481917866
-119.91311157964819
-157.2060677425057
-150.0421893287748
28.477157902618007
-25.091568249377367
-62.27269249386593
-85.94668546598237
-6.919733700862887
-13.245117490593838
23.639328600531954
-8.67093905869766
-125.495980588528
-10.711377421969006
-186.97266134058563
-179.0145972471252
-79.27100256657039
-73.67687387044329
8.797197252021991
-21.541206723956385
85.0872380776594
149.3126464741331
100.64659812002094
189.2176545374836
39.68230361328909
133.43142965874938
33.91710924369744
12.871657956524974
25.46467815741306
5.52295226759128
-1.5419572393902992
43.19325435605404
-7.193689304808943
163.61083735687652
35.81453328776642
-1.410021265284434
-1.883725471911771
-65.94256997321843
2.584513864817994
-510.097017711045
-15.263937490063878
-104.67487542405242
0.2636546377332801
-9.88343196122406
-84.02405483946565
-165.67420736730625
-112.23769661866648
-111.36265751564987
-13.370116414234918
146.77051270874773
225.71485651085607
93.39802593706537
-15.4688922684781
-8.642183766790462
1.6760111730362672
9.20403608036079
35.254994195018035
39.46395788448373
-233.03228674739742
0.4785815720715684
-1.3481754143542828
0.0001131071190951264
-3.5502596541345843
-37.15049663627134
-87.44728745312847
-23.759251646618264
-66.70416474049165
-37.425591521678214
-120.5344131478005
-222.1249840915196
-42.32150693467709
3.766800874789605
-12.706683100548611
-71.6946786571686
-13.961357379960624
-15.63219212751065
-12.0164207240303
-68.7099659576386
-205.6510938027074
-155.34918376033005
-12.850544457885192
-230.3531008136353
-174.62210494991828
-0.059830023070190294
21.61291151562348
27.523207293541155
2.3887136126535484
0.7924003521690438
39.053735799455445
-7.447076557579329
-78.59893050063317
-345.5564518909229
237.7197248450321
21.60339051764606
74.06877021211977
78.38826676355046
156.36727706438376
7.612122961956537
310.6058768486539
273.2310913607895
141.2012419036892
73.27888551598883
24.692282152728833
1261.541555390032
91.16576814206879
47.940930218029635
3.7613138643954134
-0.28227225016698876
0.8232101035880565
37.05567495819593
174.6372024754328
57.19820997273088
142.168065566366
38.96637719445712
140.51489812815558
51.9400857986578
17.76524177427197
-721.6825064580681
4.23542398492846
23.25148181022184
-0.07064052303953772
-3.614712514092437
-49.3823908870577
12.250559119581244
22.5349363636363
12.193908286418461
0.10878011053285215
-0.31769021586992385
-5.146730916322463
-0.28456165822906065
18.156857238921376
2.1439332767629953
-4.560074630180804
-35.143503419288045
36.3825902150411
-1.3265283867537192
-40.98995429915574
-203.40773869890324
-279.3839858856643
89.04540735137759
14.761519879673703
-1.743305324788349
-7.92784467489212
-56.44910595972327
-80.34239946639376
-25.630172615522337
-24.426358139963316
-80.042899195584
25.307672064566532
4.705325550971129
14.979536915821505
-0.45971086206435285
-1.3537534929909294
16.20083814793711
0.15809989940834887
-105.71757434402332
-99.61171291830048
-165.38616628492915
-1.081322989015308
-0.3552832725723216
-39.70964965922657
1.4858088778888492
-73.83125857540796
-4.727619644107146
31.48809095963527
-29.63049379456033
-0.05483228047273752
-0.0700140124284154
-7.632677937206977
-0.8800519495828059
26.052763645468193
-87.34697910148918
-2.078504142097452
8.230024523499138
30.978394074850154
6.382724780310774
4.5246157029167495
-7.7260193887934765
0.08777411376751607
10.647958501995602
-0.11350859204779763
-0.2925321775181421
20.56544788857278
-0.06034436124618518
0.1868977733659631
0.7477966428213654
18.995193405199718
2.0631287020608635
2.6922845165652403
0.07925588019315173
-1.4275577057111137
-1.7994040660021324
-0.5476002669741011
-0.5830494182511012
-0.019935207256786935
6.108043946748315
2.184635865146051
0.03774720433751315
-0.5616180979800134
-6.6543235580381515
10.472584881041607
47.55046469273438
26.10639773891034
63.49539462592975
170.92301648028246
-6.351648722915487
0.009373810481170497
-9.144749983274249
49.07704730831963
-17.914002368570053
256.75321528580434
-45.48564151253326
-80.49222756932446
139.42433592644036
6.746317030195294
128.35567964004488
34.45940404207039
74.32633063893327
-120.72491035582692
398.28892382713974
138.01529843887397
256.13293668436756
-15.480139815971157
13.601879356208581
-1.9447307313533304
1.5103504341935081
8.207459541768507
199.98723327915624
71.99172630546799
76.12046203723065
10.676737216942092
172.76239845600495
1.7605629985206188
49.269180021269584
2.7932219917255567
21.021913139528955
3.689158083019821
32.59250958383909
1.7513513513513514
-0.05145811450018512
-17.355572104885514
-6.823959765724444
-43.42488536047465
-26.239802378926008
20.26730708091793
-22.509738319990454
-266.98870798942966
-92.76952279927981
-234.86375925371894
-5.154248391124758
-193.7745678344945
-0.6448042193753665
-263.67190955556134
-0.20812347775776865
60.91160953547674
6.065799246885318
82.13679470521373
272.6237770077456
106.72686591575376
98.12606473594542
183.73867482435
-19.02882635937611
53.948229403240205
87.49514869722817
71.76412006012073
-48.685811138014614
-0.14718936834588714
-41.28932891519761
-0.04581627025776561
-167.02118584903323
-129.0289403249385
-46.26789738859529
-20.424115928788694
-13.092081184506917
124.86386410570361
-70.65573359613867
-226.13468806968558
-130.5040793705342
-106.84336295893573
-256.2156337226715
-103.43526872993328
-50.48572027780732
-222.1205529591411
-673.9183593902379
-426.12408059718905
-12.095709038788888
-107.3601817454837
-260.65657743655385
3.2108593255623967
-154.87378155282812
-839.6746527535416
-15.839164097141385
-51.1870053067753
-111.14634569191644
-163.67769733435037
-18.204834353769968
61.72636819079878
37.682685893740945
16.189719152777535
62.692328343404625
70.07159100943204
5.116985693375492
-0.1569388180161413
0.04995742474879778
-57.95717651258252
-51.504818741764474
5.250468756813314
-0.7832414858687915
11.643854392892383
0.9303535353535374
-84.9874544208362
2.378847553578645
-10.547099718368628
-34.15715594554494
-91.7767019309434
-228.097224917713
-128.44820655534951
-117.47991204634114
-16.85332465042617
-10.455540958757044
-76.2432012084591
-142.25878360782403
-51.74617604216112
0.15322613065326665
118.01015911538278
82.84465730568374
67.62336755831757
102.96715740706696
2.5668557919621713
46.262273854999435
37.747681932245875
-0.6000449065260882
4.899358067405999
0.02430486360169357
0.313280489380952
53.303176841296995
23.430798441195314
5.058016754229186
23.431597500867742
4.777438449449978
-3.620831874863274
-9.862459918384783
26.664048736462068
21.366593321350884
68.34762459325222
6.8351252001087595
33.25496770384143
1.5021417338508944
-11.289690317522506
-71.61387299043767
32.31297445255472
-3.809284734502287
0.08264011758507196
15.620583933730531
-2.098170635105552
-1.3810356162998092
2.1822576941999707
34.252328512211065
-16.216904534027528
17.42688730831446
7.860696091442262
65.47306499129886
38.03202706742398
1.4808220055251635
-9.318452226320955
8.602521287852042
-0.20163200761969602
-22.417119367588896
-25.031624962804706
-5.911821368670748
-50.824391954260506
28.76898478600881
-12.175056998980498
-1.7280772338469337
-20.63975702876444
68.59446783527636
72.00285538733775
87.36355696700011
23.918724456872436
18.120753270799028
32.32835996856172
2.288937899013364
-7.555700782907982
-2.5436221076872334
-1.7993546064474053
-187.12108364654236
-95.69450466018868
39.59479199590438
6.68391197521629
-14.830397705966702
50.417770115544094
14.350597495733584
0.34433083869154274
-0.3828832826581216
12.590868565529558
-16.02269353011078
-4.382594300400646
0.6149877600979143
-14.02268939127175
74.07908639648855
20.082492841574414
10.790557700745978
112.91843187550779
35.59448388920288
22.68800676082222
8.451819293750447
-3.6855495114113577
0.13142676274881246
12.036833154920783
-0.03490171942417998
-4.6146635632670385
27.651859910810458
0.02772973240097839
-2.3392782079645906
-0.6363205796761751
-9.476400394054922
-9.734888923251372
-9.555047572630377
41.78035392656267
4.17761514005421
-16.459966700844692
-5.426745177664977
27.52494454240373
16.141611647354246
-0.00573028505919429
-16.756952174416902
-1.4051999863140272
3.605483109649631
32.982974366250446
74.76033814267217
-33.41896663066838
26.37935277274707
41.70963011938939
-0.5723379900526616
-15.110400892732644
1.1909035304012083
-30.852108690997973
-6.318117413921258
-31.155544371832733
-112.65775552142603
-60.3590675688646
-87.72794326519399
-47.85868201339621
-84.03431353042973
23.194850877193016
-176.02838311813446
1.9007459975916494
-7.716068706966239
110.58057604209199
-0.20781813505558852
40.32548937173393
35.825192604856525
78.80454195746562
-0.6739624832048434
0.009431554979782307
-1.4024447157946234
-3.419755455186025
-16.752042575215494
-6.54207829082108
35.18757100351637
-45.66287828088002
-45.47439669339187
-72.88453017972421
-4.1940160332383325
-13.675673642354452
0.24831727681438848
-33.617145041502866
-20.14256878569068
-110.87105766891058
-26.474347757255966
19.22130289360151
6.577136885718127
-13.808316278730207
49.80180801261511
11.956803556051478
59.381464466529174
260.0949481769187
77.27218321841137
31.613074605979403
95.13041542401277
47.84738134308208
341.3891945827319
18.750597292275028
-10.29716182084489
-0.057503627720791095
319.73330644965574
249.66624783810545
155.85359313460373
142.881777541407
70.27652060625516
220.34643255721522
21.879625269882577
86.16492492935254
-30.005317104344392
23.733510714448883
32.29540070569692
197.92962962260464
-0.00047133843356432406
10.397563195488079
173.02142173068756
-0.8479638443689006
-22.097839165049837
2.3250206499520365
-6.716094568481858
-3.8483268185498
-0.6862966420471732
-5.8705077852381455
-6.871796577129262
-2.561021284088647
-21.40772999455634
0.31403381814122744
130.29065383883562
23.63335437369382
0.6185090230165655
120.11050294665095
18.452123014140128
-13.70512365538982
-0.8630457191195615
238.0040944866695
125.3526647432198
49.84104353738073
-166.38609856545526
190.05237074335014
30.241917070314635
69.23614458298965
3.5184478898930127
-0.9429916580671598
15.007085868299544
1.6322290829886343
-2.808514559133689
-29.539105003358912
34.52839511938827
-1.238249329879352
-27.21842446256293
-0.7535021900079794
-30.6036373225641
-90.28461035524879
-56.08913510564243
-151.89911784720624
-58.9560703481
3.964571382961789
-255.47966777706665
-280.4043055007787
-247.78417608803903
-135.37262608695664
-5.728483332050198
-16.503375901400478
-24.848475480444677
-175.2253616292349
-69.4459456963277
-428.5371331937398
-413.33640558987986
-222.36772656812275
-557.1536060641995
-115.46328278146692
-7.105832113930064
-117.90740963362785
-799.9948026672483
-585.524548432382
2.5867869118442615
8.56809968076093
16.2422884886404
-7.188405269342937
-8.455694329520545
1.0849511534638312
-0.8567542699724516
-0.04313026241611967
1.7131404853332446
50.090286525458545
83.95299088714086
34.230670823695064
20.058005800030738
42.46881878821562
15.84717218173523
-0.06521739130435153
12.713663517496794
-0.30380758785814144
3.2920976057631117
0.9646687297791579
15.042102973168959
0.39512947602669546
-23.620405435509014
-16.85073033707866
73.5148234048454
105.65003248686992
27.747131137795783
51.022193820698924
36.28394618424362
5.000781693897536
27.36653605975264
2.1540410705801833
-0.4018339892331232
-54.11013861867701
-17.155871064467775
-37.57828912808364
0.34498790127440326
79.68201754385954
22.099007185663275
0.030120778349363983
14.87363710240617
132.14128948475485
162.2495834213733
46.901540511646814
339.7172188817528
130.40366783216783
191.00698084797466
63.40570730716732
44.86245847176079
35.27352912117771
19.928359841282045
10.233716460679023
1.41468443562079
4.856379516691714
78.90948309794842
23.702150681227945
2.5207802780184494
-0.20465665680752082
-53.5133512248605
-31.23342010842521
-61.96843696803285
-12.796856362609082
-38.78502953335128
-64.61499023302605
-38.664077368426994
-31.20707536460456
-306.9891590028773
-380.3018745377527
-417.2692674942027
-166.2252241187051
-86.88786130018731
-139.19419210104633
4.099414941804753
-29.009713885246725
-49.83936515849048
7.5841357314306785
5.565084844371173
-2.9496771276114657
-81.22909970414841
-17.571503690832714
-14.328172293840813
-48.486630164548615
-136.31057904754238
-157.87678973311057
-340.0210022836334
-144.09987293385706
-6.982679552934488
81.09693707765405
47.186879931876305
6.147027145599109
2.845931935770376
1.0485278851463367
-18.017810223733786
3.7247636476909918
114.86159926050556
194.49416164933393
36.62502502775809
35.773256261678725
224.13473944019685
193.52890117052067
72.29363771200103
68.79733892277152
49.35458958094256
41.162118822542105
4.095662837180829
110.01383407986401
104.57650578971752
44.09291412145166
18.497112459568566
-2.1661234258097615
20.666078989667064
24.891995125193883
0.06886800446789704
11.583591297690436
-9.475041186548065
-2.899394445710243
-6.3182172448474745
-0.3309933857481636
17.605212655726646
107.18986207590869
125.51421303986713
16.835946417931893
-0.0010863980953573949
6.43071310187479
2.246203706759071
20.670029487391226
-1.4302492550672403
9.974949902107557
14.683484888414247
4.044245071125535
-12.194967593828439
-5.815173444056344
-13.287884974961848
-34.91542576575983
-2.176420764293579
-15.804628104583735
-28.67334722996971
-103.64400429587513
-132.63959566238765
1.82497448731317
-5.530456791900594
-10.671179605570188
-9.129351135581492
-9.90820512820513
-48.17596736933294
-5.275286902461563
-5.90906037028096
0.04237841521591089
-7.735497715630626
-7.718683342746293
-21.200323449680905
-69.63215245298038
-39.40123931784815
-2.178829570646531
0.0021447363404132024
-35.71722203771017
2.1489184989829058
4.013686462138589
-0.5681473807797218
-9.292431754175597
51.00206429987536
116.64984021231808
118.85268061858773
122.99440378588193
195.18148605529592
16.954787363304966
53.047575301371495
16.898396845123138
148.91902456771092
31.60363529756672
34.85006288512271
20.590820729220994
16.22397649453062
-19.130513277864573
-3.9970020798044485
-2.97659635555126
11.855516852896928
-0.23549429912810382
-0.0020595947556611696
79.01284206461578
0.005217257657260993
0.4713895781637707
-1.2922264193878694
-3.0919859281757045
9.94621659325471
0.5260047818604555
1.908012753081127
117.1902875272655
12.159488216244565
-0.003993769719237989
3.535981160005351
32.090186484240654
-21.08993849755482
-0.07272656170299778
-30.24185540496407
-69.6856648984818
-21.464058313060534
-14.815341452568612
-39.86422189029213
-148.6651423670669
-252.23388528811148
-76.93226267288102
-225.51142139108575
-298.21882469957785
-12.597349326371326
-80.30487832699623
-66.85367479281348
3.976785253767967
-1.3151062063761656
-7.035535243310739
-6.149819528518215
-58.54235635384753
-84.59201988539934
-17.354296499484107
-117.31573294140328
-145.49297680175601
0.3741536880209153
-46.44190048115153
-2.954031792173375
-29.38004880518716
22.257847069101775
33.96614924826418
38.49323674361728
83.46592051504265
79.35758587786265
55.375490362211394
32.5356923401076
91.23169542213014
53.523560806495794
3.474769273433151
-0.5741153825299595
54.6653430581854
3.864490925244313
0.004774829087137929
-12.673559820378472
-42.10204920886686
-96.43061614131587
-50.359943265448095
-59.07514545709085
-7.342308476895305
-104.2200071692618
-159.71896264414698
-204.40143927196368
-89.51404575381892
-113.02626970708518
3.1717637954239684
48.749281554607464
53.77466519805475
82.04308140473799
97.07982404813481
12.89927219377481
407.0636607692984
274.4117268783351
427.361936498401
135.12622102432755
18.322867813371243
160.64537782950242
58.148058410058404
189.74112514603644
86.63579090044712
193.48324001239803
34.762851020870734
65.08594891017624
1.849035142852021
3.2994357107125647
161.33047032813212
293.8114467621068
157.1613499664491
38.73703068009601
85.71687307573177
88.96741807756793
21.760140965399415
34.18689302115479
-0.5509848060185849
28.90644821456005
34.06589909175666
0.3835733602684801
-5.414234406912832
-12.285721046639686
-17.110319265325085
-35.46035466623974
-0.03378718225128043
-5.814722266382636
0.05427770946631805
-28.37673228471054
-83.59570061999209
-159.29021037915408
-82.172623029562
-162.4126184162149
-288.93079321002955
-94.81063551078643
-282.70112874851696
-189.3107101667154
-26.914708102699265
-98.56088025503104
-33.142553308957574
-559.623196257995
-141.70117202428554
-91.6676919448554
-157.60434881230634
-298.8313284551693
-281.4804733577493
-227.1364172349738
-161.10809374312328
-137.028843529239
0.8174392232325183
5.483219008567046
-10.612252930949952
-26.066246737052168
-3.6900793057870405
57.51072540929053
46.70468144556917
10.295415523294137
-8.927354823189791
8.200483795709976
-5.513409640744516
-18.05441142332714
-7.506188862889229
-31.50990195685569
-76.29655958129715
51.269054260663374
160.82295525763212
56.05091222335117
104.47784869070611
17.01175308871345
27.23319540752527
51.990992182802124
20.95920792751211
118.37960236178542
219.18913903221295
189.77889015288136
69.13050309095253
25.633779832732742
7.276657595249893
0.3858448257139761
97.17058914415264
175.64067064083437
2.3292576700970926
-0.0003425971605550449
-4.599916266262042
-40.49913414250469
-237.1236940725016
-81.34528355488848
-22.147696135005503
1.0222713977463498
-76.99157363939283
-44.79396595812687
-39.51988179523482
-11.463061224489826
-59.73402167261221
-41.50460589619455
-44.754558167119335
-131.35089316987737
-56.92733990147777
-57.69903230760369
-29.774820145079097
-59.79151583254546
-85.38923634975185
-91.25835176553039
-0.865403238840227
6.106925287356293
117.48827336706614
106.44432438098349
53.46657737845324
35.426304473471305
44.039091559029565
129.86195314214345
7.516824360341143
12.79002447923885
2.8717953769736586
0.09107680882664924
2.7808262426764268
306.87212864925715
0.5546557386251935
3.7119261642204178
97.37935920619474
236.9630979090312
817.8515097529897
326.2860789587562
267.33186483899465
61.84950290659458
8.534355247839247
29.43090928543416
-0.17001224077606736
1.6691687357572973
-22.026763239164108
-88.8248002547602
-65.93405244371424
498.08951115499065
-15.666853526220631
-116.10974171772389
-132.22579799709615
-868.2723512911379
-98.3187869003228
57.96661225368614
14.000164322868088
-125.66017005799662
-587.8847383825976
-1.2149038461538448
-0.16211005625878863
-4.639357845108005
-15.87080406783452
-89.20186508490352
-92.2597729046552
-561.4744709807942
-659.6240375427964
63.80235875057427
99.7436212214682
119.6244513708165
12.17322971732452
19.53332206768733
7.693235113663205
1.4917265996389046
88.95991104014587
16.65515906794018
-7.237769995113217
32.184966115051196
6.9406997319034875
-0.1576343630977619
6.262355673261252
5.15295004333946
-5.982612253583794
2.172083120012042
2.358092109419432
5.533808647393584
-1.1169918537369052
-46.06156896981798
-63.038985047197336
-63.895525518678994
-64.79674984961761
-94.95091123903782
-142.29344172753258
-234.28422246498855
-317.82018388325776
-58.93651002361218
16.274487915285732
19.900374850875906
25.50717060499734
6.663917334978416
7.796379016343199
0.0002347237923699177
132.18182237813886
81.81258370464673
53.545928281680986
53.930387978815105
1.1527226125550725
-0.8625412791045053
-9.179918345687057
-0.033227625604218394
-11.543881711687268
0.5448563148997794
131.35058402588916
219.641502866246
296.5101450534897
213.31417328742492
78.23744545359641
93.34364988540273
120.23414554021056
7.864291014117477
43.92418369813344
170.4176702467119
34.54980597941719
101.34394422714213
105.86691951072581
93.80550774437057
12.562789127275794
54.49356452137163
60.44229081404536
23.50338449696121
5.308891311950958
1.9486760857479926
35.698529348099
13.691286173633408
-74.29348199493938
14.987097640208395
10.741651688122413
33.99642227132448
58.3475970332584
14.947118911831184
15.372614847217543
7.207836736455897
-74.79453190016689
-9.887911892239437
-46.37299622122977
-17.45703658894696
-16.30785144721456
18.93340636302335
-20.107231462285505
-11.987935235400435
0.5751195622626957
-3.784604933437773
1.3120578678151151
22.42693084819014
29.098526968120133
53.92143133198446
105.59817848568919
30.21434727153642
266.83201818805145
92.05619571996998
3.0085708971879135
-90.73377963068734
-32.47174145780905
-247.7312294182217
-34.860656386967314
-201.21935761544688
-270.5641998183641
-126.23955330817614
-97.99566654508531
-161.1930976488759
-180.176076035379
-34.8904187558669
-3.5957119130303505
-0.972710652496988
-16.22292332287429
80.37054904119947
167.46319366073593
4.802415738734032
221.00700426687763
-0.12278734599860334
8.493202804046746
13.090900758470212
0.2740375801107148
-6.604681420233481
-6.23442484951092
-7.84474972134319
-40.13836912523168
0.5804023607012728
-24.54715670845692
-2.508300323159774
-1.7667110369823884
-38.353761771081395
-80.08899997255686
-60.59140499950602
-249.37004911697778
-178.27320946368656
-254.22973528034726
-184.31995456284687
-271.6007384014697
-111.02337391929875
-85.23331230165218
-254.57889552175155
-57.25148014025403
-8.899536940324463
0.15558253218184723
3.5627401242868184
180.7033795030318
133.72487377111426
48.13675389116444
123.01676932889875
4.809149041687315
-10.912559085446636
-8.254456077682672
-15.17871464837659
-1.5810425865261248
5.026707927622496
68.91639945902739
6.313458250582861
62.09826652463017
1.5090307172251585
0.7276253065498308
-23.190938775510208
48.0994838086032
-3.3995837669094597
4.890194549000058
-0.48874354215780363
-33.079072105951525
-10.03902675822874
-1.697574381434132
-179.05071208665007
-117.54506155484549
-121.85704636692091
-81.68121148135926
-113.82036239209891
-193.14981802468722
-62.630463514646245
-55.693618049131445
-61.12711163060201
3.74095480829287
2.0358832164410408
46.85080681715165
28.51198549121792
41.271317829457416
38.62329260226289
100.74845257755763
63.35489488131766
95.23192861996209
100.17837202306345
148.65348842523417
40.621539800437716
25.250248361800384
45.21633098701702
70.71202472952086
168.1397479936213
0.7270197329876238
1.0857787121299418
41.08967826736367
36.96656729581934
0.29286940050834265
50.699169288860936
38.12642021531563
1.0020779350958589
-5.177891287965669
-1.801190695296531
36.19079423815802
30.796124595469276
-31.561605865340688
0.004423644610842662
-34.314808965714874
4.030441767068256
0.07921252012500976
-59.211899270225345
-60.61540301667104
-31.501955548695744
22.21179461410202
258.7075684554431
297.85011070016145
74.40045547288784
230.42694424953763
133.59975787399893
109.66527994064472
26.30913848682132
42.927886099302206
128.7162278298486
58.718618139292346
83.47617401379107
12.682043430043247
4.17751942795704
17.3985463102744
2.004837911222449
-0.0014433326655632682
22.53630136661568
-1.1065236319378462
-35.08864327409847
-99.39091398611313
-134.26818741258722
-10.102261802200035
-3.5389668735997732
-37.661048685365586
-34.54542709689305
-42.12638628969715
-0.05729675365090778
284.2871015750363
39.565804497736366
5.193767331826921
-0.05925401549082759
39.45382881086888
0.027223806777330984
-0.4908661028735458
-2.525741829577681
-7.8150926670531815
-68.24534916689842
-36.988756189047265
-7.1924136417644995
-15.030406575235846
-68.20997194204098
-42.94060737096089
-100.25492691315563
-239.45439906651094
-30.585763785827623
-88.83774972221929
-47.27358901706804
-120.89135074245787
-201.88911306042897
-292.25620450125047
-233.0525706114055
-37.24174804227819
-116.2701656236648
-76.71260670986874
-0.6287867794685792
15.162815381155811
84.03663367076317
159.07506680384682
168.03778079508544
36.29332661029182
92.82609303002374
0.47057383320581814
-10.811851720900748
125.35310262187346
42.4448364803516
11.984542503665992
50.6564159372959
0.9746660044698316
-3.3777773027540112
-26.296729377713525
-13.830365038747473
-70.34979373811376
-60.28238687656513
-29.497302428099115
-55.99723679040604
-177.7820273893614
-179.9630127378145
-33.901011654029716
-4.777317531247944
-0.018448599996673053
8.80790686041885
24.447033625780136
-10.201931788253875
-18.95942859032876
-2.0501719929400424
94.88138808559859
21.275163854258203
22.00584457159243
65.8845175111773
0.09619570100972452
440.1326605827756
154.63987027664484
73.78515310909557
18.37859909036594
185.551657637692
55.68690554497716
48.54678821351238
34.814971751412344
14.40586617044285
11.330035510267077
3.334266966629176
3.1085244040862623
-9.149992173039259
-18.748653560930887
-24.537117758614563
0.43028921420834576
-35.00762464260663
40.07769967444038
4.521212070485554
0.07071437188133864
-10.043480440415978
0.5914331633009594
-31.35337235950577
-33.74558380797396
-0.009237875288683705
4.138605830164767
-11.862140791597962
-25.753251874036387
-1.259786878395325
-71.77276659838523
-373.60576188146894
-36.704363588354276
-70.67401805344367
0.032838704568847424
-0.46020624008460276
28.48183902040821
28.691171390218585
0.8985186422326914
2.8781942263900033
18.781472259027467
43.66168947212234
4.285890992632487
32.37850950194788
11.436032427363067
0.3840517101782996
-0.305176417076392
-0.7248040014820248
-19.668135621529046
-28.553151037329066
-24.574575452357607
-17.024197879268613
-23.9650419326574
-23.976298271735224
-0.0962294998407173
-2.4105254955966986
-0.09334583813928478
-56.892417438718994
-6.33092442471672
-15.767689732807622
25.026103520901593
41.84130042553191
8.749556458536013
48.85051079006223
1.419191349564238
2.5897512896989126
19.223228643216075
-0.5374993966031901
76.5077869420202
-4.722539017440801
20.6180882318043
-3.576570210673018
4.427818892208677
12.98287052252958
0.3334701995839182
2.730186556114897
-2.025659910881135
225.9953036807014
146.09792072419515
70.86325526482955
215.6535505043832
192.43919818594935
7.332160436641267
65.56066615184136
8.560103909163288
59.678410842987816
24.417346005918503
120.33076866911253
42.087106456151304
56.42244365748972
11.12397216403259
20.44042174847132
3.060651991550694
16.471305450558816
-4.363910754183439
16.858761125104984
-3.7070527961097386
-8.376386962670178
0.5905408786953912
42.56338967077636
-3.208943218560314
-0.10831128824809387
-20.00533677720896
4.421935301163433
-25.540153587454864
-82.48193673176509
18.094803543824806
-1.9195561944468282
19.982673573858992
0.0632946189622442
4.695856228829481
-2.7881228484255467
-10.846530607489328
22.102548399026507
-2.2419414225941336
13.822579194204225
2.0748166313266294
0.030975132451912826
-15.91545553430102
-54.3483612871164
-1.894013058626658
-0.5577971224905112
5.598529823578796
-10.03035135746853
-1.3680753268819439
-5.973799543844526
-5.259214101224405
-7.362480001996691
-47.69107096333306
-66.63732152000179
0.0006824300071787032
-30.969334560258826
35.1522408280838
-8.209891062248667
-54.587907640335246
-137.76398340248963
-0.39400648083499007
-73.10648778355183
-3.028583615706591
-45.353797399992246
-81.87325377019825
-59.46961517104002
-77.90637392021611
-2.0211412011105168
-2.3585772132723526
-7.12777277604751
-3.4799921321793774
-20.49154121001821
19.32169950096659
73.57314881259525
36.973699144355514
-5.1687590052894885
17.98558893214627
94.96181680605322
39.692370174440036
95.01702544031319
119.8312002730954
75.18946530307274
25.400131143687165
19.664448814133586
61.12400051314947
0.5385991987916141
45.56747413163882
18.18122961940351
83.26439633743172
68.58990363412225
8.6994983705884
2.3734953146412803
0.12917035175879507
-15.006649716409122
9.48123719602568
4.358661178056956
-12.781508023427435
-2.8313412707440606
-2.4009094167648177
-0.3552561251055997
-2.5216987134314435
-2.206536354186845
1.6805880294452273
91.34281551163654
18.002859210149893
-0.04137009694921344
27.541054875594458
12.959213031932128
33.444319034552294
-17.424753198808634
-16.919122540547097
-10.326755776704562
10.23070724097119
7.442945437494433
-10.775634103083169
-38.38524823815704
-20.2312868199146
-8.79741063489234
9.195875485021112
-21.357786660114613
-52.21167034616361
-65.8481335304034
-5.657692239339738
-54.7474202256808
-48.16760638500032
31.253138489002776
-22.167385488064284
-48.12965072771921
-47.74633652744254
-1.091571471743731
5.318658586688571
17.065405275148937
-117.74918356961115
-2.249540905275373
14.115308839548685
-0.009159679678842016
-205.93987319919557
3.6511184590410384
-0.131246249249847
1.5152616042780733
34.28836417959993
-41.1652578111363
-53.98051654381194
-43.31298482528192
-29.782632324915443
-61.98772840652009
-8.672884516613363
-26.322337131512633
-156.09096771662797
-69.58650255651675
-36.63374881409534
-140.99634845722863
-0.020877505021542134
8.08092148284592
9.333134019372272
-74.70034848181895
-11.41950309495961
40.66059550727165
0.255128655041042
7.8743685674759005
-4.507719862305612
-7.068459343026383
-5.809941156307167
0.012782622284732113
0.33231489509276896
-23.983296502353838
-6.033063530708789
-55.53501796360926
-15.81824517315355
-69.99680401305885
-56.993928511212275
-119.00801522321545
-184.97706753071165
-18.785829945441062
-21.52198403071017
0.008671150404079639
-21.8579018647776
0.31902442618723725
-1.7885172594142238
-12.93259625574003
-0.20801216960669283
-3.502311518672517
-13.282275408348472
-5.262482275401786
-7.459010950006203
-11.004692352685861
1.6622798621403818
0.41030363901635025
-0.044378445291193974
46.77241044694223
108.87241216730038
72.82815479876172
155.54968849069604
58.16081386683948
31.506764850084856
3.9199984794343816
-26.435469160918956
-9.184507468579332
-29.712395603348295
51.945679596538184
-5.811119479104072
1.6528711086459058
3.141059574059862
-4.08461831413725
10.510191590682572
21.689674065558773
-0.25430428876382544
-0.169857315403818
0.3681169272603632
-4.593954393609278
94.57961739694542
89.5146211163595
4.917095139962216
223.37194250349393
160.5099127899408
113.04948304116787
34.60657323023104
197.47486432967656
-2.6989665743253552
6.6393031914246325
59.90611999320319
16.67484784594844
-1.95570477291759
-32.51047801147227
-114.41385299169514
-6.617944545499258
-1.6446664953751309
-0.000396590740159668
-19.429061601977658
-33.55653999671936
-29.240483018987632
-77.88076793748154
-132.5985000537616
-88.51014549115855
-85.78457952468005
-44.272633685882916
-73.62835785000811
-61.854799673922855
-131.87660649389335
1.4874638334836876
-65.60204748118124
-18.88619733924612
-20.851427086812894
-44.16666503438435
-36.694622880702
-2.460420626705571
-11.635121180655267
-21.48506138145244
-24.991032988885344
7.454811751529253
-0.3270046847145657
1.3725579444404536
1.752029089861756
13.652389937106877
117.91171186685767
170.3071616138707
49.32505635165935
199.7943014982746
54.852989991918854
-1.3184739884393049
-1.2519944547134902
1.3739110945859525
3.211610162314742
47.894584971885365
107.47101711140367
0.22610757157310685
-2.6363345298294423
-0.015153533111358284
0.012971936552204813
54.153302795005246
0.018736275412623262
7.429073740302506
1.534698602026426
0.10092459826946702
-2.8199264914303064
10.320958665525593
-18.237332464345965
-30.394802667712803
-25.690645472061654
0.07461049348966295
-24.47799063126741
-209.5871290292702
-5.963344017972103
-0.20860625075419706
-47.169561570720546
-55.89593096311624
-61.17348853292464
-90.11462330354726
-86.26451814068295
-1.7963262725260791
-11.417664853587652
-24.73099360956505
-28.94905553100603
-128.33841529142813
-364.12404835905795
-257.6397809539104
-149.4292775120444
-30.114752721904452
56.538130596200055
258.2454139989484
332.85224755860577
127.5389926755137
109.38818412462163
124.89209632046816
143.37187226984986
36.945424623944895
21.302157888479364
-0.374080617495711
89.13738570372706
18.961047355918993
79.11656138684387
36.948547263681526
65.5326114477472
97.0190839956544
114.19202015959681
26.01462668507252
6.595329465742521
1.085905562327584
-6.109357777184893
19.898209637146053
11.457069282344204
-0.23221313080756356
0.2625298216339293
-6.981306413301641
-1.1611256890493518
-12.04046697355739
-31.1544519438445
-78.63769855350438
-38.90307663200196
-5.431429096392437
-14.643562404095755
-85.43824749522507
-157.07787777624515
-28.59924982911818
-105.26031692451946
-119.20672721754303
-175.3742193798684
-253.3180594069967
-365.40002896976273
-408.9368071241837
-554.2619831708663
3007.4830204536997
1830.2895206236026
2969.126245921816
996.5118283137455
2129.853659165006
942.6708821360396
1505.098522755543
1147.4241632758515
862.4190048266632
480.68787561970754
856.902454101895
1173.8806214727
465.17789150228407
150.54884968710434
552.982581310742
182.34416732420954
24.074157146069776
38.12038026574244
1339.8011779433537
664.827305067302
394.85564760494674
369.1090665125889
728.8698105109272
408.51075078464874
1248.246918303199
1283.8470550808267
1057.4921718142484
630.8151884975439
1025.299966121609
630.672505361532
341.3653708038172
269.98002831641486
94.4712634336361
103.17721347004971
51.17203394576433
-0.6824049673357226
0.8218363482430942
-100.65955756716957
-85.60855030676183
-115.17648050802242
-140.57590608359712
-638.9847304318339
-243.19286105712402
-266.6934865064695
-588.4658848785023
-260.8565605470758
-254.70124056667103
-75.82813410355162
43.1473614472276
-49.129877592511626
-3.022919366077068
24.757699275362263
113.1816022383426
271.2900139505492
16.802253571375548
92.22717744142463
447.3876882142499
96.32835648524664
-12.222893040351863
33.183250066300474
-3.418795448678482
-336.79792746943497
-44.20023969364484
-6.287787347319159
-158.4178598444579
-185.5474046937527
-480.16456397012456
-518.8656529094769
-698.17513433058
1.4068633539851296
80.75650933647599
-3.098109760970834
-25.839537453574884
-7.262407501300571
53.858399398665796
-304.2865333900469
-157.18656564917023
-449.8432557755955
-751.4029158699066
-3.041390279739229
2.8965603480922195
738.3024704243803
286.2571042722869
48.56592700201962
-7.4771488985979895
-0.40497950853516684
337.2675340168064
465.9192203834114
629.7715507060728
552.4556308726851
50.10745216471708
93.97161713657545
18.437874032174314
8.715005867326418
-18.56762517628222
-18.903452974320153
8.780818131296002
-30.184583905170577
-7.205737626317248
-56.093096393091926
-422.95240950026135
-83.5482989971686
-36.36949310811941
-42.89162594548572
-276.3569720400202
-810.0984159359184
-153.66862931064932
-659.1261735684973
-936.4781898481459
-492.37810322967795
-1059.029877234056
-1142.850905190312
-1848.9820754221282
-1092.8062253541816
-1655.2906627424995
-2980.7673614584146
-2142.161354265277
-3668.0999216876958
-876.0410584002398
-3202.752149581244
-1106.5874121676727
-1031.703011496794
-2507.2776605320323
-2556.8513414564213
-1385.8591016234184
-268.75409427735224
-555.6192121073223
-724.0099999999999
