148.19
78.09377990430622
182.64270795415416
145.10224718538913
153.71798402643898
79.60426055633386
172.32455870497571
141.6754682130585
57.81927765237018
22.158295309168437
166.7335933835329
122.29969300514186
73.73288225075787
78.30787260056245
38.92851661333255
2.208772556882577
39.03095568862274
53.42971019265595
70.12519239083437
321.1085623740021
160.72155552312853
322.05520837114494
501.44267822217626
409.27629796107027
314.0992757660168
244.79406556973208
243.24661249827574
92.0998214549883
27.84760621240749
75.58142736400818
6.961078717201133
23.513004006604053
149.47102571667392
96.15344460015683
33.44106332025269
7.47360519838694
27.198681539717057
28.856238611713728
5.485246528884872
3.696114308061886
173.38314768466776
84.00406454524935
14.11325489766881
5.846569907274354
7.63669856459328
20.870749936112936
-48.87686718885986
12.361808787583731
2.5326122239780937
-0.005814701263740812
0.019295951926591736
-0.043457040035988326
-4.777800678647753
-7.1792328413491
0.19450933509691543
6.157019262531005
-1.5930114757553138
-3.794843465847963
-17.052800000000044
-37.86050786258142
-14.457294232082614
4.839077849693083
2.1098974808098383
-29.50587439022684
-36.423826695788186
-49.17561515304669
0.01762042175360791
-0.0446298906270003
-1.677119720546205
-90.8167164179104
-54.26890023594047
-1.6179098867057577
-5.101101295227382
-6.847444473364555
0.9318210025744524
-11.717273483474123
-3.4559100149974955
-35.80456826276216
-43.849342314529004
-33.33093878334295
4.243944939984558
9.89691034757759
-22.35742062876573
-10.972939989490254
7.566361165048537
-0.40140179720993574
-46.62524404983267
-45.070411233701115
-57.64160083416628
-119.8356968860556
-109.81072099450823
-19.63984097343535
-151.12507442247383
-29.18846376226972
-74.30441203343364
-130.3208892615268
-47.37241971735574
-4.4654165822835985
-18.660934116580968
-0.26844143969410716
43.899771075746784
81.88464122723465
141.37595625093184
11.240434031022208
4.167998796828019
0.008551826918135086
-0.6561050596790459
-0.0005919937227649515
12.910709959274346
37.404305590690655
33.8173760861584
10.52160132374295
0.0784617461874128
22.01488261935431
29.110881406535032
81.72927297161974
-0.6369464384318113
-49.98437147010766
-3.400264885408264
-4.514098416125541
2.14112398392975
-0.03370489465516319
92.69283541625337
18.78979606759829
77.3157971699874
5.473752700059511
77.12167678136838
8.925018880572011
21.38981897754257
8.338943503640616
-0.07174389466978175
-1.9218949855892022
-3.883435464659515
0.038404364906153544
0.0013703651487381526
-45.04856166030343
-0.00027377458495779147
-0.05232101147557843
-2.862432066563218
1.3796690228133102
-0.7928940236957528
-15.389461483594856
-0.0028556767730851247
-10.990240080551287
-0.03206476017238989
-13.960546209846607
-23.130000462936138
-25.54254832945259
-41.201670158969655
-33.70877031565672
-138.96266412645554
-117.96330055907038
-91.07571391407032
-89.38806998606154
-4.524514249672209
-24.441579741951717
-1.9725533563848745
78.20137377715076
19.07204527744748
14.76021051856759
36.290802139942755
1.786235015238742
-0.13757056971085055
0.3405265651277959
3.0012972250083583
2.9488502187573187
0.1450368782595464
-5.329505335800888
-5.977315219386819
-74.81146282012222
-76.51467704492703
-25.44761027710422
-0.7585153868996393
0.04808551037779217
-2.042479961136751
0.06753914465996749
-5.858262476894643
-29.804492207513206
-21.268125144308435
-99.847337168407
-20.52600550772128
-7.38404053592593
-30.865011138468784
14.455186636804763
120.1347427709329
121.32509882759206
217.8203016954251
224.919004147517
185.34808861478393
52.93355696037342
65.5522624928202
43.83714820143881
47.88115377894281
848.1197562024292
153.21024319843968
-5.203734633416747
219.89130780726205
103.09756309024732
30.159605083563292
222.11218079147517
3.264790919952201
29.148661496039658
15.752064699707581
40.62810975323812
23.118616649062513
7.3469334824326875
14.516378776409043
-34.37423881322961
-0.14116254697889563
-3.3718963265228457
-5.227296132629742
-6.126643302695682
-0.3985210847319497
9.712237307239095
3.9373413387904215
-3.6145022013918204
-13.477349537816368
17.93444879666884
-8.435467057497204
-1.4579405766976388
-34.90221242529017
-3.326464542413694
-6.249834393942265
-2.9568879120360934
-37.0453060769256
-54.26189753989956
-108.6314496374109
-292.0614875732805
-1.4843157533462836
-162.35803224357682
1.2260990156560094
-119.9678211071722
-158.8312406781503
-32.98658092514049
-12.451781324086923
2.622851803998387
5.774889374122686
24.409222655972684
-27.89542803386639
1.4934912022080746
-13.253753007932007
-14.328721015139477
-1.6232400798049182
-9.752296224770959
-21.36976766851936
-39.535650084114366
-34.41906920643595
64.5288395983386
39.4065823276595
3.1134973243569526
-6.19675822517355
11.842284318303532
-0.7443958470204355
20.259576842257907
1.1458398113928885
17.785724506612052
-5.10735764728645
-16.053389819111032
-11.380749827810552
-50.616329701563295
-30.197427910699968
-91.31404486029642
-79.2871275857486
-35.69224219525709
3.499120162016208
343.0587259502795
274.922703394745
306.26571070867936
84.51521150469065
242.87014108075363
346.531182276167
101.10746362770529
365.4498941289702
11.545890432489568
130.82960546445162
477.84563732309357
414.55208170711717
0.47408165932799834
89.28738004257178
65.81879096723748
35.72953350666325
13.134325646486129
53.267394776172495
19.624032427717502
107.44665504637801
99.08872666981308
241.47982315700133
-5.155411662847719
89.13299247890149
50.221277097252326
20.894189814814837
3.569584217526234
6.540249265794483
-2.0730082750079784
-7.017767533750423
19.513188293166852
-50.32319906653383
-101.92045358228283
-28.157670708525423
-146.31439074684852
-188.7545481287791
1.4060617659852233
-43.435508372325636
-455.87253367294323
-153.47424934420218
-39.73828696023122
1.3375186025647676
2.867369530044767
-3.9021298850413793
-47.29944340187663
-191.59125833490896
-202.01589955668356
-494.3732462488204
-26.9038305519897
-236.4577198361704
-307.29626829925013
-16.13919892406626
-94.39076793426733
9.099969506582898
-3.9873874655104347
-89.8766634868975
58.58270711550093
-0.0031632274805386026
-4.104293008438731
-129.9786147117896
-109.94336398945651
-45.905833670543174
6.743568694172699
-9.02851910335338
2.473635060786778
21.37841281528074
7.862666269707711
3.289668625611146
1.585699781253866
4.483929373284909
1.0025968850032367
1.0306053862280256
-0.1415912946713611
-4.092786109743168
-3.2029136750709695
0.04669499343079749
0.000136570561456763
94.51442394132954
100.19265354183116
11.100427263830513
33.346183005280764
46.14818921949394
14.903774018219323
19.859038590971934
-6.790378828524081
-10.883531331397302
-37.737482379937745
-12.651391845643925
-35.65446609760021
-76.43139778418569
-0.030574614174839043
-1.5332605185288406
-5.97223325168663
-1.9836980188169768
-0.5464961292197656
-88.28007110152161
-57.39826493227518
-31.439320580044875
-172.3919181569501
-5.65451361725461
-22.81106976057448
-45.22846709797749
-7.349680196801947
4.001568855265151
-1.0023624601555146
-12.287966758940689
0.043604144909059096
-2.86658250628085
17.77362631412709
5.5177362785599815
3.5145472130312894
-5.919154575454394
7.301414539638201
23.4583968728196
7.383266093269808
0.6966511979080416
0.007921821767976055
-3.0833910355486753
-13.91662616252778
0.04092408018081419
-11.624100379521359
-62.03111906637073
-16.538058963690005
-0.24972553576418918
0.17764756544207036
199.98292035398237
290.6012112571693
285.4777056480967
282.20783241493837
206.4951455745093
145.35417669299716
134.8428577316451
24.034934052858212
20.21303107705413
70.75300260676474
13.281284410518655
119.69624959534845
47.88369194898824
16.172043906402124
-3.8541604301616226
-18.91699817392241
7.367218132439113
-0.04971633456938172
-5.917895249836998
-1.6930074499185
-43.58530054073821
10.409791784670462
0.10624423457061295
-1.4391374810851045
1.7702046182411801
-36.08166477773566
-19.806522899744436
-74.15626315789468
-150.4682260890579
-89.72206126476016
-101.08415158621816
-97.89417304577617
-143.9492876441074
-247.14218468107092
-512.649298335499
-397.4428186967958
0.19737249438897564
51.0145154943432
2.2367812627291297
44.04463484571097
25.534377583718616
47.13310787686026
18.925102260843317
85.60645192066286
87.42677786122832
58.80086299064157
31.720260628938366
16.71934230262255
-3.985367799113742
43.106089860352185
64.01090639301063
15.56953223447109
13.98074938291923
11.663206915897387
2.710373834665507
-1.7336233243082413
-0.8726252151508993
30.118313036111303
3.254227967547037
23.024735822472763
-0.19639728569156756
-5.145997719074262
-11.165925172013532
-0.2038534513913974
-10.69076689906033
-1.0558885874884703
68.5537174652098
17.830742148225145
102.02102817565468
139.80970248275054
44.13104644844577
17.735772222665894
201.25605548567773
0.29019645596057875
0.8694980616595394
-19.519223218734396
-9.064913002598294
53.07247097004699
0.7419473435877997
294.77562528421964
0.4477913406603509
27.33292421870476
122.27218591209152
144.64167739108373
-20.028194782489464
20.616804846432675
0.5800301579215439
13.670639305039217
20.423102223391634
0.15258173336883823
0.0025088620906060784
-16.935408602048504
21.98595390148079
33.88479016129239
0.9595736858826767
9.293269026011666
5.007170067157009
3.1892600724940983
26.20117156845182
-0.13856641319449875
-1.7300413015787204
1.734097473354567
95.83533928205875
14.558552149983427
-10.65848346361995
0.6835158616557335
-1.94466014212548
149.1603233195399
-52.64750160725413
-1.0349665919452327
0.9747925225290359
9.03297989883529
-40.47874096522121
-10.008417248409181
141.63457567318306
5.142759851531881
9.734832207249251
14.04574025018396
-54.85910224018867
39.436773498647725
-9.904165727196357
-0.32580475151316024
-4.258403910454401
-17.67117867285655
0.04420216647825666
10.165427019394796
11.834630136986288
-2.2072701832936907
-3.2611164134895114
0.028242166215678134
-18.723695358711904
-13.820685576699667
-0.5234496685678937
87.29601266476246
-6.362021713238246
-2.746975451800626
-3.3210612102453734
42.091914878543264
49.36803717041262
-0.2426093572451972
62.436367487547116
104.94050316816886
-1.5171317954585481
2.418894378343621
97.50510872879593
15.511906338999946
-30.63096938840281
1.1358134038039078
-57.92439280712571
-17.56852065613613
-165.9208960132354
20.00237096905562
-79.04758856249846
-21.602506467285032
-22.205472662353383
-9.646786050895322
-0.16789530607830272
-86.1592443817174
-64.27314191808728
-9.066725133859093
-7.899741680997663
-99.54724658151302
-58.67430599012931
-122.98118320125208
-16.189055609352273
-361.40906014769496
-456.57648518728234
-395.2718404267932
-85.87044047394143
-279.02369491028776
-398.30674173920687
-325.2818314079201
-562.4616782836964
-376.22097002644733
-621.3714861227677
-556.5846082123547
-92.45519556923072
-144.31223787144822
-366.47777184596606
-85.9349781419828
-71.21919408131015
-23.10143649635041
-5.0274251671026
-34.826145807590436
1.2227862789327215
12.54841495617802
-2.9445393133115596
2.9612323783537953
26.166113648122717
1.8246282781675043
196.3322811839018
96.75209637415847
12.067476367759035
170.23937457471322
192.28917108081285
141.14210747308206
7.7054972458260345
3.3681728433579377
-0.3559746857522841
12.08639548674553
27.41035277940228
130.56807074456464
70.56730482939314
18.805480539247654
4.777728170858948
53.57257296866855
35.245642292644185
3.8263644994929296
-0.5743833953336398
41.899297612801746
5.128263865942869
-15.739046971989744
0.18702442538143804
-47.9185433601726
-54.388724985055035
1.7744660813263216
-1.8314763304018724
9.456379157356851
14.384929855798429
-18.789889457975647
0.5667473970585155
29.79658601802739
0.831046486763888
55.588800964343164
62.28487830821838
36.41295951417004
90.11377420292654
3.205468669083392
50.799569801996086
98.94174480788628
4.017719531918968
46.094626824961644
6.322679209461162
0.06658432613847666
3.6973430918411285
-0.23701151617748623
-40.73862415865995
-41.066298332582264
-81.66568880049263
0.04786218167525136
10.55276544149114
16.90619545606033
0.20794519714178053
-10.9813011447353
-8.79587822014053
-79.27082771793934
-49.65350873183641
-235.18261042160972
-89.81522324617384
-44.90205429316202
-86.8131270222606
-125.92492280644743
-197.27608596735652
-118.54980837667678
-48.933508045209116
4.167806066579064
133.22488409113532
109.22036704882814
95.49278393292562
240.10224794543421
84.07631834862386
7.639865230499651
820.9953132052879
428.82750973703287
467.55640230154995
455.1640158566015
163.00426929197434
229.65574427480905
0.49745045342386873
104.37902294741652
139.64381248214215
347.98386353874764
79.77193896069205
161.72253084926209
123.64033937219737
8.815386908764845
193.75897607111096
30.212898811888948
130.19912667772834
82.83075633896034
47.47724928366755
6.326777158090437
-2.932173451152544
21.003124494651935
-41.85337555361528
-0.24242367579869586
95.57576193828189
14.36143975884567
10.352291625770466
-7.554350260525587
-20.90245654065233
132.47736140203256
152.97009617193083
109.82214157802096
-3.3868282198959077
-99.32982747950162
-60.42606269230314
-44.65663996019166
-36.08407764220775
41.94350779516206
19.328834806701913
1.0398094807360616
28.64890181857137
-100.83631604327717
-10.151111111111108
-48.645538852131814
-134.4205835436433
0.07624418665608268
-478.5590078009907
0.8224441584460364
-0.07297084463238213
7.132518201141478
-96.49409264430565
20.30889845842082
0.17616230838593455
-3.055902875346023
-1.107887970795464
-2.8347127647776316
6.353360894547003
-34.550197809786916
-34.903205733125404
-67.90103442680896
-52.37150270276852
-129.47827530404382
-151.01727784091733
-136.81988922759447
-126.61988861453042
-6.805027186458065
-160.71387585978874
-129.7443266951931
-95.1852870170259
-208.3893935224292
-240.00322455995394
-289.5786855230709
-59.37690914237189
-0.8257074829293084
-55.33983492848704
-2.8288922829731917
-28.185775265622127
-41.070138559200885
-131.69409634003978
-21.76446236326685
-57.656402965220046
-9.662340457330739
-411.9950380980354
-131.60372363313988
-384.91883030747886
-331.0052501730244
-135.14934101911183
-123.89201307280445
-160.848689664559
-4.160761683642914
42.93660650876742
10.77350258703849
-3.954478545777651
-23.021145198571112
-96.70723364625243
-155.65679585177924
-71.10942345421181
-197.82886402393433
-60.37223823794379
-77.5624061453614
-68.2382775702615
4.735681185077192
89.15387783017886
81.99856679945867
11.045244566251794
9.723591774287904
24.66865786684651
65.02314725770103
88.62378497345706
27.448522895751253
24.998441915433766
-20.203790722221225
41.41697431985768
26.32227977766782
111.12664721459984
-0.00014957122914313438
7.233828552500826
0.5000948161491705
-4.377225680333364
4.251804309998662
13.79853999722997
-36.70569556160869
15.27632918523068
4.832420438352435
-7.990906857409439
2.6129350807680543
1.0039055305499518
-0.003907681035535446
0.8111259819610106
-3.5499448589036726
0.0581020031254445
-1.1017008262689107
-0.3655124999999996
-0.13384004733494442
-0.05433275288903069
0.04669761665385259
-0.061692960425249695
-0.9707665033265642
-0.5584976733879905
-0.4549021815622792
0.30773071482067127
-3.855862608695646
7.326302794778114
-26.53989682944689
61.90195311514293
71.82470206371471
232.38235519565353
404.53471519662435
97.92116008770137
66.10823053301623
75.67048780487798
61.23746179351348
37.07421033148248
10.28428159276623
173.9204201447713
112.10410127874853
141.1855066231231
66.52229920489579
122.42778708356602
211.31673046337949
87.88189166751035
91.51304678459266
12.715470412552095
19.867119014136577
76.00136136741784
14.441773591231243
1.0447932651575702
-18.197448926044622
34.93033462214412
0.44011446916142244
3.582079922566362
2.197230449384292
73.8896198776679
0.2290509302263926
-0.0005367209604105784
83.96249354040302
24.08189785641563
-13.573414581643
-10.546665102546168
88.94435583410606
13.451626662275128
76.85005518053482
10.143911409438706
2.6703352068459183
-0.24882485120291545
-41.2732661114909
-37.95039187218016
0.9189908408037548
-1.4919638125716737
98.95162618897639
0.3693225136166819
-15.526903663500578
-21.757074171024364
-97.91208415028727
-301.6239234314111
-54.902240053753815
-122.77233632565992
-191.50845100602902
-303.34869097896916
-53.399508850174186
-88.75616948948135
-305.61069137255794
-378.20572887089963
-373.7579394041457
-79.57361977469509
4.406247720042431
55.509907048799306
0.8216139119207646
0.5493230521580382
-45.769369411071686
-80.43445688294634
-8.447601075578609
-2.673464214650289
-96.13227931371678
-138.8160242678543
-82.91696534041971
-185.75134280717083
-218.10230142091783
-10.789467653420566
-135.05636488780792
-76.58211082436571
40.34585816094236
78.95373454014776
228.6478499008034
202.7167352414121
137.69368906321623
96.30697945611601
9.296922326282834
58.472193208241606
36.827447369302796
3.210880346425598
13.67681896885371
152.34579870857567
6.940990133432445
-0.6208399648227194
4.9966965610954395
-34.85415111614931
357.25139349107957
207.8090356429757
86.45579783332727
228.87816602849563
103.7144618063955
91.27193335569723
52.170796033202485
6.9395265176723715
-3.8740627267596772
1.1350016342296825
10.235158850226929
-2.1922082850735727
-151.70929855242855
-77.41556437968615
-130.34455625498714
-83.52439009757941
-63.893826671280465
-143.2503655904601
-73.54660780344815
-77.77890722002596
-43.44509652044782
-141.3814820899463
-253.18401948043584
-313.26295052716955
-0.031062051172661708
5.460862883274613
363.333577308008
611.2542931170443
414.3787931858093
357.83120398365185
181.18296808806457
52.89956332034551
145.40041269247558
85.63548218783737
15.526020167322244
32.20308560811783
19.151902384914038
51.91157019381871
14.493259611294977
0.4973888741658003
-11.18509258835903
-23.25594067157975
-69.53563999316688
-53.86383624181553
94.45136737478565
292.3175853108033
207.00001736380108
13.77655830874767
8.249347160565197
161.20852988794672
17.23946072904921
52.553897519345355
136.05827549166932
187.06825602391876
250.44313443826803
143.28126694601917
230.43241655940398
15.259881635903152
34.336393277367875
2.106631259036335
2.40457772711544
-0.11030346154032866
-0.1793446110523026
-9.991262812315039
-46.25190142705512
-1.3391584225099127
-79.79836194544905
-24.331043384725714
3.0250643489797344
30.004144460986296
-49.843506148548926
-60.542249990240904
-1.8670280826991896
7.3835301793885435
-80.63547582491591
-0.3577741849434991
-8.492960903982144
-68.70577682861715
-1.072477641880033
-214.0103934143774
-54.32770511032031
3.1511443487274446
-11.948528576132773
-22.365531766150568
-15.010545585808565
-14.586645260043813
-134.48911914132378
-12.220695816764197
-5.441748496382651
-468.4620027446249
-506.6667820502921
-46.25178222760634
-393.82796626398545
-285.93153011724075
-341.5158493122135
-139.35195177875136
-205.99482938370824
-176.73516158248555
30.531238043150747
103.26930228968357
16.94666729302117
6.409789229257819
-1.558420268872788
-6.997634353424186
-12.144019730313444
-32.80278743391771
-198.53545878057824
-281.22584245631845
-202.4086170791545
-56.327522142467345
65.05224201806598
72.12481480011512
140.19617352317874
240.21388797752485
176.16508228552044
69.30187672908635
40.41803146927488
73.60362517040186
128.02824101015642
68.28143603133165
70.95756049088841
127.20008934302885
9.793465201880085
1.9650806161117023
0.2137936782382724
0.013391395227312513
-1.2284301075268784
8.953706703025805
63.54480163434424
72.10562982005146
48.05345790998243
19.917910972757205
1.5115699459676015
1.3448108666162308
-11.229614006937933
-1.9411586219773984
-0.11612389380530805
-37.83579334549312
-11.781940984510754
-71.37912910019915
-11.943682633966187
-69.145281566008
-129.85115296346214
-3.7904585576676455
24.55431105069311
60.9841039128099
1.291720154043653
-1.9409057069490685
33.157419452512556
72.21010689292768
7.859157273077441
-1.7639048229450502
-7.449545489027348
-3.2399877280343583
-22.607976844560394
-8.666794413332422
18.798710634469014
19.889175984839945
-10.821291386328793
-24.49778202496406
-0.955769701205666
-14.482339263811824
-2.513893708459017
-6.930564864338626
-45.62755657017826
-16.873404691314967
-2.749328070324393
69.7253262010586
-6.047515266110803
5.0762892261210375
-14.550694117541756
-51.10873773119376
-41.16660887463876
-51.64854348059768
-84.17431768681945
-72.4090034899329
-47.80238196859891
-111.29036598434587
-29.36677084165928
-135.15367681141313
-412.37071278417613
-76.90214671324226
-501.60345549738236
-146.69800470723868
1.6985262782508128
54.46512222325494
143.0497330035895
172.32120258336624
104.71822777768938
86.75458711591064
98.26663792590831
39.617940840582634
5.095376753383168
-1.2515239411404397
10.553758383151786
-8.069599293520268
47.809120755668665
59.07480959274885
90.59522926793868
117.92006360317625
146.78607576811345
30.67579119679884
17.3659643938389
-3.4557551865392075
-12.837120287253136
-1.7307404670006297
-9.343885133113949
-26.21658467777484
-45.091125281134936
78.0145731564802
6.085472311516413
51.15488369239007
78.8521787635541
118.2533111497901
112.30885590049553
35.71485442716744
4.368265834292984
60.0729757066648
37.96217193348005
19.16260903217893
-0.4425613686649579
11.242160684744281
-1.9678864257515998
0.9351066850719753
-1.3795939813469809
-14.626233583791976
-0.7800914397100278
-9.191388497004663
-51.37996231836012
-38.83176903992184
-35.43793568175488
-55.29907190410391
-5.33016125970589
-117.06100526220288
-26.557587952361608
-142.50247813803307
-390.0372942174512
-315.21595074826433
-68.05752619710836
-143.31329445518625
-290.98116348171254
-377.29489817646396
-150.20565829250498
-91.17341555977235
-264.16394081418775
-270.19993448844514
-133.54438107895135
-289.5962006560344
-7.2754273218190875
12.821847503547959
118.16525604048284
724.0054202553745
912.2273462617786
-9.609513358467572
707.3112498950444
655.8514440924928
115.46921164974867
1058.3576960313126
-5.660416026046829
-772.7714935191141
240.18267003124222
69.93871312130403
59.62048967445211
264.22976193328753
7.4275064726773
-25.813737135042043
45.196286087926495
0.1075525100551176
6.962770964259034
0.16394536256323916
-0.01063941953404031
0.20402653502005758
-0.10604806294364226
-0.4107426058237836
63.965296605574295
-0.08938794692086069
-27.44982859215814
-0.8259999999999944
-36.30682398424396
-135.50608621216355
-417.0984289334702
-31.507162644438335
-455.15257625801473
-553.9103232224256
-946.7246288875092
-717.8920721281777
0.08450563905195847
-1.4035779530365873
-188.86724238059298
-3.3836402235914935
-85.61361225301681
-4.023753187925842
-0.05216832748158265
-2.17862920300694
13.715280751097703
41.100420411483455
91.77250060155104
48.1213971306242
0.8391052267850012
56.22271211396177
78.13185133372113
0.33388328709461007
-8.391357743459189
-120.44084561017752
-37.486185398637126
12.324267710428744
73.24121437587186
51.07659581051395
20.998949171459145
14.577086049642286
-0.3957694317336164
-1.758837547994171
11.700578583468067
1.2633805625960772
-2.0695515389734047
-23.37957078215901
-25.212197683397655
-63.30319567152931
-54.37322265162868
-92.90887178057082
-106.64155771905425
-137.56065900520738
5.938825192398299
43.59194303698959
56.917168578202094
178.67749178690474
219.16427814245543
168.76068063179116
163.28589727207373
10.847780204297312
-1.3666665622029415
229.44139774877203
752.2638552003962
428.83841053998594
376.64715742261217
457.694577991453
444.32778222249993
236.73430848721497
261.01545713124744
167.43494455048602
213.1258739837398
129.82219155915152
431.5366651585137
175.51459804993766
189.6550361613006
153.2921146145766
161.01725448975904
41.06986900598661
-0.2326337884739249
588.7816565568282
-42.82231698005151
17.67013971700632
19.715279475058182
22.240825756650075
29.924117484386954
-3.458414484164654
-8.013455280822784
-0.4834992345424436
22.045732396969107
-34.34612191714169
-44.16650667776226
-69.82435126500181
-2.6561818106961956
-42.78313617533085
-115.75688924738714
20.54827282400023
-26.293145156045817
-286.38809227262544
-37.30071707516855
6.879253074668338
-17.046437428560658
23.827010348265564
-25.207538568583647
-15.271264938626057
-120.61140770273505
-15.302512484989931
-101.37120707218178
-47.809227503005445
-9.810320907807334
-197.77792954429987
-128.12094135425085
-2.01583403614457
-39.37495664316136
-148.94721535908212
-1.7650889910879008
-181.5892709360835
-88.74834188373339
-23.224983870665866
-135.8216418564472
0.15147994414730287
6.855408709039492
129.66881171502445
142.7843051274656
290.8968835609667
32.977138220284246
41.00834902843489
2.2609074453147704
44.28177363245767
100.7004609658247
24.68053414249976
6.753208937439831
-6.755673020424492
-12.109417415190661
3.387963175369728
197.65260115115984
135.73104128323288
-1.5645620009294758
9.177957699933923
-42.48232083476667
5.657552654998511
-32.89280701754383
28.371110154058208
-117.39576449687968
36.595343145788306
12.574692992770267
-145.76467962948794
-101.81926354780158
-25.16387999037842
-189.60193496379298
-77.26894396617925
170.81894432998112
235.89684428194306
5.956843040396737
3.0851231036569713
-5.394192033397163
5.945159093461203
5.273417573645399
11.314130073550347
0.6484735089359543
-203.12976918451378
2.754321916616904
-7.171042418211233
-11.55152543710781
-125.06718374957329
-23.47761330734439
-56.554558474139895
-23.351526821776044
-100.61296591283445
-315.18675970250155
-144.38208001185365
-188.7849929755126
-84.26007010362221
5.570532360058271
-2.511083163091594
0.10758669601369779
-33.34644897810354
-17.475675038943297
-17.846120273092943
-129.10006476136851
-208.99276935553738
-147.75023939707404
-33.30025679714484
-163.40482568943736
-148.03230707236185
0.42323319379462826
60.596749071448556
0.023468269113646596
8.886583077352704
0.09981991677429014
26.428629337757513
-13.69414026008937
-52.82588508475451
-333.92901172571385
203.90380070250805
8.761978435403144
201.5241316181141
118.61615952268801
263.9333141190498
3.3874522361359656
621.2966734060818
357.3774225886063
266.35436835070414
138.47757298394225
87.31928511570925
49.82062069751167
-33.20745706640719
79.25436105000476
26.211313083406985
1.883609506471895
-2.6079101880830606
43.34372161844543
89.91459006560454
104.71117606867756
157.7752382083391
41.86048752632142
56.37588778258902
50.89267587041405
87.17216652231218
-2.903635366560666
36.02614169603568
18.913736810311654
2.978109088011476
-1.354491556502472
-63.916328352049014
0.02717183162426911
25.025688356915403
-0.020170526567545637
0.005828257468252802
-11.938385339915914
-40.40362038664311
0.26361311120695663
-4.174669759556762
5.5252780097180185
-26.463365314656198
-78.315497170574
68.07811685617064
-5.582222788033115
-64.15136939956362
-73.45125866742768
-265.68441367660614
79.56133178310951
-0.5726122065244095
-0.5782840260390654
-44.49318062729246
-50.992899410102034
-55.28233227717305
-12.312248015932017
-57.983772304247466
-19.739265076922003
109.88126741201658
36.00312167503036
-44.49938323566552
-0.49511231281197476
-6.709574324552202
1.301578660539369
-1.72128436046179
-69.80704052700383
-100.95752727272713
-137.88823436143738
9.137471715425663
-0.19904912069119382
-17.33916485652704
-0.5297331713077758
-24.850069909978878
-4.743523755441978
19.619508810721804
-16.13176433691759
0.4555728804433159
1.644878048780474
15.722681589222374
-18.525206927636702
72.89679198735911
-71.62346473633295
0.06721509302151696
-14.883740811683627
56.21988340753316
6.283340834439899
-3.4260156569026803
-86.55349567367136
0.23772186177715426
50.79237781881952
-0.4884029561240999
-3.94533111005242
-42.63389594428507
25.199094870935276
0.5508561592124018
-0.060174798872925456
0.9221451042783946
6.541733428942778
6.53822300973295
-24.303954881116624
-13.058913791500025
-2.136099844666891
-1.9669939674674282
-0.2622690808675767
4.572644109316368
7.1903711798915
2.0916648411829115
0.01761993254869621
-1.5855658250172957
-5.893064084906424
1.1498998497746729
185.89988155409227
13.54520016423735
28.62076344684607
146.7829914134438
6.499502910726149
-1.2935645915587408
-0.0181817292538467
49.87619538072035
5.6089108129439245
73.77235050412477
-8.059217529925423
-104.89921795245164
8.288962753498547
26.076389611064936
67.99028157394699
84.53057359665576
3.0856166667727076
-0.5280800624600671
444.7427575731478
232.47896370150443
233.13605121535022
-13.777899352393375
12.720003498526625
-3.3789436689219623
4.09281605837336
110.82424964734454
166.89653789241754
81.8908513573677
117.26176968735885
12.3622877864216
15.670170214408401
44.45296158919924
65.8782526106795
0.17464220005809317
1.39969547595575
-6.715706059986768
11.614811578337719
7.0059747543722395
50.215646264234515
4.452270337546386
-10.02992080531187
-29.084811801692872
-11.42560901929033
0.018466393349475946
-108.57096382730455
-0.007179041338438606
-111.65051308740908
-121.21861923700624
-132.96153856845038
-25.95270673665884
-9.547052386239667
-331.244590055568
131.20907376000653
29.37940169184879
-16.72280834914607
97.4428009295118
153.1972170075287
150.44769580689217
118.5769003520368
183.7610236362111
-65.94227596932483
82.32656456320001
46.79761861533119
0.23443722995392116
-13.089519365939681
-55.12833073677214
-110.75112742420492
-20.421186861581734
-434.8271511855557
-205.4443328876883
-1.8373940466278
-1.414558757748103
-23.41544183655202
2.460433922220942
-193.7108139771474
-249.46675866595817
-21.288482307970227
-131.5879497029419
-376.25691302237226
-317.37196371561726
-22.970251302698532
-83.98035830995693
-245.63654866790245
-347.5572881171166
-43.967999268759506
-21.722673817081386
-409.67053612042923
-129.2376830450341
-9.909663817723896
-272.2455942229392
-146.62070513111644
-262.25570603105825
-58.955042112451636
-269.73827333942967
-27.021600283614468
77.75821786534976
38.675764345473766
19.370582959641215
65.99304572345335
13.516944073647888
37.52382371631264
-0.020554984583762145
-3.1655964084264046
-5.551457812685929
-7.466929317790755
-7.371673925193189
-5.572067042749531
24.07987965917374
17.77933447739586
-14.271206110028418
-0.6419654953286269
-2.453172115224491
-8.246069566313235
-34.57764641259711
-115.48078179980766
-164.8208984720213
-131.7079539113132
-37.935934036407616
-15.643785747554748
-48.99052779833067
-260.73520804572803
-38.31954172909141
14.235778340156296
128.89930612610738
102.34017203604564
89.92354437373385
47.22317508201665
11.450824035560679
33.148839976311365
55.83675705364524
-0.028359628315886842
4.043159109011498
7.8314925884182625
-0.2622277990179215
30.73787358407907
32.11293760760841
1.3430834351177148
0.9949766086356338
0.43779999206107667
0.11083969465649014
-16.42437306146664
7.797089810983126
16.04479821295607
79.23183678515045
8.719008539278002
16.395363478650157
0.13285939119419576
-9.677161027685342
-77.93530496880905
19.336519029569978
-6.313771331312783
-0.01649232648698092
6.839415927475914
34.073816468407266
-0.851994756860134
-0.34097937219730706
-11.330766281027644
-29.54910442758665
11.10939704632385
9.491067078460592
49.63730843290866
9.177029848157531
2.27299590548948
0.23021275341819894
8.807096340590135
-3.246336093474634
-9.46267566773538
-15.298937361717035
-1.0446359583952471
-25.983532380628354
2.2689554455445426
-45.05830494820011
-4.568222622780159
0.6934431573502695
34.674560596859536
103.87500200320508
76.23287916769297
67.30212003200846
36.319944075498086
17.491850076235075
7.113377839746577
-16.503996886320788
-4.640580407854201
0.5000603864734262
-50.323199027248094
-61.01386722173529
14.491700545573218
24.769381781823967
0.023494403979393248
75.9277876204734
3.65107586472776
-9.784851595744687
-10.83035199076745
3.6926460242324146
-5.847054378350779
0.9004888552460619
2.172490819357697
-2.2092678345379433
80.25841544481642
159.76475387178738
32.392808574793804
87.89803523130598
36.022577477128635
16.23784815517048
4.602384766250057
-10.516045797945633
-19.774171977151795
49.127909539241884
-0.3690798815177124
-1.3010405743324887
7.48983190006015
2.3312422900521907
-14.960051161117516
9.582104032258103
-9.632107023411386
-26.26501563271351
-11.287245742092484
79.16388965610493
0.366955730533688
0.16516080225843308
-5.237421887900192
5.93374210853421
9.25824311345033
-6.729161159537782
-13.845515120101464
-1.1121094619665899
10.261668722781259
10.349117681817106
83.93376315844326
25.39604086363272
-0.3424587343224117
33.07054664685695
11.58759096349488
-36.426848638896075
0.054736269155258935
-32.11571454121097
-32.402678702122564
-37.78346667001267
-114.67646607163738
-24.115238047484123
-55.1786400120506
-182.05153317105857
-248.72971213344098
21.606768359400117
-258.9681568237154
5.49651771708964
-43.67298338935478
37.41069272815037
-2.7524253154680682
55.14891209491596
81.86344878131925
24.43330674179238
4.956858539055005
0.0655018925056774
-18.629475040437335
-11.854404507233154
-1.6005284320001796
-4.644132340853043
16.28225751874956
-18.398014841074996
-126.87042704467204
-62.10578106227189
-6.32239842451685
-16.080822402334803
0.2006361638878132
-46.623380729126524
-72.35665270580446
-106.46236527912237
-38.402012885340966
3.624534987277321
83.38061337040384
-5.992361588647649
59.55743676649748
27.983328438791833
400.77553468645874
197.54241590926756
117.07272743265274
47.79097095183485
48.535646163929215
0.10083910997977504
485.66939830363765
92.46540019120927
24.718408553542993
-1.3885177935725381
43.157647058823585
170.33777051984663
338.1171960496664
4.4974575034540445
221.20990656416325
257.37624391938846
75.88037153026974
39.66097037568268
-37.25297803774788
3.9700973933400254
170.56215547270597
107.51982112368682
-19.995324719483193
7.538942414080721
302.40931113766203
-4.527726144526955
-14.268120426848244
3.3449486849365266
-6.338957413600916
-6.320565888579029
-0.47010171646535254
-6.745911418816381
-3.219134124629094
3.7873203196056644
-18.26053697574467
-4.184850087526554
74.44881870640576
136.58257913017954
4.220149511972851
59.96184967548321
21.09596359695351
3.8887507405263855
-0.2500208687680165
397.7216872781934
180.27626317770185
21.747756939234698
-21.26658359240371
82.63359008807276
26.42667861008477
24.502347243228996
4.411159829142944
2.982746458252348
15.35062537303533
33.512580041206796
-23.974659006849137
2.5626978610934654
39.35532819005637
-13.369915635969202
-64.97057083621297
-54.760349200147964
0.13843124349094152
-122.19332931554023
-48.626990559135436
-133.6056372769332
-88.32131606067969
-62.11534361208225
-254.37732238956002
-218.28588368457937
-90.84693989696626
-291.86047313204307
-12.611520385949161
-7.609809392010324
-20.285564330408736
-333.13667513872446
-69.74742906728008
-952.0451228288312
-337.8294781294388
-227.96387270734576
-496.4189915836812
-198.56563821649755
-57.274902018430524
-213.0456810410417
-462.33298827479723
-767.6001437425007
-24.75737389536248
8.50478085607102
63.79072631778189
-0.2769138866316676
-9.648666435265518
-0.16667313273923062
-48.37404823630149
0.32323898438181453
10.756229341924724
59.54144594219013
71.30029998243847
56.885139141083556
16.16095537290491
53.38238042486641
20.484412982652447
1.1678280278836466
17.206250696052255
0.1695955008871915
1.5498434226127622
0.2629085673146086
16.737639498682814
0.12742662841782268
-36.18439611113885
-36.08290705957336
55.843621553884745
97.73313410925859
18.908353378018628
39.605656105536205
27.921260956932635
9.720640694074621
34.48765030054298
2.3740661529787728
-0.4758166202745434
-22.000871904068138
-32.586645507695934
-21.115039078758723
-0.7808143482854462
123.74001758636152
36.47285518200788
0.045653459048900766
9.588739515764958
160.19766923025932
197.8786278750863
150.36160206058275
252.62917677224735
325.3328249257369
134.31970236768552
30.847664779230733
199.56128587798733
68.92922267142302
29.162487376764627
2.668718633208739
84.53788675579865
16.35125452938575
15.671505023096303
-1.3391406718314949
-9.600744690278571
-12.549956189630919
-33.29453609457049
-64.04563562435712
-46.45972711835168
-155.27514942000687
-43.65412678414806
-55.392872758208796
-107.00364701458574
-139.49406138981914
-294.8976448005596
-390.499757181287
-715.6568416401327
-160.3318253050115
-188.50088802777114
-28.04400873943192
26.325191239925076
-0.4713626199962903
-32.66192219400716
9.482955181342662
3.356111810130035
-80.6132979454139
-75.85077951099825
-37.70251121680297
-59.38738410477003
-19.144652879682404
-37.229082749064084
-226.73417132216014
-81.79681247372567
-302.85306501424606
-0.15098456811675015
197.1221333024228
-4.492596411726597
23.383207920029754
9.471123497093735
14.890006487538471
-84.28738061559042
3.9705122557726416
203.2047783809299
229.96254606799883
38.3822631535062
104.04984507471784
148.72297439585319
217.7725869262864
147.14515714768504
43.14921577263365
79.26086768271564
32.48744806315298
11.14803230183753
12.595817361893996
113.33738461183948
47.251756740510814
74.56596084158147
15.659781887370334
68.37538660126486
26.78494883274708
-0.022101133391457646
22.753000408663652
-0.01695285659403794
-3.594835052271105
-2.4094473648739667
-0.4135237151975382
37.698730685391325
2.293666526969979
103.69945733263006
43.21685982958559
73.33081261950296
34.44667122742668
8.791985524728606
14.325474119267895
0.2067554149641888
3.823286580001947
-1.8398419518183173
-1.2465894926875194
-3.3584760207462203
-25.90901092526347
-61.304916138583515
-54.114150787159076
-0.028478787736180892
-35.92191829464351
-40.1512865937932
-88.04332426970424
-191.34402446526352
0.019512378094522935
-5.038019045392238
-34.088203945778034
-44.71248384512131
-11.099407795461666
-106.21209538413225
-8.962147392943459
-4.89797238999138
0.125989646577617
-14.01894824146979
-17.139067042346905
-106.64966763606151
-22.297267994067713
-55.828991191209866
-10.525407737750545
-0.5956336688151118
15.605962732919298
-0.12650652080925542
1.707410696427852
-2.9674788857835956
-5.3202637018130075
93.71860366311499
153.13632141505045
229.59517515938262
131.2908415672913
175.52444228945416
31.223823780552966
68.40531232101637
0.11309215695555819
15.067562542540848
29.650210618466424
25.405529333145786
26.788210234051405
9.43232462060786
2.076212056978134
-0.06894576012223363
0.5185011206316136
11.648728762293265
0.31183241497244907
7.715945756644226
171.8171510850235
22.174481622072037
1.8620897940291767
-2.2322740923306355
-0.251231890958061
0.3162446480135439
8.027642182569807
50.549392161095994
42.1787034797797
4.724484596692009
16.585528037311292
0.40604969809568003
-0.0035969308186563505
4.069184106609
-7.99986054405733
-39.90459413628448
-32.14714949914949
-21.008027480915977
-3.9316409216250103
-58.1501527694731
-158.2382074548529
-239.1348396482179
-48.42379418970954
-198.96512505659695
-371.1598222797835
-26.46542202077096
-81.37731543280916
-125.43230875250964
6.9420445045805765
-34.4501168625165
-15.595291686172173
-56.306790540540575
-60.850276550482825
-174.95659930721678
-63.65668813866254
-234.32581174215915
-92.72537969818343
-13.361782653411026
-59.90930190968096
0.1052738743001374
-6.911117504953723
6.781239984548456
201.31864784400324
48.82903239032389
118.33768582486343
95.81176893084344
53.14680056007706
40.09356999364708
110.20250904362221
106.47637706359474
9.57207792502755
17.100999413476707
10.957536853156059
1.4874421191240264
-0.1167063154913617
-35.646808726301025
-29.019396477925948
-93.44878951516387
-67.87311284916203
-46.011586272427465
-21.965934625725225
-147.56344371297538
-136.50976473210423
-238.60540745606824
-171.5992899387739
-190.03945256033876
4.292750725765403
61.74955071366777
77.39510886777506
56.45975825318427
104.26049025731466
0.7404386624431518
400.6810547988598
321.2393395394327
387.9211395837447
182.57739730489834
9.897495540127487
198.11785031147548
73.40664404506876
202.21038182797014
264.3462404473294
55.85866501938975
71.13191392395917
91.15637355326918
-0.2408371890694773
65.18505074373417
368.0395831855687
254.43772649503578
125.1617355595667
117.31596129367807
116.27259693506838
83.66639392803924
57.539556871061315
11.63575925925924
-7.399935374084628
69.52958213184425
38.04931854276613
15.741701783231656
-0.07157394843962564
-3.2948009605452424
-32.71626492010305
-136.65021353061843
-26.12439972558879
-7.697666929121686
-0.1752702266417045
-155.18425287681296
-156.404728842302
-125.47491345743924
-86.4858638254332
-220.29271149526977
-200.22735583864483
-348.161348979734
-263.5480277346493
-167.37816549862413
-104.89840123266563
-67.62957330346582
-84.29505306446276
-519.9006292186333
-194.0137367572238
0.15722603219034847
-56.547835976720364
-346.28580248674155
-465.5688225887368
-209.33638794958495
-100.7630294711906
-173.48580151246378
-0.5209620838147263
7.810033862433857
1.5689382692399825
-122.81589515958572
0.038313445261552004
63.282295090089335
40.711999518912755
42.36512280656516
-0.731534467228312
-3.3223012435731794
-1.1096778406617311
-28.471375248565565
-27.315326824106638
-69.81197299896345
-99.65874838524476
63.614137531607156
163.44478970806523
49.31698939068933
114.63012475665603
25.517106676626476
24.35953478970456
43.11960577662577
54.697684848484805
218.8507511701163
174.19920291263583
185.1147146555076
99.20422607098345
15.591437172206238
13.413121597554676
-2.81851239770818
132.7802748822198
28.497055038317875
0.2572423636882666
-6.908017178510697
-2.951753418211286
-30.257794250393992
-76.60424892291812
-75.33852498604318
0.551522912692292
-20.403253711148455
-130.71305145508222
-49.85136758032311
-45.549693376612915
-17.528029501446426
-18.93309613462403
-100.50941406994158
-28.746246425555178
-130.78026668075282
-81.10700550899077
-36.64921883495853
-13.683287218666099
-35.70173560343282
-116.48419626781292
-113.93111080591108
-0.7374681700132932
38.62812994740476
448.4357334677379
120.86294753179729
79.08532682098112
44.243291654879755
324.6244090649144
41.26204252810163
12.212738400049943
7.233792699742433
11.184544399802316
42.30214509046804
1.0341777615215877
347.2684086375937
0.144320314419061
5.030222711381595
162.87258069301873
324.41734767385526
279.35350344654137
298.42594591107763
161.75547599409478
8.700098719499944e-05
-0.04222828544255199
-29.178379240558385
-5.532696355835552
-4.323886229785899
-26.20325578956568
-144.71356467898465
-13.411678520625916
154.76331419520895
-71.62523358739894
-214.57606709229825
-3.3299759119605508
-319.1737937241253
-44.18764914489551
252.48567883346274
-0.029378954813959156
-214.33594938726708
-571.5939659200951
0.9288316879893992
-0.483669764498181
-3.882785973965047
-100.14174522377196
-163.80803167465052
-67.17136927022119
-472.5382741593621
-701.9869109826933
58.527404683465406
74.86426393439834
212.26419297098215
0.7893876888847633
11.506012159076608
43.7718405145584
4.458953910715584
98.265987531559
0.20999829295702827
2.4923323848606604
15.916845396894837
-2.240010140380908
0.3709931425116565
16.210593316621882
-0.11644887099839435
-17.521774093299072
-13.218291139240517
10.369662473586416
11.462285479184345
-0.6468082023541772
-61.90984414697954
-67.99141549583166
-162.7789896549121
-60.57151260504199
-62.23255700686296
-155.41389403734
-205.66903955508332
-267.04244333318456
-59.26863880544651
22.853838395415494
19.184775807113947
48.38632864441176
6.796462625073562
59.73270229007635
0.00803518165548765
114.02569179482866
185.65955121855944
37.61825094184209
73.40085527575333
0.1558613183653933
0.006707303178763996
-12.99141694116388
-0.1061992829909517
-2.9951544960919527
-5.4133203785716955
183.8805787232935
190.019555984053
291.54171657897604
314.02553620378103
165.72926010514504
117.88111907933907
117.66855960145114
7.080417492655685
46.79427442150143
159.2589870891227
69.14900578172501
72.20024623683972
55.428750837202394
130.1864650399054
82.40790923560391
22.04161856078217
78.09806034548947
7.855088320098537
0.13373217841648105
2.4785128604832614
13.743258548997643
4.38495905338917
0.9845853835240144
34.85233935637865
1.4025614754098243
27.817278396565698
115.97464614723494
151.16220689336427
18.883526081682156
2.430857140705178
1.887779854098537
-0.07529253203458879
-4.453290575671761
-35.43949987084822
-87.52537808915687
5.187271756244597
-0.8422571584614287
-10.295398118930212
-16.30519543930252
-42.45447660704873
8.328485089042324
27.576377550389118
62.96723933144567
39.13129714078907
146.28843164868928
48.58548389284506
103.41388774811759
53.162085009196176
-0.8058667934151054
-84.92570449618925
-33.12064405272096
-191.64051792429802
-72.5472197855033
-177.06560668057708
-203.06398317813154
-635.9900403623924
-237.04470785689358
-101.79083893292946
-277.0967351228113
-142.87837085887497
-14.550434647785437
-21.05229428434629
55.92898345578322
41.35249756754736
252.72910005506532
232.07545031782087
164.38018411572995
62.04321297540764
12.15882206722955
25.233141430073683
-2.2150486988847735
2.258414353207624
-7.357427363585252
-56.07524859813073
-20.74509000627816
-0.5537304353336265
-22.77710265704996
-4.26396512754277
-44.925634570955
-54.20955301272311
-311.03959557092287
-203.70674186240814
-326.17027062207234
-289.48133589675274
-194.97010038412304
-205.06507743768333
-217.3248186733049
-93.54088020234533
-75.89807784911713
-266.89459078172735
-51.111452297000405
-4.443430997808953
-0.7295389336032221
7.22970248140512
155.9006031957777
91.0965678348283
47.29945135746611
17.19492420218194
7.633453030738313
21.917168993131398
-4.334462549370367
-16.797944242274724
-7.447292378813046
7.599217019181616
157.77314280108564
0.36328926187461363
10.148556178061723
90.86414846853214
2.2203641053623757
-20.207243283608
32.57250824293975
-2.0567963672544884
11.320468371819208
-0.5510237838066775
-9.967652947476534
-14.19606637718697
-46.435853997601974
-107.4697976773063
-205.94392446090762
-127.28132231598137
-74.54050446505913
-158.47540503836487
-147.3071838549683
-45.708021270408345
-74.1233687134437
-78.54786684037299
-15.67274841437634
10.514461186202807
38.70817940999409
96.30758698505889
21.725115606936434
82.54547460449625
50.3749255089966
36.703729871445375
128.27047616858943
193.94802192096915
87.41574142447871
90.32623336338492
38.65338608621422
13.15472772380725
139.1551450751001
100.70669085667421
34.8483794410232
-0.05391991441978111
64.52263091082202
4.629586101175283
2.8560718969025514
76.31919104273587
30.52968657467551
2.8507442263487848
-9.534218014695766
-15.408564703995989
43.11144824910272
7.204205105742572
-0.16630555097266034
-6.930596485979558
-28.522008238928926
0.0373788969176419
-7.538742608957429
-77.77597762833149
-20.78956569397808
-52.99577506374985
72.50095926202943
322.85548793816224
199.96909453034627
456.0065877553093
96.12404147229853
-3.2522833791496537
97.32255902879004
157.63313640145935
25.040770194995922
79.00535390534603
76.87295451537486
103.68933381346795
29.139104906187058
-0.49983325343393087
2.0675130121102927
6.221954257739463
8.134402629480519
12.944844360013752
-3.1205006457604565
-71.80512334707554
-88.09952182382682
-57.29884761587713
-0.9874568862115781
-1.2037564804971785
-29.79204499093383
-0.05052425798799961
-8.558818178549624
-3.460999642868745
24.683297769680394
22.024110817080683
-0.016997065203523693
15.01197677381182
4.818824796392252
0.6596217271319861
-2.718471154504198
-5.671600381450748
-0.08863766612531233
-2.9684754578434216
-9.825504305732473
-38.65557668373695
-378.21008285437057
-76.48995609778231
-17.960044990167418
-102.09876115173364
-39.37910976749981
8.720901777471667
-83.97388326147541
-46.54346818902826
-231.61692135810168
-134.93411051388392
-470.1436456049431
-145.0788496849683
-22.963560288380126
-140.9061166417611
-18.320262616283824
-31.952765348065192
4.458353491469975
56.16233672933889
193.16459372462992
55.14389489139029
48.07217661565483
50.534784296991674
-4.0990106878596695
-7.247313547256608
53.24644632858747
120.8619757754206
46.929827620238214
8.388574189997032
40.69978568296425
-29.169601198447484
-31.09524168643726
0.08523469617057458
-22.666587537484006
-73.72000334457482
-11.456533022480112
-129.44501036042607
-146.96539774508864
-154.880101487037
-3.2535549447037186
-1.1462826381092275
1.7289506368966778
16.105929012449785
0.9891105001114734
-0.05836862174229478
-0.46328487878272945
0.9620483247039149
144.48694125455017
69.78717550328292
64.78677767223562
-1.674702666598166
80.77568662557927
10.288737914815805
80.3591159928148
103.43010747206986
5.507512554268425
141.50414371155006
50.17791891092805
29.885596248028587
10.616000376931806
13.355964032370892
0.9824685128762476
0.4316392616148216
10.345099957581262
0.18594091355064107
-0.24946389496717797
-1.5831358370840503
-9.199185553047398
-36.55619313237688
10.46123571091163
-0.38918077446974786
-14.093949180948277
0.10590316393857636
-4.3878844346143255
-38.565609829316394
-110.98541789499629
-0.00896107532903958
13.32437046617554
-12.818904411090386
-35.23106477197629
-1.5093683442258583
-44.76728832017419
-93.65160638209016
-81.97225773449
0.37809027742350854
-22.250774369694124
54.280894218519286
2.4645295199182837
35.26652944756388
0.492263653483989
0.04026768050602371
20.603356409752575
95.57580836247008
30.619693610031874
11.048411410121595
12.001935055840182
52.06349999411772
4.4032004279825
-3.9829590529077827
-13.394629529014457
-182.70555809757423
-29.718928908410597
-45.834946923138325
-26.90164538378012
-14.462012128645402
-0.07256496351906541
18.09879187569287
-9.195631076919533
-19.241428189891185
-4.864158522189467
-10.9847656529517
-45.02662234622262
-3.7866191543015217
0.49051143799403596
46.3665632683942
37.53964245147412
107.41686726193456
0.14534055375826155
19.952660213302053
84.16090563208698
-0.830963578568428
0.06307510068704174
0.09899277452465462
1.6360777187587319
5.330452818200713
-4.179653813841662
3.7434855528210806
-8.32352965879266
288.1206598282246
160.63495137262248
132.14169393092038
186.69577703923136
158.12666858442708
72.80287690111726
170.24738287337502
99.63556586722001
38.04824511610153
63.05503431035108
62.063975749840395
38.872424422270875
14.808492970648002
40.180514910572896
81.6616045055633
83.96653200819331
19.60312878494078
-4.538997903093468
74.63108795735397
-5.4260117710834
103.99617706573063
0.30162786996716784
1.9902617491189991
-0.361022573702381
-51.56198456040022
2.4169848244620553
-25.86188616509033
-274.25436198474597
16.05541792936242
-81.22295846760008
-0.02616070948670006
22.25305961096723
0.0018699078402566874
0.3744376787346979
-3.3413158752176155
-7.7209689305633
34.836804872684525
0.005655851958663352
5.26292663934951
31.86410444232569
13.343095539525983
-0.10940380015344942
0.1400307337687237
-22.3469964696572
-1.4055087070230194
-78.63413812134101
-37.8384202963629
-6.197698452239934
-1.1888752630691044
-13.507868173793032
-17.938705315145743
-30.049572593450378
-83.31235129516486
-21.74920762465964
-87.19213637369934
0.4131861918460545
0.3248064103656896
-37.996373041583965
-144.08481943086588
-20.380701619269544
-111.23998069750462
-4.628428165619335
-100.4533264424674
-11.514638867961619
-47.93641000007747
-0.014520411087273477
-52.83560581368276
-2.089518686002405
92.74935609162966
3.8001974204474736
7.076027989614318e-05
-66.27155365222089
166.43785465748448
73.41258984887601
7.2354145694742495
1.7528836638133285
275.3901244516718
24.23778727129669
95.80751721432938
135.5552051799528
158.91844059887222
26.571817279187492
16.034645653988136
54.993552348787254
9.413647959805884
17.463112726924784
114.95547911241528
104.26167570266338
37.4960317287447
-0.6062557757139758
1.9623382947604
3.409100073922488
0.028542765570527425
12.364743452318834
-0.13132229848695193
-55.224979336088566
-0.05721662871617561
8.920896820970443
0.28443911622356877
-0.10255262079499043
-3.0067358145210585
1.0802675810367668
50.155192660902784
17.861676159479245
3.16670539343565
30.985020071835912
15.304478551411979
32.74190391071698
-3.029629084446357
4.719596183047228
1.2033938346297681
24.12143922399212
-0.46162834978178685
-2.4616772759331944
2.7905378238155345
-66.28335471456046
-40.53368718314931
-23.27327756794955
-3.233262358268157
-67.82098420314317
-41.950587831893664
-10.334168477390739
-157.0896892671574
-88.34597582881497
21.944568997322254
-158.30433648651305
-299.0109137392521
-54.76806548962753
0.0028834355828217225
11.367226561952187
13.93962039824983
-542.4368885997776
-10.545272185916179
9.951761083743833
0.8977895412255251
-290.65662882602084
6.510643250024088
-0.19326059513074956
-7.259289785704347
24.377102092012656
-7.66866501584067
-40.06652682975431
-43.31420710230807
-69.27176274220255
-134.45844183313756
-20.144002607961927
-67.49094285525537
-79.03333849656173
-29.76439715911023
-19.120020876826697
-117.33269893102161
-9.657996697514552
31.082350954986495
4.539766591311625
-88.37061936723424
-6.359236039739628
38.501261113629226
3.8406446170972175
6.455149538657359
-28.466942851248128
-1.3956718147193932
-4.526475964326135
0.11743768498127335
2.0020120540141964
-1.8262305584871106
-48.715342266444495
-35.6325066174701
-13.679326392331854
-81.68483319315956
-41.222298837409056
-173.83494110547142
-105.32533756323629
-21.077784932124846
-14.394843110504798
1.3652011166910023
-0.009722481888291539
-1.9890307440644661
-5.666378174839683
-7.426782080934894
-20.712693925341572
-17.798486539894927
-19.532913876914673
-0.005768772348033314
-3.3405826852790983
-18.204012531168093
11.787613427247921
2.738373879641479
-0.07040059871176124
29.40549131414931
76.00877310857553
74.18030508213758
83.21279921665118
28.18544578583683
59.53126166637395
24.029032166374527
10.91530697060948
-8.623867929605538
-9.387145114074604
68.05794567722222
-24.54610781441432
1.9650126978980973
-0.00031965860597429397
-2.435869848965136
7.232264924806309
18.587907498877463
0.07236925127749291
-7.882426657157369
4.809172009152078
-5.126928563880369
61.71572022826825
57.49218073761645
22.263246720851406
128.51083562962714
171.02662473108205
130.96988847415457
67.25920138205525
43.62009328435221
-0.184327456977457
0.435535343376259
62.155403970452454
15.49290451254946
-3.958220105100019
-13.069064704397253
-1.305721148238091
-52.20835094514379
-46.70511263258318
-0.027159353348729636
-13.23160643000095
-63.26752248530492
-42.733970867637666
-74.70458198716527
-143.2152701741506
-90.50000547806667
-49.831970392531126
-65.8776086226204
-77.19946184062847
-23.379411606301332
-132.4812139819041
-9.035809474994524
-51.180514647664275
-10.501887604661038
-46.35096744955237
-9.738207758620698
-50.642626077867746
-2.994305775570484
-49.31639403108498
-45.466186826843455
-11.95557247238743
10.742165636588386
-15.807287987964205
2.5720135579898695
7.382792258064508
4.828926223627776
136.23504078303415
761.5388646256673
219.77655381684588
122.7456076457865
68.1565035638164
-2.0384715696615183
-1.3315162981536388
-0.02764675996489782
-0.04060651248542819
80.55928027940628
169.66024940817442
113.6368777028481
8.921489198547853
-0.014740898219505855
0.048013793103448825
31.38725113320916
0.019571616458947467
2.290491687301027
-13.196145252452723
0.007600566336304399
-34.945618870786404
13.625096269311207
0.08101768673650243
-12.546238838524985
-56.91245611385862
2.0884466019417465
-132.44989861751134
-347.69025330181137
0.2984022314027864
-2.2587316696681343
-31.855128330200987
-62.60712204873003
-36.79835272257235
-59.44198838794199
-113.36849497975348
-6.8797642098688225
-16.06286993190696
-31.45111173934555
-7.3288499898817445
-250.10100909759
-1021.2306588244794
-409.6858578443287
-97.40698948092628
-6.185949843836142
78.93570380471317
224.96509078743264
236.12240790090394
215.90494547566863
183.54822517552657
99.78382037302731
165.1888771508972
166.7539817673482
40.78084116958458
27.22015865519763
139.94382852695742
8.874546488593541
210.8280620256191
85.11637208095478
14.607355749973628
90.0907235715005
105.29974527508003
45.239153108198344
55.57441235019291
-26.581084975428166
33.64924181528492
10.95159306903386
7.901840612765108
1.0151084911360064
0.025084453765776123
4.043685380909164
1.9356729226261087
-12.18053158439766
-41.67632729102518
-93.82566437313794
-208.20206459458836
-5.066340318466143
-150.77137066685995
-127.80842684828099
-379.07859346082677
-68.49900400501014
-97.36206013049228
-188.93745208775817
-232.21660341075295
-426.3636764751163
-424.45222002620426
-437.6799731445587
-510.4215600111131
2097.6248600353524
1168.961311993066
2668.0068566978443
1993.6744327739593
2288.006244805418
544.0676500040298
2607.307553288923
1545.1801941555973
1827.9509661085858
1135.128708150744
3068.5815807952686
872.7112677985883
1151.8369979239287
526.7966541428657
2068.659301750088
418.5886957678796
1520.0763688695752
700.5724047506255
318.04125774305254
174.86751726836258
258.7303477594711
1120.7999664591764
70.45064214803841
779.8583811786671
314.66199522268266
1434.3471150316363
809.0165608432848
323.6727577869287
620.6414475332167
721.0614814772782
213.3276659054422
259.87387265015116
79.15558085292119
452.62498003414635
1.80856202295443
-48.94628524435366
-183.71151001274387
-55.01621177167124
-16.226154494996777
-6.617433360524153
-111.14169702367201
-252.72010964828993
-288.4245531142892
-238.19169727648196
-245.36764096389055
-659.5190347828998
-215.33480636538485
-664.3094873294401
-1315.696393801479
-237.2621982352434
-47.5111361898189
1.078926222269092
-29.47373537845089
125.92883626714674
44.640598548684125
396.7051437077032
167.44594499376188
25.003652442400863
3.7629638020651734
73.26960098461868
-0.32222717118603544
-139.69532061254387
-23.891770172452706
-9.378795600842714
-233.87184623243058
-91.59709732012855
-99.18245239995471
-568.3205358871777
-508.73450211135923
-378.21310351612686
15.727411477493973
-10.241300770224415
-45.226242357852996
-32.79579998151399
14.311482722383923
-120.41742346440789
-93.09444802842008
-509.95543698283717
-475.15156982284947
298.3292627513205
246.16672651608786
836.0632004069134
-15.710024462518483
15.43134557677623
660.1469250539741
-31.547701768010008
0.035680438112126386
147.49210832243642
1041.1624039380313
52.697068355296324
265.9750830266332
183.29528734739347
0.8328814958333636
107.28136486661933
-34.91890743094868
-237.19349708645754
46.64789264123915
-83.06627592243795
-46.026943389078966
0.38423279372330554
-271.0018499615881
-317.22771296107254
22.20338389554946
-77.94550389343979
-406.4762730779592
-210.92122111809084
-155.76744985161642
-800.1462744394706
-1078.7085233581831
-649.973438714991
-1206.4328926518135
-1079.864672533285
-2523.9655785856
-1216.0758557829945
-1939.3630292805005
-2406.2112725
-2646.533374858822
-2386.360602530607
-1006.8335812127132
-3460.897516601827
-1529.735238328145
-952.5204108958084
-3473.4844937549155
-3149.2005255698928
-1168.8620395021803
-291.8013396745359
-718.2132227804834
-613.69
