172.06999999999996
242.54103962072475
181.82502804225913
176.2634329848858
140.52352534460732
216.22545761893264
124.69078574691636
208.7990977967188
147.8670950403127
144.99434168060498
78.33528504644529
72.3567585659479
35.2025451575711
25.028393233635693
25.271183066605197
18.547952302243196
36.33541125029544
4.820068210291879
1.4148239464990706
-1.9697839128488281
1.084205272974748
-9.182453942167164
-4.489819599688081
0.4788914425083872
0.049962990377497525
0.6295971563981075
6.7321398744649
23.271884026729918
28.837380711289313
368.56037731624747
252.08206786564634
75.98009830955519
50.13960803941199
4.415025590935732
31.71188172701664
37.8370014115055
107.32407095101647
66.29922526411451
25.40260631502099
35.092044271649854
12.286523669252794
6.1617365040791485
-0.15340713774170406
-0.0032446338747453866
0.04362431536953016
-5.988325199380993
-5.756709284111585
-10.056623291853548
-51.24689867657372
-56.6213795185683
-0.45047715866683374
-12.15995827175518
-14.32340172364412
-80.06930546190152
-86.03331125601136
-93.16218969271718
-124.97810233776482
-78.18461538461536
-69.28700686455821
-90.95423018659446
-118.10376903067079
-212.08792508535532
-36.636348436716254
-2.4502735525323063
-10.290602830683204
-30.466881455005005
-120.90441350963593
-5.301678428047774
-14.481660749944563
65.6387641780938
-4.994240981271643
112.1097119769241
221.43947301548886
20.821798482950914
52.2973066177057
63.63999354124377
-1.6620403491200464
86.38969117120634
29.96289984385457
-0.06568712010594645
-36.89558171492672
148.1376224355979
-0.06739062796433397
408.4304808656376
259.55478428334254
116.75759346713895
50.50753001464136
143.88169721550582
363.7888842223154
436.7407885733984
47.357839729863265
230.27810943429984
494.29963506133606
286.95321210818116
127.74333308968646
262.72029628859525
139.15260678037197
114.58281726877036
32.23430167908992
-0.5043055271523971
8.391434029864268
-0.3111404519273368
-10.003968980645917
-25.85851723546565
-7.515304140411928
-13.15523021560617
-126.7843728825074
56.48561726104106
-0.01068807248306165
-97.72797714955328
-81.09398150212648
-11.060261609907087
-23.164967027218847
-301.7505586016683
-20.483858319710745
-54.23623111810794
-181.5699006268154
-37.64013776610079
-230.9339101182524
-341.52993663536915
-143.07203918685582
-361.25563052876646
-406.9688201556738
-428.040798343276
-29.126602894285025
-21.476367487790974
1.980859126609042
29.509577020470015
78.41648483698579
-30.413793103448228
8.84159112519809
5.3530402109027095
20.51495403048821
-0.015836638523463297
-0.0002299006937832097
59.12278669167191
52.95980045483303
48.53327509477497
177.92330257966606
73.6462158772318
107.6150448901241
13.908740669926853
67.95372857142854
14.02037510487379
7.995226771942714
14.515021532298455
0.8014222679805877
2.5633444528328435
39.108642256371354
9.074657242230435
31.146093572181265
29.234102845897304
23.47466201670545
14.343486895825107
1.67300728730865
38.81777406059589
31.82849507834051
72.54682309765832
43.583533934444915
3.249797783780807
0.022048606692964053
2.0364121840340976
-3.5466783545175566
-4.6055443816590715
-18.78772496963598
-0.30829997331198244
-0.7754324194981932
-9.740119296327396
-22.8885876597759
-16.650613686534232
-16.805654792961153
-28.923882078397842
-91.87260874173583
-70.72929096511076
-65.40877598152426
18.38720952168844
1.698412401859403
11.920988532948192
77.06960866599124
3.582513882922032
5.299068346740169
18.439031782065804
-5.730812326810062
-17.87614600372804
0.01319952566382926
9.221425929876961
0.7786452290519238
-3.6654465678626957
-14.718160196828903
0.7893364952324685
-5.7741094149108285
0.7021174694043146
1.2321754210229767
0.27607327489323624
-0.6835078822621434
-0.3942203793822572
0.25168774678519573
1.8517798245068144
15.376531958476578
-11.463135235339351
2.761274112029348
-4.637159173133961
23.485466563554905
24.37836344711319
2.209147560025874
1.071351430452919
29.17089226512744
6.343597988965432
-0.1738612645794893
-0.05045984328346964
-0.06909684590801599
1.34912987228397
0.18415960245542318
-1.225303805364933
-4.14207168344252
-0.5295963530396162
-4.829534875081263
-13.546582058962633
-49.09376150062438
2.195968220478671
0.08583287357297495
-6.734011054086073
-62.48543791032261
-38.94847281771888
56.44957993193236
47.16309152666861
138.72059396490016
0.821712241428164
2.3359145133802928
-2.0584723710393296
0.3024013402829394
33.69409120034171
-13.76814386393696
4.154193932728455
34.39240412033082
8.29468517264726
36.375167260165725
7.294109671587821
-34.54880190899148
2.453334682800293
-46.47638484076918
-30.355678322203055
-16.053975714435246
444.41181596163415
33.03361100528711
129.75420269799181
114.92275313980988
214.30664687673612
163.53601094602732
104.53320160036859
9.939073748103176
11.436127972084769
8.224902483513425
33.464371903257245
-7.209096529839281
-0.5406505208608698
-0.0053172911333503065
27.56101006097946
34.57293064876959
0.006489226869454071
53.954799034743985
-2.9470147046932498
-12.14924946187443
0.08908300217440168
-200.66947482240874
-10.877149678008834
-9.893280117892692
-8.570357807031085
-34.46960600808786
-25.854437793593178
-21.169316348549316
-130.9748249338862
-158.17832751758567
-232.47549313782827
-36.26377219047619
-3.456478053292358
-222.6031501549754
-198.95450910773383
-126.36264060466287
-218.54041080005024
-391.17562641659606
-77.24384553898008
-81.03124100143505
-60.86278466805091
-397.8481127218068
-181.07626639344264
-87.62582122714069
-9.180584041326892
-175.18433162763736
-11.902426832916131
-1.5987001883784848
-15.081604239084367
-9.64286829397369
38.090187946884534
29.8211450881699
5.748677777484783
80.37561440274334
129.10386395154927
52.18391501476173
89.22085046289034
45.14488664987405
11.335649356186568
24.68273745737946
75.98555123071763
11.401441432812941
63.04448869230658
57.89733517834321
124.22410288793452
83.70008937160591
69.34703413529039
134.5125210400555
107.52403214033036
58.90013890198711
34.163615301847514
23.49897157655252
-0.44201972709153003
17.052184102922066
53.42396436551138
36.8763605098671
8.037725695903234
21.670250982052533
10.033021805358993
1.7930189515423465
6.1641196702240455
0.0030016667312686225
0.8322468123240483
2.0743432197901925
-9.946710751061431
-16.479907334109402
-4.15828455855038
-12.093635867912456
-2.542176484504372
-43.07764987120811
3.235265011693767
-0.1263211957595309
-4.657391935869388
-3.9294233981263944
-13.423443610071383
4.277268163625249
1.150471929210612
-13.416896277961982
-51.47694528463255
-43.743198259333475
-29.5329231581726
-6.385544509568982
-80.53975125619577
-8.46745381674888
-38.18694341109021
-19.13143410733508
0.4403518436250651
1.688171689822009
0.5302801068400873
-27.711200634736144
-29.11734858062295
-15.720294377218625
-8.397946950629253
-31.407419354838673
-36.409813471502595
-38.01812825474744
-31.552217954172516
0.46724555824864666
-14.38840379969254
-9.592982370225254
-27.70324806994699
0.0024932370808928386
53.774367434201
18.889846897663162
11.417378195851423
3.309750446465047
3.6129280045351697
22.11427892316438
7.76315558901015
0.5658150655745451
9.429030917670273
10.962008513136656
3.0704143479313086
-1.4364465724175814
0.06166125617501765
0.1971473099335946
63.333383994619886
13.536822237156189
27.306084081453896
34.44573829171582
4.968835277118383
0.8038520657252392
2.3042413288579136
-17.191689930142765
0.5767320557584141
0.00040007257552396194
0.0005097801364670827
42.306845615822965
18.65705235471754
34.257965980868406
-12.139514191594849
-3.6040136804149454
-20.23661906578734
5.8495022141319275
65.24227902023435
51.13429666847896
41.44904121698775
8.083096633501444
0.23246949764842237
-0.3931459241998803
2.226996070440979
7.672199875431743
-20.415501951208373
10.880324333063822
-2.167907724828822
-4.135238317212469
-7.158136958710976
-14.624341316949113
-24.61445120138375
-32.63529913047782
-24.606916030534354
-140.38781376313653
-119.48849536911665
-31.01502831814826
-30.992055434285977
-88.83281043046358
-175.67397219987237
-307.61305448049995
-303.78459603043586
-124.67034296357781
-230.99947019370717
-154.97267131477457
-43.68980551122454
-13.669040851239808
-1.3067862449586083
0.5190798081116341
-14.241806981519556
-31.287319662656753
-42.12954844006562
-83.98483466671489
-60.79758741713249
-33.97826447571276
0.9839986789678832
32.98150993274502
36.08019790325548
92.28518039692467
40.67951299890149
19.03857306955964
50.42506173944166
275.0405811607071
246.99930858663674
246.82499485008003
231.93376356525073
173.82237825315454
130.27116128871683
25.713633325260375
84.15639466942974
31.756441381962684
14.824053356020759
3.2321866197708014
3.4997930751895163
-0.6822432523238982
11.079974623216692
13.319713814627264
110.96222630434326
19.34609546191074
96.49544823936128
34.6888098495212
17.168066975853705
169.8776953140578
110.35360943797832
41.75178178393014
66.25385384375083
27.416327396098442
9.283328930956039
4.908723012653649
5.902773259596597
0.83111043697882
-2.4019935921757103
15.42988997075597
11.725225866916615
-0.16879939545230985
35.99513513513516
88.68379529521725
0.5985095607316171
12.12715123411542
4.130649244985866
4.239100383078645
9.500152833816852
-0.3768556209773283
-8.7367430675584
-5.280477679007529
-15.375737119788708
-0.30110762694720455
41.97378492977849
18.471148231680964
40.8306712360566
-50.10443162350558
-3.434231000421652
0.057721518987343276
-54.016234116842284
-57.65745482084418
-52.175382085996716
-4.63592019813399
-64.18150091812237
-69.08250626566415
-7.981335978331365
-8.801047412755713
-66.18843079629744
-29.718264921750638
-84.58630374834023
-148.42271879516946
-232.67912804243298
-121.17636894842778
-17.535216889576155
-8.242462758546779
1.0729832680669278
11.512710748775275
-0.015500102513191066
6.460743597007587
-0.24279275547857693
0.01761586938601898
3.2394438875269147
4.450824291954361
15.147457752321218
-0.21246176386152926
-8.24170245762158
28.623743967297656
69.55963187204904
9.804806113138692
0.7833314596396665
-20.811575908243398
-38.307443377799984
-9.462432303802476
-35.35584024606214
-21.629435204638554
25.05931732328316
-0.0616756740063594
1.0175433700564338
-19.129590106128624
-2.8121039210046694
108.17619199312949
208.59938058715542
102.79260444481653
86.96413767133598
102.96006286318652
25.231636539039414
229.61587907695812
25.28601412471481
19.72478776911926
1.2441333113192201
43.27351748770367
31.530572197519284
16.04398754942374
0.6943240849715072
27.759338616122008
38.5604554470971
8.779294978003767
-0.8751490112017726
86.24899812394106
42.5941874810778
-0.642093565398456
-0.2003455312409551
0.8186446286924419
-2.7523292191383257
-0.00027905895410994307
-4.141112180942863
-39.585894241862235
-2.003522687745156
-14.408862980530044
0.0979198123762049
-0.2494555394399126
-3.837583231315883
-81.63386785506685
-28.28196285239281
150.92765775043847
-25.892805382938867
22.815820352211936
12.31855499651217
-5.47969086625216
0.005409870245400764
0.34301378825300544
-49.44067827002159
-56.40125932798513
-0.5419983162745333
51.207411730196284
-9.256321956303289
-48.24875989584512
-167.94504137000627
-20.79891334513617
-11.60833931562572
-0.25226030165719926
-0.44345405621045103
-74.6508409522075
-88.14413876576327
-7.166314457894818
-191.61378493806518
-105.48565480776335
-289.49609683935944
-170.35458530367202
-54.82528346171741
-46.60096338728184
-17.927156995722235
-193.03012168222546
-208.40154231693896
-35.654748087102476
93.53158650997432
127.88014981691113
54.098996525761876
40.37331956152657
-0.6752058527075941
22.592546326191187
-4.330497545346495
-140.63485323668726
-9.203213506523504
-31.219480267467624
-15.981329477310432
-43.346911109510536
-5.467708722088925
24.217146084240134
0.05129000540779763
26.710396103727852
122.3008914692386
144.45102388595168
51.88285876728261
15.903871559633092
187.24448256200702
51.01451056110604
42.474172540174735
106.82924053495609
11.724329062259537
21.226511950694633
0.0014785259141035416
0.44680769272185217
5.057983105729991
-1.7054167595383127
51.95898788749738
-7.616256910110678
0.00970168919266638
-2.1258197883966856
-9.814307995116723
-72.4681439025639
-14.629835917578632
-85.04707458570722
-94.45824139542592
-180.59759175578364
-213.41884573516128
-147.86450572125307
-52.77463877054567
-180.87501086132852
-44.35849257326378
0.001834712486164747
-2.322021843946217
-89.63654415347911
-29.144143500564745
-115.46000490780341
-103.79338113092052
-26.667945411840975
-92.7375097110949
-154.99881956826047
-110.2704410759768
0.9104498480243095
0.3088297750698338
-24.20293526316678
0.3322815533980562
40.561248868778335
88.3779469626889
17.350495829776087
6.008575916945574
0.0006618451440383161
17.86309536694982
41.01285638528658
86.27628574098296
57.1458064436853
19.39438336288889
287.0294991779436
-3.5308428801247826
135.00775328028953
60.87740285954584
101.88467725015742
46.405037785809526
-0.11990950483779039
5.738797370073007
0.16252753135515347
7.206271592393678
-1.2005601860825756
-1.1532775301663278
-14.07583459885203
-25.308152843040826
-46.79250051868053
-137.64879559019732
-164.41058841134927
-102.07853875064802
40.47125167765653
25.530203105202432
81.65328708426858
25.896097070344986
127.54634358083948
24.98312335464463
0.7025474386416425
2.809561045445399
6.795726457820976
45.02352266473554
65.58640007444116
-0.01815762478384518
0.5341137825630781
28.67402402402402
37.90877840700156
2.1756336569906116
3.744904554484764
7.629589809512693
-12.10287412629192
0.3978425767983693
-1.0137785673352382
-21.414007600983233
-16.789699886485554
-14.275957529709698
-34.574317943947015
-50.77686683317043
-68.65139537619854
-144.07125027981328
-84.16983643031415
-68.40869189245856
-82.27090569163424
-81.8364364464044
-229.27331762690076
-219.7764127589308
-85.14090702512871
-49.7887828530784
-183.82720607492814
-113.0770380959188
0.013850590497116268
18.22828557312257
8.77641631083336
30.215626661214472
90.17687891682777
301.6144488421161
181.75895059369657
236.7331434060518
275.70183186738836
197.34973129617478
84.9626989848177
32.09000833242766
155.02077934032934
256.0368596720359
470.8315421121638
152.7491723402093
165.80952724455173
14.28365210245174
260.68964541867945
215.89041189139277
44.436867215537276
16.37870951453513
64.42206026446331
233.88148823758408
133.34628785111767
48.079946562296634
112.87269663842807
24.63216684077002
51.13145129224649
88.16810814049158
18.530004548610304
64.35135929360472
22.783302815289524
0.5058828746267775
-0.11511499897220168
20.509286243728855
-3.7351102559558385
0.8376634313078839
0.7109123692751524
7.252301104465591
25.36183964794812
-0.32130798946320704
3.621389080739088
-8.482680221811489
-6.933668898607941
-16.79636592108567
-0.5242173474627171
-26.611127266134865
26.353864903678215
-5.3897537066535985
38.83020763906698
11.406382628952194
4.136029587023398
39.119260459578406
-1.2915958052979315
2.792134225845204
-26.27981553346444
-0.01788261776737345
-0.12832928206404287
-62.31701159728448
-8.991827435300397
0.0918178946990661
-220.81659757163527
-7.955057906276419
-55.61931572840829
-91.62809518136872
-266.92759243835826
160.12472663076426
-132.53925112638083
-50.1616444201597
41.39020462815506
2.3082460800362368
-91.6672089837528
-278.3123889500202
-92.45915372893387
-39.544753085307704
-11.889807631661919
-443.3694728808547
-101.24676332965149
16.30057374229482
4.599740509174112
-2.7923914693453114
0.4226809338071023
-259.49535764402816
3.7323871455576403
-1.0918970453080916
-18.23915445509637
49.02535482286759
73.88430628810838
91.31818181818184
18.939942420123046
-23.802967781590876
-68.24015895856714
6.975374027237377
0.0058226195730774356
-1.9378465500569653
-4.406432603296459
12.336459809853073
-46.506113487235325
1.2894802863769157
-29.80240145367456
24.40399984253208
21.10563448731022
0.15268212540647383
53.87324389963736
9.096374039133469
10.926957327158487
0.787800241093349
-12.088379682575077
-44.33143463386731
-45.74145961655238
-5.437582469670393
-21.444151113229033
23.162284317672096
-2.092586064651619
-16.418730506193146
-79.90521140875978
-81.66441670519342
-195.3311756878217
-113.75738850080606
-50.86279662469506
2.351978274986719
36.237076366143725
0.008115501519756936
-10.938305002246466
-33.962427154405034
238.92843376971433
-7.873518816894904
19.395521146832422
-2.975260558831496
-6.819750225411033
5.604645379368614
47.401134238276086
338.3652247913832
131.60852133509263
99.40080640276884
187.961562357359
132.60802353213938
720.4177640618062
52.48517415909783
56.42387778638741
11.089995870962262
102.25956715714797
-2.447944353845196
40.01570273720037
210.1632102709738
603.7005416647822
59.46586641087287
8.726552544388758
0.8405609631466688
0.28091836552695676
58.85010439950386
1.0733213072855325
24.944057097505116
63.64754978868967
4.966339000467691
-0.08217468997299357
9.651540605349835
-1.5078203726837458
-55.61872502485008
0.7600104556267397
-14.093216334120001
-84.69611271676294
-63.70409102854286
-277.06531746897844
-118.84704567131044
-114.04296357046749
-383.2753313747944
-250.6687470853412
-666.1585305869919
1.5453460315616854
-0.4841754225325134
-184.48954340740758
-360.9705101530913
-7.7634661272451115
-56.17123186088209
-202.56730131936504
-193.83564236938219
-348.0502830063185
-9.653672530054555
-127.36903148399146
-45.908429948058284
-178.54533735817628
2.3385200626047613
-26.4635178841711
-1.5119609252576902
-51.11968892617877
0.027707179268656085
-23.719889536667694
-79.41726440195534
-229.70569754736695
65.29887534165482
91.78547970455242
288.20095026428066
68.84507729647022
153.2717536140792
60.32843541961188
4.522604327666175
120.89832764437202
8.182927474028217
252.508925037898
63.981260996045755
112.75192644117377
36.96748377467331
33.54153140619362
32.39919192550466
38.460656795490074
38.754274948024964
103.47106480729516
17.81616593126099
49.012920453517054
30.01639903525754
3.325414407742073
108.56459389226465
54.16912001661138
32.402267406482984
74.56273083556826
21.528972827658947
2.283646640568826
0.03921650135494359
-0.033603902990879994
14.79384480697289
-4.1053172069825346
-23.962467811462123
-23.84647758462945
-56.856995109403385
-20.70211046678534
-7.615533735708335
4.214561391471436
-10.898294317717108
-124.79990732196583
-124.29650929028327
-19.284981450967837
0.8960329775119736
1.0568641281037148
13.42750384011612
-0.2979766671268857
28.75042199046888
8.839169395597136
-76.1631510840863
-116.32313201280029
-80.1700153784815
-254.46695543540596
0.12659910612201852
1.0660794710729173
-50.19871100211024
-76.90840108632679
-57.951958665655184
-26.819558504478863
-3.9119008604761514
-2.7573123924648164
-93.34149083023156
-229.35051150297784
22.578898270246377
3.4429813292223304
4.987900102472475
-0.0037800687285222986
6.979047994133152
49.46664559462667
8.06702612531102
-11.643060353691084
-13.20779738260202
1.156051267205296
1.356881562069467
-25.698818700706966
-54.62044415696423
-59.804591690126
-58.47727396224472
-110.40033574512067
-72.57384837625361
-29.10514802119038
-17.807225153776525
-1.1473485091375384
-42.30429058818178
-129.49751557577878
-135.50548287207283
-108.36982152551575
-197.11525281691297
-94.73650384563491
-4.509335940495371
156.82397025232405
415.0005866512789
147.47877275105856
144.16129071983582
137.77201226689792
152.54177934281452
393.21691597439747
193.5406692357097
172.1310318118652
193.20961559264407
103.46094201552691
78.99811716797777
11.023377447192189
14.278664017418645
30.241630374879875
26.25781946508166
4.2482257523865234
47.95809223638476
3.8641867401277685
228.877695982754
92.33564383013177
22.693073343312044
-3.192725808669021
-9.614916515529822
1.8945406588873472
69.16724450891012
14.408924308807936
128.17065798019496
49.96693686647957
-8.36470818269017
129.7400579710145
-4.412603203591658
-44.93441852354192
1.9949691251833328
72.00330626750463
-33.781288982830915
25.932482930825927
9.518628416228173
-0.11846601890339098
-1.2748442628929784
4.192350984584859
-10.61671298708821
-10.668687977417743
-1.1907887144945044
-42.08275897311353
0.3393956843738474
2.8596332521955152
-0.8596785084593292
-12.962999544750978
-4.133083990881975
-35.65767654952782
-4.337041761944885
-14.689445828765125
-1.8259506859648358
-27.24442681914602
0.6435173569908266
-25.844527967096436
1.2051102562884926
-15.417242152228177
-2.5501903417641323
-74.97211801847801
-52.25977839575911
-1.428151354883501
-0.07548221213123942
-161.46549604877936
-0.43230283109667056
-22.0844147375285
-136.94081853456584
-64.67666770469202
-40.12187996409171
-23.868967099305802
-39.80465148157162
-4.719274839591488
-7.256317890436042
16.17969441083337
-38.048329379398325
2.8142689914056978
54.45350535505353
14.985281105165352
7.254980380166112
16.45674942722217
-0.21123858880672847
2.3646983579461716
5.680408274657484
10.058877125672497
19.735858441506835
0.016877922077922637
-3.6845784075784946
-56.69009961774579
-6.301202666392598
-37.66759389548842
-74.55246556492048
-25.82054126711099
-77.78494388719103
-120.83816527015297
-113.05079548306131
-225.39304709745676
-325.41653725512083
-182.27261287625407
-279.80766622954
-137.25898652335673
-158.51098956497756
-147.11252249187922
-41.02531686943896
44.725768326889536
51.03575316245005
40.56544083333336
1.8544814070551792
1.62607455751428
-0.8794685025973727
-3.443349813164719
-0.0020548486099394893
-8.228477961832812
-26.632482639823415
-42.18302852790218
-0.18240220927593231
-3.171557531201917
-0.013951318701034214
22.73807334346047
24.746579163248548
0.27216776081474114
18.22360587309907
10.358674672957315
19.28267154856775
-2.8285976408912257
6.760000925240564
20.7035204746827
175.12380323539116
84.77199760882777
35.814761379873445
178.3644596588481
5.663910385282695
-5.939979268573581
22.5070356624173
-0.46369432100493546
-3.2996314719494837
0.31812651730596536
-13.963214199680257
-55.399645943392926
-41.897376211911435
-80.32298847503522
-214.867667587207
-150.6010670978174
-44.18655016910941
6.174360485524767
39.87281382781847
115.63973481994877
28.365421033390202
20.63652892925798
-3.0895983522203005e-05
1.3796052719609364
-0.3887268665661719
-17.939595114875612
-13.444317193194621
23.795915927824815
143.83468090269355
57.405562656606335
84.55587553199624
9.760375042813116
28.519574261969055
6.985462353479537
3.0334373344322247
5.9149268021924435
-18.502645672747924
-38.119109555152434
-57.5580967666899
0.030140179299104137
32.692571406878784
-3.471241797529073
-3.7541339487456886
-2.4317033248081845
2.725636636084765
112.70282088823818
200.11956929901476
138.22162390469157
19.56492421685389
168.7120511541426
162.61873323125886
131.21629266959303
59.22772181672685
14.9250464146374
105.30430949855946
-32.015322383585314
-103.88919021696667
10.413433770702344
76.28589311125106
29.286837724069414
-43.7958558566826
-1.1325457056499664
-0.3837906042840886
329.5515449203826
73.08654434806775
36.007419077106505
70.72996562007327
28.084256384021824
38.0818356772761
13.7298514430074
14.368628702448277
2.054755445900528
-0.02291478358526701
-40.9459175896859
-5.222306250605886
2.9479610124928013
-27.579104440071635
-2.854544436982321
-0.7016274811088454
-3.420931282115417
-7.62693578779534
1.5492768047884913
-4.733388632730149
-0.6862903113185884
-18.646359859538066
-5.55498720951179
-3.8245319119857992
-41.4590475623613
-16.986077684691537
-12.714296121344082
-32.04544423440454
-33.79386992162857
10.7243483741545
-10.890050676929304
-28.175586260581873
-35.32093347262058
-41.852684350346166
-0.5488514183693782
-16.488247422680427
-60.787748111076006
-64.54530061503715
-90.31315276217181
-155.87628814679468
-98.8702221165808
-1.7198622804836083
-43.61698901261517
-1.5951370656370618
1.8121879844961142
82.84742954319034
10.294755246555958
-0.27299472962241444
7.132962953427924
119.08425038894674
0.35372325919814346
4.794948700866112
5.168109187749667
33.13352136347499
3.75625900773999
5.348871591946775
4.396380778719287
0.03151235563584689
-2.929217307634473
-2.4042894903043117
10.983654719269097
1.4210017941488848
0.12042560775647046
-8.85049908801187
-0.13559249759014702
-16.18954132464439
2.0511503519497194
-34.89615685752056
-16.330677422190973
5.414671255226938
39.53152699958156
85.80743357043572
256.75492726714526
80.21636551129978
112.06935023205992
19.392821900630853
25.644324569581702
77.93496110209338
11.03308088768219
1.4511827381120157
16.86566645666458
114.94267458999849
0.097533895312234
7.787236370408303
6.5088921326823606
-0.5459129354231012
-1.323392016376664
15.28138420992327
2.2103411631765018
-4.7907723006511285
0.05237225280087398
88.12225102078253
-9.909299976907073
-5.345763242672882
-0.4536518126888232
-31.41154513795879
-21.662906291283992
-65.70860777956358
-152.75073372461068
-258.8357642281579
-93.26568287455825
-197.01979891968625
-326.68303549157446
-133.02103274335298
-350.7737080159451
-317.6643939735453
-160.5882411182294
-2.0448500089814954
-20.053193744683654
18.59147872808949
123.4764243173559
2.5112453204981153
64.56123040963709
15.228102778086255
-4.8091618774782905
-60.497276178318295
-101.26014363918611
-548.4124837452362
-330.0804518954354
-11.778278223707659
-2.1847115069862015
211.23667483442134
87.58904829125777
3.7630759301318357
1.3923361249291668
39.433242828741896
15.782526193248014
-12.721349503004141
-77.67707886191616
-40.855004692404734
-14.845336124711894
-135.93120022262414
-171.92575442779295
-75.70329670329664
-207.37151431640905
-51.49196726591918
4.241289616529512
43.73561229765736
62.550524051477964
203.0802623702384
334.92371527852714
160.3918410614142
187.39478684605714
124.1542826711653
118.65046939556737
40.76250215517238
9.0292254240752
8.715401618996227
12.378950587477892
0.0025954834644388676
-5.288729910826744
2.035312239977812
-22.925248025087114
-0.01654944485246511
-0.7853218920661121
-2.341016281853445
28.121169125993177
74.81853550547768
145.8609010742344
197.18514244002517
113.44923243134306
63.89873428718815
2.914533739196134
33.67155051722802
26.973271601632305
98.55384057534637
4.057585582749666
115.77867409470755
160.86141789777565
52.144217401129914
42.670646368590106
17.66387651992319
59.16366860659574
49.870776730723186
0.06969302962166474
-0.8751817605410515
2.104353819643898
-0.7768614393711897
25.14352567131541
-6.537626569985751
-49.46500032272636
-8.248254173908487
-3.014992488529788
-4.674025037899163
-1.4469916763023278
-1.1026735124322897
27.50862378981521
12.35668993496815
52.46453364959108
6.435353169497578
64.01843725065547
3.7861844976742303
23.019565685922302
3.2350699801119065
-17.598528007580455
-5.568416868408405
-35.20745352303112
-40.69290053163435
-44.77193959325626
-0.0005712873733633786
-31.00505084980273
-9.761268887835728
-31.53543848205366
-40.09654350921753
-85.30188981699928
-75.03047505565831
-99.59446141677796
-29.060786578546008
-46.89379271916784
-42.766676927627856
-71.62109305981872
-169.4680210956241
-87.0431250062679
-145.90583300684276
-21.545033838084752
-19.812734560793785
-39.52911762058461
43.71450141466195
29.386210152893
34.21071007419204
-7.8799047435509575
-121.61368415229079
-70.9387588888042
-41.602931766388124
19.60561527827943
69.63606021431247
17.214980545993097
198.36361882372
77.46385978823636
95.47774415524944
63.32696067940553
29.008767499092315
43.317724250195795
23.333907599091148
131.42840903032658
27.946598584099583
0.03310479921645432
21.58966809544074
3.096028625836941
66.42703646909179
0.03651747636036734
-9.75398639214555
-4.019271404770617
-0.23659545515186725
7.533065083784192
-0.7385027097314664
-21.206617702382275
0.25179769790422013
0.8335408605034419
-12.310082175390281
-0.11944377551726573
1.4429400272041668
-10.313922468878651
-11.807355052457229
-52.84202282324267
-2.0259533289478044
-7.495677223296569
22.10813254362092
-0.010862973760932574
-0.0013650282030618817
1.4108835341365453
0.0002340139238284412
-1.6167447595561113
-64.29984150008305
-1.28966294081969
-3.116781888916495
1.5793313573083883
3.278246455834253
27.3714827826716
2.649578288593943
1.986867207182451
19.981691331923873
-4.275206811419892
-4.859734330872522
0.37670275538229847
-1.7533950659703006
-18.8220733127961
-40.49061689297635
-36.20561211820209
-17.84484507347591
-34.14910025706937
-32.64390989124807
-23.952641520906404
0.007820941888582546
-45.10925022473275
-123.05979169038142
-69.49182951472014
-99.58892978371253
-121.44001625381965
-219.25223745596486
-149.32510557007836
-297.9979326239607
-26.329517308254715
-22.98796093140595
-104.12765744083438
-123.82391408431964
-71.75905882352947
-50.298843976278114
-2.40757480314959
-2.7259883548800965
7.841123910336232
31.011691965614453
42.521493945188034
-0.7039486425893469
80.76101749049424
57.448289156231006
219.97473601066696
172.06452079373506
552.6477187156071
361.8751990120037
67.20247292257201
166.5710413159239
242.64790919551254
189.39526215873096
112.47939082468767
239.06835746649347
47.48625258082305
21.076337737706602
16.531711778826264
192.56276368995884
37.055863029283174
65.88121343697306
1.5283124917343889
1.156712728269167
74.44983113120355
5.322957640835332
0.27932592582628546
-1.0124533322859088
-18.335803674607465
-1.0683477485510504
9.326566575876377
5.168818514007319
14.58300879972973
15.92582056083407
-0.22586593242664454
-36.193930689134376
-13.996865789343993
-1.2080453209325528
-17.200469876627377
1.9099919096826428
-14.907398564102536
-26.604918030884882
-116.89198007856979
0.33149440505680167
-49.44500151414207
-48.569024013674955
-61.79039899957339
-4.747069622934601
-334.9307284613246
-1.054729012277395
-71.38655014597973
-22.629246983696422
-8.662733559663046
-22.16097569662331
-43.10017513264811
-2.3878310363132247
-15.70622586241861
-93.35659888656383
-91.6786941250639
-43.78484403650273
-178.35774071501078
0.01564059516064742
-0.05756281146179251
4.723759427844748
78.6528413151207
96.53250678286608
82.35581857219535
437.04887313543037
100.59495569035106
126.37402640264017
171.77619846291034
314.30109368356403
70.87810652863578
33.751484088888944
28.932649556850556
41.22160824385489
227.65302317050805
219.30067465505272
11.422311476908995
26.40590512833002
28.82683281328312
-6.570732734153246
2.9498958844907195
0.7623227985137796
-8.764038125617109
6.677261503395227
-36.664913515231255
78.1749519275051
4.382629431950964
0.47783302657309956
62.92683299250177
30.148101292572086
15.893494785273088
10.913648544668202
-0.32116070611908903
-28.590156901848363
-2.761090022500311
-3.362382763128055
-0.2792333149476007
-7.76324675324677
-73.95004569542175
-60.33051754912205
-72.00647694579973
-4.997946483921504
-141.01727855608092
-84.50466258700638
-126.84702328993212
-72.8304282869635
-112.35929394982398
-8.490572223381307
-97.35044761034615
-0.16379190260087834
-223.52956847449713
-42.74255826611903
-49.24980260819633
-271.40333941365634
-115.95610589998331
1.2499824976259966
56.4667016833857
49.80698731543356
6.24467006911218
0.0007706201083685568
-147.4925874220962
-99.43725450015474
-6.085448127151941
0.019028555248198697
-291.23197786108466
0.03153555869481374
-71.34271443027744
-39.18422413483964
7.832552878372495
4.266669637986784
-0.42236098585459037
0.22002334883153712
6.980839175924925
1.5657995258755788
-15.454066013708006
6.073608166363897
-0.003257561525455998
-0.46804486839780884
-15.261313369188187
-24.052453057226813
-15.209499562183217
-1.2300190282887231
-3.512046026921406
-22.945695952127778
-39.531907673112926
9.198818325828114
11.206758007512251
0.018016968100582943
2.0639028549425227
45.53143866591297
255.51505180484583
244.91949410758122
88.26736452097268
314.96946808768706
126.22227276762729
154.6691462720546
51.224789145843765
52.701805007559315
54.38261052097721
55.026503757952526
1.2812824242424297
0.34404532146151806
13.82419083132263
66.3125861374383
10.443198450183699
5.141688044134966
10.413159509813676
5.88027399997896
-6.846036699251808
2.8964970162776815
0.4629071743125582
-8.473789349493222
2.976951699954587
13.704687731387004
30.688112905955624
-7.748151171878677
-2.8209975826897034
-18.264444714886512
-34.308582287678576
2.995822478483185
12.690917775063197
0.04526787322594977
-68.13126064981955
-43.44470759702541
21.829974266400377
-22.508696266733185
-47.53079345655948
-16.78370128813385
-104.82011529234849
-25.576804661310113
-79.11527574014455
0.35892859102130337
0.07169343631839213
0.06587671971945015
-1.2195530450590817
-8.532727272727278
-19.865513588208152
-2.968277306204986
-9.574742404227157
-34.832313611354735
-36.53330160147317
51.54276332721554
3.0148342778070414
33.312580520484374
-38.67650758220313
21.271561748361982
115.08531050857633
47.76947878382892
-0.7648901828982407
-59.33336315387757
-133.57599157932873
92.14123562777863
8.46459042091023
-0.4649904132231639
-46.268421557758174
-15.05986063807306
15.165553210487875
1.3971501786936409
0.4055522027760966
0.15956583793152102
-69.5496882901642
8.259957493558623
-29.43271108661373
-32.83659301429324
-8.882131004841938
-25.0398413668035
-13.600443759630172
1.6924956882784983
-84.49550462301735
-33.306542507144826
-58.984559791199544
-53.60794196901171
-160.02012494128687
-207.49800190664104
-26.914871328414037
-360.85278906538593
-158.87329854435586
-292.3959298074577
-221.4351521968366
-55.295988383201504
-10.573938927434167
-46.23362622398029
-72.5022510822511
-135.8746215450728
-58.84541966207246
-200.80795995278828
-95.6780803358458
-50.15870184384818
-142.03104384698673
-22.449097893942508
-43.52154544145182
-19.041692131655125
6.894626284965403
13.889530264394025
10.491012134498398
0.013641064446966996
5.330380214101145
144.95312147992124
21.107266339216473
115.36857445815829
218.4387724373726
201.96347488057978
223.562212043076
232.51972642833687
391.71004934031527
94.03868586813809
102.91568196321865
120.82385958644099
-39.32142077873215
198.82042917114805
204.49403540566223
124.09928923385519
-16.199844429856032
23.792986324181904
22.889452743844817
0.5803744830505746
2.97060641311894
0.9946554733754374
26.65923980264492
4.327340688566148
8.312850299649538
-29.65712510519246
-65.33389403601144
-48.44443924592334
-0.9639989579678256
23.280073171402584
135.8277597918775
-86.16343188765764
35.67701874425653
0.734171267473286
-187.50597794255083
-181.3125318815406
-0.6809525114286997
196.94649576571683
35.76181180191756
19.58680408504256
9.079007103551753
0.5582109026610589
161.83159314276375
54.504563734894234
27.16536973230851
1.8177453366573748
-2.4016176986574473
-63.985933175665465
-92.82677718529993
-21.552406568798265
-177.6195096817537
0.39242869593965196
-15.314971244979933
-7.738260892571768
-19.75945856702355
-15.811670205012895
-11.997549227962612
14.802068124413633
-3.442355143062242
3.7897781132260864
-100.41056076408499
-88.67325370664645
-114.90170000248462
-196.80930514185263
-257.6316095015296
-167.07497296057159
-342.8071573018865
-96.94761653718098
-16.415521749798486
-53.33542534930509
-100.13819063033898
-61.812509197357414
-48.643170879676425
-10.847906893942755
-24.52802999953423
-3.0813493646960035
43.56214387586289
120.14901131495112
199.31172858625126
300.70295492778
130.9699010193273
-0.00012746093572393852
16.252008591201946
397.77618280103724
124.69527384889
69.63870447595215
258.65182213149063
59.12992748433305
229.8376537702889
362.8632472012718
85.71137760491101
513.1670021154425
56.449001450083635
392.34196491671946
25.61141597256246
134.7887076445781
5.161753448043523
173.97787692745734
0.7625005524699088
181.61138661734157
47.161512374623754
231.6026073124105
279.75368210985516
199.13323232157637
79.2406703687794
27.7810387467205
6.706895280300608
-4.780611000142677
293.08461067738364
209.6247476763994
91.18331395664674
-0.352485817950247
107.76753401989068
30.73532927224616
15.490235392227756
17.4048813881723
-13.897818292499982
-2.0208168626469885
54.35817685768778
-40.08810183709012
29.269164580313607
-15.849090763074665
-0.07414065763865393
5.662493714156576
1.1333969700702227
60.262607693910326
1.2117241914326375
8.542765837647831
15.40811305919464
2.446505021520801
9.874646242757562
1.174091932777197
13.99932332128968
1.5828122343528657
3.2313110260728966
29.655649687644996
12.245463516276132
18.602548522425373
-1.2305887464697007
-13.392968794406865
-4.298935563542919
15.768018606623635
0.010743478342643963
0.7681729071782624
-1.3566858627067808
-0.7402513507723834
-0.776716072834523
-1.0933655240162619
-0.03649820196326597
-10.597581996722326
-3.3550702460387636
-15.038330874270981
12.338341912651849
-20.977733344726445
50.992907529778236
0.0029961990367586566
0.3629128299168379
2.354113230407718
-14.941311315532838
-4.365188116062772
0.0007879696430244883
-0.6803676990355165
-0.22642916533915758
-11.11880325718991
-71.32095114634988
-39.81499493534202
-30.78676611617219
-105.686110078866
-8.740979133226343
-103.41192252798443
-11.129647449936536
-0.22370600694738446
6.513335027474978
33.306543700164404
0.3931999143026311
-14.452931745245705
32.99159120310468
-18.583381749733167
-10.43014900603793
-30.623023122079744
-14.249360897932304
-0.0227988464649546
-10.179686993713887
-42.09211725182108
-137.7183196033366
-53.094997096654964
-162.7533941232593
-195.71799956322346
-299.4305540879142
-178.75239480560353
-73.71303126515858
-235.08601708043375
-62.612695333165746
-120.4456037018706
-9.286007479038215
-623.1058785768826
2.047668539325848
-8.995992513934649
-21.560877500093156
-33.327295631260625
-70.20538070703759
-10.81953908233901
-157.18796012204638
-0.016020315023288267
-288.4165160961455
-177.40938131635818
-298.47361903629735
-61.208261333091436
-66.85273791595819
-249.58047640449453
-29.152779856406042
-121.76275811677992
-27.827995954046855
-225.96783964145888
-27.951552277100692
-153.80366011211967
-27.924356853997825
-5.361764935996334
-7.633368962407169
6.193240119818361
275.9847770808374
271.2592871175589
193.55839442482153
125.46350647596662
165.85010625737908
77.2478476597454
73.70475949654805
86.8949022829978
60.61600731831152
37.52918533604891
28.55716078380206
12.796842841503452
26.89467316746735
22.141716408011632
20.392397923920576
30.09453092274728
10.842226767584746
52.82705374570459
4.35946012249463
5.238462870903699
-0.06547433499584415
-5.935558652231421
-39.370983596514066
-0.7953521063905775
-2.9792818939248518
-147.71267616577472
-204.27594084316007
-109.1932186152099
-38.928623354891826
-244.77439650756438
-176.32044308147152
-132.1172271707063
-80.06192949292351
-32.47823055975796
-5.847177680838576
-9.422004120962342
89.12469222652129
8.511113429548455
5.879178354829117
40.67093104596945
10.375781463446001
29.33610307568478
97.12676869766092
20.667169030478107
52.0583090679812
105.6527834262337
0.06852306154230475
60.0934298180439
15.24057692718458
80.51679055681734
28.705631150593103
26.705621285027007
9.964347922253886
-12.652938622040987
0.3495221040367624
-18.764713740921554
-3.6609989844460045
-61.731777148253045
-46.838080014288224
-79.31226077725614
-69.23589547994246
-144.337708895715
-286.916884287771
-158.0536840170177
-19.904457919434403
0.7732500956754632
13.926653857778131
-20.422385692460352
-9.169047930250862
-25.84047257048847
0.7924518651341916
-1.663820590418545
44.60771034953895
90.9562421209956
0.013526387460744405
29.875511283696312
106.27816069424202
115.74689503881206
32.1297787234043
1.8128866179105918
11.093189085482859
34.96897575656241
12.424819644399028
26.693040940548645
2.6045034742902637
-0.7557754920223576
9.136479198425267
0.04401323684497748
36.73416086394535
92.16223880073636
34.83380508687987
33.05336605843123
140.6049486759778
41.92985577245593
0.10623248442059022
-11.101145474281601
-6.500301568863862
-31.932082487725047
-54.43994912875682
-38.326721926896084
-29.97448178055633
-110.82560936238914
-125.0711441573216
-221.82894112018172
-156.3494663188238
-243.61170040485848
-16.089142724437668
23.50771935627688
149.40498950165482
183.48455269018422
417.56256900436574
305.8325974394371
102.05918026825245
391.0688155941846
139.60970281124509
94.18381515829878
285.6415997406012
44.05871984179307
80.36182329450138
121.80167234313663
142.82480395423738
40.95118835810157
131.34633688735812
0.7359437114735083
5.95253294718686
-0.01951618470219265
-2.2828009659628625
-6.673567327528337
-0.12600738341517653
2.6338254163696377
-74.03428917363833
-7.303721150724042
-20.170992241643805
-5.855934051855266
-51.1752890792291
-133.14712738040484
-37.71854663320785
-22.22826563889716
-28.53515051273565
-285.0510710588485
0.13665603571997942
4.542260671886819
-6.0330007327930595
11.207183484897868
4.29105804975695
-13.145861912871055
-106.90293390379719
-77.81271128461054
-82.53989258422463
0.10272560250729396
-29.288333428164997
6.762863975371522
15.168815959420428
8.858638743455515
22.839751039604835
9.300749479856258
-19.22261504787968
-7.693644303675962
19.67059676044329
6.9471599705988325
-0.07955714542144246
-9.654123707491856
-41.591761017456975
-21.23626142727234
-28.01731805671127
1.038494123342562
-3.124570527974776
-15.522452579198886
-50.746378269052585
9.757531488694415
-0.025456867870722266
-72.54825633051973
-9.744419926898605
200.98471489865355
-16.91257093714477
78.36456142521335
24.058633310661463
142.44356016597493
270.6448778590114
-13.654327687377764
115.95632864357563
30.130961499178444
45.91343676355067
25.386450453094618
38.01110978861611
12.46752125344791
-1.5512675875910031
4.666999369127067
-0.7183575050873791
0.00013951713989867573
-5.162312605403887
13.476933871250665
-16.93434348546188
-22.9266954716346
0.29951973308749635
-1.8680659434590838
-50.24168563134725
-43.79975238042362
-280.57385894819726
-161.68612579762987
-52.070163599570535
-12.933384512090349
-59.90762671458627
-12.380739712566006
-48.67184455868258
-144.77533565668642
-404.2724434968402
-0.013539755243268049
-276.0601001468501
-163.74961651917405
-321.49488401503106
229.21593242140176
132.27410762090014
53.983137203853175
38.92883737517828
6.656650665723464
10.012222513317615
94.1036667337493
39.180308440477035
4.962506441789652
-14.615025018860374
18.680242585858547
27.345439857251108
59.612149092420594
51.37338448000878
230.13560489481478
11.756682635527385
4.45045185411484
-0.00895399223783838
0.21164938410859244
1.3824092415103935
52.00065866682669
5.292593389039084
48.70260760530224
31.204041727043837
0.7301579374087905
-7.117244503907299
5.525377828702366
1.3554941419710533
6.179953025914046
10.751661061191733
-0.011238720881942063
-19.376779522063302
9.101854694879208
-0.7525322784914176
0.004714510764922064
-4.16245986547611
-20.78823596536923
-110.65111296412111
-9.268381294513741
-100.80039283308635
-24.66495859880216
-0.5805575513723218
13.692189559625048
-61.87626559730755
0.8692320207615803
6.70512320527748
1.2644318100754814
12.299355638326887
-3.364664625111132
-0.035011293376832564
87.09475461714047
30.090465888210584
3.338685491498822
-7.534605791474975
56.80358009346719
1.4128146977881835
-5.606461911803743
-20.451375051713846
-23.5635867123141
-54.33720447591571
-6.844429836867216
-146.5534425240055
-21.0284463894968
-28.503517682621087
-101.08058125140676
-38.85843276275358
2.808507202616094
96.21286410740407
135.87345182378255
103.09601089826405
108.52461988153831
21.369959434118663
4.86708727095259
8.834545350901461
4.109087243310506
52.14506668848709
26.210715858194753
-13.824186469024083
-0.05408671901672989
58.012923390869645
28.706400000000045
0.8577302084026934
0.7693437972948416
4.427689744935652
-34.78072990470927
1.4318757056072304
-10.274875877238909
-19.62237253082327
0.6321129687969815
4.407204541309527
-13.577195447520044
-19.431015293059307
46.117010503509
-2.079015416817617
34.45338440572366
20.21272334267887
6.082923672652609
-9.341085660654922
-43.77895433487765
-31.117647058823596
-21.96879432624113
-17.713550765571565
-72.44414101177955
-29.608832750485625
-13.877682904010488
-15.9738642590098
-50.515590049891166
-25.500144730890952
-20.841104594330385
-87.71836116404506
-121.3827927752961
-98.71934100925267
-115.72923709939232
-412.26963537453224
-84.61159373821201
-277.3472499522418
-170.7294253866911
-127.00447501915988
-217.50714741685198
-99.37372553737568
-91.39241691707403
-15.50597229489002
-27.395559580716345
-24.369811521795725
0.5410621326616256
21.34308634115284
33.650827465578274
10.541118594128173
42.84803236653036
19.329705493756137
0.6474569112516052
26.89111640231956
11.050346974063402
7.768307316304011
6.748147506788934
9.076487583708005
108.33018264263028
95.2544457459439
73.36946102505979
102.33767578177515
193.94231633075242
200.37191095882224
255.92864342921615
107.343869940393
23.68865886475279
81.54466283314736
20.424166972751642
134.29211447897939
119.74034604431482
46.26661882650907
73.77998120512108
58.06150564935895
6.906010727672198
6.626986832377579
6.813329270357202
19.096738750898567
-2.4757855020149115
0.03491794106676627
18.425456983525617
-0.395061446230062
2.514045031849291
-19.42658788661752
-0.6888204852074606
-42.092528411380734
-5.047867866577907
-19.440779565488114
-36.40225241149437
-38.62811620693469
-9.856478676299238
-46.245927930235744
-1.0515700103319685
-6.06973816163282
-46.311502611150296
-3.6221527426346225
-17.682494635799046
-23.641132696224396
-60.14945781281997
-11.14926051252425
-25.908305829635104
-69.28759668477608
-50.58954600292084
-298.62184510250563
-245.99990576927615
-144.4447659398575
-359.0712312511747
-9.135858840904245
-39.31515691821829
3.3307041543086706
118.49344136982128
7.91333705519682
6.447597097121185
12.641362699515916
-21.684750694545976
-1.587878680273573
-41.22134097421206
-55.19739521615094
-160.61945022189832
-19.891463236243194
-114.09354201711406
-67.76008912101341
-30.524909171466557
-0.24256319137960775
-25.063221163592118
-0.08567278330298186
149.50118410786806
176.1031715026001
200.72331295927484
136.69899167308108
47.229444866140085
100.07945482484101
31.383259498423147
19.045549316747085
102.36328152721602
269.2314950434672
171.67788778112697
170.50969691063253
98.36617517573873
57.61174818275173
130.7938474032302
161.27116984648836
38.43619174179654
10.72082681054794
23.351288443056237
29.483964741860078
-0.11349306431273787
0.10959357927928685
-6.962850177396928
-2.1527538354253744
-0.06280373831775965
-58.37392904785177
-20.499357464099237
-58.05405700044727
-47.888142677389325
-109.59200953333037
-98.76694419520292
-82.58982069678922
-45.17248104135062
3.563976941296233
66.68778140456641
78.15912587982893
-2.5935730451510617
-24.05645862630155
13.59900592084754
0.6049149161036025
60.53906374921101
2.491039957378784
-0.6904653448730453
-1.6290481764845242
-2.186169231683396
-66.18012312524726
-12.329978109554816
-49.78916353297258
-117.46819438444922
-26.272255261392527
-4.722891589321609
48.17793293712854
22.780009079018193
141.38048278195598
35.521407014278104
202.42946308111988
57.42005278310933
18.216238256182688
13.210787051899423
3.98503295768659
0.4915605837080881
1.0157188256658636
-47.70992287557267
22.780702389078527
10.510384548701406
11.692519310521071
-0.027019960745103107
0.43662363434153856
-8.573751641616806
-35.110384615384596
-130.93618769786866
-41.473103631792455
-24.771026459182217
-29.515200877969527
-59.23950390320776
-178.06410700197227
-126.04666643731937
-216.2614902976544
-72.11007383385942
-164.8502985289461
-214.40199327515808
-234.0883072501797
-102.03861625759278
-28.505069318643912
3.1194387197501974
49.09193833226526
92.22457952193636
62.55767097344378
177.07346646914706
154.10115655715705
30.393969515912673
5.317232920925227
7.628467310412706
143.1896426491609
243.11943410756413
66.8474785448733
47.3397807406766
64.96910466582595
49.11691570903308
153.9421041313205
281.82954469792446
35.91005932762027
117.376053017003
15.318718019501308
146.609277200758
70.4451556231061
163.0702784614641
74.15197846363839
59.538203667545616
10.183155761128148
16.13331040243725
32.17610009600534
50.0942323391651
13.888568078957348
141.37779224227336
120.18550990462202
48.1358213811813
41.87810130908838
14.416733150441132
-0.9288171235131584
0.2360043811610055
7.659080692779673
0.35925718245392957
-3.3450556541377527
-15.757207472109275
-40.38199659779434
-0.9801701994174283
4.407596583080729
-2.342277037845068
-7.647338693706182
-18.891896588649224
-10.869122417240632
-11.935702077568642
-23.689586361380155
-1.5909597546785994
-0.3116012047452239
-9.753552177163815
-59.36997082776222
-0.0006760809269711448
18.77321341770175
7.460943198539303
20.49004910070981
63.97761632865479
1.1278037286462552
38.92356252310374
0.516521185750856
0.1386085980854952
-4.376885484071361
-31.1753631349281
20.317034796210557
0.22050929791270923
4.8579804363764865
20.216255912546877
-6.282782608695675
-1.4209363370128434
-0.007179688244304923
20.966814924497463
18.39094559855486
8.487421592231836
-0.23949647214811814
-1.197458455522991
2.784644949613329
-16.882389375748694
-29.078012854847323
-72.1525470304344
-120.79137053973756
-109.5953920776071
-132.62855914317223
-86.45692009612243
-222.78257708850805
-319.9292534412437
-12.389962844738154
-22.138657755961702
-19.479851507817145
-309.80270924870194
-389.98416247438035
-300.9857079381087
-142.9916710360228
-40.64961222808358
0.006161705217302111
4.564122246288778
-74.69288432967019
-1.763433400044479
50.78393457393347
28.4931037977483
40.48509093517956
2.19104500063432
6.35242103249915
8.750917284817879
-19.55000056814957
-16.57108097372751
-31.7936572017256
-35.55570363669264
-193.43054835849426
-152.5043554466372
-212.97292975236445
-190.3791859072187
-34.15122596481665
14.781350632776796
13.675928010003569
14.71954700414489
1.1010092423399789
-5.071820353111979
-48.64284525013614
-83.67088175375676
-176.01952611767132
-80.71613483503097
-50.029211843202674
-126.06087900599134
-62.73253074212987
-1.167944740428687
59.49780704495735
114.61321464143425
294.2558149278134
302.83513215450284
103.94593186405098
191.70217333598777
64.53308302270418
75.13459271636347
33.07714247275669
-5.888608823709893
48.958615807182554
3.923574549560617
-3.4174160548383896
2.4465283094649544
352.5439590801078
182.55056686865436
94.17994461569933
195.07139686412177
31.35544596497871
72.38198226289148
100.99757407692705
20.131597645799847
4.622191784902247
23.946649236216935
23.630592440479973
1.2677019466631165
-21.63171288827435
-43.00531297636046
-48.09467506187023
-28.303689428398414
5.124433902063993
-4.739804025237071
-16.62683269476375
-13.85934537059939
-12.252318203484979
-7.198723646723657
9.346318485174199e-06
-3.7785717394099305
-14.038254953449497
-11.13298761818768
-21.68451253753673
-35.538351074199596
-22.84739510647941
-105.44378785384322
-0.00924118139423596
-37.583109219702344
-8.950296834651096
0.15951613698764977
1.430825420163783
1.5882275844451748
13.647265628389185
14.035397070957096
12.555258425798392
0.9738872668484454
7.867027932960908
-9.85422640418301
-4.891255018745515
-0.04641356152513032
-8.86178093389188
-0.3283271375464679
-3.4348745608392286
-0.3151695491277102
-2.1360796168811573
-1.0126701366831303
8.050344320385086
49.061767987576935
12.144417058185805
16.236797760936582
-1.200433761951873
87.3510031820466
25.43038288770058
-0.10767978290366262
-10.974112406240097
-32.18692965369377
26.448823845809127
1.939198576583821
-4.3111717996568375
-28.966687351266664
1.4933435289173282
-1.063617647058828
16.333471160626196
-0.7333166985499979
-20.29812129647202
-32.32881204231084
40.218126140498484
53.09482701794788
609.7893004628909
767.3098214106125
696.9130795490403
383.0544419077745
70.49001644417538
156.07486228270827
498.23309458902406
496.17388266897217
41.662636659115485
4.105886713917156
65.22052240619682
2.445314808688952
251.7812642582889
107.24563677527208
121.790231609568
78.53930762457964
-6.266437850923339
0.4930882284436546
-0.2489999553883432
5.884425649837606
-27.77103660798356
-2.1297795757276745
0.027135960382734158
-14.867693786150816
6.2251607551065735
4.105599276691089
8.636871261035731
-32.74298325166379
-66.33343050484588
47.7887109885099
-3.8820992082727215
-14.626187358252404
-12.009018652760648
-15.234830079020494
-419.44379504504536
-51.72030975859005
-67.52033849122833
-123.81254370491129
-164.83329455818483
-410.019600953312
-387.6495058191988
-462.82927197099843
-10.10316581869079
-260.043673730239
-258.6361165575471
-359.1246502644319
0.2788362764760583
3.9157428979043396
-5.18168065163113
7.723245661769169
6.915166042748487
-1.582904673431468
-0.010022427511080737
0.5803859607692637
-3.2421279881400946
2.8357613291760853
-0.0017147361587685993
-0.031217754085060334
-23.7800785754251
-5.929124535276937
-13.782225647535252
0.0011474401137258694
-4.411200286341269
-0.006078661210477659
14.980487233017465
32.506588881429494
272.95654447964245
221.53934087090704
4.150858913527639
-2.716240884192785
6.599769127915613
21.550951931492527
102.11681265596245
48.74686803206565
15.24350537125274
202.7712479508911
41.00420221487632
17.589756224516325
3.0296697029264044
-0.4861726370053586
2.6800114689420957
2.629647595781109
12.414481621478666
1.4234315158040507
38.26951025841453
-0.5029656096471722
19.038236937562665
-0.16928892717006583
33.51633984721218
13.531372320634107
-22.27228489718392
0.006742917280572706
-0.05198648697474427
-59.14807550915942
-44.796346865321894
-170.54657046408119
-151.20046356931147
-325.39362744296335
-46.42767164235749
-405.28494941361555
-18.998838948079765
-71.1101012740934
11.630739050723081
-0.4738615885342294
-36.24621135827648
-44.66470653723305
0.5906452326728434
-0.20744809345382492
-11.42426508878385
-0.007101638297022516
0.1892228186622833
-4.4497265020273025
37.38778801695867
8.953851068077464
-23.92003892204471
-0.812474850854626
-22.643657225928735
-57.22199197317617
-136.33991272755978
-120.78197841020618
-153.4040364018829
-100.93779548034259
-157.3207869495983
-252.62019553935204
-144.13689473571992
-47.37967310288161
4.576263765840521
14.667090062834525
9.30392776523701
0.04469982184903277
-6.0820338087691495
3.700312616578391
167.27510877674635
128.96352376921996
115.43047120499563
69.55223609720571
38.17135310876489
191.13327320527128
57.50861319759139
14.919859299710872
32.042236140053575
4.553569576490908
-0.34943241828821403
1.2119793577003461
-4.933123714749986
0.00016082341588936569
-1.0035984739713566
56.29197307252635
5.953834525263083
3.457690908611657
0.6686841010565969
0.9737737234523178
8.255035927062677
17.853031257337808
24.419756853972537
-5.259691693973458
-2.3294596956456157
-14.551249859964882
0.00045985102725705344
-79.94985423017002
4.67047507674317
-19.663214594229544
-59.36969944341379
-39.61797719980174
-157.1293169035199
-0.22603802651315658
-13.141625732016394
-2.6901088929219625
0.7074421900160901
0.8982135797650623
-0.015127222923666628
15.821384415992476
-76.56486904414177
1.5747799241961251
162.35054441260763
19.555555569388606
-3.8327356612990906
36.19427160300038
-1.3265455173946388
153.94122821499693
3.225727663096908
-20.074106904231606
-2.5274523517287726
9.14398004420745
-20.468259379398976
-13.037312034775237
-2.7282004551661285
0.05811690181399427
0.8461676794063692
-0.34581922833032436
-15.324185307103814
-46.18832925213762
-81.52051871367335
-84.58858470386087
-318.59450019843
-14.956042015842032
-77.12243142305206
-0.2798097283335076
-19.301120688074217
-16.312339441818274
-108.44125725714613
5.633462831752151
3.3986846184762047
25.926366167307393
229.74287885146043
192.87434558832717
174.26605061388125
304.69509394493684
107.34069964971724
124.7372017779382
0.841339431064877
61.07500911622907
23.644789974878798
41.73426994435331
5.944225419402386
-2.382545454545461
-0.046338730709337715
16.927039206269292
0.3853312990017436
48.62875121006785
13.357551916555204
2.1194945799912763
13.829791146533449
0.8803588080275666
-2.054174798372876
-1.8236346081443788
-26.407033499658187
-4.094504281367201
22.60808642963582
-30.850312611274134
-12.929274481247354
-41.32519460858523
-18.700046979334342
-30.499447125885673
9.73816666888323
-8.927880753707916
-10.35337862154752
-18.93896726548451
-0.22510269389655582
-96.49084150489121
-11.868570586830174
-86.77586879110018
-47.86414886790726
-21.58954599322328
-73.49466307235754
-75.74572706425506
-126.38098976109208
-210.51876128385163
-73.92667017046752
-188.37370675338076
-79.41693448006258
-5.831859194674577
-17.96545187656381
-6.850310160427807
-35.32392683591802
-25.018311869126357
-72.77138907378013
-97.06684107828372
-27.84117903930133
17.951164653434244
2.5244157266264673
2.9716494522691828
-0.05543006896551857
14.181759862468317
-6.426946241356237
-22.436156784926105
0.3775030761314593
193.68993140432218
22.10173596646867
22.317124692963485
51.167704722056214
12.754601949808892
29.63999201756132
37.10712411613158
0.13937569754464632
-3.446411418975647
19.185909210411005
52.52313635200822
75.17710147732403
-17.156186081982888
-125.88605062373318
-8.422037062904487
-45.80417201668708
-170.74305017358088
-71.27132921931627
-22.716857463524097
-59.125158594385454
-11.757029970849548
-54.03059262543415
-11.463354556455357
-80.80334933323714
-70.61775975039012
-0.3844787208269455
4.12808193526196
50.1615683841382
162.61770527418693
42.64684841320662
169.0594843058164
137.3721937897698
27.178462243302935
0.6756768832097229
64.59839353766978
10.641026341049875
14.101477925046323
28.572852779940995
0.34481549595572675
-8.920641969043391
3.2260887728459573
18.434686237611334
90.90030133914672
26.25360910179645
5.823608522322237
16.494819358591087
0.12584704656279316
0.7149294800149097
0.13632788537691587
1.4168724100327164
5.181106703383468
56.48562086853418
91.22822706065314
-0.04485866865731779
2.3031697244506386
54.34281020023956
-17.337138722223848
48.176185339156945
44.87704016541289
81.00481986463979
11.63888931334164
-0.22950359145921567
-17.73188774826776
-34.16360286943266
2.380112687743763
-1.9983414203793681
-11.203075985062135
20.00367989956987
0.48636395759717327
-2.4003967792006224
-52.046649365394764
-6.399492984287852
-48.557469544738254
-11.091944433323999
1.4040589935258945
11.59878904353984
68.10727641009662
-0.7265282145202034
-1.2806477557361633
-0.6456714350797268
-0.30109183241642407
23.822936516170394
35.85156762107257
-2.800822457500465
104.68739064317832
-1.6753057651944938
28.010767191871565
0.7381360693023744
36.00504639975759
42.081050668324494
-0.04110131640808608
46.06749091506356
4.039994643992892
-0.6615316409999126
-14.209268854518802
-15.225964023686306
-6.939985859849653
74.41768457730288
170.003471841283
143.23696418187637
18.174866363096505
37.88257795368235
3.9999546536673822
91.18006079027359
49.675592452649326
-48.35507096827659
4.094023730850095
-1.7352354505695393
2.4488929721881987
-12.604417271873931
-1.408899274856073
-16.295377064242352
-34.16040007493355
-89.09114306687994
-81.05021998087116
-54.20085345683097
-114.16750839418012
-26.358627382909496
50.12002332228193
0.04900222232300664
4.9579143824434055
6.443609982431666
-58.320238547126166
31.34327847865806
-25.670292547533943
-1.5978300180831897
-54.311893514641376
-5.323138758840534
5.603514340152448
-4.564820572751933
-0.4993561349406548
-22.179013697425386
13.801041914355475
-22.57270618660845
-55.13701696061306
-199.5074923763557
-232.43115817878095
-252.6393169984102
-14.947504622870996
-3.3181675362064644
1.1695131977087092
-0.02357014832324776
21.69898057429564
0.686768218436747
-18.460414794666907
-9.090177009459687
-27.008231659936598
-29.965066685891436
-58.63239855882729
-139.13618714385683
-211.3905994059255
-204.29610572322653
-161.51589309547413
-62.60504269436431
-157.15549597855232
-176.88635731310626
-6.925214530025553
6.558146714588513
7.072036363636364
-9.798226423381674
-22.021987926553177
-47.67248113515481
-1.962226625510304
-48.25779345012566
-33.287519639107174
54.52896436862822
508.38087816383944
205.9216051384244
114.18443924174909
74.78331894868023
197.67462936758463
216.484461591179
100.50187656925516
111.37305895491134
212.71205768374887
224.3961809220569
113.81100546975534
174.58512422360246
204.76582829192964
175.1066669517436
72.33874364348257
60.84612923801579
64.05276669039799
17.11862098254073
50.13442344449643
13.313676658269397
2.0276847381672782
1.1847022456671943
0.02676591339536915
-0.030050260713613334
-9.70097875902929
-25.570991009661473
-11.834153482451317
-25.936947706539847
-96.33855154396781
-7.494166456875263
1.0819276257722907
21.49592324597472
7.977506429229952
-7.098984294028532
-0.8235681867977046
-0.29368473739239104
-6.435290630805967
-12.367654285405482
-0.6590135338345873
-6.929264538846004
-17.440125544452954
-12.558108651536871
-34.86180443170907
-26.578158110125024
-12.573472096886025
-19.048563541420005
1.1615057836011715
-2.6727123260573693
-6.507653868162573
-1.0478461588189178
-8.773148665598663
-4.802525988085908
-19.5419148863325
-59.52308311095652
16.777709986475326
17.19584199000505
-3.0856182531893923
21.621959449546697
4.025580534739585
-3.3822232854071443
-26.056498606029965
-21.072588769143533
-31.89249952798376
5.455972887327495
-36.559084832163244
-94.64006566745198
-91.23553894890745
-42.17445624725836
-123.46304227738511
-87.162109274422
-78.90300015780721
-36.851647841214906
-80.73691774251886
-250.21804864317068
-98.09390121931477
-15.332800000000013
-167.37007706124334
-91.76204028069914
-104.63919008372795
-61.812237865210875
28.85525494625007
96.44208321619352
145.29476472100805
131.30410229990798
187.14851499218415
46.241605050207426
-2.4151794871794983
102.1757214846399
9.076833489896686
12.522788168289539
18.357093778252686
64.09187548769091
18.767415068699965
0.11933051650032962
52.793809805079746
40.67087656876696
36.827649179014806
2.647576625789098
22.645991142977625
14.827769681722167
-60.80165908161878
-11.904627179423764
2.083178229195436
-5.283485257371321
-17.576357465132535
-89.06880814095365
-12.236530952500027
-80.40332197298301
-62.48353180170169
-60.16274842664367
28.443300675228436
18.474583373255467
23.185610428544756
-0.09225167059431613
-0.7146842784418782
-3.423537265718056
-20.083565932052572
26.69292150851923
32.82263871210627
48.19400098855554
54.39375932489948
69.21997830568765
13.953350163903858
27.36011894471151
31.159595368510338
8.068930566018118
-0.026379386245190234
-5.36370773944995
11.495856157092586
-0.015328068043742062
-2.106673596673594
1.291018870163774
-0.7641840196537213
-33.45511501096835
-13.870421052631594
-59.4755706386589
-30.885002061643085
-6.064272668296795
2.2416390225222145
16.745709488415248
158.6394399669352
109.75073310928275
80.11550640801882
58.821079691986924
202.71135001717008
105.98146399631065
15.886474157409873
109.16262077381381
0.0049483289068877065
5.202963220434901
62.738517088367345
35.685867728751894
133.3825064215801
11.515540869312584
43.57667401037594
44.01614681091232
-0.0015368524408207705
-2.54678011508347
56.76119461509704
12.450536306197842
6.781540256195801
-5.035265674219289
-2.3913587957402567
17.9399376654158
0.05077274080905284
5.041984733409478
-0.1366009184672119
12.277554670579173
-35.31636410097103
-22.815480264400378
-18.31215425916699
-163.38680655103542
-42.1525067092881
-30.508907172958214
3.7966639877634467
0.003404497158388799
27.79666925588083
1.502945659786602
-7.5116586959362355
22.006331927784828
2.627800957253667
21.44906690100131
-0.3648483389504111
-3.18469496514329
-34.12090631157821
-128.78160123791753
-22.479251914550623
3.504024467228275
5.5974227188516
12.1140450005682
36.51931882199229
26.785494872055803
-7.13818483980201
0.55481060118204
2.047699414667741
-26.292689283697406
-42.620315944616266
-188.43395509690785
-159.1623541349075
-16.405183983097224
-159.22726542775555
-189.40351601742537
-21.466784251219973
111.4664099373361
127.93720968117276
32.072402500695475
60.346950567301384
25.77432960510046
35.521386171712614
36.467014243939204
33.654508418324525
11.63918755695317
4.298980039592956
-0.03998169412547904
12.931339181019364
3.667119131267956
6.001910873938921
-0.010765860469595823
-14.745723610808305
-7.1831412408591016
-26.11808428928908
-7.192367987076343
-51.489666831449824
-30.298417104475654
-67.09502280020263
-76.44890355674583
-118.17326533143188
-141.57877950451908
-52.08915978835969
-86.23557976245169
-26.360795335992606
-38.78290642905206
-45.92213062336239
-11.40020661531492
-41.327485458716716
-7.813799625912142
-9.496030260800309
-1.2043010573640816
-0.005232822440350409
8.271124698090546
25.782781735022866
85.88214022192385
83.98039838896004
87.3811903539478
27.70120083144476
26.74465575676789
1.1533275699040952
7.115209412096253
3.1035366243426106
9.488093517349498
3.224426046779222
0.00011719702225805847
-1.2512560154818457
3.686566802764359
-4.1072898804632585
-6.6941126544688165
-17.06159870284229
-3.979680986933542
-2.3661867608746103
-0.17919082976532438
-1.3314851485148589
-4.720403992463776
-7.801809861556288
-1.5499296406752203
-24.304237155999033
-58.2299309212389
-11.609934545912303
25.697556145704326
12.736989292907865
-0.04014953653915125
-0.09734128388852714
22.51979079624131
69.82265574937702
16.985451100508513
19.92202573589497
15.321535969271789
-0.4908591728495647
9.88665446506754
1.0962434230120037
0.2343299676679389
0.24796400827139337
1.6235394832090086
-2.221771135055809
-3.9962023456266698
8.850148932593699
0.8048349984862272
-13.35926028663894
-27.830845358095168
-17.251037456680322
-15.68544773970634
-2.898606896072782
1.4173696587324343
-0.2740614920621709
-16.853283568447015
-0.5198552675866761
-48.34914611005692
-1.7091536348129444
-3.48469719110245
0.9546287645512564
1.4146598756556437
-4.49100835783934
-6.224300078706009
-0.49053243134299346
-0.542155859786368
-28.083754879229875
-29.726942005688194
-45.31338968915846
-101.8999907644325
-33.73995197199723
-50.81901394064354
-141.41966474661828
-137.0107213350081
-28.74075268817202
-71.41140913576766
-132.74811961108054
-38.64792844174657
-91.67318094921441
-119.46781361922149
-160.2847478233587
-205.8426413785857
-255.1726382453977
34.625387481578315
209.19297057645082
0.955992754929765
27.40645762237763
8.865337076187545
10.257767834443486
7.599833406400716
3.3781917911859303
3.8503150635208665
0.4041096649127696
0.043059132720106155
2.9510171306209845
1.0208447335693114
18.36240893253089
0.5984235860409148
1.199796007896469
0.43019588638589507
125.3584087125178
24.067177483819375
0.30922816835723343
5.92844588045234
14.539768115942039
0.0008303810593623211
18.581954755898092
13.459682436460184
12.185351230057766
24.530430664258457
12.222962027022493
0.4486801857935898
1.100588588949674
0.8977190265486719
-0.9859926186082467
-1.8041996982581294
1.976686137566145
24.97752023179143
96.82404263915211
59.13099486909212
35.865548693500926
4.949585811139148
4.966670464976416
0.4769635689437707
17.122382322258417
74.86965935321419
130.6041382677378
16.75686458667398
53.96937678701232
0.2838781550145205
5.450500556173559
87.61217693005091
1.4258604068484155
15.434948108843205
-6.899590797041906
-184.9187768585478
-46.93612156114609
4.47259807997583
-141.4651006671784
-2.8659209210823366
-79.98371609681581
-255.19616041286707
-583.53596420995
-198.83451513664755
-292.60955765932624
-3.3777228532485233
233.35950177697305
106.8926777418515
59.56284207493709
52.90870707536304
171.28109385371044
76.74688158969968
10.464364937782165
117.16271030191285
8.633218730871254
30.025234506950735
43.447594075543876
63.11107946715667
126.46846731951706
4.053592620892902
35.023975129655824
34.648817248460034
0.2001830491816691
-1.1652577157768702
1.4888927901317226
0.014141366410710841
-2.597546544497514
-19.725572809278336
-58.09327212020028
-36.95509715343165
-107.60892128481794
-49.369723333259635
-61.807462861153326
-85.75023391979082
-27.760248984405692
-52.24157159952135
-203.66424277125685
-176.32271066117124
-221.55598898258245
-131.83433614868107
-188.90791823051416
-122.70298001898543
-9.957262905162061
-4.867025587930776
2141.2451949447077
1142.8316093653034
2541.331653498938
874.4446741795157
544.5530221225141
607.1934221498487
2153.7620153426515
781.5426933872739
675.7303114872732
760.0990200032701
910.622931879184
452.5428201543997
514.5024948160334
0.049585155639952035
-13.249114818539756
-13.594287203164036
-333.39371263403973
52.241783831641996
-5.250372010628878
-147.5795444836289
4.303067180578998
-374.2318975232926
-11.064540722165606
-864.6991663247745
-25.89097868601791
-1068.9310255094256
-2699.762335031789
-1491.7677236458544
-422.47146247824014
-371.24886400126076
-1186.7816682557
-1002.9935283620142
-2055.168793384225
-435.8155180231239
-96.15221234063435
200.7705967024341
-971.4489282036446
-675.146466455709
-400.8129849222662
-808.8122797927463
-379.7900000000001
