139.57999999999996
45.18251296370164
54.29289447764134
76.14844635958397
123.278694214876
223.93543687039266
86.80520669185101
169.0118133121714
103.75547297137308
93.57105787348594
290.6714992958125
150.3399952254542
127.9242293066295
229.47971198650498
108.99884189529561
265.3387420109525
26.963648320462813
332.49796507000053
186.5882873441052
413.9015288656282
232.99293300488637
118.04949580872946
256.62239121721893
68.78661791901611
4.3921891977447505
62.074911204391356
4.831673831908165
-5.346290244971698
1.1942402369054375
50.303057572841055
98.0201923211275
46.19996992345061
-6.875035390888407
0.10127286483056565
-0.39772995719188775
-2.9169113911057445
93.18153748434106
121.62362330097089
0.04175243582139978
6.946072058686945
-6.60006198757073
33.1420412098383
24.36697336910074
39.5763410301954
-0.1636208853575466
45.33129949541792
11.00162566088009
-2.3957969407265827
2.625968543488755
-14.303047935232108
4.581313354274563
15.528297149254326
0.15160116794636325
-8.886497943122908
-38.83516225800578
-0.026174882732985356
-4.647421226580557
-38.25634997633695
-140.8150580798635
-113.07105445687614
-57.921073444830306
-119.5988047168126
-281.6747198188454
-349.36154496595566
-226.79556178996086
-346.1728274097014
-57.231931809245616
-47.45812428984459
2.6520617431121196
1.9776059562198074
-49.11413280671437
-5.628451264069402
12.182219419924314
7.675229474757778
60.32232458847086
1.577603126156113
-93.12703632119297
-139.225472251512
-70.71213888003874
-23.191910789632296
-23.1314150103827
-133.9770668305561
-38.408659320477526
-23.047583215104225
-81.11482188295176
-161.49728250180297
-0.8568052289389994
2.5264183583785225
60.36628949137357
17.806232741617354
103.70457791509416
282.49583108019215
416.052130842357
739.4276523579007
300.2586155125314
424.55001669343045
163.16212317594682
327.7253234419585
220.31823259131812
116.79791574375679
43.48093267338536
34.47519879798532
106.06443079349339
-3.2919551227585395
-31.6759566543522
-297.0025779146787
-3.2594545699468056
-13.345346901854397
-62.24057307548137
2.016109035407089
-6.609160901717531
5.918028656468461
83.4852058791148
23.060237019167843
10.100642791685479
2.642403795466528
-3.2510087469873072
2.4774244043321123
50.228794841404834
0.4123474753808629
-3.855384521844855
-40.56878161874498
-38.785153411260424
8.590957642725572
26.90183582626001
1.3533352517581723
-284.8830889150255
-107.47513843411559
-17.221282241745854
-21.27425277593316
-77.55898272605327
-115.02791514355872
-109.04018810431872
-105.86921871650452
-34.837422127857884
14.249574543941971
25.42302295480362
123.30232464491299
10.789699025473615
81.35242709873731
101.14584731836712
105.35930855278713
12.318771379414986
-0.3321930656549687
0.14829251554792888
-11.284197573579448
-44.73964105902341
-88.6125665848559
-87.20315136586053
-157.01147639653317
-131.6734749160899
-124.00738012299466
-1.0872523856169631
-0.18817524115755305
-2.0189260795595776
-192.6321961566242
-239.52498026643082
0.07978050568500315
118.6888079665045
136.04505207314392
62.83581465064992
92.21166924056456
8.426341316445548
14.602896352055613
14.695685617171861
209.04036490309676
124.73611229536158
147.0984995702534
232.29138839336548
55.92045383768967
50.40201114304282
46.39019899679303
26.27862102254804
-4.654783470782119
-7.936570607961731
-24.34258905678909
-60.76134665422947
-115.91630658111566
-13.3497525761758
70.3830194154695
16.05019671412527
29.603482793408766
9.28411406247394
337.12349267414254
959.7038183509053
166.41099461422965
-0.09757144503853105
-2.970467190340627
-9.302772590728257
-14.644349941589475
-15.708283152589903
-50.79005594997027
-79.84110249095082
-52.10840354767187
-204.06245980260596
514.6067873696966
305.73047756015734
101.39902958632024
153.62206121532776
162.95287243215557
27.86444665403832
145.39046480876746
27.260312448577977
5.541485672201378
-4.258711415595416
1.8464935265342715
-2.4249146697320727
-62.090844462968704
-50.82273196794289
1.4925997916192282
-41.870357444701135
-347.26491437052067
4.243034130260347
-30.924606378365546
-9.38969471888316
58.21029026205105
-22.952341490604642
-58.14778863216204
-73.3561239261654
-5.539643388093046
-198.16756516226855
0.2748888402146523
-121.89865665125829
-78.10083506832716
-6.79876922213942
-10.379939244772597
0.45698242388486227
95.3477399177616
49.83999284267587
86.6611386645433
0.14991980649664643
10.710384033867546
14.42961547081612
8.86023356123525
3.2983273228856658
0.1491106623816179
1.3797567613098813
-0.00017119838872107942
-2.3878519622128787
-33.06328923896042
-23.971853722009723
-8.670221916394315
-50.967687882869996
-32.31340006066121
-119.37002563912574
-116.23926471433847
-89.40528109500018
-97.38828879547879
-88.49366678828488
-164.4323049404017
-126.53724645750393
-248.3618206617831
-120.05129740435738
-69.36697477191923
-16.266165769332908
249.3603765999559
89.99554985740076
60.70053292318865
299.6483318330412
133.79503731241783
133.9583344083959
7.3396413693171425
12.616891708384832
112.57349466706326
54.90839080649823
46.68112989982663
6.792159656830175
9.35733333333333
-0.24675157242544643
-0.8344295946650582
-0.560555035041039
-0.9317230100106063
-23.02623908147011
-117.8872816032489
1.778228001379302
-11.861060782537448
-26.212610000994207
-22.035235689683407
-96.96129422179852
-203.12600416233087
-15.137130011240144
-16.889168907240233
-91.46494868335587
-196.27192196317213
-243.5925187147654
-178.14428338248246
-74.31147055664172
61.04214489471512
173.08183798324762
757.0334693072278
622.5250303836885
674.7692270983434
348.70550939512896
248.41872455204685
68.22813123859979
90.70161320725859
136.9829452478595
81.93562667407895
51.824489921277674
47.70094048211439
-29.329880366545634
37.042978355204184
-0.0017777258852760584
-5.3570955914037235
-5.237159975293379
-25.356714382540318
2.5702231008189687
21.22318792423207
40.764859937888275
-36.87907612787957
-1.303354056868733
-124.50378931203937
-90.12650886173336
-10.138775773195846
19.74887604322757
173.6822709985623
423.6051011113137
81.59103121008592
232.95635814616924
63.86081676989039
88.03630131277342
17.216648257241037
26.32472110032807
5.412653411168419
7.279442286131448
-1.9259524073457936
16.64833537581692
63.86437420800331
-18.71906784882568
-3.110664574917441
0.1874105357797769
-173.60016337123892
-145.89717242921444
-76.19631218963738
-175.5031900738004
-38.188907416574466
-0.005419475925793633
-26.876202214955708
87.10188603017478
-62.2192442474278
-3.8224618571523026
-219.79293927387423
-189.09575460435613
-92.241798114978
-53.944929726766034
36.77374434966599
0.40012121161142256
-263.02467692170586
-109.83989298562311
-231.77529313255738
-81.63874334911
-296.9129167374201
-436.09401984081256
1.0948308658315336
26.122666666666653
266.96315945585184
46.41572621563145
118.24341407753005
17.393955188519637
19.19668515011203
97.10504372168629
2.454880660649134
-0.00450566887148513
13.157377730690843
-0.22340732259708132
2.093610017589428
-0.0034420370463403922
8.057121999933408
-6.535662980352001
-0.015340349488343053
36.03379690461733
16.05618834080719
42.31945164299776
10.88216822875496
0.24756081822288267
-4.67696447017563
-23.74901696054159
-9.097572165522404
-59.19015903233573
-38.35563625798957
-22.511509853151004
-46.21446176569744
-178.17402265463681
-67.43626318269126
-42.9927966323276
0.06171899279228516
-85.35166335041286
-192.72000972518828
-86.7916375708816
-136.1371293308904
-219.64025710650924
-237.163661336902
-319.2133427616353
-243.12696901465273
-418.20216953693756
-172.65579468276155
12.23266345881688
86.61717554402591
119.15227722158522
114.23605105676434
45.83366099570531
72.39157783791055
40.464894384637795
90.44350217155848
72.89075644047811
3.3996164188114038
-0.32145533203547505
69.3943529516483
0.02273119128204488
-1.0918140531476392
19.83851966075557
99.1106101296262
0.2596657509554323
58.445144795224394
6.377716593470728
13.890015659977715
34.42269168567287
78.40392121008841
140.7595751552795
14.559602622334577
10.872974930838803
15.897414568284612
-6.867942365367055
-0.33745101596516164
45.244430256713215
4.801556584981703
17.198301422073612
2.9950405621207308
-6.768822577099108
7.404077342553847
0.3577050456861824
0.0010692194403532352
48.95494120172695
2.9738221168534364
0.3835797154323236
-4.576140602187247
-26.64982777528774
-59.570619817326865
-30.01424542484766
-86.95218926583786
-35.81647913463805
-19.20514503059057
-41.15118824087237
-107.90146424797098
-101.40242528088524
-100.65394967041567
-153.9530311231394
-272.26257445287433
-325.8606426707382
-486.5770988680442
-252.149919974706
19.471275809214745
37.321689541251864
194.08980590020485
316.4328095527836
434.040855677041
214.79917134816986
215.72653556468296
67.71169875532955
105.08921495165208
84.14255756314445
88.10081851259203
3.2140844776492985
58.38054418243052
88.96261818181807
-7.721934106162275
-232.61257406694864
86.14690004220986
23.48513142483585
33.82581737326932
0.3940275276083578
12.00504850524645
34.50922324248502
29.91508915935467
-0.05525483427025346
-35.72750495413767
-40.221165005803016
-71.28498528231214
-21.438621209336482
-6.8832941706426505
-87.47886754338953
-78.8418704749048
-15.857229926382487
-186.34389242745922
3.235494093896323
46.66553702027235
42.68383883430846
-10.397589685884824
-5.667843055040417
-147.43787528364822
-150.61325791055327
-59.05824390176176
-169.44926970649465
-43.55797515368859
-41.2254340454391
-198.51341143547543
1.8046824147602885
-31.988181721910372
-71.8845169913727
-39.58252851307002
8.199949005609348
17.371623197252955
0.4011007948393054
8.781402832392706
-77.25588038437641
-32.86961996928551
-0.5061171202897765
120.14088365022806
37.44655700571681
323.27664922328904
208.4792697770879
161.065485780177
1.0928134388573159
-0.15976937285601486
112.28785895624866
10.361296586396595
31.414375706026963
1.8806684794924067
10.78671913236122
-4.982128898353076
0.27656511292647235
2.724964918239616
0.0026138076575215694
-62.33835272614698
-143.03241864581236
-44.65436213309329
74.55141336920722
6.062192558562864
-0.0618028228354736
0.010477714068487581
-83.28871578372342
-159.40841817883245
-17.63678171552526
-5.878334137259063
-75.89009824483935
0.7822852152214433
-13.63733802083331
-62.86490024564136
-51.71510522551194
-250.54337604839816
-233.54132932276002
-367.7956973549957
-1.5739660995549478
54.35357266281356
491.57056399975266
343.28613565752653
97.95753880726906
49.60719352251854
0.5042604044357482
-0.012208046330013721
257.7993487259331
380.17959080629043
390.98314155421133
206.5748780799647
104.877948177889
153.13011722584713
86.16260341431393
37.41986699381171
12.02504570997991
0.9534130239071794
-11.165676411154493
-2.4572303173973715
19.695939290987337
91.32906542216413
-5.714790846626004
0.32054351096682615
-1.9945453190805356
-19.775731959501236
-273.0212303154003
-245.82977455919408
-163.98509881553338
-187.226488351763
-56.3882769585178
-12.031701837418792
-25.296967172858256
-114.6869552273366
-49.301067924003135
-29.140717963504507
-0.20608546751218598
-3.461632620476551
146.45069535422732
118.71678017977864
20.373943044328204
6.127149682681419
6.7486821342605126
-0.19750121803636547
130.08402774999132
37.180075195822454
40.97246896239771
23.844461843313468
2.4389640216855533
0.3624355424048179
0.5032225913621253
-18.327897541961658
-2.4241229201203427
-2.4381066726933893
-0.007287607864068723
-11.701013705259937
-2.3660395152298435
37.256301557833545
60.19623049265602
13.823593504955545
0.7259045993391542
-3.6951597383414443
35.77698980338585
25.687597010178077
125.50764724770295
273.67975555168397
188.7303259331669
132.0459477509776
25.9639065229224
73.02098516447533
9.342035843599842
12.577579288025927
-0.020462092229991485
-13.848791502169817
134.00302162217992
190.39396639406226
72.9085992789424
57.70051292875985
44.930277676069466
-0.7081974273850773
-6.787993208205206
0.14725553605242742
4.161581118102179
4.4627949586028555
-3.286311280713365
-38.82106092356642
-56.25934797299979
-26.1168575335653
-151.81182825942048
-42.679082118646754
-113.5422530857235
-45.49733185484274
0.5664383211419626
8.452626538413057
0.20605210615077446
-21.474780610529233
-80.58627430046155
-121.65222225330058
147.7531224240826
135.1959540943006
32.46504835244779
35.57768656842677
1.6267905049386344
22.579060307309696
-82.9328243441158
-299.1209696157548
-19.323927318397207
-406.3339103265117
-21.500285686106942
-48.161210616157746
-165.2846907193639
-235.05527630743182
-567.976571240896
-481.4732171619117
-60.51478767490605
-321.14706924953623
-299.7389135468535
-14.388402705055547
-0.36892345241798963
-42.73463768467538
-2.1657122778697877
-104.48277791424441
-91.29295786140045
-20.614938796382113
6.675496404266584
-55.47999902097565
0.027625297458283137
-16.872702234892813
-135.47372847783032
-20.74087045282838
-0.051719380685582704
-0.8837348092888909
270.33016565038116
407.7966355424743
256.46593144541737
258.98849918059324
334.66979520525047
165.08390401440786
117.71527963063927
85.91056483462229
84.17482529118125
51.72102260810736
-1.4427996325464325
17.166873791770197
-4.4797188912061365
-0.44760548429898805
7.738244398600052
46.0283426239111
1.0513531140545143
-6.178569907316142
61.21121013793636
24.146711783336492
9.987816254095375
-2.0136714368221673
7.106105246614468
-6.4271751708936335
-25.62114448939907
-59.60863844288211
-29.51608920117607
-15.158404217629716
-73.33396802252494
-108.12829571303581
-223.59471020638944
-314.9404884634023
-117.83117167538634
-9.154644838832645
-1.0936812893146408
81.747422481787
83.24218690239945
-9.25286980306346
-2.169434028721237
-40.447009276351636
-76.82776949025478
-1.5792477865546615
-111.5454113400511
-58.46583671251625
419.48436421338306
202.93515162357994
135.09138409707714
164.869236328034
16.301807255047237
23.5827965201817
61.988045440851025
14.771523777417254
33.295848681422626
-23.031251780264487
-60.62013629976124
-32.95837258980268
-37.21215574512581
32.60035886750483
-1.1594834716117464
5.261019810395545
-2.187406545325043
-42.23012801001326
-11.821780532661286
-4.769613397180982
-116.36274751974084
-142.3373841742939
-131.9136541248456
-75.94419749302767
-11.9690218214027
34.80034557131903
90.74627495821976
33.85733778125427
74.75574342060983
10.093791628802084
0.5327053350655897
49.02386954198839
1.4248805510772347
-9.472502242152494
0.09784131493506479
-0.6984894490979308
-3.099210436765947
31.820880434782595
28.555064049243043
-1.5935963160561544
5.00541121503707
4.233764474715467
-2.4463118098126766
-32.04546341678815
-57.27998841041614
45.589107170730145
5.11552128962496
8.205116582848941
111.99899571084848
7.858318258252954
-2.065642299355984
86.93948848393306
21.331660273172524
72.43383935270619
9.43433867135786
30.291737802970534
79.06432029868338
99.53273670574521
45.515054149390494
6.584378735146072
9.818001027689204
-2.38081210024116
-19.222681209275972
10.56062213245854
6.92997560086026
13.168448653836403
-0.6290998524348186
-1.484729411308395
-38.85083336477158
-7.203909044455796
-29.914171519017728
-57.95957212521624
-0.7271176687569245
-29.890621252967403
-80.17654681738011
-105.75801709201848
3.25993563357226
-57.682727454423464
-27.553362128655806
-0.007793405271772576
19.36709732368067
5.334405866507051
11.585735957359532
-6.7350223155276
-28.806861243696375
-126.87820450166811
-106.92968733755605
-128.16887163244374
-73.10373533483929
-172.6198289700699
-13.355083007459882
-41.65454908709664
-0.07038099282019174
1.7251394374143532
-11.899206216815568
-7.0642231660323445
16.855838583487746
50.27011526200347
203.69864025579034
118.85728570126668
24.91592886445334
79.05040326167538
377.59463611188426
158.9077558039552
110.76811535635545
119.78049717555486
138.68081197791855
214.3842717570688
37.22077464152038
342.471846496107
17.922991772625295
50.13523314074473
-2.9826846154868276
11.289916290137528
-4.3250477091273405
-15.598078270305944
0.006420119340592086
-43.85515970324692
-6.39004105769096
41.70498822188448
46.817517008736445
340.01494467407474
50.36984485149245
198.0236223490334
93.25510268562405
2.5105368694654047
28.83902650031866
4.025300954646255
75.10540813619272
0.2388176632526031
0.07845412870655276
0.7683122213102129
-89.46242192790614
-79.37519534974565
-2.4509574052364096
-197.90158658775283
4.357080814397835
-77.69033253879365
-185.86230874192654
-30.50927172990449
-1.0367031303749656
-60.02172765571198
-168.9079641287566
-13.836013762201906
0.31965323252501887
-27.603440239875546
-85.48650414283394
-210.1494219418155
-92.83885437241874
-115.53652211313674
-69.0078479073604
-110.42432815641371
-10.48860663437277
-77.41460131031405
-72.79842257147004
-6.919445445891483
-22.731114907707514
-67.03994946504555
-6.791252068394919
-171.11272684610657
-162.24585330874822
-231.44617811670417
-563.7451211117605
-239.90924903075046
-23.490864735351764
6.250864386419696
-25.08562646756201
-50.895690299548185
-74.91340055408799
-182.48999923647602
-98.26086819465434
2.1215724415652772
4.389533740306896
-42.87750223567453
-19.62716782220534
-43.75212707686693
-6.635607061292491
1.3959704175860022
-8.434266793396297
91.38246695707215
221.38522406136462
146.1360217721186
31.75781554570063
283.4592878082427
140.37943134654068
202.74404993559898
57.30188173859331
414.78201009169044
318.8315159425883
444.4531163807488
482.67679794449555
780.6309575969736
184.26980945828728
185.8609816044854
231.74301299548023
91.67093902264718
61.039627853717946
81.89447817642197
196.44880582756142
328.42337125353106
240.75615305519847
117.77073236451723
160.45876506548433
370.667484919834
3.0239840220322955
44.973309548080216
40.08848093909805
260.02539980998506
-2.3605963854271974
145.35481468538248
26.923323337205506
57.94552821988134
2.0565315852204957
0.7913508410573293
-24.91212442155392
18.31837682276027
18.291878964512268
-5.262131362929589
-2.5620062481597277
-93.98106513282048
-45.29780426784414
35.79001140184188
12.053567048520591
22.395312769257277
123.14290819097934
9.941617549749601
-6.413696157665922
0.641192939716798
-29.99799086924196
-11.786656691526119
3.008391719198433
0.9967996293753354
-41.69827897869393
-88.9023713170745
94.81071016089375
-12.670645561032988
-0.3050786483324017
15.203326128261923
459.8949904150167
302.60066341965404
5.194176672172734
23.049160490581123
-16.479389391607654
-4.398475782982279
-239.02235301983535
-168.4872484798317
-139.42151091262812
-221.75916887892646
-60.25845435476512
-129.72742619691022
0.0004340977171781508
45.43695701422008
84.34699092907493
21.58913860291628
-175.26874836733754
-16.631828646092586
-41.62382141485982
4.91871213204648
-130.43820606184929
-125.27385644679046
-318.2414626416714
-215.07021297990028
-256.2988276830048
-76.87317239467863
-131.37422448275353
0.34062402348716947
-35.12014409360088
1.482877264624861
-8.833744840623513
-19.529090414595146
-417.83746069957203
-212.08477282359462
-230.30805401999592
-271.9112087290173
-436.19129989667385
-305.90736345918526
-610.4001398520218
-911.7195086297808
-627.713488943731
-10.720840253524791
65.75488139730004
247.79708695118796
116.55941690799736
2.59231765196229
65.88812700583999
74.87431660911753
16.726982179194646
67.27925634124463
10.622793524953153
7.005817719118794
-66.69353683534611
9.289109441227147
24.47049104940728
-0.9432851572654056
-0.12888516345347462
35.31064552155463
17.18006178375685
-4.200359389969177
6.58035384499888
17.181060843038672
39.80849997982757
13.69327569367064
4.499072663179467
9.036032348763792
27.19169937410817
29.123960956078868
112.11230734984218
141.77727432375994
15.277820213399215
8.85262852844449
-10.429283580107596
33.36236126224156
5.647982874525833
-13.690627797682765
-40.78083773715674
-102.8133686485522
-193.0310278144567
-305.8944235241997
-250.03554160391974
-78.29566883681696
-230.30611673952168
-0.04804890590184842
-16.74155772670979
-42.18719221863252
0.08710541123511331
-12.316974709501043
14.723319558659488
26.33844269908647
4.557347267600581
12.19458644607359
21.95276718633658
84.51442020469653
75.60238211283058
235.37002391517035
149.90069444766152
43.23383070214648
12.269077185045898
17.540673997149234
3.39724448475404
0.6559050222882493
8.516254954129439
-2.8239767975023256
-23.352919993896496
-40.260333123484685
-37.27731285927525
-24.350221511760683
-24.245956955154874
12.82353329269993
195.55633466135453
117.380538369236
130.29707364046408
122.26475931814159
89.70761610756674
47.62192899025809
25.518375381830502
2.8937984670874726
2.142228104034543
-4.4723265629591396
-6.093544285420487
-50.6848552472348
-66.11040993639271
-27.928578784387227
6.6352233991274225
-49.42081967213111
-55.987343310614406
-14.420921697309787
-64.01025604042977
-42.476709886547816
-166.22934869580823
-120.49948855440263
-42.57037805271655
-136.46044109412463
-105.78248858209903
-47.47445033175242
19.08034858364625
35.9811677888699
134.25399573833366
150.10725235320496
41.860261530256054
6.914985644684215
50.88414046837717
40.92733631881913
27.54532824516207
42.615936006372806
1.1603618350204619
-0.0011343784740339476
-0.5608484435506659
3.148929049531458
-3.0555423566340343
-11.621583523755824
-18.63055339969626
-101.83847755062109
-91.20775688911945
-0.0015756611014457634
1.1391004511942429
-3.7825995597812843
-12.173480800653547
-36.96086602796362
-184.68318877628957
-24.355060145075875
2.5680791682645276
-8.741809681305
-88.99530117672
-99.23507969388346
-29.331330802564256
24.083978673775302
-3.9704944936298707
-113.30331818086597
-14.986354750207331
-0.0007314355181848919
9.95898716437877
0.03882107881612969
-0.03247018433675966
-15.035945656824996
-21.42475362825667
-69.82926219415558
-84.5916986160322
-197.80787005767502
-168.30139812250974
-169.22293667406046
1987.5791402594327
2507.2618690176314
1198.375991461291
6125.956555452179
4589.380338693446
2301.835970423792
109.23800468385149
371.5285981638348
2057.5307458195166
1.1123044658750014
45.56994067631195
1906.0558768198734
-21.200486487323612
132.24927846119965
218.45158715007608
1890.7650227709996
-2233.8947372944776
-621.6062121859358
-2095.658797725187
-5113.1422025716865
-493.4134152833026
-1364.3088121866563
-887.6656342892882
-2658.5126045626175
-4599.848340128656
-5501.057390084191
-2870.97
