245.98000000000005
86.47879845255254
184.43023048061463
138.54452404898544
25.73268214212991
173.2317450443192
282.76182847201824
104.37181701332088
272.03777747130323
256.32195633267736
147.1980534790109
328.2167322766886
181.40492971160816
221.63331575463826
73.2288469556466
199.2036611217042
79.61924716855435
80.66369117627359
79.9237377479101
4.6810591409939315
8.279990518419376
50.41038179586697
-6.59758263755366
-19.63466238166281
-95.90381784032982
-17.51974556457157
-6.242988479846771
53.492463994035674
7.744786272964304
0.15469076112253694
128.22931694199008
115.78332783239861
289.3081442463533
185.5574439132033
275.832271902343
86.44135692221298
89.74686746691901
15.931975598310638
29.678708589682905
4.251152953617467
4.571527135044159
2.3429996111393594
0.9020978693810482
-8.499074623472572
-0.20351845097974147
-7.057783521580571
16.958280818603527
6.537237777905432
0.0692893412547863
-0.8873507354741087
4.239196646873908
13.496823580585495
38.35569474409001
2.0829999999999917
4.58196408063531
15.420186461416247
0.5347797527573395
36.146940569582355
-0.41289203667337115
-37.31571132331746
-99.47021945900795
-33.82237608950181
-6.9020350160219355
-61.617245537702466
-225.5292771422687
-6.807093078115509
-9.905395514567171
9.983532139839255
2.280414890298416
-0.03881072478623182
-16.005759205669136
-1.2912415295472508
0.0073141307226558
224.9972145384055
4.712874420918437
-9.21868522499816
-77.26714248953373
27.853628839514926
78.49833441905304
174.7114583395437
100.08782944410508
70.66455372537511
35.174168319782986
36.3290157164162
1.0394723666298034
1.2823762514351973
16.452049389048646
42.190699614712955
54.02157429016817
12.594172041478107
2.6070638974460922
-24.25576512230583
-14.951089722257803
7.2288902938456685
6.898558535847538
-0.3768721006403616
-12.894381492546346
0.05812600243792759
-12.735221715706619
-26.754457761373608
-19.340382056382502
-11.435173943896782
-51.09054230755996
-19.005792044342446
-8.152254925701696
-21.620967221867406
-14.160671288719644
-43.8498031544804
-81.79224154709924
-20.70111900032843
-74.71411473671803
-130.96016232735346
-65.21134216035765
-117.5890611192558
-102.81360213143876
-7.401592586076612
1.9783179068581216
9.914872497813928
2.0245728265667466
8.346558651477821
66.28198467905263
380.17658194136857
95.65931284938054
141.24942462560958
508.24309254665235
493.874902717693
169.5811576549748
361.3179928859758
320.54256584575717
146.65286520596848
263.04066933116553
156.4621360257067
25.24093880088867
239.5611793383633
125.78977853744587
111.84113110539842
20.136739362813866
11.689905564451037
12.493196885937662
-3.120279058687397
36.589733863494175
104.42305017123883
43.33054743736307
19.534284735516373
5.5802138912134
87.48083167258581
0.33724784210834646
13.81430541912491
-1.5883668930791273
-14.40773590120048
-20.660928406285002
-59.30574627739034
0.23417252101014296
-29.206886706802244
-9.149968092753065
-9.254143016688925
-8.157721394780324
-20.27050299245687
-37.11548934843384
-32.25828868234012
-52.03960709490504
-2.4878551657190413
-121.05105344963053
-41.23904094428325
-174.9339673339222
-152.99696504237292
-0.04052265219443082
-84.39929388757119
-21.853027145677295
2.147347307670506
0.006359703383238911
-0.7847819414540427
-126.90563680430338
-16.314042024416686
-146.40468502816128
-12.491452508878961
13.321832528334397
32.87556541425972
3.5630518655423327
10.779692991683126
-0.6430838448079461
7.035345209868659
-47.06809576900394
-5.563288242115869
-80.7174451202518
-222.1935032277298
-146.73362288480786
32.02591632435396
25.85684053312561
-0.27282017905899014
-0.07123979238169052
-8.285319653403468
-65.19536529095103
-4.31574445384645
-26.507388068299676
1.3053164536403912
-27.486380498730295
-13.47945241106578
4.145013813971846
-21.50988111041536
-29.481011501641408
-15.896958290101743
10.00427890679751
1.18503701866874
-7.0617912875478615
85.712961696994
113.00372933149782
138.1433676120456
1.7562066641268217
30.466526701134956
-37.24727984623052
-4.004175892066966
-18.660848893996015
-27.848000000000013
-0.0006231291641182462
-5.741703387260526
-26.987325938397525
71.00466226389264
85.28663230007456
61.627816149214
17.88469865619993
75.70258631998516
-1.3920409054869674
-8.820914298790315
3.23448772052969
23.939952243102272
-0.008013066791245044
13.718979038481576
7.31875542391224
55.64707069965489
100.44288101178721
281.35723249542804
114.01767915761438
102.62874555750825
51.83819888394584
3.736121816702353
-8.088582670777217
125.8275543182902
7.211236837042288
-15.614775178384143
-0.7759810575837083
-59.74470280183394
82.33878145211985
154.2727292480454
20.989557292596217
71.3150868194239
378.5976791357974
0.20376623800686366
-34.77970020978552
-195.45455134956666
-280.77347949473835
12.59765634999863
2.245105617695334
11.520046413763229
0.17080199824478315
16.418940868704453
-0.3465407977419829
17.045260011371923
14.94531126816705
-3.343594355687051
-17.33023629817307
-36.74005199571801
-35.21291227535059
-103.28250073835208
-13.34030452393738
-3.7093963026777796
-6.595012472059366
-88.9665893754289
-13.458652379743734
-57.512544194455536
-211.4946732827443
-315.8162112975658
-185.8922547374329
-76.23086512091754
-156.25228718194265
-254.33285691396787
-253.84286721294404
-651.2853664622884
-131.90419455252908
6.013942969518219
9.870570785060874
-91.32631276223296
-96.22627383541563
-63.31918774164673
0.2847665872573338
0.00964152062550705
-103.4280726179347
0.953346313063524
39.525918506158746
0.5012786913983397
-2.8297045162722196
96.60361872488889
33.719378881987645
54.65865619742005
25.45959772275634
2.135633072775163
31.76103238123209
13.831204713109605
18.7058163232812
-25.120297758447578
80.5469396226415
106.22346341564517
16.53658423694965
-0.023289938669889362
1.8987642304092403
-55.05110426296864
-57.5773134990731
-14.779304509590123
-95.99512531129128
-65.66408698356491
0.17431871574001792
-31.26349954382765
-70.88144104388184
57.26399648137107
2.9425189747923763
0.46497156709485904
25.337189126662828
454.3030081819901
300.5334693146267
56.1251643013718
80.8116573031207
22.448601188419797
4.940371135095652
22.286525994370454
71.20290123491546
-15.661032304638148
190.2952692022888
117.62991690896172
0.007644414128533494
515.221819875362
186.2098082487242
91.83246819110691
6.591591576114224
99.40685887070279
-18.816482381359705
-5.6847285010098565
-13.962478199082746
-69.67004681876926
-83.89115866839596
-40.33391652086984
-63.03314726174803
-39.84276090030191
-74.05035025110794
-0.1450678665908482
-46.398996997453565
-2.043060230050209
131.39729096073802
-86.41264243276403
-6.185821739998682
-102.39122868410828
-56.209831147026364
-40.55341199599051
-63.671210268436745
-48.123651835519546
-74.0958181275553
119.49913329751914
-25.418803740003604
-33.02536100786154
4.107232208214738
-6.604566157945909
1.4561227507259211
-102.77836740146968
-8.44472883812491
-8.457898725456435
-1.9639147534985817
-101.06182647880898
-233.60276051710605
-150.29434193105095
-159.18358120183973
-144.00249278567395
-178.98352641091918
-455.26439678900795
-120.0372705295085
-191.32902065578503
79.07693081106855
52.118937814478706
65.94490949458819
425.4770295356679
357.61596935557424
383.61413329981104
269.29159442065674
188.83598127827008
154.04480868697945
161.82307594187424
146.66594779702274
84.6729588693604
41.526414815765854
50.40015751093833
124.51487649799994
80.87317436661701
101.96445830291076
59.49584971550711
37.47263736098356
89.52070232990835
19.804034040599525
15.408086030524027
26.865408073800182
23.217723900520763
12.260444794415616
16.489363630593452
36.50914917541233
11.57574656423612
5.4217588792677365
-4.269383657916306
-2.0039156307854977
-36.025447501791135
-0.5005667574931858
-91.00207217734545
-36.35145003009454
7.465618315994586
40.281279274485605
56.476812640345486
26.450489169124356
0.6421061867669265
-14.326821127997592
-16.98990341947279
0.2280603867747967
-18.75495417063636
-7.083457915981463
8.692878517032488
-3.371496773935794
0.7622971251592303
-34.023251124345954
-26.784766040566918
0.6393277582542942
-85.07090235605386
0.07423529589623325
12.773918099422556
-15.452037544237585
-102.39488980217448
-83.12585845052418
-17.328028865730634
-17.617960886571066
-91.22375754919818
-41.79322743677466
12.797817972142912
8.571463349701247
16.21269605542995
-20.474150815319863
-12.250127587553688
-4.956095905809482
28.125893289884843
102.52934747145213
20.226861051875943
-2.769789539788033
-4.322043729122403
26.31254971521064
6.231648691957316
26.784975930962275
45.47814727920577
20.864600565512514
6.3985910033008135
0.741025349345266
-19.12009259721991
-13.899590764668464
-37.12187586576708
-1.417684822329718
-10.983183893673512
-0.4281375606516034
-0.8890876912055867
0.6637946012126893
-134.76352256316352
7.3609625741359395
-10.28560372041455
45.10322183174979
-0.5254749122380464
5.3982839185088665
-22.693383668444827
0.3088877137317132
-8.02396362958126
-57.77406873520721
9.158605606991408
-5.368353331631328
-13.903251118037696
8.854420619264076
-5.842369150497319
-27.926364677491975
-0.8460457076865919
-62.42652443186118
-56.673841825995844
-181.96964828781597
-146.84449673138607
-103.49435072744002
-93.28354348721226
-7.677570953928603
-46.570718592024036
-40.425944407481275
-68.46979941190794
-253.37512454919047
-141.11136302111532
-21.158758939044244
-201.50203519238426
-8.563113586046464
-158.74948006719362
-340.50123326522834
-152.5897933553943
-256.5992341421881
-81.92398402611789
-116.91070484309378
-101.9239152622379
-179.1133599332535
-12.321439152214568
-2.5736446503970756
-3.7332861655793916
-7.109487847222196
-86.03736034781014
-84.84051724137935
0.02733709439248814
-0.5294474968890626
226.34625086094746
122.53477565699968
16.01646546167136
145.24458130606854
0.3569349924179056
-30.817035677411923
-228.82449999504325
-2.1147648482137447
36.35787187362875
0.8751193289709158
22.572514208389666
-0.568838477748848
13.379277788092104
161.13115244953596
214.2246812020535
197.57790623335114
329.41695261430516
345.4894064687652
557.245291869931
506.523902793774
396.9444351499403
472.30991392104477
292.19098332994355
137.11070246489322
126.89240455619003
218.69345935792578
91.55527907089125
12.048442867672815
36.945512622419514
25.70491457010738
33.766009078710695
54.24025889967638
27.95430798773319
22.949654326595493
-12.05519954159976
0.021295709446369996
-32.007977577645896
-13.507249725844552
-143.67218491176897
0.022930440675447812
-8.493166559345854
1.5923013687670435
-17.216946360649732
-1.4164930838079641
-4.469698840745287
1.3246196336854386
-15.688683780850388
-26.47970357526216
-50.31910552314593
-11.174766419564556
-60.43694521443921
-39.7926648723286
-297.96032424267145
-260.46930443857843
-282.11444589378414
-272.55567503044387
-232.37117667530612
-133.33843249364205
-281.486669220089
-195.13971159596088
-145.5248657620782
-1.4033550718944028
-6.848525255155688
21.475600056890954
330.66153143228644
87.42182892335761
321.69381343553175
311.9511864989716
139.85933052933024
22.892858856852182
94.50848230572774
48.67457921621601
9.524600070207097
24.609948609947917
-3.96187224356238
-26.886734844240486
4.931795578388181
70.5436515608839
14.622073457471144
0.17821936465970176
-11.817295324686125
-4.910164441427173
-48.85407110988455
-29.38489854280131
-53.66187196429355
84.6043084452334
55.03922716992905
34.8766853595033
64.83352734335745
66.37950286806893
57.371966795169904
2.9401864565331217
-49.00136455057171
-354.85173790320016
-1.7507411470850692e-05
30.70395927905443
21.566290592461506
26.417298964115915
20.221965398527022
15.536191046337253
26.642557728228386
-2.0573652947037564
-0.161434075810086
-0.18149808657795863
-59.26663431819249
-81.78892008127318
-69.13728884060228
-134.5684904950766
7.48851963001031
11.190602777690277
9.34040706571637
34.833355948800495
-3.5003947926548413
3.141545234564041
12.368606428337234
-6.393442864293537
-0.03949389606635435
-6.593726545741462
-42.3561168487438
-98.71157542249267
-9.173573724719443
-32.76814163595893
-195.97293199007885
-44.55415858770843
-69.46503988925724
-196.65113792898129
-104.96205152144148
-94.57314996517064
-118.5521882189522
-317.48733222068324
-150.38888667238518
-120.3296792925258
-141.26213380332703
-153.11988265996317
-481.2459365739636
-35.78299848687402
-61.691400472758104
0.9299929605631647
139.00644841242837
90.1435527174684
28.81050605547602
258.5312492613167
177.297457688605
234.10702771657182
613.9644670466153
151.37456815909565
47.823944796924934
15.603906644934227
151.7438166062073
60.116178842453486
0.014434161199623995
260.48824274072956
280.23391160732444
42.55231709552612
17.24731486287557
21.457370957488173
-2.0635800635572368
-156.94168110370543
-13.870017485168812
-16.317992903832156
-67.9017666103098
-337.59218813905915
-257.4400388138487
-250.1619568420706
-438.86267859313926
-189.39974103727633
-248.59901461851967
-269.6027707313072
-271.0828226024261
-221.87261946482909
-67.36337205770691
-1.0883459459459375
134.04053876085007
11.46042615806902
-2.333030046688676
-3.249603035802681
-13.395638122684208
9.206480422805189
31.444000377869425
0.09608100818908248
-31.21139568859671
21.47438236160189
474.71241194797494
299.2106346582018
353.6505589106871
78.97363674042255
100.51443065011338
86.72474866914783
31.254684380199578
116.16384025714594
11.370396048171909
0.3542072358306817
0.0712283594394062
-3.74308982610731
4.286212869669161
22.105002194586696
13.229945401091944
28.90477330414734
169.51095693288113
26.26147848383719
10.531938699367835
3.479775279067886
4.7214343798964755
0.842059079061686
1.8210304623145757
2.5545394972977755
5.4288779064704356
-10.359740192844693
-26.846061559023518
-50.58031814215721
-67.4727448187623
-93.73344796800235
-51.92079058589542
-149.9071704785701
-49.24777441698672
-163.19138611649797
-61.97992016673462
-163.27919067947346
-158.22855372911283
-441.7240974671372
-372.0929753788885
-252.65515021009787
-6.701433458345738
-2.0815149868387657
-51.27158451357533
-40.202322821874326
9.370181543116495
34.62653474356548
115.38964830237033
302.8391642791562
119.93203259719482
33.847594844421366
-1.8635451949643398
24.15480912950141
-4.066113131776724
-19.789941858231398
-0.23493578874918325
-14.54217708841768
-0.16869926016119832
3.2173571501584384
154.38795955056182
294.27687062807547
279.1771983459171
171.36583218470017
465.38129442988645
333.84338705574714
299.101997297112
317.9737380581284
237.97160830400287
11.535699924981241
204.13593596133504
66.25223817212114
49.75903339925068
70.07298468199822
85.23880884933726
199.20914034988093
55.07668969167901
165.06183156996076
30.58377761277151
54.54902437452045
136.4019394703231
6.572709817705883
6.32366318672215
75.62649571501926
111.74901410090372
30.561934550272884
8.184900825596966
29.865128102761012
1.8340084221445445
6.152502481659918
5.163903218507811
1.7960421796903656
1.2362566736927
45.861389779164554
2.5213358701019524
-3.6764576070986363
-15.581819209712005
-3.1885601365808363
13.179253475017447
1.4480494299652467
-10.636003022289378
-0.8568375750643356
-0.22025422696226013
-1.8712351703828574
-18.05446851491167
-68.78561012458158
-4.251221669773053
2.8217471678254067
29.277206287937354
-2.326114797412814
-18.5306063808008
32.575633370584136
1.077844044637821
-6.359795623440798
-30.850049760176507
-32.64072797683544
-42.6780358881996
-31.96209369537351
-22.09989673931637
-100.62232844320395
-9.078030150753793
-51.81104410532981
-6.224997794442007
-66.835255209329
-22.997183124973567
107.08556058685004
0.2856123805771653
132.97028127265844
92.83884524386838
87.61978185450369
102.1647600435768
0.008267168083714584
24.375780206632303
-1.7979824900788104
-79.07847641634613
8.523532349802526
37.9143520348814
151.60468902120533
478.93857536988025
315.56638366214986
109.37320434119641
86.28403709136037
49.09546612905359
152.40943586447898
1.1202125980667303
31.047693349365055
76.96902244017316
64.00326150906527
8.260742874426406
8.874548241467183
77.8735308240544
13.322895485969855
4.446117249377801
5.829136507041824
1.6419258678172186
0.5249830222549108
-6.687052790989354
-42.69760280107135
-45.9920426560902
-32.470686423802206
-57.716069109717196
-0.3338343390016303
-69.63288222232717
-178.22450553739571
-135.2104584095329
-244.602496880423
-212.7005658315693
-99.67528844365573
-91.54141918307879
-61.63912660655169
-109.2487510919413
-46.208333240120815
-159.9472026578073
-153.7853508388527
-128.54217341098874
-83.66229463105633
-200.2741901769949
-717.9514336195189
-102.71225368857185
-517.5062873340455
-345.76753040332784
-70.7287894224981
-648.0826441966392
-848.3681617762118
-221.42935486598464
-405.81585855003937
-808.6369901183888
-479.30437115231905
-321.6924771781866
-203.85910869935446
-139.24849591864051
-84.27538095730384
-11.573115793698571
3.972837255702164
69.5978490350861
136.58419769754514
159.55883585074474
61.52103604206243
190.81016923946015
104.88966558522587
498.29076615746186
233.65418995760416
72.43158470483895
-0.006338742393508648
-5.258188787600012
9.327430531040378
76.97386509074381
73.50208267551162
16.568817152054432
76.47891468706015
14.048193322634074
5.550070674875782
8.368993296010816
39.114451667827694
85.11776550793586
12.804876116978097
-3.6128836641478417
-14.000686929320278
110.10007696095417
21.07113342350224
44.16624804664533
-23.401631069587513
9.364026328096225
-3.845588474058564
-9.119582300143199
81.0925941358024
112.52093431039017
19.330612769719185
15.25451163265495
2.838569201529033
38.09153605642962
13.314486912843824
7.303974619097427
-5.720215474090667
3.8380840284547416e-05
-12.843827524038488
-37.92787314595715
8.679801784370637
14.228099933525353
36.15161144796466
28.457959639900903
79.40136225184364
-1.889334360554697
-13.112174355988927
-0.030282958001780345
1.172979918149816
-9.923773121371415
-21.776142600391665
-58.953161096507685
-22.698990144660208
-104.15744926357932
-39.868821304880456
5.7195919047530825
-7.614955460516034
0.5810415988026663
0.6857556801072393
-0.0490473114807032
-5.194578096947931
-22.565439329079787
-26.522154602088225
0.5133436126744243
-87.3339250514656
-13.119880086936936
-25.706219828542245
-2.976621825645899
-100.12478137166813
14.272957805770531
-0.9297453216517315
-17.788721731205328
-99.50630438534245
-43.8303936646287
-63.07089442439761
-3.111500080372922
14.099901610455747
50.97452682640737
80.2596042416208
111.09942527111512
282.3031576090854
160.26994052206214
71.89558607533381
15.11247487605517
27.12731538239354
25.693032126234513
31.143144454058536
13.356976594396365
0.006157468794293757
-0.007428760330578146
-2.50729363872678
0.034320325003078064
-22.22103288672345
-52.390577382986066
-23.96971904464997
-170.12403214649038
-177.82598366834193
-23.221460588387956
-22.43629873008423
37.670510205824556
67.7845862410566
42.573037847785855
-0.7562294859622815
7.623311440310163
8.772763508718086
19.818146565806437
-0.18449383419043663
-4.796655302908477
-25.096037073866306
-36.339928092781165
-0.41878246662830704
5.049463213872854
134.96367681498822
16.97671884287698
164.61985053607975
95.58014535226008
64.02862471971191
26.92478409266065
64.00005818433604
96.43563633877775
227.18545872345965
-5.786446487951087
21.448071357779977
28.086402277385588
-9.596003756260442
-1.567731818886651
-31.566161760502954
0.54293452650117
5.491809192105436
31.149864336337693
0.45643112109378153
0.02645411324016764
-11.511605197701359
-37.90730937773883
0.5921763646330964
-4.286808442229516
-1.5882622873266181
-39.00452523271873
-54.42928062395766
-13.979572365169805
-21.582006770699635
-17.701102491639286
-74.40692053631786
-63.43839718960196
-21.203661986179267
-90.84125927026182
-59.70087541724997
-89.6957559094208
-78.86159454785894
-111.68561559989988
-240.73875216355444
-230.06602315949632
-189.0594108738452
-171.54098735224187
-333.96790181975547
-324.1503334323925
-85.91781313103743
-32.5535375679655
0.052076273992926
3.04408111868813
5.886247015887825
13.929216405801437
-8.827931475672003
44.85933704561825
376.3198114484145
280.13949381190264
352.0609720644491
143.79784816026367
63.495841000575055
72.44738213294437
290.3655561758982
171.6290312035114
343.23556289751457
10.490549480221372
28.32968558388269
93.1610121618927
102.2441710324816
57.78969963800995
18.420816234096
-10.890598255034456
-10.26558097678533
0.15619071270956197
-1.1880880547272419
-107.15366644778129
-42.078418782578595
-19.988386034466266
-26.358180014022707
69.85208636296181
-367.2880558129193
-52.770499426429055
-93.73874661528843
-29.38242796647814
318.2035804113034
234.28926524673656
74.60546424459093
105.70515905050718
63.89346690877208
27.638947056733404
17.282739057515037
0.4363466311520136
-0.1945093600248219
-0.8132428368385355
-12.472971427141083
-113.70213562662394
27.702967973245755
-42.168460382812384
-59.277924103977156
-140.83617428828668
-0.017623087610262086
-1.875574557039167
84.8319513186082
172.09979767984464
94.25767562249135
51.39517539882103
30.3579097899475
6.687335036185617
-6.146576610674973
15.804799292661365
0.3084697422201335
0.0026614557808439954
0.03729634002361257
-12.690277775484045
-7.994887060045577
-2.114830760008883
38.10532584395258
28.914466152614956
8.967947138026208
95.52606024086492
70.31454659055686
-22.63769257353034
-26.934285077228644
-0.03849916767554337
2.79621849795419
0.9796913952289932
13.572356614073119
-0.4708166809928468
0.37443317631085826
9.740096474670683
-0.01093196968313419
-39.357975756921775
-17.635257247405434
-124.8267354205913
0.06512400578132313
12.261870280554819
6.596404428547678
12.370256276150638
41.227369730172185
5.477892760145881
-5.8520206698323225
-0.6417509933166433
-17.71268759402797
-80.72098313353365
-0.5497110310441479
-86.04940574777501
21.8538828169887
24.6185287344632
5.4284254665826435
-1.8344961195300873
0.32362194531284644
-3.996925520088933
-0.701929267127697
-42.08561975474052
-6.046422078805062
11.727589201508982
-1.5567335148047348
-83.02135425077869
-31.458758849238748
9.598237397374156
20.291342647865577
-10.654473071169898
3.8099816348365247
-15.52374090698036
-54.83009685576607
8.437628756629344
-14.762206734881387
-2.4984045434176787
-26.089835197500307
-39.108413200925895
-102.67135697314124
-22.206921128516846
13.411773807021214
52.30478870868846
94.40295063520878
247.92272633218056
116.30892112401233
116.07243831752429
11.258585261192692
109.28551645130777
96.68849136285274
42.4478374737101
10.292227440329654
7.378306857027937
39.010043719054835
38.32318793055943
203.97871574600924
57.938089881689976
44.69718089932863
181.33074792799738
397.0344167173108
137.7991877391006
336.75238086198937
132.2243326189295
92.12393721237532
161.10643042514837
3.1975614685996283
13.541503451663138
43.88229074133369
-0.6693848662822238
32.88489834790617
-0.18964380587419533
-21.613317352767115
-4.612959745577545
-0.48241621661610967
-24.63973245049447
-76.89013032857953
-90.88930562033218
-40.843323919227004
-53.35698095869729
-137.86611998618372
-90.41778539546509
-7.840725433150363
-142.92815525671818
-99.86167306286009
-345.3870894984051
-131.10095585529794
-70.82610937103192
-66.89300821680163
-102.27105438979918
-3.535396779817429
-23.23122328625179
-173.67953250764617
-200.0916809060418
-127.05676607303026
-20.932821609790054
-231.43007865050808
-373.1216345523957
-443.2450567943511
-4.710852915080608
-9.695177514792885
-100.07409534950278
-56.22129666283728
-26.431893493688698
-55.75880660678314
-192.38005071220812
-31.686017243544086
6.306924571630462
46.316377524519545
15.628345074932792
15.835364348976903
3.916471430899741
1.0297168147866007
15.839836918254742
19.2105433326129
7.99288466152529
6.080952155376612
0.04653061224489743
21.644618856781257
13.659054023904327
6.60099393790197
-0.0336135936699511
-3.2636032636008014
-0.05324099840679912
-1.360206793962005
-25.593828068358402
-5.13219329652816
-14.591174838887099
-18.53019074041964
-29.83830512729324
6.644907115656002
18.402193613605277
-38.20766268003342
-70.18562220384617
20.071247269987477
8.675386926868814
30.374881651326223
2.859708607040587
-21.85066742544142
-33.45777194502139
-103.60633366989367
10.128039339103063
1.5698231737618111
-32.099084830560905
-34.762127883703755
-119.26839010942653
-33.437853969650334
-1.2272042461217356
41.443089255559414
26.570603574308194
-11.112284248296298
-18.28305619272799
-40.511402599597254
-26.54573728994491
-9.28015140981072
0.3958453049659513
-0.4815790009156571
-2.633583877377232
-10.232289281382219
4.03117912171489
-40.24419456656523
-51.88589814654429
12.502163892111732
-5.049907016311686
31.30348550233594
21.70611016873492
37.80504575384095
59.73626475616706
-36.53458424812148
135.57959303872704
-7.165463407165415
-27.104970592794537
51.82726779057361
2.2281469724895624
213.01668673226186
252.10541592423732
386.6492085579107
202.82641455455334
231.64404007701012
45.06829060643231
113.75295463210068
56.86948517036828
50.86137052486693
160.03637497491627
151.53416835365562
10.138966083330597
0.433713372747381
64.98795740117453
12.036037645012543
0.3519712941836237
-28.997145476182816
23.316920660350238
9.841203339835836
-36.36335786490112
-1.596847775290836
84.79667609618099
102.47726099743835
-2.4786225160090876
149.17857559538982
24.80755869333782
6.651510140146092
-117.08459327532553
-0.7053321559227927
0.01563665241815932
-11.31295038767545
-4.0842618143877685
-20.9869395125571
-26.793268326223195
-92.65290501752659
-203.5948655411516
-313.34705023330866
-125.00490592480767
-456.26888353867093
-198.22163406930378
-419.6509433855308
-37.65128007131584
-5.4188080039507565
-3.25786238787437
-50.75183987894631
-84.65847609323198
-171.49505031527468
-247.91643992854398
-275.1979034196437
-210.07207986121855
-333.82011468964913
-412.6495537268215
-621.8947028867985
-773.7418749843184
-522.575603063178
-235.08658370713346
-17.21356072960833
64.27069850047852
30.503430015745447
84.30853482198327
131.65279431784558
6.9560108491550166
23.705556714389502
195.37868493625604
137.99968693014964
303.90605738336615
290.6987631613543
186.4420556271182
6.3053336526946016
14.211227730084017
26.12929900110384
282.380796850871
81.51226142202574
65.36933901035663
-0.4668581515378294
31.561968859649106
25.639952300990437
8.92350756227757
-0.2108794245295818
0.6016829077870617
-0.639985900951417
14.016464525087436
1.355543650450762
-3.320980113459248
-3.5985225242624725
58.112229112771516
-57.88635229858052
-23.03751624582255
-80.16395622266656
-54.40204940372094
-80.86090595765636
-62.55746649731719
-188.6774420089676
-105.30428110401184
-36.233079275914335
-77.60230002000515
-125.09208208208211
-339.37733514918875
-67.66984022005619
-264.4664019230771
-133.55952328608612
-289.401588787647
-46.03235789292846
0.001770956316411108
-47.752371472706315
-9.148020848140252
-37.030030305900176
-0.5141494613391553
72.22402217786643
93.04561189567679
264.43581138460024
331.529250028845
455.744356778746
858.7484908221688
450.6377924533816
308.65413115339965
548.4150946057114
399.19728388777446
250.21379762495474
13.261969814393973
214.75322149064306
98.41524881566849
105.6064012738853
83.11861508253055
18.49549536779227
419.321115071403
-24.093708344916575
158.9644460696524
118.05142624153953
139.12232737543926
363.7394272621059
536.5785317512591
312.33376731013544
22.141737612779167
118.4328108620434
72.65922006993088
-10.178525332512828
-7.976094434234087
81.85785884153846
28.11388353863386
-7.7358493794714605
3.585001282380101
14.567394712930316
21.253652725830236
72.4779568062757
-41.40821176592914
19.13807328525103
2.9328146042190898e-05
2.130196299659681
-60.742979961488786
3.440112462584582
256.7711396604907
4.6278523555736175
-0.10610358218603697
-32.44666062166769
-120.70765226501979
27.54882280879064
-28.454125964862538
5.197673408339597
121.51091668323723
-67.05279026717216
6.5458896672213855
-0.5044123399958275
80.16281978738726
-25.20843642945965
-0.1770684045947049
-11.746492277090153
-21.32760086052073
133.83348757420504
-56.97669763875969
162.0558663236465
0.28807257781356693
-26.86709730937595
43.24878145866818
195.55688914422737
12.914434164724213
109.9337997279136
-46.81636794069882
62.25389476072861
159.9933801488727
44.66335057333752
16.183401265263488
114.69717428147501
-80.32050982135159
53.984967368701376
10.246808793579616
134.76669978459964
-23.012814963368918
-43.47410440848818
-157.15000707338618
-203.31387463924233
-0.9298512874496658
140.07466409544296
184.87260943077183
15.880132096384298
20.650568033283744
-0.03198917753239785
-60.382485309394625
4.036324972110075
-5.744434489252979
39.51677415437903
202.332549489985
-154.42316337500088
7.045760923401581
-6.565509641873297
3.697289386422006
-0.21816627974731143
-93.3047119245496
3.3970729356231955
-116.2987773654122
9.307007733952078
-89.48593749574277
-175.3605386900285
-43.69737895908337
-22.221178925404292
-180.12545080032595
-19.12431291758046
-0.09468022714990806
111.37892678962868
92.98530595884908
-33.13436400092944
19.014443737457725
-39.50462742668603
0.45424081931067933
11.195511040664606
-93.6822093139281
6.659110339697479
-59.27442568403171
-1.6076982867672553
-50.41890560538475
-0.021863204040302557
-51.85174864653605
-53.85475659436277
23.243367008080796
2.30620405032421
-50.08610170747976
-15.686441471639313
-169.64365365440702
-63.87428571428573
-20.14875616542299
-101.69814173178514
-60.408523670107755
-17.008486700431277
-24.861361111267474
3.3292984083762294
-54.74166094222885
-80.99206545211723
-7.23766576407693
77.28266176304169
-77.60178922532442
-0.31170003191618023
0.007116466050098997
0.4929578344092125
2.0666834849188893
-434.2206391808995
-1.3771066839070316e-29
-4.186091625667872
-87.07029214957355
-35.082942805743265
-100.24669454415401
-2.4094886739169703
-222.83997391431635
-22.67681401420851
-574.1515764652788
-202.01226649169013
-139.33137632595114
-245.5735397930269
-128.6589725723211
-75.15545891053596
-175.9393256346006
-296.8953135492256
-281.44770595983636
-475.1575660331024
-326.2092112669885
-144.01259992500928
-420.1151316902549
-99.21129120430203
-83.3424732911034
-134.92829299081643
33.231330698287124
110.50819880004431
21.878261040268978
25.67610336561508
8.567970915841574
0.07305955624756642
-6.624501420140463
-66.7288063485791
-51.90158089643724
-10.81672513710083
-5.6802383615867695
-6.120030843166082
-0.19090335187133564
39.56967588353783
6.889596266044336
77.29783803591056
265.2897294883247
224.86706308064745
51.93625436007509
185.18706550041162
168.50552304073938
331.6275610855902
33.77921818095832
247.5957669470058
182.4847222462953
41.91341785350362
4.125368598282231
235.97401338369804
145.91524563714196
70.5099098870525
32.84888010786915
14.780429050108598
42.20145290121594
-1.2548946518227668
-0.739203178592696
117.36721673422792
-24.78629820953911
0.2357293755427512
-9.32973615878224
-61.588129974650215
-87.35440233236156
-84.75092601904755
-69.95124760526713
58.83333437137273
205.15762974720022
139.70877735095405
42.84430779981536
64.54487842508544
209.9292609391893
170.17081084290027
47.30179530375585
96.51761654662272
15.354450016163232
5.716733890026765
6.314667643040891
2.188180000615173
1.087068312853067
-6.977463275214344
-5.876963428721108
-1.8562275776198152
0.04298067121267497
8.04018365073977
56.2737578400134
44.950818797919446
365.91321429472777
135.33982292383382
28.633795061126357
-4.282721510924254
121.58166330376051
13.39875070290537
58.9982409949717
-0.00909168031582085
9.959347702854124
60.00944806730395
29.820455055509125
-0.699004947529563
-0.04285828161475631
-5.642076071746598
-10.454381375068081
-40.12247720718633
10.389309533828749
6.993477839045989
24.959695015813047
-70.80339526174689
10.411380753138099
-99.48864797664437
-12.615132091787963
1.3126995208222647
24.598821140442347
81.2801481216924
68.70644611612519
-0.9203110846751903
-22.201345312154693
-0.070859010140804
0.6290895102330403
-0.024017245943800142
-3.689113617497129
-60.02961539103302
-53.047287213369515
-137.14720364531786
-21.411415602378817
-59.761689660605796
-104.60652302887422
65.04767584705087
-2.16359112495532
-1.2129611032430625
-0.8624564826881933
20.87050036074334
3.000255399618906
-15.181423584949226
-0.6890402761098293
-21.58990247695359
-72.59551020953589
-38.229204679341066
-7.893912458262941
-4.973189921941806
-10.600604891823028
-149.8361798946236
-21.07241040746194
-65.66776343359246
-73.22787798310645
-175.33119612723064
-408.46318895842865
-136.38775839280999
-20.828319119452896
-1.6430266253325438
-136.35418486611871
94.12730066116544
-120.30631221100232
-4.626173412871832
-87.9125571643325
-55.32748750238514
-44.27607967945051
-0.022047099432135966
4.897480980908349
61.834544247865054
-2.738578916252673
-43.46812107073663
-136.21580807234972
-122.6719628923184
-53.33817076953965
-9.967313638052733
5.063020288353629
46.494471674618964
54.520230114420436
17.75552533885869
80.42952018139712
0.2785963582042277
-3.3766001194907744
13.815484513618722
13.225027375445505
-13.364704441431398
-0.8012747255449165
2.1249324056191887
-1.2458519329571323
19.001345908263
89.43549328325878
29.767159220564178
200.02106491257982
28.71919599121668
-0.8211411341019027
-59.93741877279086
-1.9616674907652438
-0.3610947301385158
-19.53959918200409
-82.4885939363894
-63.63020258310999
-31.331914684971796
-0.21549796046438338
22.731030518760484
20.960603808770372
37.32635469932035
192.00611957515017
247.8140312023106
222.55962642906658
20.924102397678617
58.822415810687794
2.3027273425381076
99.74074160014862
1.6375226522965713
28.235420678720068
11.574177594883416
37.16930617870855
-0.24229147811871182
0.14850285472615737
13.77179264804727
25.55067150635213
0.9317034586574593
-6.928517199468591
-25.266646575624456
-0.13187068601211233
-0.4769226366614286
1.801151210598439
-7.53971641911432
-11.822078721125083
-14.594146324994098
-34.76392322483173
-9.941427755503002
-26.312527143485116
-3.9209670820159768
-16.573718538994473
-19.7003211907559
-102.8491260244828
-68.89601608517256
-49.82862426861285
-117.33072219278903
-64.6904548818871
34.00512656279486
171.44226550271443
45.07173786534256
-0.19839581684096363
-231.80779150455265
-216.81412301659353
-0.3759261883951851
65.3786213577981
95.47395687907257
16.479664807873974
59.85757827702099
4.087207268192763
29.507563833899688
32.65914381819681
290.3589182894325
184.4142818494435
105.06447440213124
197.85972183714063
64.95956132967703
16.13821322772776
26.835704455131626
9.067200207368074
-0.02581440352831213
1.6322232963718428
-11.705094343229693
-38.357653197158065
1.7253523671847035
-14.63738253384311
-55.99595406848983
-29.53966118826178
-191.36606338579884
-42.16923800056558
1.1924583219209488
-0.128014597515616
-75.74384394330538
-20.482819060856443
-169.8162455192731
-56.80527649165716
-65.44689655487778
-20.431830456630976
-72.58781322878289
-47.83270934817904
-134.78892228687425
-160.55703809138836
-68.61440423560556
-284.1126667606702
-258.9527535227063
-126.81597764947324
-129.43361254833619
-8.90252035187726
-80.55442907404453
-119.10834966924114
-246.54347607457458
-348.6901869434638
-417.3735497087014
-17.56637322965837
1.0467547259219052
5.914148928596861
123.5523192322917
132.51288120896814
263.0146642216021
159.2145453972656
276.9723961451269
450.4437586184253
62.002728068568125
26.041715551804174
66.56388415124704
9.42925324675321
1.0736321278316006
-1.0290384433937454
55.03924579057494
195.35110273141277
192.50784728022666
310.59744764775155
42.04504265915681
108.88909459947357
42.69261396855849
22.72147281078675
22.92934236043777
-6.240891675088982
18.724047272214662
7.800630924728532
5.0269113588971805
-50.346262032877505
-5.745039980706774
-2.5325318577851688
-28.105903741237704
-56.75425110876882
-44.3474596664504
-72.33155911485774
-138.48410483752087
-6.896125496869562
-27.01234620391884
-35.177347204161244
-41.80897410271245
56.19417635251841
48.6712674903154
37.02630205185119
41.17227454159912
8.523719014439695
7.390302986943294
1.0710672428468573
23.192871006587804
8.640125280057227
71.93497966755987
2.0152441549604028
76.33950577367204
185.23649444892388
198.98481097904545
36.16505441952508
4.7823795614073425
106.95550898952095
40.51093231742958
14.27083962549077
2.1539444136063834
0.047668056713927105
23.782773094282188
4.796184744734866
23.455146192450314
-3.1659529951275385
-53.82067691016492
-9.029353631259394
-33.01488773765112
13.588824423057305
-13.378905291467458
-68.5782581477487
-0.016003704380038668
-16.42928364076204
-80.44005937912925
-9.076974308026134
-398.15030346820845
-75.95374764101489
-385.575144587257
-34.07552429943916
-10.07146061814561
-11.935552586723167
-62.89937763646954
-28.50775845277389
-142.78099727550978
-10.84565597667642
-74.58470587812229
-25.150910868315115
-5.432569006737689
-164.7196236938371
-6.509034613494367
-62.0744917191914
-3.4142496252290604
-37.858457967241584
4.2482315295089395
3.408417459156314
2.3602496188730875
-4.0048087980515845
-4.184692984338129
64.51626401274778
10.66204937758103
6.315117115632818
-32.07965130828914
-8.492854462442928
31.337948874010934
-4.21112739571589
-4.4703712895860415
-0.2096640195479566
-17.172293365171427
-19.04919208920682
-133.81941268789453
-37.77768749722801
-44.78706826320078
-29.00496637439344
-70.91506018744725
-31.91352761953533
-67.60873028492284
-86.88831391218918
-26.96132952151669
-13.608389393567345
-16.525992438563282
-47.87933474779275
-20.699698686505766
17.458400848599513
-0.04849176556067083
1.656530649858094
-6.099223234468105
-0.2540145445581134
2.649771598224533
144.6451255662793
141.45183349467584
-5.409119717201792
106.4732742338551
112.73765118504754
253.26779792411378
714.7778004021048
388.30477544717553
430.35429511195014
284.35945818974506
646.728544678363
61.245545779911254
155.5616095242585
299.6199568860666
135.21263230620426
245.54599082928593
291.27710630085016
361.1268194538852
0.32062332256121234
366.3441891607021
145.67849728228765
68.42789534385604
139.32396728802323
2.8591653314058343
154.0898379143064
-75.11148212008372
3.552217900221245
24.793150532429816
6.575380890803245
13.058678994363902
52.14379061371827
12.130606392100066
0.5902438313681924
-0.5722996342679768
5.075030305332331
-84.7316092974748
1.0739253760415515
0.2763145512086118
-0.1025320897463363
0.019766399294919128
207.9412238571092
233.44461826438362
35.402260910297514
196.31499847018603
-0.25402828006386063
-7.291912500515032
8.380710707928179
2.079979188553706
0.11910408120332652
248.9294328746053
140.42016222424286
-43.26593932835686
11.143392358606029
-0.12822214325375147
-13.86296548287399
250.90845421268907
130.55986718112342
-1.0584938061566405
81.47957458976312
7.328325411397306
25.415850288917675
189.1330878967157
5.327153538537681
170.66693639693642
64.2206981277667
0.17056131224566398
10.948712791301977
0.8272429114032457
-7.88831239433664
-15.596760288343653
-16.58134109227306
-0.30748514898917223
12.168982205717684
-108.87641852553307
-23.089521866724045
-3.3592676956254377
-0.016644568903112573
-75.85859493598386
-25.4869415113135
-198.84706543173002
-310.36445209863405
-44.17082726215613
-51.053084188515335
1.4350840363945458
-597.3636121576699
-34.32364101876932
5.8366695039851395
-16.08224435499368
-106.59791085521803
-15.563618839606342
-88.72445024052772
-28.461974291725987
-270.66303729659006
-21.417990818512177
-101.90926604072438
-47.923550643151735
-208.5125479573371
-273.38245517137796
-118.81890303926563
-245.92621060722513
-7.325494765496855
-0.6744373971720884
-84.27210193918137
-20.262177434474452
-0.43449860021112485
-1.0022851314846335
-14.544597829333897
-2.4063568678878124
-15.175850614654502
-66.37715790853287
4.547608758637014
-17.55436780931023
-60.26959531374358
-9.62227054116321
-181.1297974894459
-9.433566698871292
-66.91614052823522
-160.83276288805604
46.19672301293228
8.057402183557725
-23.4963240161533
-3.201215183817478
51.48937989510891
0.23360778024629728
-1.6812440024426394
-69.96780874053972
3.541432666677842
-82.6620574306668
-0.21728840883443556
-62.82678859078743
-17.068180341294212
-110.297237445504
-154.02885561254743
-1.732776932234314
45.168169819621724
34.99173640093987
14.336140500019349
0.18966361552058972
-0.12156106273016022
-2.6462025841221655
-0.8091387581669528
2.592999248373622
1.8246635406569078
-0.058667628163105216
-8.867250306104614
-50.84896521510559
-26.383018813824734
-28.063427196743017
-41.207916066652984
-5.712374003358823
55.88350760929346
222.41412314905344
52.122980763745794
116.74561715683481
317.04779785049624
186.66148013585507
343.9414289112023
144.27527268865472
110.55420495710214
32.77437943646191
330.4332916069126
-14.159927885659636
113.0771815259688
468.4629031910035
1.6750533729247927
7.623104311948564
121.89215376184131
190.57935549827602
9.148762245524784
52.74916674216348
146.22434940601698
32.34856277359484
9.105998136442613
9.001016912866604
0.508466993346882
157.9073561626144
-2.091146461876045
-1.7992760342368146
-46.208994133761756
-421.6132041716385
-131.51266512577894
-22.263050149226554
-23.268895804903014
-42.85857366533669
12.197784245952402
2.620833184277069
-0.6315622814051569
-2.074448341792868
-66.23631447982906
-347.43740873653564
-133.94073356116633
-3.834079868660413
-438.18856304864056
-209.54253178477217
-64.12309021656327
-454.42104530386723
-127.01878820960692
-13.15663053896631
-29.309866962305925
-9.863152289844589
0.9008927583281041
-1.4189202289916785
-4.109639606653415
-11.067596206765213
-59.070974558166654
-270.69480426139563
-68.87881369716052
-260.73163796724066
-413.08542751763514
-309.49029310893474
-775.7151504497452
-616.311875242279
-662.1415615976498
-473.58253151393205
-163.296874777805
-91.09763004333476
-21.771363079524495
-10.235738023380858
-50.80938251473833
-30.497930041058904
-27.396011986717415
-0.11520249754094956
0.8327415768408111
2.366584715321243
55.084296137830904
27.148933191262685
192.5054969317949
50.10557043316318
131.00231521723552
33.153342373272565
224.5187409344096
81.33610352625837
226.03517842076525
273.1955342130605
210.8704189466004
214.00573786827
16.775461630429945
214.05674120289487
87.01324723247228
50.0456304516129
44.26089371299696
65.86430066449653
0.041481571012354376
-15.018908086828114
-0.7025194828595881
-12.526996584585245
-1.6454011899019143
23.939543669482855
23.125808337125083
78.31381203477017
36.49455518269071
8.629316747523609
39.32195816169789
6.664338738981227
40.8605501450277
23.605663927121594
0.8362304510455655
45.79761314513853
0.6590264085773875
0.23292682017687083
-4.298397646487162
8.373425773491501
22.54876739328687
-14.020413878712663
-0.09313660116051534
3.0033989685888556
-0.04120667944155522
-4.2265622789531285
0.008417257073572769
-1.8749714146556455
-4.915161956289607
-62.70895215537655
-36.846112914142836
-1.5432542532525024
-3.1454490790303105
36.64027622458711
5.381958266452652
-3.7051518009786153
-8.310087208100867
-2.4428945102510804
-0.07999729669374
-57.00440757567462
-33.612612920558306
-46.71038831276963
-7.420767152890316
-20.84596902740884
-10.493310498883092
-56.73659845359901
-17.759497532280665
-15.204396302307538
-21.56936234260869
-5.7661406776411415
-39.42422110608108
-3.502621118012412
-17.431822353193155
-43.218812917774
-117.8286910842865
-14.345923577524506
-17.245638477199545
-0.29678678879454823
3.215835101545914
14.285406943021787
66.69037511195398
31.02820477970328
-43.63745633660936
0.00023977265999625393
4.646513392925603
329.3183118461946
103.81528093060022
46.01029788030108
0.4331014768050324
7.72728034173717
2.7661349811721663
24.05781116596313
17.595333571771825
1.5662724264065548
6.659361445783153
0.6004645205646508
-1.2720671344585528
-31.477751653104363
-82.45577463004801
-184.60938989169688
-216.47671208179048
-157.3741106522713
-273.4428554935775
-32.34510378695828
-35.872185455944575
-2.2944049073508306
22.728266011762436
251.33153759013953
127.98986527430517
146.24091690852404
122.68269181885837
119.69324310689746
119.17767298416723
83.46369480706238
5.455174758127794
24.523817512877102
28.07995230560079
64.23466983337403
3.5298981034920365
8.850528395784547
1.6567491920239052
-10.992398229584213
12.316142279683545
4.099343134832374
-0.275279492035204
-7.366660041288556
-10.512100088710941
-8.13942060398702
-90.15545771648752
-40.48321648442527
-53.720594312350116
-81.8826104496318
-36.33428197210717
-24.002968624703506
68.66753985609495
-0.15858193556670253
25.36941101064442
70.83433830671626
25.407366755356353
132.2876237820443
7.352611728752837
-14.292781887365411
-44.42902985988128
5.1025627636910285
19.303645339849474
-7.708692206209616
0.08791193461103249
22.763034248295284
15.182436998584233
2.9965578144554037
-0.056345262959530504
0.20346260224798218
-9.028004932616934
0.40634594864576296
-40.31375313906655
-55.93240998464669
-25.752539573689944
-47.7488313551935
-166.518480717358
-138.17050965482736
-39.80216999139563
-32.14670195731216
-56.73426715661395
-46.386006140532004
-120.51390802457631
-184.39155164072736
-252.13841279239148
-31.874070363247576
-118.64564206819941
-57.29026875404243
-250.73985883114426
-170.7478553536215
-230.56713535988638
-91.98246831845378
6.136941367360429
28.615932312902444
54.5439888897462
19.39889100646073
30.088926928972914
14.697751574866722
2.161996303142314
166.12977682747555
32.0699579204561
92.47586046354712
119.94333459572053
95.36504082459889
44.61188077246007
158.4337252336233
-22.30658269983352
11.348332873200555
40.73129638352438
21.179202961736816
36.0357617291109
0.5622345296115738
11.950669185294029
18.71941647502602
22.921341848344753
2.144356553364104
1.1257683228312807
2.8925374781569095
-4.941277479696863
6.293102674664681
0.02359118449232163
-1.5391455450163256
-5.695101945525277
-5.473290967702207
-16.929119323707674
-1.456185422194483
3.5148553781021468
15.178863464888815
11.970447990652758
43.37657627917935
59.660899118089915
6.978670952099018
2.643663282571915
1.1029508754760364
-23.032736649094634
-2.4184703801944996
-0.04250467678237329
-1.3529752720079118
-17.48335510591328
0.12332599253685744
-44.23783888135239
-4.465130296232609
-9.498029821224783
-22.807794273594837
-52.120811559148315
-14.825249318603769
-33.15418020198263
-46.6127362741281
-7.191197918022116
-134.29780124819965
-160.65309941520457
-198.65482172542656
-137.66010415518573
-73.26147041798949
-60.86965393198555
-0.1129008298837374
9.197974190232866
0.3532721884126786
7.254981142617698
3.3856694497356576
1.097600325965845
28.29204077485774
138.343777096942
172.29369882540772
160.3716101212756
98.57723999164517
69.92638599695593
37.062632661183336
5.853066684413687
2.8331181299568526
1.263648860863473
-7.30552258002286
-7.760802062904053
-20.7567149625764
-9.806683935119336
-1.7545696374347473
-61.94064508349064
-22.12375289875472
-62.7771995572829
-63.81056808595968
17.697891462150018
87.7659355464848
159.3363030044269
200.10412787735123
107.3201775866903
58.60042207123746
39.81995055199156
124.4198758312896
51.77883836589695
42.66824649530259
15.144744148971487
-0.015943318035058485
-3.3180920431910943
0.6022177780028043
-5.949675770256445
-30.81165683352596
-32.05641532945094
-8.769279892957053
-0.020992609060237928
0.2729122762963501
17.833664102780865
-7.0082659380692025
3.782980718964298
117.51635127143695
112.73606891775628
41.738625669280836
30.37024508531253
53.668150152803854
4.00239921337268
0.36240619778215466
54.83390791768399
-7.289577872119548
-3.878404348781025
-2.6768567290672243
-31.06046855404435
-197.34370345451964
-158.80263003077707
-4.467384046528522
-3.796777931170473
-16.449826844369817
-32.04296159673962
-26.705431738810038
-28.596469042512368
19.04483331356037
-77.39430848792514
0.8157409779797486
-64.2855979794763
-88.49102622817063
-59.421440099387965
-117.31892878483353
-126.31680487094042
-23.250708899937436
-55.00197634574994
-122.50497707144602
-39.03732325591271
-177.8732346005094
-270.42600928826005
-121.11397094272174
-0.0001388495324454813
1.4758739234535436
32.94228923681014
49.99324050290659
29.842387772868413
2.261132827516424
-0.7276209473506757
85.30237445774758
149.12563467300973
84.78715645273317
106.34360371015109
15.975758609340883
105.32972619897538
38.49252079866888
19.258068927026663
8.614249945859509
14.218886800783427
-1.2831100965206597
66.94009139086543
2.4348849246394804
-2.635601400131283
-0.36805785078502884
108.28652225970237
471.18736527052164
36.98869561744809
359.04513966937077
66.42195512742944
22.30225157295513
36.04393105036691
131.91104118270476
77.17072174420028
39.55612643347456
161.05568070671853
42.23270679066509
-0.008664594197084095
103.41269841693116
-5.191751536079616
20.05945281723232
34.10552673603523
2.1238856108064077
5.271046983504327
0.08344729654934284
-205.0081276270538
-40.7652691792804
-42.90164919555303
-183.55037914193264
8.220366375937282
0.4370826008322044
1.4266968373975115
44.93335330486322
23.48827867143663
250.7792281938202
66.27363821045073
74.90618969774084
6.379963333803352
7.681813865329045
-14.061216418972952
-0.137239278605467
-6.060286489548057
48.556855104856666
69.08847607712447
1.1910722720831277
28.700554515940933
66.57903856491866
58.62602276945923
11.156368831731253
17.0305201451569
29.33358139495675
29.31472439461045
32.18948110539219
-0.021089010814399022
-77.17102453589979
126.15873562773652
-0.1969529157094182
0.734140279570485
-0.4614414544454703
-34.177027740877946
-189.05509782301385
-80.29187539401477
-225.48785013784064
-48.01575575313814
-164.08941122779032
-112.12143721144167
3.45741876307461
-23.979984966828987
-113.71502633909151
9.700911362936047
-389.0848600365153
-188.46127350586474
-63.689795960217424
-137.2848504770981
-206.73202546587444
-29.059390448956247
-9.687563552327472
-93.3660548924828
-142.60264132066033
-29.111382997758234
-0.29414944356120526
-278.6118106175024
-517.5974727527114
-164.68556429984625
-81.31746009410983
-59.44886893656716
-142.27622370951383
-215.19207135890957
-191.13521696434057
-152.99105352974328
-128.23861140235917
-0.6674121454656758
122.9451391116034
190.28467026041238
92.66009389111358
109.40401501972914
53.427255905779816
43.93031928320777
2.5714542953607538
4.266066948876591
35.85477356558818
39.138307594704216
182.2674880487748
176.34677283033201
123.02829329534757
78.11223339661191
67.55990940958137
125.65461409209416
84.92162505962794
183.72011482797475
101.2186740666563
53.815204394290404
112.73908505454416
50.229589942070824
11.893656538969621
3.7759551826460718
9.504973897974647
-1.5082323109708393
28.292460949635256
27.40115825020373
-2.6941991084695363
17.523312321578842
30.34456138034247
-3.8628948937397967
-4.560028660114861
-2.7493487748304197
1.0926112494283917
-20.28999269646507
-14.782493088998697
-37.16371821409031
0.5542401975546611
-0.02971910112359554
13.295155404073773
91.89119253780854
74.49137524883885
-0.12625450901803803
9.498932121526906
9.64121665600399
39.31568871257433
53.05932961107501
24.909954750659416
-3.0981151196553602
-24.4864986162101
-80.56235339436226
-130.89733003644443
-13.530049615721406
2.2351965978806314
-12.004780097384025
-25.53300418452229
-179.7996284668921
-32.61596457466027
-34.01724889049909
-31.18878246029624
-0.4968870233899304
-11.527431360399758
-14.066150214679622
-57.23827635582584
-0.03781569562057578
-0.008257096782452643
-0.00030667555581326045
-36.437537301285886
-62.291430797311094
-89.65883831368487
-120.33034121320257
-125.1651454378252
-238.21623001180672
-274.37102218886866
-151.39857773210002
-201.38931087018915
-24.79754411465055
-0.27120492962488824
-0.007812378581399685
1.741751150104693
28.28635836270693
26.51983013478972
119.16040253847243
127.72050124225098
184.36490553706616
420.7139349276723
264.40629761305354
146.11577525713744
42.98333594047691
89.90393520008575
177.94094483638068
219.22810536466108
39.60145760834222
48.88445640329995
10.507548592526113
11.872135999332114
1.9182882986294447
11.887924526719276
-4.239505911812991
1.4469047361674985
-7.82971992148226
-48.26339394165209
-18.33357935178799
-70.36996183970572
-26.381298916616693
-116.84383541942879
-208.4336053888641
0.2816862759630138
-561.7379817079757
-163.54212318477715
-136.8436427894062
-75.2730501849825
-147.20343852205423
162.96095946841987
-54.06915588893426
-276.37884869863086
-326.10199115491014
-336.27329763839737
-46.05315999999998
-330.0262245079546
2480.543320863524
2169.7204883515183
1673.4474966312537
1175.6956490619698
1354.205598013787
657.4352733851514
373.69746939806237
354.9078924197973
391.2096406629954
323.3710656324002
9.943108431789366
107.28559580365355
32.38820103081187
-6.8356800944778
11.804263279551044
428.60013931978733
479.57718026376017
500.82070664551424
2061.975354544387
1923.0450061177046
1446.7441146656868
987.5759298518869
449.17379994508974
728.2132398480816
182.50239503852043
73.91973100077207
67.04815753198497
0.96698274786945
-0.6498326236847983
-27.61640196544996
-194.9409080432916
35.114985161088114
-236.12975185599186
-535.4521481916998
55.352635684131144
-252.7378838410879
-176.99084446969954
-216.32499035774708
-240.35870256024526
3.432369567349501
-100.23570626649504
-68.42864400848138
-139.29573251660787
-359.0955966836338
-313.82234752574584
-917.348514383782
-196.06104233682893
391.5301813853488
474.28570511291576
803.0688234278198
478.4291110772175
318.11969920900685
27.9861926985874
717.1833230938292
536.3207804893925
1139.830996638079
892.57465982077
1038.7961638572638
374.1689889704641
580.044320497785
258.7771375839654
189.72983874419094
87.04206327641377
3.6940609976265915
289.59894782994115
513.498028029852
301.31677619250064
300.1177937751287
77.51020024479939
0.05344923865418452
115.1428115725374
23.174284982700993
0.005157128089957215
-62.35313458413697
-98.97833817925881
-150.76513306699695
-119.08528203564123
-102.59741153296156
-45.10768490835821
-70.11139103505423
-654.9487893115609
-560.5494522601421
-627.2695587564922
-1097.9493521771635
-121.65276450659577
101.40970923481056
167.12562735485065
279.15704324603047
73.44668165059771
7.760597684577306
-17.23115576398657
-1159.618665524687
-323.7910809110525
-94.52558910786382
-402.63263432340545
-133.22553452673674
-37.14565390168444
72.60323516506651
277.5589230229195
301.79899156737133
892.6156751684329
381.4445499427291
127.71355226208553
394.3600325853789
81.55302167635091
265.61998851689776
45.89716161129662
689.3706159901894
235.0101426197091
412.4843911332558
395.7056433408579
67.5210860000942
100.97316961395947
56.487669525067616
76.08258660667761
-11.384557593917032
-82.14415646152658
-91.11751252525917
5.104924529222064
-435.50436012425985
-12.10597014245014
-73.16741468466017
35.16844278359666
0.4796954244212185
-8.14422219518483
-149.85735263558215
-109.73267887595463
-798.4606590913504
-119.29182079962544
-54.65992487970531
-103.81349246751996
-126.00507254517954
-350.61442127879707
-352.1728408217302
-610.6298911208153
-700.9438455931557
-832.9301006082278
-953.7460112588662
-1167.948357659452
-462.91375294294426
-395.04941710789
-1324.34285497065
-257.75265507335587
154.22941038963535
397.7233938042866
37.3137375816595
1176.2709369984336
931.1278610066163
413.6586293198869
45.090519866730105
43.97202584252872
-8.84148724711258
66.25656467012661
60.33242413798921
-126.46884909443388
362.9537144272291
21.167545660568923
4.815339267461858
-51.42537034315015
109.37228801082325
-356.1272464127753
8.398732698544618
379.33230379037076
97.84535245289818
13.526017590569307
10.770361614876368
-19.256563299305082
-399.3841138687418
168.1306157678656
183.08427382788318
5.14949781147113
-0.005398603116995465
-266.95678730167793
-198.39531966329355
-232.2580018342931
-237.21756878737426
-432.6842970354053
-789.307075271441
-633.8778316938734
-642.2846163891129
116.85332267125608
-976.9404040534912
-1101.3998252792308
-1883.828541832868
-1015.572345741744
-2276.2943623702427
-3924.7347310629984
-4233.629086664473
-2153.8348341664628
-2366.1534094613885
-2372.0801624643714
-4030.3999999999996
