212.10000000000008
76.16938807395194
157.03269068568753
154.0703115399127
39.92669756265015
164.72346871376885
239.52569885724745
101.48828236672529
211.39851837448967
236.1713161334043
115.49523064559334
170.08273250154858
162.49891174179174
257.01501484357163
105.74741132474583
127.81926704773896
154.38346242808848
2.694124019206
36.98993976440396
24.67789257755266
9.136987047915616
21.647950635150316
1.4952226063430052
-37.18356661107751
-27.97992345267729
-14.264603882192564
-37.62653754110761
30.48302099540232
2.1112573009529694
76.75717396355884
138.52429024919326
62.26249995605788
245.69925018949317
187.47795125666417
129.9748985731239
112.19620844980855
70.30557095141546
35.02861656548534
61.01037630064477
11.130144334856872
4.6008241983792555
0.02001994500015033
2.762848961477587
-0.6526231629062127
-0.033575188102723724
-2.936335775750185
9.087677629753003
14.921558926487743
0.17297697055384953
-0.9235589911354907
6.010912824149787
8.95590879355711
32.60689865113102
-0.08587921149768608
13.073830360301788
12.363100727216453
0.2544685847656652
28.808411244164006
-2.854391613213004
-28.470063480955712
-65.63078263200214
-70.77052774352654
-6.559573646166611
-99.58076213080174
-149.84465488066078
-3.8172149665863744
-9.899994697900846
17.03220484692889
4.335943605006115
0.6008044918821889
-5.921414802634975
-13.843314797351809
6.812233737087023
173.45459216255438
16.029956452395822
-0.0264136590313595
-44.474347556565704
19.789118722979797
121.92054213661794
71.10339451865823
109.21332644734798
120.76296658865715
89.04759470044343
0.03269245953415034
22.804710428563517
-0.5887816225955109
22.994449064851178
1.5389588328524506
57.25494219746783
3.648245642091801
3.7934568787384815
-15.742189148013589
-2.3185442407197736
10.479558476698886
21.052472747624538
-12.597965895558275
-14.564589212632084
0.5995225797321935
-26.934089410769584
-32.14979994527377
-9.220336016224113
-7.085309878906008
-59.53343042860749
-0.9619911738746616
-5.885189886310109
-15.135695507855704
-1.4111586948217103
-59.17363146172784
-76.99144301690941
-20.99938643739485
-65.33338610838513
-87.60114499066582
-102.11978434898138
-90.59177960465348
-139.694858248346
-38.59265870837372
16.294534151428678
19.83367413600123
-3.4057329766252096
3.896115814713423
19.853059833200675
285.2085646140128
225.7640381597941
135.91060040804433
294.22056645132415
401.12761655168936
211.997853607908
284.9426648034708
341.31751446796136
179.09450006493108
150.5890481627162
144.58120018808063
11.833329133256964
125.54211271923455
407.206506272194
12.908086660794943
36.05665216023823
3.6687218813905957
8.2204940083985
-0.4777357775337016
4.809857469712345
46.72305454013746
32.14060235323765
79.25728280931904
0.7600751719168344
13.012492599362593
-4.392095984136814
5.357665694926962
3.7438261837413553
-1.6687996593680405
-13.55130188234037
-24.735841036262986
18.339655089225527
-91.38891082802547
-1.9211676153576691
-33.67973765240638
-126.52258730393629
-19.9779742156936
-0.012060263557601803
-42.31348151467615
-65.54775915842899
-21.922161645653645
-184.7443749823415
-8.972061240206436
-82.99887790883005
-12.74784678419884
3.6920527685609033
-70.41338838676596
-54.44785280862992
-0.6937209804198228
-1.4170754659041875
-54.9042859346191
-82.4740947127122
-77.96272004135788
-17.243318701878113
-7.1640525304752325
20.771211884284625
23.292426483535827
2.5793614916286174
23.012939489371295
-0.37284957496612053
27.885576620378444
-20.58067397790213
-0.9223116367416702
-34.68928010625736
-113.54343605162613
-48.081322519202025
25.68163822696382
12.38271818762444
-13.192778612911445
-3.186033910732281
-0.476312932622883
-12.663221889230474
0.9056739723957811
-24.384060702663223
8.32015108520593
-44.62216414072658
0.2846195397156224
-2.1732259592223366
-14.538782408987343
-27.146492438684895
-1.1162205935359946
3.8333277614040995
-0.41000182967551424
-123.21871672907591
111.36523080981286
211.51282907291792
155.24986624897605
12.246617447247335
41.89117956369211
-24.212410897640687
-4.372667614790734
-6.531671354841864
-68.08304057923581
-12.133787473819801
-1.018237406240958
-31.077599884443146
0.696121750272792
81.0572781009003
19.178259058360663
33.961399632787185
22.138267468276773
5.856033399753271
-0.16748591214023137
0.8242483514929966
0.7295974163724682
6.823135938196408
70.9250996548572
10.992858095522807
23.921126713690853
57.89970524379961
82.37414487834144
284.8896268591806
31.62131180117977
-0.07561389961390114
0.14583648942079785
68.74552838882742
64.84908562981735
46.69716260664956
-1.0773417171207036
12.940461265523389
-29.26411433301302
65.03190038638252
39.661942068137435
64.61743669765157
64.83002429992219
-16.02572172388148
-62.92261651640031
-88.16968919620521
-46.341104815864114
-219.43014879382613
36.54900297317917
-0.21264786277384204
12.220790061482521
0.562931848581048
18.22505851181279
36.14775948460969
14.782819447506283
0.09341992294991937
-0.5250491753113649
-21.67027213776973
-43.66002582997136
-17.04351361994288
-27.257251095907275
0.6071096515352599
-14.288126517172579
5.401337830682614
-64.38220550119546
-530.3810999164064
-10.367045858215736
-129.65210447240625
-164.93243236700368
-43.70208116537625
-7.252602899631867
-203.1477740717986
-175.05134802235236
-314.88853232485604
-83.21021673132059
-99.31293659096295
-5.241287598753297
26.59535883159397
-49.097707806296555
-109.32827001282902
-47.65437397387397
6.860602868604059
3.8525194678475643
-283.36914682779445
-18.761949215832704
34.55065832018706
-4.58745292684593
-12.593228136605248
86.52056339487984
25.01529453890693
59.884615384615316
31.084771807242262
-6.048106029616313
29.784439822854033
16.452781113677243
20.319759339645987
-10.27682879791262
41.80653831638237
159.31140809149503
-3.179385622221128
-2.6193340794627846
3.978092537990472
-55.912991892426405
-50.65639016729566
-29.631097022367868
-53.07986869871037
-69.22395383951687
28.993079584775092
-17.182650813248173
-95.61399756154947
58.07857231350112
4.831514740765838
0.9021760505416745
5.5829904331371
111.76248485636928
291.3041683738952
28.782914227599026
75.93082364476825
42.163457303205334
2.6036342996856483
16.579731597254888
107.67210338300771
7.552581261950245
125.30500352222273
73.1982830909104
83.60708673618966
103.71226070899536
152.5496809820528
37.01030494178708
6.1833202278437085
0.0663251854310272
-8.909864355526743
-0.037350813026043164
-18.844996904643097
-52.937305538733916
-15.433858991043415
-57.33114360247397
-1.782245358736246
-90.5176643224237
-72.30566789667907
20.050607567498673
-96.84526635442323
0.017861863962231918
-40.33298733775955
-60.34101174322997
-5.384566422045841
-107.65455088302393
-7.49047686287167
-36.18767844295861
-76.88633515421924
-242.99067910318158
12.989779493698691
2.2472489099893806
31.46012363249929
3.01103522942706
8.684897240391699
12.147572229158762
-41.32425078942663
228.31878419452858
-0.27298154023944043
-2.6558776195041824
-147.35375960670018
-13.088419818677615
-66.37885184840309
-160.30043151201443
-117.54660590307472
-96.6734972859332
-239.32795521944172
-602.9989788548169
-74.41477500092755
-58.83559088688538
46.15375576089171
34.4297529745646
135.04003921030434
286.87948820401067
221.28392783505166
375.7533498421731
229.9937719353156
217.73515105279213
102.96900707608985
169.59972636006307
106.62997271844344
103.43184805308098
44.05591310556793
55.78153435623747
72.72087571477856
118.0492708383666
157.43733655589114
78.35702664062174
14.979490625744337
65.51110151240967
24.685000379397863
3.188671459608947
86.31772194150993
33.0915910141951
5.742798224439116
33.709742174838944
17.70290014125827
20.198630062516976
13.994087558858173
-0.1879345633009208
0.776607061792597
-15.198550703140949
-2.6930591950749205
-79.61278544673888
-31.98568612186345
8.669569274752533
19.093751837343696
-5.668684405903825
-0.9903015931988612
0.21936786526381008
2.2445932970064284
-4.5324029018982
13.774158120910252
-14.098547948485516
-5.494459057036639
-5.113384983623171
-8.501935453273553
-15.032594341866519
-13.867262777825573
-12.898114393463224
-3.632899904500426
-60.10463904591299
-93.29533391513031
-13.278738891146194
-18.237779866936712
-131.13967132448028
-84.0776004047814
-31.11227743851196
-6.195006328593724
-101.11597501382646
-71.12712706533472
-20.978431581468612
3.5165159032477122
21.22351164603002
-5.293035936123585
-36.05998604303212
7.045275522115911
78.96008676453901
41.779171187713885
19.254014206962907
-3.267361037976276
0.3931654479710729
66.6195823447956
8.062323621667874
10.951112938863323
27.75576123437664
40.578379662727606
2.5449818090002445
-26.509805658156314
-73.47347500307077
-3.0653928112030657
-1.0725573785673477
45.71378503612211
-0.7088696865302019
0.9564284176190391
-9.674202458885517
-8.612400408300942
-88.08675702479334
5.12821071321836
3.867854922279781
2.7667423061377776
0.9912034976403331
5.435220112057012
-20.15398535618917
-3.8855173507134264
-4.990758532365707
1.5787157425629812
39.739554440737784
8.751184426549946
-0.2104149227951292
-0.3262952266163217
-5.161816620803525
-35.51570705949361
18.794434447548422
-19.11751436875325
-9.049715293899151
-144.90269257616097
-115.87314760269373
-220.32382730605863
-427.12269272891
-31.225218425973118
-52.107810808594394
-5.503147309259248
-31.925425397285423
-121.94929619657961
-222.7062575941676
-6.961119007904866
-105.49381527102344
-2.1300639661020475
-64.2104126878684
-229.54058008368196
-224.84032501114578
-205.65798619831446
-162.70197141979105
-91.29060063919383
-86.19742415804438
-130.5126933893747
-30.748541897097464
-33.606657532415475
-19.525274834243994
-13.739781359600029
-87.03657368844712
-65.54429160730618
1.9261019065856246
-1.9284023870417637
109.02019301329419
87.5552736663201
92.17244528758394
5.280261104015913
1.064849484475085
-18.744898837373093
-48.99025804339418
-0.0066234635002931
0.9164956315832403
2.0348760795792646
23.980822259966022
-0.6001290454036143
8.763150819950745
141.11429208537254
147.4864724338298
175.92585285978407
264.4722551020409
260.96961392200365
381.89109003208944
502.8210606962932
403.52713444824747
420.9698715890851
277.3389646388972
138.71098845756256
87.71082914125262
99.76087544859448
52.26586110148652
31.601819514551828
43.77532191623271
-0.030715464553219367
26.816330416401165
11.87328772471231
-4.823997951029599
9.977613239205237
-4.671026961730101
-1.0913850092665172
-78.97665851406718
-12.145431418677022
-23.968556655526843
-2.397361222847966
-26.880767418377616
-0.9879098941173694
0.044956976980693425
25.746060243925264
-17.226948895132505
1.6441193952707072
-2.1442168674698614
-56.95123103344489
-80.13244377923286
-43.18095196644769
-3.141320851751608
-37.35882268140312
-114.8796196868009
-134.10869375542902
-123.47241249178298
-122.66444898681155
-305.85048178209024
-94.01023256849085
-206.22548271259987
-100.8863030209676
-41.4357837067252
-9.12460950173809
-120.60694039510267
6.261140796240618
180.79369084169127
97.70132815460398
85.81134283372552
182.97073070265765
56.75944259907074
121.44119721528097
96.59033646541147
48.27722089500773
25.14158965283918
8.769422215057183
-0.4313380616455269
1.1816618061142417
43.7596106146765
34.91132119682767
-0.13992746061878364
11.050135390195821
-1.5227558993285966
-5.402005929162143
-101.55437612329939
-36.58831588427329
-13.457647707096044
118.92003666585181
121.1538491370431
18.3375177507404
14.498003039858862
52.76728821855235
91.01737756309787
11.769737537431759
-67.57467561160284
-100.94725887497069
1.2624690167112274
44.787882769606405
15.382963610873338
0.9584238410596145
19.95730089861122
8.589501769080798
40.842149600070435
0.13727975016436159
-20.03245164180442
-5.996547622126255
-47.71972928355951
-115.36264388135925
-58.184024450504246
-85.62132480374268
1.9590400184548589
20.417314313294355
-2.4721521296412208
-3.229663618328728
-7.7393249839915175
-2.0208699995656456
0.04270633549221
-7.283617114806953
31.737238816496074
7.778119740229819
-1.379788834086589
-2.190410787814921
-68.36707126626725
1.8599626255547865
-18.268841077761223
-112.81797650519104
-161.5620378248724
-138.93577578397958
-162.15310301098486
-23.404682022575052
-125.22757740822385
-217.37935801750479
-328.8643994500092
-89.24455571046269
-128.90074524896318
-84.7661251982803
-237.571175651673
-78.96046590421922
-33.31668614305924
-0.11329965208996033
184.5918296529968
87.9864330130017
10.054390741887405
174.9069898801011
215.80880612338945
361.6912463288197
282.83264909965493
84.9975966069745
6.688102371726825
0.17081235230801756
57.159523936007176
15.872095705297202
188.80186636160772
53.52236177335904
75.01232558757135
77.99168692632105
20.095926535142038
9.039524178312854
-3.0984021979894423
-30.78799479862234
19.51646785410779
-7.0131754951635115
-43.659286746255006
-173.21944979629154
-230.09255807457765
-162.4955825081542
-470.1062948898773
-150.17702384523886
-170.52647277617234
-213.79876186661306
-437.7541757294704
-190.2263400015329
-47.15845164344364
-0.7296216919739723
76.24158179537179
12.329532335138602
-1.6077739136364453
-0.9593673679564493
0.007446382965629249
7.908185791526209
82.25584231441736
-1.0459897477404523
-18.425289514610803
8.247832621550604
212.9523225333873
371.7561512497519
222.25051020408162
71.97174731555901
146.8144979754308
142.67268765014467
63.83871824931614
104.28308398381789
5.019095407299158
-0.10315898863934642
0.13228017552629634
-1.6350267943845789
-0.4121564555585745
98.44931112129602
6.904943034697046
96.1464289417334
76.01662631994407
15.984914668781814
69.39611078761484
-15.649719743667994
-14.393434881861525
-0.1917368924185648
46.27900279661357
-4.033788047759845
1.6928591117728882
1.0648543961256656
-87.18762328493108
-91.43610859176232
-64.11913925089502
-136.73390742169408
-45.610416153622744
-201.98390994120052
-154.93744904946686
-65.50119680401673
-202.2896461414975
-143.91122773426173
-94.77605487077538
-65.2907848411912
-347.5556598308424
-280.9316220283272
-2.2718751720341133
0.7561130395412043
-49.632776897098374
-18.360445544554445
30.830255535363328
48.77378861452622
164.1556864544147
55.2582976223962
122.6232032272132
90.09466714895242
13.362432022471886
7.52865859757926
-5.872399489470331
-1.1040850104475908
-2.921313970057871
-15.071752101883716
-1.1318622272188317
-4.672064255384449
116.88954595091667
412.5745586695897
224.1534813989281
332.20573214641877
401.2053067397023
407.28076921681543
194.5664312564985
83.01668091545307
225.03650429689006
14.612604057675146
156.62583292324075
70.20350804342148
168.02758455147713
15.635765987322792
83.25864889493073
317.09010333045467
98.49209663993027
53.01531870036587
84.5027278167927
189.52314297994786
200.14336492890996
12.596686493498293
9.867018670335728
8.293923386149803
108.90680522044325
-3.029193264044205
-9.69739939228809
55.745828265357346
24.848084576959213
-0.4897258715740951
2.926453517254126
1.6680042532722301
-3.7789932759379266
12.499288836706338
3.493816354568957
-7.731799921228825
-5.7140791177097086
-5.96410419430085
-24.55327961688207
2.8671569773917067
-7.784252760182911
-1.382298062593153
-0.00014480143159681348
-0.27473277956895054
-26.745987114138863
-65.42226298659031
-3.351066911802502
2.7293220769482023
20.192413430995945
12.56830290369245
-13.147652451977986
38.597902970268755
-4.555592227163243
-63.102385475478755
-54.376627568619725
-78.59097961920818
-1.2746015747177473
-42.172470047743545
-10.69470725625729
-39.68596529768263
-54.127897561723614
-68.98666836734694
-6.0475857574094025
-74.4143497242647
-37.96024267371132
35.557521229849314
7.068069056599283
362.022300026254
147.72207400910492
253.7247773469628
16.67378353620946
5.466488342335831
0.047236764005664046
3.433316703167552
-68.92205094247564
-9.836206714877996
5.076012861376718
48.055017914328225
169.29207241642945
166.34842108152625
52.38266992683576
63.86348325571704
45.97246544533468
58.602022142490966
21.252634002708945
22.71892499014767
74.19683160211946
101.84406663976468
37.50412082558243
0.43347782855422073
32.04188583861896
25.21866502126407
54.33653217376991
9.011841583253343
3.4503450286028974
13.074050468801206
29.336641426896584
-3.803979113226499
-12.446436565461083
0.025549402923529738
-105.34698584097654
-8.688410052856522
-29.457685576976214
-234.8189116356802
-163.80846986089657
-121.18299443431086
-195.94009676332786
-46.92524950467182
-85.94649629760866
-53.218798421879626
-221.98142917480595
-99.38037514441203
-178.96162391859437
-198.23711923802665
-65.71008793416212
-104.2690087573135
-115.1556650280776
-281.85785506130765
-91.07536187911742
-61.189645647876596
-455.5631859751958
-82.39613168242286
-278.97080232788505
-597.9177275462882
-293.7583747401485
-820.6814111440817
-767.0246717011587
-281.82920317505415
-358.7276821819001
-204.07835334227397
-143.32909242863053
-103.38618244233993
-14.567593186456202
6.642372401188048
95.68330267483425
116.8506254570349
93.07867816529412
152.26010208898853
72.01695457341185
101.63255258526767
213.67012215758857
146.99866116332615
255.20561825588516
38.07725022677203
-64.12507090336138
7.623232074808794
65.09683520340752
52.11058748141696
32.93349644994012
79.67075248785935
12.282782555919049
5.179217268482769
9.667797133619633
103.93107664403321
108.1762432831666
9.508381089869793
-5.956050302339852
-4.3734222503719025
1.0426504641507857
8.096716898270232
27.274784964442848
15.682351937351449
5.513627981381294
6.958960818606618
-46.30468266680226
76.3239998211171
12.616822429906502
16.91650255172263
0.42662926656431055
20.193932253313754
9.796733489252695
20.368172238992983
0.27955787318446357
-3.222980044412913
0.041955382567524464
-6.821341696247998
-23.54112982895404
39.779147528677626
23.663357795716827
39.26158099287873
12.86389492277048
20.373737619545985
9.695349845921264
0.6504445808855356
-1.3064679145342009
82.6143517162845
-9.047162612410293
-21.82174242145429
-234.70447960565915
-143.33038387875757
-68.16010056392034
-38.50127291219346
35.627266218786986
-8.024296328751115
-7.28343511107621
-1.890897222074675
-0.007444907683145406
-1.4707506050353425
-8.92259577708719
-23.329421005611263
-0.5440697373448531
-47.7198698303917
-9.818279012598584
-86.9034258817675
0.16476384104031577
-19.692388708889926
0.0281343416091311
-36.01780988784808
-31.388719228647265
-76.07133193497639
-16.73299171641019
-84.59855879317045
-42.77634895290983
15.887850566122863
24.582087822898895
81.76733108692889
111.00517617482117
171.23606478309352
122.68787916520046
46.21639512837816
37.12073910870851
19.484536628892698
19.20197402744696
41.96390764738084
0.7076967828551515
1.538472344161536
0.5679765843341666
-0.7047870967741872
4.391485926007846
0.10822959694027855
-25.892855660988992
-66.56101942122753
-104.05191825161508
-112.8633185090265
-69.13629899471607
-19.639459520515025
30.907776672374325
64.87560752588996
7.835035662093472
26.19704350908293
19.120300021819766
17.847602254909987
48.696840082889935
-0.5564353361279265
8.39617291578175
-1.3951239651368628
-45.52902034880747
-0.18143520607856134
15.767061506781502
146.1938042941289
37.58247057131704
388.1128652143292
96.71561007275963
95.85966735055688
52.729536397624784
31.595876675089485
73.04802541567143
36.65917715951643
9.84713393443021
1.2376719059501349
6.36143044174546
-5.099487655636386
-5.970431690628149
-179.71722199554313
3.2076792878466347
8.601328429858787
49.25080157292226
5.157607555089187
3.8583498177243216
0.01589290210977029
-21.36143548846481
-0.05687193640662687
-13.81279531407015
-12.343438309563084
-57.74125906129154
-0.49580599313040385
-27.162364524274142
-17.2874794994609
5.790814133704962
-263.1082515562066
-137.803206576925
-102.03096918529502
-55.18499266785376
-149.82834049862288
-85.68001034853879
-27.60087371121552
-116.3437440161619
-171.98176200626668
-169.44027816872256
-167.41585150092246
-177.03917790920107
-370.2765946728545
-283.7559636544013
-57.9348997650996
-19.476222834237788
6.610097256577465
2.6749764323871426
2.611942435741365
25.739424837916793
0.009186557132187913
29.56888058995932
320.92279038313814
244.5331521717284
419.6955648330919
173.51080917203984
52.091737611875146
75.92778295071435
233.65410638276057
59.37282983702286
166.83524109014678
36.504127358759504
37.76133914847465
116.23934539190348
74.91987188577299
61.30143201214728
19.12813882324019
2.0600925451687693
-16.664383096340206
-0.5475207390648525
-8.359496545692181
-72.01634626890132
-74.2429571972581
-5.021837291977939
-31.640416688369207
-10.794325392012498
-24.37854048655648
-39.739561040926816
-122.6618620746934
-27.310935816055313
99.02783896162282
412.2276501043839
35.614043993362344
120.58733345938109
95.87971669973413
4.708457273283951
12.912266770670833
2.7932164742807483e-05
-0.03453185988746273
-22.269074703881834
-13.545293263067947
-116.76513721176482
1.807937977683248
-39.708755155605516
-75.69367565764388
-51.22711852057458
12.38674024711926
1.4617779129905633
107.75867911276265
131.51203584875657
65.6070366838681
126.42067935427713
31.92025034719014
4.619134033525763
-0.20640341761920497
67.49666134023525
10.476124273661089
6.210171413281595
7.557805006669376
-107.82925554060753
-5.072709407918619
5.005580698704536
59.278798601110864
7.176383439449295
0.13140473460578989
76.54307812744626
85.1068087194151
-11.568096378496577
-17.295046602907817
0.47187253527518663
3.468019346521637
15.77486304054767
13.805451802241121
-0.48768441560763864
-0.04517411221273787
16.87827850762945
-0.7652607745779507
-42.676052146071434
-44.44942385599384
-31.740399545611186
-12.523050546744901
18.72920249713384
-3.5052876629477847
10.703954968607924
36.30089071611653
-5.496865793644182
-9.634671511058457
-10.584704733650035
-27.233454545454553
-75.38535402569869
-10.941447317934136
-16.972461355662407
-47.77088087073203
0.07039467599404496
2.1906899973355762
1.4415443831594112
0.19527996410841847
-7.081963978679476
-0.9715018061988228
-13.466404501459206
-19.476036242139287
-4.430628027795457
-0.6305651039607891
-83.59023427034958
-77.31149533516691
-0.5968025527782377
9.270691720459771
11.677246156445303
0.0722994805148437
-7.282592119683779
-50.92606729157619
18.10714648602879
-14.874501850005899
-1.7303168870256842
-0.8267200606093423
-84.47377806357812
-66.2548615007762
-7.330864452712331
-1.6152951480307278
89.8275129778198
87.30926188447064
170.02326656747996
27.601508971016663
76.8573758499897
-0.7780314101504414
228.06119659667917
140.38099862585113
114.44008806313369
64.48416720181604
-1.9588356537935403
13.364884839691921
120.31470924513509
203.7767055856575
379.1942571385958
7.096459073861892
57.230882791204685
142.0919008282289
215.47594407310095
119.40015828891161
133.20809038918668
215.69913804152344
73.1076719563601
24.90126564763361
49.67338466188471
103.87483643361145
-3.7074674915834525
-0.019053780006603176
-25.09227180971758
-32.52811123231123
-4.364084983406639
-3.9123913130906756
-28.015102838016677
-87.70130013570564
-92.69347548329866
-30.646584441152996
-30.254029691892054
-223.17863658178487
-22.52518970014246
-25.219931359810182
-4.003724548915749
-72.35822483970807
-135.30214100078612
-45.70088615061105
-180.14962800352163
-102.32626085097283
50.19946728948745
7.451529298823989
-11.322449005752354
-42.6091067737663
-228.36228944635735
-235.74735925097698
-11.889577853098384
-412.66806359642374
-302.61473004138657
-312.49875354732256
-1.1497546358202686
-3.939775270769746
-79.64718272775141
-335.40610546975006
-40.92141680350045
-151.6780644056671
-193.5168240870508
-14.408186831892152
5.982607870466481
28.70193934148928
46.133526524344276
18.67089399715509
19.75455323221485
-1.7377828214697202
10.428997342958873
145.52847959336222
6.7080165799113285
6.188169964468476
-77.93427727157115
-0.5480192324309642
14.952102169065473
9.389218579776163
-1.4574660172539966
0.5235548854953577
5.067202899981366
1.5190868209376711
-11.115603731258208
-38.99059938018637
-0.026137481453788837
-20.430978850084376
-18.082385222469284
5.201360755611889
-0.03334727582802178
-3.397001432124801
-101.44333727486723
-1.155597059672663
13.465334930651718
47.98830291339491
50.437424431482945
-15.301985773445054
-34.67509405604573
-122.06407643778576
0.9633252282274835
0.8756264655846154
-51.8549524925159
-45.75547396981513
-85.90935799854395
-39.54673521850899
1.9920343889712546
18.116939358893312
-3.5081728274967623
-14.64875775321765
-36.90407131950941
-37.774380537618214
-1.6201502377179076
-7.1847676922008485
0.5653863045981652
-1.8987992569988097
-3.1583126186248753
-14.377300976620319
0.08960415991939494
-20.342400125825748
-28.22343883679274
30.057136248198194
23.930706108345042
63.23764837977786
19.348135833771874
28.954871466281148
71.96125354670295
-33.73736376617993
54.65381671992572
-4.785110264758257
-12.940068151433113
1.4870741335872497
143.18510700166036
143.38372626883552
97.21472062610638
194.15481055447862
410.2877188595735
11.473648975007027
36.07183701875478
142.794343494649
153.4401303553499
48.02138948125476
203.83695020060696
54.89963915013711
28.865970359378288
10.094253640854124
55.03302803653928
8.56650501214947
1.494266070702958
-1.4902844340890742
16.030194966128818
-4.5514690605035115
-23.484637876831805
20.418586413119684
232.29529660284607
73.6878862624561
-104.7422630257583
48.902569605668226
3.6621768468741633
3.1503289817232374
-58.66920545057595
-0.012640478686608086
1.0962192120773526
-7.564289427175406
-40.144589169350596
-2.7485544490844727
-116.51179326884939
-118.0094175837394
-218.2428800530151
-606.0674119060907
-64.98910864174856
-287.7600491847626
-61.9154223632987
-134.0373977024227
-23.62820272924626
-9.013579547786136
-5.339373879585512
-48.33119335557417
-58.578960607116976
-243.13487342256235
-131.27057404108777
-308.0892578548859
-137.33269136965345
-268.86125674116875
-328.5033619345715
-398.77374831431104
-486.8534206702972
-696.2506335845738
-335.81648971238417
-14.991404763184777
28.947859434682996
190.26580886528373
1.3345609930460856
56.949277041327846
19.5631073586039
45.35853462448727
189.48946582928144
109.78366586251114
215.10091044201025
338.310535539399
144.14415558546423
82.7100843162889
17.716768044417027
50.22750175257881
14.023991117976419
53.08516169077022
-1.0466892651270674
40.09904831296938
25.198070754780836
2.8513640379787493
12.0828331394597
1.3519744801664595
-1.7811794145274908
-0.17332004359035916
6.500802568218299
5.073161482491357
20.10534417130269
2.0112793313153907
13.442169897695162
-12.81978254537164
-0.31126594755647785
-29.077048183680084
-22.93432468070678
-42.331907656994
-63.969455036050704
-174.5984270734033
-91.23036758678813
-0.9225994763719281
-26.520153985507257
-85.97447157457472
-448.97023052087343
-226.2235658809102
-205.26207528204316
-184.6715464820948
-248.09962922248218
-4.763737574552681
43.23283002679083
-100.82762917325124
-102.6627428491503
-28.886196291270917
-1.5529938360504634
29.635495164514566
129.28325594916734
57.7243627511554
1053.5801676607744
585.545577551553
732.896085207168
571.0280815131089
491.1656985139627
174.42796600699108
386.8737997069904
490.15440289817593
388.21635316513687
97.42506839330112
2.876905980726121
82.54472274462873
37.686940574977775
2.3401873714677537
-4.310983980570606
-68.22112978712111
301.240917870734
127.4216648331499
194.9186770784433
235.81711805002396
268.51282602043955
360.3649790384287
121.39805830511975
10.57175125238323
80.05710014961402
26.895512080332985
0.12397841828765768
13.416812691938194
-31.142157584800252
-12.106343762365926
12.416006101157844
19.28900312036426
-45.89093860243999
250.5123017755118
-62.055567916117106
32.88828071475389
3.9245375622178558
18.376336449267573
-203.2656219637028
4.991365355479516
25.069543143642903
6.649744611451991
0.012212930302016606
18.857460434015
8.4530430955144
-15.133374850857006
-2.8040385263222394
50.16050230544252
86.93147864091958
-7.912891879819014
-54.13318640170809
3.0436668130254976
63.97171329926982
9.70546156245513
-19.926760235493315
-61.83511832856866
32.92257266704445
256.28965626710453
121.24492004559873
85.30942594262089
-17.02117697896616
-33.059034909367846
7.965711419095283
43.28017829486648
-77.07670597570052
50.27617742224859
-7.505350131660629
168.25939576384192
370.52525192489514
28.5307197519624
37.089370633791674
71.4250002403731
-60.85440062256646
12.118124189063913
11.467397359377834
51.417383329884956
-49.635758901360944
-82.77518294703289
-82.39166167489132
-252.62913803289922
-56.16342564599721
33.897579296512774
264.9633828989943
16.07803487989475
-10.174376350889409
-124.82025140708429
0.23195807820365777
-50.00395948495571
-4.0422890815066275
4.372734814021918
68.61762699582742
-43.237083134071966
-132.9463416425961
81.69638438732343
4.50679823714492
-1.6150054467965915
-43.41309606081535
19.59163048363463
-77.31130610975335
64.41568873172912
-11.5060265805783
-27.0513381718685
-162.5180385144427
-392.36012405216394
-403.222788374292
-11.07268700297628
0.7021678098971189
219.2361808697444
156.7121968556229
24.11791574232971
21.8629343022293
-25.013337100852976
51.935502619077255
-1.2605142485844385
0.11789675139856881
4.187496687314155
-3.1209918425482077
-38.390238402570915
4.135764779128064
-150.15253570960562
9.043976187150122
7.063502384814316
-1.9038423148449546
-70.03342382444755
-40.527547244017036
2.231667422365141
-46.58466659299374
0.9877078657465918
-34.358332495058946
-10.423320774424562
-15.499743476157478
-50.34535835384571
-0.11613294023363557
-53.51457841706766
-3.177966758380615
-90.71731784899018
-295.69607449635504
-69.53522110413866
5.790546890066183
-24.735110938884098
-2.5553870204037286
-4.719105351471628
188.53293400235634
0.9204127294008263
-138.86668674140654
-1.0393005131458313
-13.14977201011585
-222.8801939688983
-87.4345718786222
-34.235637438717944
-296.8061564293916
-13.702596044193156
-136.44556835105203
-444.001656055486
-80.95886523669755
-328.9110963623149
-94.71499806147872
-73.57436364498825
-242.9413141439305
-268.3568076420503
-324.7022209198843
-384.0629972398115
-447.60333237945326
-229.3849235701867
-392.66222572082575
-95.52532710280364
-83.32247765778426
-118.60149600000008
20.979864999171795
72.35571738530845
17.07402436881262
19.09227359088031
85.1085285007879
-0.05658960530383946
-10.189006549414998
-61.554960874380455
-135.51993196358762
-19.741638445122575
-3.4643239008203515
-33.15700979443303
-0.04393306224585446
39.07624205354453
10.451876028067552
54.46386492791764
253.8036046476896
182.92565943428366
30.49000167993818
238.18197198132083
319.375767032597
360.3110087986929
70.62352800069797
340.88015543942817
138.49838955502887
10.192265577596274
-1.1308596732325418
144.98175900378712
-6.20584638770811
82.23891441436744
10.007503407344364
61.4377874830093
25.982007492783623
49.41506391122827
-6.987912209026156
56.70070963809114
-26.930874696831317
-3.132658212748808
-59.64566417949209
-59.574493026967204
-19.408217230594246
-66.25346340407886
-45.63934254077427
64.56056466911083
44.02450082343417
150.53752998494124
18.537006915819855
222.66540026567856
165.96527929533045
25.104599371032798
39.134141046736545
61.76166415702673
80.90216776489086
59.70556625809352
5.217773379876405
29.788975192943735
0.003806788511749635
-30.159534166391648
-4.0571777125688415
-18.431250297626864
33.0374002092514
16.02231517186228
98.9613198247535
0.09764940455690901
286.0822854049828
213.4892503544253
203.399185711916
18.36463830517466
10.03133832285391
-0.8110153713453354
29.02106659763122
12.316076587830093
0.3974825945216762
30.517870353131052
14.481846036635844
-0.45242650584167876
0.06244082885648557
-8.065021303720602
-3.41164650837485
-0.9074864911974936
0.219268014898258
-4.268036422813308
-38.56681396535113
1.386472928020383
32.38256918261646
-47.248456357154915
-32.280322796633385
45.65335661378546
14.813745047856147
71.35722099044497
38.228003537425124
-32.566000573892445
-19.516319941056643
8.107744525861438
-28.181135799715612
2.9853388898967936
-28.55772756007199
-82.9515580596941
-18.448978247992194
-15.332798883705836
-3.2000635663572803
-66.39359432018469
-161.059813767209
12.048605294802591
-4.212871973455122
-11.943775173762475
-9.19702576750455
-1.287097232580955
2.033668532397297
-2.2224799754377424
5.04837363098779
-0.14176395005790607
-80.08667592600138
-8.405801358943823
-51.40114747819697
0.8991868626671984
-37.475518816619505
-52.48815290977733
-62.52450349396497
-9.873797468354448
-81.95208027714727
-256.7174612239804
-163.4084211324722
-156.78161515807815
-58.62114536195884
-9.979140994720023
-113.91875945537053
4.421313920454546
-2.7402982967081364
-14.704904833630044
-78.81668077601415
-90.67157545810181
-17.014356927494653
0.8928918041564892
-1.181025507548144
16.553929077376278
2.846777742469264
-2.8483174204939097
-137.53334898541019
-82.7399529339609
-54.60099998965782
0.10944073133570208
0.9340535936890411
41.369602761599474
38.98548694920007
13.721654932973276
35.15549546355746
-0.06306203510676414
-28.525137010811203
-1.7942430461591496
24.602742657003198
-0.3127728321793648
-3.2591931532993774
0.7474785563020956
-0.26764740114551167
10.88569353558327
251.85736495406965
22.165680775646365
10.1317615864113
22.96326704434458
-1.026473103812803
-38.37350848280629
-2.4996848549208224
-4.073735529739592
-14.48955026615662
-43.988510232524035
-43.55167535669527
-39.12968503937006
-2.2348376115558035
2.9092509197939793
202.48830813345594
25.27937024450894
138.63455095553587
134.10025822441148
274.06315554862647
31.461563240005546
99.80305625142324
8.104661568144719
63.04374067474684
26.253435651541643
39.016729113767255
8.371890388216993
42.64155080706013
75.16639693629028
28.72867345489342
0.36701316777466375
77.68001245013606
1.8107050248338898
-67.45010790730586
-25.939659102446967
0.10007465457601628
1.434916800858829
1.6781459956571967
-0.9380219831112878
-8.48081375457099
-19.765800494884953
-13.9162684270209
0.06174658366037383
-86.52755257464298
-24.224522596226056
-40.86765923149011
-12.900214686380679
-14.226952383717887
-88.09227286586867
-30.44394711240811
-168.5205751394501
-172.628515310018
46.75450729079596
63.99049115204053
117.50057468123188
-45.002961064776905
-356.44621810121475
-207.60201302120726
-0.050097077002545634
24.03382346277585
88.31531221159806
0.06542199131946393
79.00470708859575
0.021520182017359425
0.04405493182083292
27.049339967803263
171.3906190680248
346.2703616376102
53.32236549213238
153.61318460128342
81.91489898413417
16.73552405218492
4.383870615588473
-18.497147960677665
0.3121659910267266
5.086177994981425
-2.337604083291272
-35.73690611336964
3.163401498992193
3.086365310255935
-2.4534224559798954
-14.010191331511091
-95.34427117275862
-16.798015586572525
0.17071194091096004
-0.23648519085791275
-228.54920088479037
-3.0885567526935604
-145.8189544791224
-38.268069218614706
-9.837651398264207
-60.67271171340148
-157.9312574972812
-58.301605248559504
-78.98881750295965
-101.60776555415173
-72.89063747819645
-184.86320988181984
-172.66881773044543
-188.8925891292357
-12.247525519183398
-31.802890134665716
-76.05304074872006
-100.8784368237668
-200.8271249501305
-197.57309090909087
-291.94292697916103
-23.566540537225524
0.01748065158104205
3.0114105186044404
87.62719285559325
149.21247956560666
162.80327461241745
162.01292752272195
226.7275258610331
300.58555055247786
99.42904256993108
34.24978842984131
4.389681288783459
10.870907967881452
-8.565819998819068e-05
-0.007220698385906584
31.755908979247476
187.61985041193265
421.10450514019465
204.44220489001813
52.83208494112364
82.19411862396208
188.24879904176055
0.14928976827317955
14.282028662261402
4.144019103600283
31.454713257243164
-1.289616833254693
7.539322002222925
-11.899456953845679
-0.30531787356176254
-36.87768430152442
-33.61749685924522
-37.8758742181993
-15.457793426397235
-131.56136194645495
-102.172413258808
-15.76357093621112
-65.12282315518272
-81.6497816468511
-69.06288499138874
51.56247201027819
37.41262800934888
30.50594740391096
27.7699958641952
5.894483015693996
9.842211607015525
3.576960866839796
26.289107285069583
5.045431125581935
44.7492038452315
0.6248581371743476
22.14614298448459
115.27301148007763
50.69174768518516
11.39742553637224
2.8213517902302843
98.42278188693162
29.412226757017486
13.511610310035307
-0.8032970064678616
-6.144946391442188e-05
9.647264066081798
0.029194424427546377
0.6288535805914413
-16.334727108705458
-49.81401159286462
-20.40759442942643
-21.394532462229456
11.979411368600779
-5.769368872341616
-45.35541375758267
-0.5279312002797538
-43.82210584626657
-26.51459522788029
-48.2817030243223
-126.86659584360041
-77.55892874051331
-372.0900426313314
-45.86947535312771
-1.5649556357546186
-2.435703659729007
-33.980902451467344
-24.41897351776048
-49.16465458663646
-10.007224243293166
-3.596153126520233
-36.8870482022649
-3.459096045197743
-105.32312441089081
-10.103532382935562
-23.252712124985113
0.0630031817110561
-3.212054554115384
-0.6314029265780807
3.183961523483134
2.2330086997243948
2.3660078144078063
-49.928937697967015
18.296010731532732
32.30060994938389
20.584509025391203
-4.261691115324486
-10.411954195316135
8.838655568054003
-2.8699806040454394
-45.61581377016398
0.34276150627615426
-15.572898747958634
-20.383050163068816
-92.62091526695284
-28.712079343365243
-43.079510853212945
-36.11899958791638
-51.572112029086654
-15.708601855032631
-16.259966394085357
-89.13906445556944
-16.91295239316393
-27.993703838237074
-58.36039619076419
-57.60735520490819
-6.157400914634158
7.25403906866613
11.455016928494036
0.365453900709217
-23.570695940637297
-0.0014228839351813976
7.604445421221103
93.03592530977517
62.12698503697764
14.550986539009836
114.6259604070049
63.14320186907877
308.7771197374633
820.0545226482211
326.69722592568155
560.0110412978138
200.64758609794626
798.0291146226751
135.72930412755173
221.41391130238836
521.7732607203329
133.7531142321953
159.72119116525914
146.31355863511567
362.99385902031094
143.69410352453627
81.22173212508301
135.61193443308161
12.583494456596709
1.563272297538834
-1.088388114285702
74.20601252562062
-113.3563718250748
0.9331278896562432
11.347900971200842
117.38212821378622
55.85499930989127
20.26920003857562
-1.0799304128835534
3.204897580832084
96.44802181979867
0.1784040788071199
-10.980784955739413
232.37327733059158
-5.836146549531731
-48.968445075974444
189.77289736161953
117.25017539991187
211.31140114768107
19.513412910393036
103.25915485456565
-0.32667157142428555
22.48823545145727
-1.6036920892254611
4.787710748363667
1.0001705883144347
11.945709754276535
134.50287569020819
-6.601360690337833
-50.97936825418702
-0.40962689401592944
59.15668339447171
69.15739303404203
36.565670901571465
24.362185403258934
-0.00759046241976186
12.068750681530304
10.592727975270439
38.83781637243167
1.2369010599525234
2.225941705237242
130.76180456442296
57.31719702059676
-75.20134423168248
-36.12096140871673
-22.937504521143584
-41.46395339668011
0.036749894299004326
-27.101008907534045
-31.06242280285035
-2.875800319392404
-168.91657477428717
-5.197937968382488
-14.243129422557317
-8.038152400973356
-5.199870625808063
-117.52882213176045
0.18025901166458025
-22.62591659835147
-81.31885422518499
15.942549558554017
-168.70124361309388
-26.126479807612586
-0.11337325620004345
-145.47150557101074
-1.0963502248238055
5.910795698159505
-8.335876153091256
-222.50137418565038
-280.0072901959571
-40.74872696396001
-51.65739997195003
-18.702704127215707
-231.42475640828704
-208.18700231095977
-189.9151109269898
-167.96640484589253
-10.058380409000575
0.038884998039376284
-29.990028251371474
-14.577731270554043
-0.9398439960998995
-0.007913478549938343
-14.831324287464483
-0.9305048989021698
-3.4023467687656366
-21.277656967390755
17.635781749581515
-0.5250734335323639
-41.80690391746525
-62.347610349968456
-220.2048158898375
-100.99668330055468
-43.94695777305219
-149.37242079696793
-30.921133988584824
27.6993646061216
-0.3014524666525623
-12.496840334391983
32.290191412899524
-16.328799717431178
0.32522517788919325
-227.00571034439992
-12.441507212876198
-78.54821690871941
-39.487980161227526
-42.11146147799781
-111.51683030178611
-126.2002645372939
-87.09643681943281
-0.4952457479576765
56.238066655721525
22.823656711712665
12.491600033578875
0.5204594849306576
0.007395026146385598
-1.2123889400921612
-2.3089963598543957
2.525333255104436
1.667312417312424
-0.11299151065384641
-4.879339480503814
-34.62091640244372
-23.932662408327424
-11.766504719949625
-50.63818397505419
-9.230895878524969
23.207805730523265
139.2845965485949
498.3405851443401
451.41009256231894
263.9478894616802
146.9816679167384
217.18563890112495
257.555586776261
121.35177366272578
8.736768642167185
243.69619522630595
10.131268638171017
277.1025861208188
233.62700022850942
59.75699237647515
128.25918193560722
57.02081587229698
67.44819086484682
19.554262843699046
17.480573554803993
37.720626256893624
21.13164391890476
9.678917528929158
0.7348139252070843
-8.340182924055645
50.15715259521216
0.003554970375246917
-18.377893922932405
-26.67107011219569
-180.08456560847276
-66.36344042752245
-92.65155012034509
-15.660777292287584
-0.7883163381956007
32.51595637500858
0.17980610477992953
-51.21520237537108
-36.90202043198216
-66.45704475329958
-249.58143940105532
-206.36914571266308
-48.53854973017418
-468.95885443008854
-72.50483240296673
-41.615715441003836
-540.7817454934772
-58.69710936789922
-18.505301880322897
-27.863631173017087
-2.3645868913431265
-0.014185680868198316
-1.827694172058782
-0.06269347359678694
-16.234779827101065
-55.963797759494604
-205.22485048186962
-134.7326969412781
-259.8466281616711
-160.86042976424358
-214.7535208816705
-491.37568477330365
-793.9281529863495
-587.6411142260099
-449.17590880133037
-94.61391932293132
-114.0834699951408
-62.525647352370484
-14.383793407604806
-44.50969046570296
-17.89067968221348
-26.006743982685883
1.0393546108683114
-0.0005329042281655952
0.9247582569954248
44.5967544386999
24.464243272335832
47.57208207150263
75.56266187542775
120.43458290119344
49.21454822517033
221.80448417601826
125.60555269274188
146.6268431903865
342.7906494502072
174.95857366525752
167.18270682585623
87.67809063237843
97.44338704581364
267.4767831162331
105.44262392417474
19.0021460633662
10.299432989690729
-3.8205792385673467
-102.35621925455641
-45.006595080453245
0.038012804313031764
-1.1455083464616986
46.097959476452736
52.28346071819699
42.720774627227385
18.357776739841132
2.9879146020330074
63.66027762448542
0.6741656793365167
68.6292597314933
18.167417185942952
2.5116677711508677
37.84989107720948
16.501621155919246
3.2065572586614812
-6.62107415760594
9.37194308961365
12.823235230625338
-5.887947549260222
-0.0016446163943488069
11.346923076923071
0.16330743292771727
0.020426163690352394
0.35656817728089785
-0.6221365062403212
-44.025279020972704
-36.943779430518724
-19.65037718057517
-63.7765487304891
-1.2627815078791187
10.047682661279751
6.466447052635044
-1.79895887463799
-37.84192224847862
-4.214297862001956
-8.17258868862303
-49.2362032240887
-20.124319828795016
-11.113500061297023
-10.108134482575874
-19.833538181155454
-8.84455510414953
-38.328838341229115
-23.275539271940538
-35.60255724510333
-32.933751242297795
-87.39999323897952
-54.45348742580544
-21.041094874176117
-26.157473880903954
-38.45602003798351
-18.963616063410708
-51.256958806144425
5.710625007599843
-5.756261998075607
4.282631941738841
22.380574216656804
40.92795180011224
8.199967282839841
-4.433108723338843
-0.39820982924693005
10.013090798950014
275.6963032824376
169.02069128250568
40.76562811533844
0.3226974088313593
0.8317107235100945
0.18193060498220637
40.38399800885527
0.7808237820621091
0.16141591990513865
68.92528553107637
-0.6861443788288475
2.3652072697569912
-103.52965801560512
-15.207721752393118
-53.622874600764526
-193.94455719383916
-135.0616747893548
-504.2408115477757
-44.58922965429161
-42.03927298018967
0.3454278841974041
18.796026351406077
319.63409396509616
116.89947394881175
159.36244955477122
108.78867256637164
40.39719527757123
39.27713871100421
137.22781905282173
12.139058165677065
24.786235235576054
67.2359479749177
34.85482438239734
13.501406772793041
3.7411892228071233
4.579726240141282
-0.9233362280403156
16.791954155505056
14.82144187168354
-0.018643459274518832
-7.824620031054472
-0.3830117296467595
-12.477076544655885
-33.61904362551404
-48.276965404025
-52.47843142345684
-71.43779662916623
-8.781051260749464
-44.53249019746903
4.956245805369131
-56.76016185012463
-0.9375312755581089
87.26455695722282
44.74759246400962
118.35664823008852
90.5091831222396
0.0017464867790629897
-45.121465378684576
-0.6200434588696568
34.95458415747508
-0.5902064753054046
-15.516340041503849
2.742804559066975
11.95152895776924
6.684302479044064
-2.0852675804118754
0.011892268280520913
-11.239579294207529
0.8761917692493254
-4.230395501912107
-24.368622430136632
-28.12951192201291
-62.640365030577726
-102.50177041381727
-92.18546465669843
-52.82973917768523
-69.37724133515458
-94.52133072228808
-24.295029446548305
-130.2478385784273
-93.67324288298578
-124.11285892093119
-41.569255230252665
-106.13412362608977
-46.807947697871775
-159.38907436204664
-206.98444680297445
-258.59852204990733
-63.16100137484228
-0.8778713793324913
42.386019835749224
37.53161269240308
8.755561711558112
29.52758758584717
18.91923143252628
8.723699484450366
210.00296831644832
69.50088657787066
108.16156230151623
244.50407979273243
110.55814658925974
111.4013733192325
7.47793404404872
-4.522480832486079
18.880116065974352
120.84782172093112
25.493073923175672
0.3457730207271463
0.5330691694114864
4.292249887141016
7.575381866168159
52.36193557772953
10.125299645325274
4.303214848143982
5.779941217197682
0.12778768287031975
-0.49019954399739585
-0.6750691899169641
0.9458676607273446
-0.23560123512994333
-20.670231283997957
-21.197986792331847
-4.485859423084823
-0.052691203902999306
14.142670493118596
0.0020706866636560047
48.433942052550194
8.992810727246518
11.123685837257026
-0.21801282358007007
-7.466893099156403
-35.72555588862627
-3.8346733135917885
-0.05175379644588091
-0.1560661397989712
-3.457313875834799
-0.05449358690844892
-131.0816074226803
-1.4955483017203344
-58.507733364007606
-22.238794110626817
-25.12561576354683
-2.0212696793498672
-10.093015348827535
-36.09252098508493
-28.069626489101623
-106.916303736736
-140.03045290216062
-164.93778618450446
-93.96012005303399
-86.27911712192774
-44.002139158635615
-1.525087586482468
4.5828076203331545
-13.13722312073696
23.34374744400968
4.134475051156923
-12.03751274292464
5.709114355048083
88.47106687737461
142.35709881945024
57.998010026995736
54.18290133477641
64.96555928201093
20.918822585213867
2.144054045302215
12.265805263157912
0.18572400046898985
-0.5151555009799974
-19.64790935648107
-41.26439042909789
-1.896361136886967
-14.981760061522706
-5.778999480699339
-5.69658817382216
-35.245411369804316
-46.01401721125123
8.917042076991933
82.97689747223409
218.41105078850524
256.69603493795614
172.05514888352673
60.6134472568596
16.906019756745092
65.89768557972639
53.903036090292034
14.914141274546957
3.3682783931669626
-0.00247298194771446
-5.282355827512556
0.8603473014161633
-8.475782218806042
-57.495795878855006
-1.1405882908850469
-2.208983771684382
0.06630676037561693
9.281901841937673
-4.544542507476204
2.717531165506182
2.73020483929896
98.07873596320856
129.26934881261843
27.551480397363015
41.0685181423691
66.92746363843098
12.17583799112279
4.438151030326845
43.47584106793717
16.233923063030574
-24.25714351630016
-10.236497668279853
-52.450545464107286
-22.50090898889007
-186.71243892384078
-63.04624791618369
-37.68973878155667
-36.8148556733029
-13.970136578211639
-36.84787561478667
-20.78664673357253
0.07006718848586971
-1.9005708717917638
-6.644691685504821
-25.309985236901603
-37.80215473922628
-74.57470795562584
-39.144895613736836
-163.92752562225488
-49.32860993244853
-50.98256578701806
-92.07522614905697
-30.984610297590955
-161.02748322205545
-207.13331666450182
-190.08518534429854
0.9546203085167825
3.8499735594628675
53.79045506563446
52.56778636732675
28.05570368265326
4.678339399751533
-0.006386868488303792
75.21280575539572
170.0511555868289
76.9353980111569
270.90145305057627
-48.51389593009522
84.97855929287846
20.119683269846693
29.24326125544617
3.0506658512474347
0.7702720233787125
1.4116432942867152
40.75510101684058
1.6824205999949746
-3.556181383873155
-1.386190853058973
140.77576906949255
502.0439930528212
44.222633358239115
420.81249678224
62.166701010525784
99.13717691462429
62.75453660008186
156.30941923774935
94.43033192326601
37.37552065676881
114.5960154886894
198.0186157000959
-7.108298822196419
15.779341297093435
-116.27633919706739
68.50680666062378
11.895766004185925
-4.0341730184625515
24.3532033608806
9.186037255824482
-64.89498405615718
-43.57976482707404
-175.46882993497601
-105.06913014226149
41.54534944465084
0.21817283950617367
18.885290798971255
10.530566777576887
4.758296220489149
66.77475921031217
98.65372023472719
18.18844900927105
6.482495327480918
0.00014844453119075004
-0.45028117824736746
-0.003936526906350443
-9.414670432134345
19.65990800120873
26.886188761101796
-3.3940585946346467
16.593601217146414
32.98029938256605
59.46041469922312
14.43493470967746
-1.1432829839704046
0.6131493395922529
52.07118200313519
91.39887080553551
16.894804614539474
-27.558958704721313
-0.04820317049498295
1.10678031913911
1.693361068393372
-27.615390177888877
-83.18365009654968
-133.8869232365862
-97.17513654756402
-103.82986385559337
-47.68676109345411
-52.676829724770606
-82.08367990092219
1.6403698509631834
-4.85792436715191
-107.93278776277064
12.186660104541462
-245.4618794975407
-184.91448889982766
-72.01910516002613
-93.072127165642
-236.95869313104026
-12.79230548218175
-5.0249003446093425
-96.1628149343326
-162.49434782608705
-38.52316335472865
0.003998811217781043
-258.49763823970363
-471.22583154083463
-134.96296346481995
-37.94142817098807
-80.19824162421986
-130.4314140632257
-224.27778943378854
-236.48237051140927
-143.27256644126422
-87.48542434441983
-0.8006856403622222
103.31784422809446
201.7040121528276
48.17331986871997
80.81155313890262
63.689597367044996
28.765644789400202
31.260856561809046
5.1381582877053225
23.138943030548848
15.592875877184909
92.82212617539551
82.74638725118209
169.54544323326328
27.441225001844924
39.715399781120844
67.26504898669015
74.22238805970146
236.32474816032015
99.38241985276647
38.17497427600125
88.25231658676117
38.10096520046713
8.183617795700322
5.0498933256103085
0.0022479338842977536
1.0662839090834502
40.718103722851765
2.6782365784595825
-3.289742289060345
11.678558570951333
15.978427911639454
31.569920945582968
-0.11817521029338242
0.08209577781181361
11.009347060442908
-20.565332069530573
-18.826012868088025
-31.446582596948772
-4.76834319820323
0.009171263593770362
13.99920434112508
142.60999605024958
96.63249742832868
0.7092559804106119
35.25331534130068
14.62807663410974
1.1178521415229419
14.22091409383453
50.5681107968506
-39.016988068515275
-22.62444623050958
-70.3329180272493
-55.69810615045733
-4.091253192001923
-0.27997475083056866
-37.77684650810956
-6.667640219473949
-94.19067396297032
-6.605790939910065
-31.103420236030004
-22.168567056445816
0.5972861700900826
-9.485496645356548
-4.091010606028899
-82.40776673730319
-0.08065825232093622
4.290538019098968
0.005419418804372217
-25.621647223387917
-64.54323472751949
-72.11274757255866
-95.95198961937717
-83.1944493001831
-209.44163623214618
-294.448351806669
-134.86560595515482
-213.74009595580213
-29.33273802669463
-19.05491263283794
-0.3733472256560601
16.780901568848407
3.158818935697765
69.49089801564087
243.92194088870775
43.44065624865353
123.43306502016131
393.84921431295015
356.71415168260575
231.54808143101624
8.624408942408014
108.8139061737575
138.4961560379919
103.86711826085114
0.13287452454811086
21.363153472961788
45.45882352941169
10.99158961581563
-0.5654196974819232
-11.325121598572217
-0.01847274520351342
0.3724370558538873
-34.041670581467784
-14.569034936829047
-8.321139374444515
-48.744687453673954
-35.620722238586154
-60.10672920025401
-138.0739534115315
0.0067035549897177535
-205.21996491902547
-298.22418058035964
-146.61361487261894
-120.94670708791631
-95.55418052595871
144.3137002814833
-12.29374570659405
-198.03744187625915
-224.86563779450358
-316.8612035202968
-70.33930387154155
-417.10881828985197
1876.5930841891145
2117.468862278076
1516.858848617096
2085.959125092017
727.9794531534817
1423.6619724774198
308.7742939687072
7.195140796860028
93.63276840488034
171.07368326237201
229.17009490629002
59.140010227626455
38.85246531896408
-7.439369190186057
-105.07308372001769
178.80007623439482
251.37123653523184
268.8134328482877
1508.0388934071334
873.2752259287909
1791.9837055233702
1053.6240437502388
782.7507140097323
435.2259621965623
607.5634854094901
140.48708886245095
205.1126758159627
3.811836798526141
0.66079675007486
-1.9905959969009284
-234.02712952293714
-23.555216292331277
-88.63862134509569
-75.75628624883063
8.696299060721941
-785.9457782707393
-130.15418580028808
-205.61822331178945
-33.072805136573685
-370.7524035248644
-218.1688377749653
-98.2748706808213
-8.419896882949221
-241.34107883581225
-165.34359325840964
-917.1536889095737
-43.46506300516416
1964.264728663053
774.8931524358077
118.61487855529539
356.25369045078537
555.2852505957405
52.25397153378977
337.09465805248493
359.8945590265746
833.7262585058315
1163.3387506242884
461.4110816296706
225.6973119524464
518.2752274278587
340.847058245993
172.8142781808508
138.81044948536822
15.030583202683204
475.4004222949274
254.43045159492235
507.5568652909316
164.85558313770545
59.341891500605314
41.14546381435174
83.0711380618464
73.12125050773432
-22.156525853195703
-4.818058862133348
-116.62630131526508
-82.76754618850282
-54.14694209939846
-105.32589267068327
-987.8005391753112
-590.373496074981
-685.4526835540698
-1622.4139955097266
-829.6527155740322
-419.9259697066717
2.387799864814345
123.66787244975568
64.14033488122877
9.666185417612493
57.965904673230376
81.95721166306038
-20.913952314765353
-499.4635236830456
-304.0251090915647
-274.601406131374
-379.16435744295165
-0.6233695795171632
14.645692584964
284.7496484709019
331.97112433280245
488.97278184480194
677.352002303149
464.4498940386911
152.7317926447443
230.96374729896115
79.52294947707344
92.99323038956064
23.680348919529344
885.9629030344008
625.1586669167457
371.9111421378215
347.0144662026579
72.28543821380046
49.70406294391491
11.815386613093791
100.33905485323635
-0.22419163556454313
-11.989644728075014
-184.15190860592492
20.46879844919414
-58.463453205914774
-9.074530719773913
-75.563598883435
2.2345467700608506
-4.103697475512389
-98.28214136572231
-281.6843771853705
149.0716317998092
-415.2148146047259
-181.4719220934362
-26.262779485312834
-113.74281991065965
-237.8109139077068
-640.9358149712898
-368.05440251134814
-648.2844373265714
-498.6716840775682
-1261.0126292777827
-1120.3582016601144
-798.0797148571808
-525.4986483820157
-1189.20192406388
-693.3590771591224
-173.0339268493555
-7.177286143937289
220.04048064876093
85.93801742266932
605.911824736662
1009.1431244670791
679.0784368132427
-5.130999366931504
8.125608919071043
162.23048035109065
2.0125434556115853
116.00975179922489
8.21245430637008
501.6124747507501
34.09197301704969
-21.671902477093347
-157.74280831206147
82.70088159689581
-34.642651455095965
1122.4725578498183
382.28853005704235
-131.7586248249363
-85.11534807354661
374.32965670523015
-37.26664029087499
-224.28726362890984
12.244196994358482
54.09285070697622
0.22522569489699662
-74.02957584956057
-218.04653905603186
-348.0004530454273
-30.869527655791977
-145.1108116435068
-473.587621748229
-745.17096304039
-696.528497687819
-624.3832563806083
-720.3920948011883
-1086.4729827905405
-821.0168886940758
-1886.2830844735408
-768.721957192762
-688.3429545844363
-1869.4940404344297
-2602.0517326586446
-2624.437792955704
-3095.656453395329
-2472.8036472502063
-4034.3699999999985
