201.57000000000005
259.0074239177025
195.23898819561563
138.7949956306438
88.86264460179805
160.6727867051229
197.46113030602183
98.9427478688273
288.8505972306756
32.88433396870434
30.241874999999993
-95.11470634905642
61.13367479674794
140.8514759963909
252.7225687142594
286.9808183701657
63.01530929612791
289.44695443814095
114.5772646036737
91.2448146200368
245.530146860352
16.701729939195367
3.7561915381880358
-0.45768118923923495
-4.850691416893719
-23.614343048120773
6.8591850079301295
21.53445157466637
2.310307685447366
26.578244821292497
68.3584359439533
0.0019361512327518773
377.88234033528397
172.12554863405165
143.88239094197564
53.95200736755254
208.79251572206283
838.9234408783175
760.6884284303148
164.34476798986623
185.32373308131082
635.3375039342969
84.26792467048287
372.88021224443514
276.1852552988631
365.78687232839513
80.29346473849549
11.014253382828429
33.02812286919573
308.4575855374353
431.8051404729803
144.02369264517702
611.5235912865811
113.5782141814999
10.72340227507753
107.90428008791983
10.223663169280682
27.883103411565017
197.95486107488182
50.863958855105345
146.83067673170933
82.57902527274098
24.719964514576393
37.69137463111639
13.995846239290621
-8.468406616661003
57.74605582999311
-3.698202787812145
-74.9751267809707
-60.92507288109891
60.7131381416257
223.98957361400394
0.8338674107342924
-0.0003922949999073647
33.93544990250802
3.386309798338983
-55.37438649944139
-81.3300136729699
-70.94658843455113
-232.45645772006793
-0.09726478735179221
-162.63926025442885
-219.7331497954906
-171.09409429605137
-344.15333943565713
-468.1525808170761
-435.40029184389437
0.7312597740475364
-81.96659864629159
-492.1148016789622
-202.5595409518305
-14.908729804145702
-937.9963183240836
-214.7079647870676
-268.6022929537626
-826.7132267844263
-690.1089405494148
-407.462111636807
-32.10916726680068
-107.59467178257408
-273.33181937287793
-280.6030675662477
-199.2476253832775
0.000800802316120049
-0.8849610770217126
-70.65838293200056
61.14463628791218
132.14401456479033
446.27328517769433
161.7054255181423
238.66107606851324
377.977965649589
175.05535588528144
139.20384406590222
80.71627024480588
70.05062908215882
93.29298666508498
55.373090862024334
112.351081743892
39.96433781852227
54.032338882577406
139.10349166158707
33.43900510289163
11.176396500663834
122.42797878578598
32.49287679520612
191.7329126063519
-0.979459970085806
-0.10944301317529967
15.684442255337409
13.016729812072079
-4.293648964335773
-68.889400963912
-70.18438427071709
-106.26681910355913
-7.712644085690405
-28.78082807889416
-24.44043170696879
-37.24076979295882
-24.80401046657326
-197.6797311507438
-124.27009391010922
-151.96809773138892
-322.05003243250843
-274.823268698309
-697.0941578464668
-320.9420765795886
-30.851252289213367
-164.37179405632375
-133.95097893487934
-11.071289771571832
-7.664555060090849
-46.87906929261143
6.396248967775602
-17.770043183805047
4.7848154732276305
0.1405042181195767
36.06223099487353
22.52840205128207
0.27035385479499285
-51.11661640416113
-233.359051760956
-51.3284405118432
-40.049347957335485
-0.32810071711441824
4.144849866254746
1.8013072488523607
18.47573981549373
207.144329866848
360.2995019592475
298.201001974117
169.89761995981382
146.18214454676007
65.6255774729241
147.35255449214912
284.1614396210438
229.31783005863883
91.23484352704094
15.374886093724305
76.34965627942154
49.48624190810914
37.00857472524562
10.012323451917034
0.13920140226881997
1.1764738028478736
10.40932176805184
10.286448992344976
125.81063341880053
34.93113799082343
60.385147448899964
0.2327518953289367
-4.879541343749611
1.4695997361692321
-31.28580955102335
-1.545063692620622
1.6467750307335032
-1.430731963168732
-12.732349564016232
-9.574167676093301
-6.176489258681002
-60.70949247650017
-79.97226317813748
-44.03626279524768
-125.05099552172902
-237.83897424303177
-132.37944665991714
-128.45167722522677
-43.14822153013973
-8.948632518627853
-49.57907252977448
-115.94484145115601
-18.18217480936594
-58.66622271282764
-16.997744686079404
-358.7081154173917
-24.414911008799997
-163.2799789256115
-136.61171748097127
-105.59216604544913
-124.97903040170684
-122.73588214661535
0.4795499451152598
132.6112210059316
6.5359871077049405
32.16102012044682
-0.3977824995170933
27.78760510831578
47.53976592977892
73.20712004012773
4.683976465484551
19.689362391201684
-7.628014040638763
-0.05946807067060894
-38.458377149584805
-6.878554068333904
-127.28453014937297
-22.017011634937255
-11.19919278087277
-74.12486865391426
-117.6497667458278
-76.13077774323901
-53.07199990849898
-8.567480580010383
-0.358946852323982
19.40483000016705
141.2374746197907
57.367669970947674
34.83113277666708
2.218904738641917
57.98317732199851
89.11828519744523
152.740428593453
6.222820900030221
10.48876941126628
0.05240720696717925
-3.243231714144069
7.777586342951846
-2.185143769100165
-3.5403441588425393
-4.485477842491759
33.904062682379895
32.30925511708844
255.75894257228833
205.6668048289738
33.37029353004458
482.8405229721593
265.74679761245847
82.67454666371096
432.2642692358272
5.343966176575396
410.3719803421912
561.0803612216721
66.6394529631167
16.823666727852462
197.07459162354309
-8.633749990987704
112.41675131900857
-47.11805196608497
17.126667037539693
19.596564646105936
2.2154648352070163
43.77011821026448
-10.111442492573767
23.18282654614002
-34.71220965142374
-111.03746004187316
24.56250229147583
0.09019527810005754
-34.737192769185754
15.142318155355245
0.8371048008204225
-282.4762092155732
-25.411492579087678
-132.6816781648982
-159.18200525857483
-347.6355123137911
-49.93483519037949
-137.36184402259966
-427.74307781874666
-286.0756015565547
-234.9709970596883
-116.54326258569029
-45.42890316755515
-202.13791751399734
-442.7732653358166
-132.37357184981323
-41.1417273382433
-11.661305643385651
20.408520373877458
27.241627712854747
1.0832520924744773
15.002267453834
86.01424359327645
8.3893291275581
-3.3923269476372973
-3.3480089764122085
-0.8403395520598559
-14.872370506378038
-8.649058526642762
-50.101888029012045
-135.3506701123548
-194.31546281599213
-17.658644026133622
-6.205767706785546
64.41939540355446
11.951356513604122
166.99125850986968
46.34489544219073
41.70702724199641
110.82173781145961
3.265093695516987
80.68392020046268
31.72950328426903
75.91001113725275
219.66399438792587
114.30384961928337
0.24393997974776305
45.65601636856222
13.141551069514517
47.74452474261882
287.78024701564095
118.18560664046336
12.42860894509773
0.030444899002811908
26.11393462184176
6.530869542912832
2.592272253129334
25.134959228019348
316.1616605795632
-12.811041864890575
-122.65467233158769
58.766428516582025
-0.20663022638546863
39.52203872949599
-0.9241156144266081
-31.450012702445232
-75.58769646400647
-26.74453250813504
-3.006876580898404
-152.27015562187103
87.85295176937286
2.214336890243919
-2.1302530442964613
-0.5776611673648506
-98.8678389682817
-194.87016812187062
-46.631756631783944
-91.43451983561184
-197.92978232524462
-171.20438374008248
-311.17318275397895
-595.2436887521955
-1490.6126895666841
-147.12536546197504
-114.78692576230338
-76.15160317545852
-82.2607556988633
-46.46661677236388
-5.68611042424018
19.2815520439202
37.04977346708298
23.613911342894376
252.03404991167187
191.15023727555433
127.95207833966667
114.70663432045674
205.02634464222314
310.14057675598247
212.19115016116004
287.557341576507
142.57934675730462
150.71572340219797
262.38448041477
76.13946083932333
59.109586760330984
50.11369164870157
30.669984871406996
3.3047860609651085
38.7532401691537
0.7960502048058167
-8.574068422468397
-55.90681581141065
5.476236176259104
2.1545817738846025
-0.20163260723108442
105.35823039589678
-0.26098239110287036
-27.047607370760705
6.318967775023525
0.04900822195378779
10.58448363118773
108.02019968232344
39.47734560010065
50.84979176346754
45.99553537311107
17.359958561892135
0.38585182472842805
0.202819638871985
0.029995541685246024
-3.8843389649541793
3.05781026374973
-2.916557923581701
-41.500512328231316
-44.54597020814842
-14.858469064428258
-12.466213832598424
-32.190266809647994
-37.8011343026143
-6.994416746367194
-36.78534765792872
-137.8576519478799
-39.03604011218708
0.01705882352941016
-10.714520107166415
-3.4000740131579024
-27.920355618776703
-58.8168651637601
-106.3382307183695
1.6648839236193826
80.5072371448137
22.93380015405623
18.697364525906472
79.8506251669782
-0.8918445947924716
3.876818803374691
-3.2795980644497
2.291417169996388
-6.429866044490906
-46.61490297016293
-10.669732815253996
-10.846092656664567
-7.247151760881951
-57.41765296620771
-30.069882753959657
-81.47477758017732
-138.92989341301336
-121.35631458815404
-99.01391790708153
-220.96300800270987
-165.692558286534
-117.30659623299718
-240.01721430297175
-72.69711457229312
-12.967629518737578
56.65084808634707
79.98334464169537
172.14742869153977
65.56375645006496
11.048076816739089
3.2729601251955955
10.699490261210917
0.5643206106870239
-26.288355428842973
-55.20122316420422
-99.39869209163825
-27.061772661407176
-79.62246578172622
-60.3854467937399
-60.31691865134654
-10.773368877952091
-14.042787226765341
-81.415042446981
-109.00958151144465
-132.17295352190393
-112.23439224854346
-0.06802629272567914
67.58503597482596
32.88225831162866
405.8475118062164
136.59765398465197
28.563454286247705
124.63405469142647
20.03805141120278
293.0384173154921
424.5125531030472
344.04494611327664
133.32943491093198
62.236022297274296
347.3748203722824
333.4756787336753
246.83156794590522
153.33874464891295
82.43464653342869
50.984132883526776
2.647084171664106
20.17723534191052
63.85483472240034
18.970416121325393
15.693549637835531
3.2051884839123117
-119.63460498869387
-13.4903536455841
-14.74375251981908
-48.08617059986811
-87.62978247243186
-72.71913462451347
-81.5793374718831
-1.6283050068902085
1.0129576729352534
-19.464746041487665
-34.24691498750914
-120.9565786886252
-22.45073564177445
-45.99434619768766
-19.152563097611253
-61.68780361499772
217.57295309099334
0.052655043586552534
4.296844551250228
162.34744602317812
78.83658283741424
7.041845718751171
98.64049260365104
63.195433859373715
92.02560991610953
14.28184758126557
-19.42488793103439
42.08778115857237
17.39271238788724
-23.927874295389284
28.052658431290602
0.08156440228554782
-1.229597375914635
-26.047787952034348
-91.01664543639752
-23.749900004999724
-77.72958458429568
-10.427948381492756
19.789770513656674
9.680743451843654
34.392651228204805
-1.1631232826102023
154.86249993051106
-9.643057896743045
-1.1137757437070908
13.039491646511651
42.15389346802595
781.9008640875948
89.79884657322944
44.67418169519222
15.11001390433821
5.488842607008571
0.21786706218990154
3.307291784702547
89.86436667701895
-84.66504558654069
101.70578978665394
259.47816764879383
139.88670548415976
66.92190854301444
51.87888719727092
14.455756212398736
-28.717388642566153
-3.0983362887243038
-81.52427033878065
-36.236277553403724
-26.650286706349164
-21.696263982772102
8.042748615928899
-0.5798887041064309
-0.35439977925121985
-182.24481002114402
-74.38581913536092
-102.30750238862521
-22.61949893995384
-157.1414244819391
-26.716722874210866
-113.39276100186152
-171.59541897588932
-102.79637516551432
-306.1029399319641
-170.74435100735104
-235.11486083461944
-156.877247068924
-452.8490284880045
-336.08412564538344
-64.43090741996686
-415.06828914943515
-420.00262295081984
-397.91981515832265
-204.7041271681716
-183.69258520552881
0.19884010046800346
1.5918217239729402
49.38222719792821
6.324113317217582
90.83293669806469
353.0412544659134
107.94246916102661
287.35799462015706
176.0597053809219
326.6288042212019
152.09653655979326
232.9816807398475
73.86552653980638
71.66220443520456
128.19279787013346
38.21548546081813
-9.548754955832237
4.246913840320214
-1.2353059073365071
12.337988363322925
52.76704814710533
301.6106408824567
201.0549364207456
63.49752253098781
46.251697541611634
13.489932793706366
9.329707100190024
0.556893147754696
14.838448798156097
1.5611627466823865
16.32502191459572
24.113377219513886
1.0840437474056537
0.9745728073972408
8.326225030440654
-12.565760702942596
-8.652080946051251
-0.39036035745395115
-19.65187396517986
-9.200885042527048
-1.903842376441092
-30.86831101654502
-103.374005182839
-80.33875541195476
-165.7296536512667
-159.84639777792563
-119.21595520860959
-0.2642708179627159
-2.6563443951419696
-4.010514592191737
-79.11622060324167
-10.100523977788992
-94.70729132460625
-0.8142227252848963
-14.073626944123633
-89.30297928247651
-40.2526321082225
-123.09296085740077
-209.87705782625574
-112.44467856673333
-24.105088133343187
-50.45049587286897
-216.10785437712258
-3.894319469077162
-1.894713746862289
-0.4160261871408532
-27.16713483146069
-62.65521654097951
-153.41507367371733
-180.99868293443916
-13.385073288000545
3.157906540687013
70.13731658988459
118.98281947435213
382.91211046089785
189.61446498024844
218.88401291916028
111.24074734267211
69.42267647763991
37.359688365713936
173.9419894663526
112.67185569672017
44.053494918386164
54.1922259216757
29.38999535337577
1.2074598133106957
235.38575557418272
261.7689215386499
226.72803926120227
40.66968120157238
113.88386097877871
11.159375539521506
40.90289844329136
9.962260901597835
36.51280366127516
57.829941158364086
13.374446323437292
63.27946676515418
16.083169946710328
19.922866711393112
396.5933004577073
151.26198182336054
323.0077808697551
19.16721800188656
67.55558550455527
9.893405600722666
15.774342860013899
1.835003041659491
-11.335719686996473
41.25330496037574
0.3169481638377706
-23.89454703529823
-8.186884634031008
-49.611581635655355
-7.216001850994884
-44.052057230619994
0.03758301908209236
103.25974365492985
59.89975538417593
0.8806448812412313
67.3933441703928
-14.748993303905158
-34.86219979934067
-2.256243575031095
-45.241967456169554
-11.097412705090457
-34.987256192154405
-83.05924329375756
-22.006573812321935
-39.98054384745256
-122.45293015413411
-65.0488243781383
-243.39561290156186
-36.17674490318504
-77.67267912035932
-50.86843841905173
-101.2980878862412
-143.7322321594932
-283.08791000240427
-430.6489807598947
-142.0143724589078
-267.4569867248088
-77.53984156588854
4.994881989402227
-12.088300765968983
-0.14337908454216128
-5.740950637175925
37.26527399359922
1.7417882267742808
104.06400209671081
-18.284818941504188
-7.703294390727578
-94.09483405010717
-85.30459769103899
-187.7530884983689
-24.832024277294416
4.072479206456783
-1.5027237711886587
-25.158782807593425
-14.80744669336509
-9.084359656845692
-21.772072727272707
-3.279413007792622
-37.285818059651305
-116.83704588379068
-63.995219448937895
-1.7345803678387608
24.037091150035632
12.577631557439306
136.2571352032778
184.6884719030028
55.152270157109015
-22.22368465912273
-11.154366012742733
95.98485048695743
264.5674605494345
63.4241595988466
16.756059164843524
45.04856814726858
51.492931277495394
5.7774071424814455
21.023412261329042
4.572435639368592
19.353445059801857
-15.859559347087409
-7.35610708477001
-8.075960572561282
11.998175914818496
-32.249613717845065
99.93750138293154
117.55969550893295
39.068305698610835
6.479487350803824
9.83855484290687
-0.19353650815380047
-10.281580551300422
-2.007180921338893
469.8093690312207
-0.29867309693983835
4.729666029993012
0.42303779158602905
0.007812851421468866
-3.6439914903629456
-4.463332993058408
21.572585497374742
26.320858328702723
51.46255143004973
28.14776987576275
-247.50562485837034
-0.6280513309575186
7.362236222018557
113.40544290536592
-30.943767938905932
12.465775171474897
0.004313622063561241
-72.68179747235385
-2.3256288464145394
-17.524328180737207
-42.072170991521574
-16.758343259931145
-21.460486986950457
-33.67579503571042
-154.01483129884954
-154.00955352899925
-147.3759189151292
-216.9928783589446
-218.41543937346472
-206.6418615275478
27.944842630882736
-79.48770651433021
-282.0334595350017
-93.11217681298672
-116.28885400108868
-0.01609418076149237
181.8270745594472
30.31628870032433
42.563954476133475
5.163696777054994
0.3657807440692524
11.153209512687962
9.508924558025528
-2.2792090077195972
-4.062718311610487
-4.701792035398233
-98.64331265916375
-1.8464315671333347
-18.10966481040922
-127.71999643334814
-43.00223618671646
-40.83679859719439
-165.85716238653976
-171.3553765274983
-262.2662291018034
-0.024695061112497113
86.2296927559608
-7.36023601814547
0.3883731381982691
-7.356490204682148
-1.620894393106708
3.25169648575361
396.77229290666264
304.190950468541
249.15978649518996
371.70360892858844
367.5438595424854
381.88206922681604
446.60213313765223
108.82420480783466
124.4662147847524
60.825603859272206
92.4850501399137
57.16457556435951
36.91782175208219
3.5422552427691856
-7.1571100607697415
7.266222065107125
28.758538779430943
13.645844590273631
4.638899242358265
-0.8005120204603497
1.6056255332981222
7.8019034467036015
17.6691283639324
27.210362684879954
-12.902410228390385
-21.291316136484006
-4.848571745890705
4.513628799260384
-38.75771624036745
-7.962218133752495
-97.4601268412133
-224.88720260399842
-159.8544946430608
-315.4618926087661
-211.9155801613752
-387.8824473417701
-417.7037695521226
-147.76995035481127
-131.64523061663067
-316.4255884279854
-179.64799149492973
-0.24043662523594167
11.636103099928029
2.3134816292091758
-9.716473077981448
-6.369787064921691
-76.92947234929638
-54.39517675020314
-100.11056544475295
-2.744479658692681
-54.566260984881986
-171.9630233602875
-340.41027085144356
-264.13604706632833
-14.341012028615024
-6.6369611366485675
-33.90104238353287
0.1338863976083713
13.651520292521177
102.28211149994812
5.9170276019418955
197.25278699905334
437.3691350367152
94.34017031080603
418.6548003648253
105.63534449640075
2.7917716247735287
229.71748022778985
144.97551883450012
356.4539026935962
489.6450053321999
552.8359304249183
550.9980162418776
520.2182306160144
359.9966815893237
202.27077239716397
323.4956689984058
249.09533032063678
41.73994941396756
72.93807047005247
274.9860938389116
111.8845066796269
108.26310753490361
24.01119422832646
159.61181203337725
225.69488271814427
34.005915455100904
-52.08233386401263
128.7089637815954
56.94771475341186
19.17207192230289
4.661400490341363
0.9992370168914549
2.9753548066731006
-21.223597733128265
-3.7783649964606267
12.522516989600744
-2.409622922645788
-28.396719163566182
5.264356713868514
0.17407044062622015
-8.214917513483712
-69.82199213500908
-62.675294105692416
33.381685197096424
-0.25990072009885024
0.41623304218546087
-119.26082838807464
-1.5290135112751728
9.086996772684389
40.480866275181626
52.70825649178597
61.28128823984832
6.443181818181857
0.4393934666059796
-0.030970869669684563
-86.63606616199998
0.8044732542085147
43.166543530739396
-20.094648041015706
-79.41540051136005
-11.325284421222978
1.516364231674875
-1.3591474648921305
18.369219035606225
-10.044220262974985
-10.055888155526189
0.9604835484732119
0.6623478973722751
-39.27521865766582
3.336549147042044
-9.779599074088853
-3.7200226866761597
-18.627606565710348
-17.607214275180635
-6.041524980501889
-44.371550208774835
-0.09514747859181912
-11.760226620160735
-0.2617377536309433
-6.046039966672356
-116.0419256304369
-84.65051888521043
-170.97099783678297
-0.6925139199581889
0.378251273985526
-213.82048063877176
3.101633136094664
2.0213842977318364
14.549336391284829
-13.000921974060416
-102.71347123581533
-20.94705598743194
-4.405102125885787
-20.085119808488795
-91.76758381904214
-76.86478827562772
-3.0503847514119946
4.084422620509035
0.3853037295746525
-8.130838630467942
2.275043750135686
52.0139708662552
-61.22010863394749
-26.15751552999167
-51.88351022217992
-42.84070934570021
8.724425983031868
5.737373698521148
-3.8975614441000705
-14.022038033908576
1.9611231295843545
-7.920705351363678
-15.53852776097658
48.80930476048922
-0.19930873873111304
-57.169211841899724
-89.20565587555826
-76.54146449465463
39.29601095747458
0.02656164561905954
0.0905141632944533
0.006365824308062403
-0.06971947194719592
-9.33811754417803
-11.294716161685187
-0.0072203828083119564
-15.523055184919105
-6.320692765254654
1.223195468079346
-19.034226592560913
-14.48523890022964
-286.25407394727836
-46.74979552341418
0.6871349055576353
-5.45859947085433
-44.41937560262342
-425.1675744322962
0.8188570249638981
44.547787774543494
3.211612659013335
16.826731957645194
10.027196001766804
0.4668407831754032
0.6758743115441218
14.289736129135083
16.786880241529676
4.494421535677345
-6.848750993563263
-5.583695091062582
38.35084389703587
113.26384854394595
235.9194569710985
-17.35805149300382
22.758741272550285
73.35264495329868
25.154773756241422
65.0370406150927
75.77079207296308
44.2471861785111
-0.4023204928347431
-0.727623211152489
-1.9178496365012734
-0.40356268325188466
-5.529246113739516
21.124569269298107
17.771623204788938
-0.025731958762884793
-4.112637244580069
-4.029751748167142
-6.044337568884648
-41.16135467055418
-60.67877304792023
-4.360968760064434
6.568524146506481
-3.956321495898514
-9.33173695419617
180.84045140818841
17.07950935119672
674.0445907753732
417.5408504545905
23.413842615582983
1.628149477172733
12.266220745163366
177.99715565238472
71.23931327852583
518.9776177607596
83.32388270797131
37.062146669525404
34.49822373736024
122.64107775902073
206.69630062463042
14.944151242151188
23.230526900968396
25.598430514439926
5.583271315020305
-0.5907414121912726
-2.325482280820955
12.663072973393522
-43.19909563117563
7.671865841555245
-0.4810597870597789
50.57035900763902
-29.59512795671686
-100.0270774407731
-87.80599324146255
-72.34049436652089
-292.22603704613135
-143.39070157747778
-604.64407324941
-198.59746151027866
-171.95063104537036
-928.5556483718836
-434.4177630206289
-783.2229084303881
-13.326402463922996
-313.3309752134655
-533.2540130230627
-110.17081195792585
-560.8097819375294
-419.6483441196163
-620.3095032718049
7.354963454634738
-248.12673974767526
-400.59439124486994
-151.00603916552916
-9.238880049361331
44.98837110503467
2.4023525529489524
94.82286319376064
123.32196340016942
13.026177481301795
-86.73932915454081
1.340357044812268
67.85348437761073
119.86403572976354
64.50724970850803
0.785523156089188
92.72372144134927
26.338470556528712
-12.518760895025562
2.6384875476309277
-5.557094413706934
-27.21482106006807
-9.434229462016608
-8.127761117022978
0.0013281301239585763
-0.8310479514667901
-35.969723845160736
-123.55894515829695
-35.29832141717806
-19.78968464839447
-0.2039070966230212
3.5408933321640874
0.07310637674793159
-26.720666542802753
-113.70763683571886
-14.057147544569641
79.91462497972654
493.1840816016063
195.73754790093054
283.88312386930033
128.55866798805727
252.20985003896124
56.913253847397215
114.99896789613778
144.83391936275433
304.65486196648925
93.1230400354602
143.9654943108321
217.57940126465974
19.002109965909042
-6.083580480586463
0.06914545488700867
0.4277056266049717
-160.94342114212475
13.942392338585181
9.090241693884431
-2.396505360032358
20.380382916506456
-7.5324207423655425
-68.24713672489614
-197.19619070580416
-269.1400831639552
-193.4103916196737
-28.611681993283756
-286.44986706111695
-255.0079702224853
-188.97638176269302
-267.3812062138287
-126.4790541767803
5.7114803122733955
-7.553926568784807
14.92141085618779
14.079816959834544
94.71904831723495
36.41731470343299
-5.487618998742679
4.376202431153395
0.3473388555650734
19.122077524000062
6.74942904168088e-05
-12.057321799477059
25.043531873792638
61.19032193577949
12.077334966319679
2.374300559552355
-1.1073717459215442
0.13596447837697304
36.15297702792871
52.16357823082487
15.01388543023986
2.829118173679496
-0.4194300817470144
9.002416107382533
0.09414861665665554
-9.341308679599132
-76.77128231815108
-157.90459341657208
-1.8244504572387499
-1.5097114325950611
-5.215906644577352
18.206876051791035
83.37443391184738
0.9412412672099241
20.390090504414616
3.6254373747324777
139.60202961809537
77.17873676291873
14.568837278546948
9.155629621957532
146.21825630980172
128.29380355507837
23.321279856902734
256.59815269723754
107.13146940782832
14.202729387099948
48.38187838066646
10.342402961597744
-1.8250840329065743
-1.3353587651647878
-57.718614152866216
-100.37380783915377
51.66867411360852
-6.806542952981024
-5.215629828757699
51.26407340788818
0.9375263492200193
5.699783993620628
155.24421196341615
2.6688668454553865
8.1321680468788
82.43055789651116
64.69155999808245
148.9531656218889
51.57666975956114
12.148692539366623
21.97035158972593
-0.14073297052659534
-0.00017377778969665162
-34.13791909515834
-109.75809327174798
-313.46660270210094
-459.4355221621621
-210.20906584553686
-111.92194846923302
-0.12139332502293533
-65.1151950630777
-123.49172964074228
-73.95408364556951
-148.76529019980967
-468.1954703440465
-34.42955370901946
-388.3823060006282
-467.89458162177283
-27.557880568740785
-7.571704389762694
35.29061188030377
23.717365629735227
-103.32207989097
-86.37937813110055
4.386072062235571
53.66361823097725
5.885538272105215
-2.034605008301046
1.9689244547161595
-61.33988671023962
-26.714806483851998
-72.419768620777
-194.95545914926652
-218.22314545336567
-147.85264701458874
-54.55402451696462
9.495600838418538
-12.464887865735902
-7.289627079489392
-99.54161061582357
-5.957483396584428
39.80872900384678
122.3255543618753
42.70222105711574
39.112797094929014
2.4547260361863286
-15.482625181079575
13.743802064955595
21.940603473777617
-4.083496392319916
0.07044384997543221
-2.149881364803239
8.899292759763922
-38.24347126654962
-41.41290243767004
36.20511478643501
201.32847260511096
69.44693867002833
165.8447051027171
55.68291990394124
90.39875195654167
481.34351381490353
253.29125727698664
188.84136610667218
43.396318284613415
88.04180571956664
40.28152041410549
26.455296928183284
38.23699165183595
8.460599843031712
-3.0234445753590298
13.457498209269932
-10.421380003406597
-17.858963301685055
-0.08698352301681678
-1.862735567398634
-26.83521053980185
-13.061200784385822
5.020653507544612
-0.14619104042291226
-3.017894529597932
14.217852431158308
-0.07261894482341583
-61.80045181759101
-12.969743149508936
9.490811731687433
-24.532280115176526
-36.74071271573172
20.124033539725176
-24.859095202998763
-17.428040040490295
-358.52917942725344
-171.75824724624147
-124.13469167908828
-6.3559013620988996
-13.89600419924705
0.00042290889961347133
0.47284124756068036
15.103141380869326
2.2769107265896142
-7.767714556123444
-0.08255935621717778
-25.98415686274516
-11.095795701903636
-64.95119762637245
-30.712491914805884
-141.15403059208674
-60.87745339627174
-241.72083966942137
-138.64415596913304
-285.3335289239063
-333.5562152471029
-24.669302331969135
-73.83123681826422
-118.84415097240375
0.21071079605326162
296.84016845590236
103.84626353568856
90.22538779074381
57.77189774564014
34.62964683006238
15.376094719182401
0.11253547309222153
-4.7073553763440685
-0.551598716122409
-149.0430474131536
-24.66731144452671
35.23410850241164
12.405539778965107
60.23638727749176
173.41524349604546
268.0034800710217
124.89195653354078
280.71987958781983
66.45552219477689
126.99828069133318
72.11858901162309
108.76983076324996
149.51700825541252
317.4321185958166
2.6002724712687364
337.50855918802654
167.07593806715062
448.58697958755306
121.27372988188631
225.95752056812591
97.04112591158245
104.24271094657992
153.95112202740444
53.947272594773494
161.80155855109126
23.882315038639774
2.2298743910948766
-0.093368380806725
36.33925392449943
-24.24637988204153
-3.708915232749538
-17.366811358271615
-10.397707591326515
-4.145823476452144
3.506795844495801
-11.382212208016009
-37.87991923446549
-0.18653301094767616
-56.28897436763368
0.19104640754422378
45.93717101391671
-8.19493491321763
5.992907801407537e-05
3.4298916708563634
-25.35794618066985
10.865371786874988
-56.351273495345275
1.2536370035370583
-1.2503945624087156
-27.059133138500005
1.3058100092678415
112.64767987885791
24.6603827285986
7.257595017280931
-2.456619764581478
-44.480638184719
10.404820115928867
80.58980413870964
54.0680080369345
-34.176016364806564
4.670104394192455
-18.647178518937217
-4.487567079326264
-70.16511377023328
-131.46166875063375
-273.8115632711621
-539.2738975257837
-107.11728165330354
-274.52805655690224
-220.02096369573417
-562.0173939602633
-62.540475960376796
12.924105623866119
-84.6698894021303
-206.51317274770224
-528.4627504817677
-2.442875254343402
-85.21491800108299
37.93039840709401
-1.2400554383554971
53.68001299638983
1.1730026714553397
8.450278320450733
11.995062552126763
31.560986231364545
5.413736256137215
-0.04494985987777334
-20.23655247396333
-52.91637487529582
-96.88000010692335
-240.48230664554615
-351.64141990045727
-361.5921212840913
-59.021783950984485
42.14858916938112
407.0886259939467
459.7299896678296
317.88094626732243
117.31458088322012
131.78618037826286
241.75142663532029
90.4699482811074
166.27877355232357
43.02154016945242
81.78938809667267
49.51413294667417
65.64431700209451
234.44564359534183
65.53184445361862
0.6088023933214168
97.081451210853
77.55938094469028
41.76203648856776
23.16051380836835
3.166948120165122
2.3570394062555358
6.610927970631884
-1.251772906591511
20.77379436689051
-30.15827993478814
-42.783773109243725
-113.00050203871577
-70.52355887284779
-105.22284807478295
-270.3615135743424
-251.54529245516883
-142.48390694193986
-87.55782918149461
-71.2240009389538
-138.88541886271724
-14.69484756278749
5.2488715297291195
64.41755035682611
30.987236188539395
-26.774400215169493
-8.814930629926005
104.99290498348469
130.46197633163987
28.7195890116099
-0.09617019952452717
-0.3416977387300366
16.61189444566842
-3.4814468493442847
-3.886981196065869
-19.899071532846722
-25.249483399547735
-43.516884306037596
-66.35268280987779
-133.06824458807847
-238.0531285468124
-419.27812491879354
-82.54644950296284
-143.5160493892725
-79.84832973224303
-16.05162322064057
43.32443425609845
76.74960947553637
259.99612731658624
258.39835102575125
134.8345113143957
25.447042450136458
372.48314599091714
130.4644834840614
109.32333303914204
269.8717631770784
169.53229800290688
31.343134584668178
14.267614823838489
190.0954327399358
0.2689498153492571
12.72888664356461
38.007047803412654
10.335607882720502
0.005278498348505613
-16.327076838592518
-69.73961584099679
-0.6388318899182243
-8.933487621097928
-47.86304515794226
-249.17475692506528
-106.962109686448
-124.27407646263768
-311.46837705767314
-351.3529978267155
-497.84430509549634
-380.2639221370885
-464.3753649377634
-637.3998347569784
-151.32513696125898
-25.90008803018175
-18.719925312550767
-26.4506780258143
-51.47694989547507
-0.5880847685776437
-14.24327963882616
-12.652721511122158
-0.04100560540337137
15.014769386623858
13.666783058519258
14.780510047458609
57.9575266513981
-0.9605092727922261
-0.008178913738019235
-4.796735644540011
-12.024954128440347
0.4012155777537894
54.521271015010086
268.932741721352
420.26704665400064
196.091396965491
572.3790298029287
59.8023659204034
47.84295795562844
340.89916499338835
182.4725713007812
86.6555856164663
94.1253436584471
19.420031514109706
91.38659062993517
-48.29929255106849
157.59770466343485
3.6487920456114664
15.184773452736028
2.00349256477621
-2.5567779570155054
-35.31945752640845
1.1950044702726899
-30.737780649311723
5.5959902531910934
-12.802121868205411
-7.407716418340015
-117.80230932991789
-112.74172581814504
-124.84631548534117
-290.11252781407836
-203.30646318049887
-4.423049801983679
0.13690539593553183
-17.24008258167273
-0.10991023317772135
0.18386896584395726
-2.821616485257878
-127.71622576865147
-270.7763371491811
-261.47971222731223
-5.819539305817338
126.09470191503642
34.35813465331802
109.18753570731263
79.64656002143624
41.37675953767489
9.006921172565137
4.833668332936583
5.43552320954908
99.91534765810155
156.08910749570916
162.18800376595695
4.63309817585572
51.11252835624671
37.21720550112576
30.16126680986177
2.706755617977553
13.883010866453434
-10.473001862280945
6.9380707764172955
-4.81702789776048
0.03580738064381022
1.0362796763782627
23.180329092231485
8.30548911779015
-0.0003557409560283208
-0.1488760442749156
-0.007001315933763906
8.044398107204774
83.76137744797902
21.631523272214395
-37.110165804389595
-6.875311336625611
-49.70568057846004
-5.956584474088119
-20.45945715140471
-55.15489647969529
-83.33360400774457
30.120421452772476
8.68849797468113
2.164530065171935
263.71561038921743
507.96023620129336
64.41355806319238
92.02223543435281
136.66350832364145
237.92292857480652
31.718794667654137
44.21208933265008
1.6566017625497067
58.03646988842789
-0.05538114540780108
-1.184228436392281
-14.217675541698295
-17.254110051797948
-199.2543624849078
-13.822762699612234
9.723661792983341
-5.419693618692344
0.20383387979947404
-39.25231981417995
-46.21966032454516
-183.0740336229634
0.13036170888588466
-13.26811479419262
-0.12279603946612593
-51.35745907316798
-62.185261868690446
-95.55906570193746
-84.87721432737308
-544.6834503645543
-223.1447970759161
-262.0641813429487
-51.43249156447676
-148.91515405659067
-147.0722039613401
-0.057781417750033245
13.11781715839435
3.5608065347804585
13.690625625192965
-2.2080304471931425
166.7648142601499
265.56542824134857
212.66565043296436
46.1174112650872
8.091908664962133
95.06653148833172
30.28864704197101
109.85191949259267
113.07307496050097
58.29370976706581
12.962858556429035
0.9527511111111093
-0.0002597937174373589
11.909167249890302
0.642720266942083
-12.350672339187655
-2.265800923607623
-67.02120628890763
-95.5369383092155
-58.105834628472714
-37.869443202601076
-15.06329710257445
-132.8924586737217
-40.5725304693578
10.549554824006085
15.44656774143397
7.608905195532362
8.632079977060046
40.7495909825719
-29.471872311399103
-14.330659256785722
20.183196288804837
32.15077790635738
109.27006656308629
16.471572543839887
4.52784777029971
0.4157066972938066
8.629979061328871
20.755014850518492
47.88447477909416
37.73929381750143
25.765920555871418
10.710540276824155
-1.3433157889450305
0.026560250061460636
-12.733567263527107
-95.48267980935881
-52.17810153673423
-87.1787540895869
-0.882583154738072
225.11467464547914
106.33853170674891
39.626159613905116
153.28309708889827
3.4132741829187903
20.66399141050354
141.7492774769131
43.217085260228146
129.1002829156958
81.46452199426521
0.04304313061155497
-1.1614255436733334
-15.453021429950425
-234.22818175483843
-3.5187185506771064
-0.027894435117316138
-4.211023322227511
8.706029702638327
-0.06593009685495596
-80.62099735992959
-34.34113543724001
0.22687817527010817
14.157839166626115
-0.15656796155601532
-18.676239527622332
-30.768429610203874
-6.132405968007527
-90.56690478417684
-202.79144151843383
-131.08035697848103
-256.2915180592499
-230.36228859495978
-257.8476273058204
-381.25256435686634
-247.14387053005564
-182.47387617198353
-195.62571610439215
0.07434630053394442
255.43761706822158
398.9308236704022
250.1185492275345
147.82050179211478
204.7312514724254
257.60823243387665
122.4882035861558
37.09618630687524
26.57971632477407
20.189866845846886
108.64831754226074
9.764971305419705
0.002096356758909076
86.97101750831484
23.89755045915206
-2.02502880439602
3.488630583337117
-1.5383256337282392
10.307514273036482
-19.610812252870314
-0.028997346861424265
-15.83433600713008
-66.93457202505223
-117.84287438331677
-24.253424606319783
-90.9009249948969
-121.87096957184667
-242.2926628607674
-361.11427169161254
-223.55399381832515
-148.766481318095
-153.81594663015085
-248.14123437858476
-593.1560712447236
-198.04428916318136
-420.47276569148306
-320.32097999744815
-316.24699007499765
-2.8714983930484403
72.9631587954851
92.98456784492582
145.90253006624226
117.21956790872682
141.32163007456498
180.69928046683683
146.04608280179818
166.28144832062299
148.3526051092127
257.93970010123167
82.61992810657148
377.00738980452263
96.88091426538591
160.58682088884606
313.3567953089742
383.43124788512114
433.70238389384565
323.4125887036169
73.61307580089861
520.0832809576823
398.24226118699954
689.9404725837223
266.4348724022615
167.76964409984288
284.294698037515
209.73530940804775
2.318641722718082
106.09089393198207
56.447463451461644
53.18301142642245
214.99762009948014
192.385852839554
89.76142638984135
8.515482936328876
277.21382255435594
131.20391123853096
102.33629715574469
44.916075152756974
181.95297779815937
14.32486469184664
-20.201566612263882
-0.5457725200544362
16.40160875309187
73.86619194539873
0.17878085697772875
-18.180784266901682
4.235968795334787
17.11881190067772
32.15204019115865
57.478215522032144
1.5100904058720437
-2.2419210638713456
-3.08382923907882
-0.28951050273203
-0.09280342813930972
-12.654349981849252
10.697895763580043
1.7860165596573574
-2.9962763442140408
-32.87299240831855
-14.922799009122352
-147.30170705602336
95.06678718816474
-3.4045122074229157
-51.75560466720742
-123.74117623886565
-3.0133205542196024
-39.03038931731152
-15.656319614161854
-43.66377002059944
5.011054193000334
-75.25991202853865
-69.15723451513553
-49.09515729334906
45.084755589068656
-95.98979741461523
-6.950041379978238
189.8511423887851
247.7280112499751
1.4662810841445175
-71.65686156814643
160.55820802020168
35.88917800559183
40.28875051519401
3.096855102517588
80.67973712799866
28.912160500284735
0.015541048277449704
3.578571581082532
-31.49583952502703
-39.90237646148358
-9.42430698110763
1.1961061312123462
-0.030588019613691106
4.567945853029676
-94.23364769905433
35.88709250822582
-99.59504246260659
1.5775638310624576
-4.7162268903783
0.7351956537521482
47.70883623985155
15.756584484469
-19.87864308194639
-0.0004555071187101618
0.025156159690255808
-23.728975747586617
-157.39001038364214
-8.728066669567854
-0.2926118417026361
17.98472782347884
8.531235005221735
10.949566268420794
28.09131967739289
-4.532287873808738
0.6096318473125444
-21.12954690617126
28.49187792271718
-1.5986786304604326
-46.719669599756244
-10.267029392744266
-82.88429202141052
-36.48797387208461
-5.924904756948081
-74.77977444487381
-91.76361469773177
-52.787596209041546
-154.48775838753312
-236.09570499740207
-150.2936959520615
-172.85969714025367
-100.87326215025526
-175.37643463855923
-440.8756079624462
-451.2124341627393
11.64842000119869
-50.76168967890246
-329.71272156179504
-433.84091318621313
-89.14557752428362
-380.3390229112495
-29.71810037763142
-701.0197787292608
-302.1151211632699
-17.497617738684262
-113.85351018419081
-405.59528792735426
-159.05914103214238
-109.92416435790382
7.984692304102273
-44.91175316546424
-136.24222662465968
-17.027816806154416
-1.6426092089728566
-100.72204079001088
-38.41521455996833
1.3902861926117707
-6.458400163759186
5.204309624468445
-41.3444472937082
-40.95726238479263
5.432962070261384
38.968313188710646
33.75514481707308
6.872833458929922
31.939840888816786
14.122283675873785
9.309360099017571
49.19883733813448
19.545429322472046
-17.936811207471617
-3.079144473553117
-61.98214599309259
-35.75099977031854
-17.497390260013184
-16.74399087399081
-99.2101017066878
-145.1509882994761
-12.141126649840718
-261.58562778018717
-274.1179693934256
-212.1763294913516
-84.2330769230769
-27.05866141418967
32.7257674088564
35.38315833083594
120.87815142907583
84.80917252768313
36.07164142041219
43.33270378297168
4.101719023059558
84.14818384371563
167.99884619411586
191.63742051118368
234.86122927475458
219.03184117423834
141.20798828718392
211.52852363146425
15.96968361694692
47.67728249653064
42.92750143864188
68.33728008326355
37.97255159297365
0.778710940739583
-54.95334937761976
69.68476488749926
3.0585899794963405
39.5271577594871
-9.955757773811618
2.2732775198939077
1.7606472050294768
28.135255650010333
0.7223418644084638
-5.049304957351588
33.766380881754934
16.063955702798477
1.299815485227133
-21.89906310717337
66.92662688550047
-28.436298688217693
-44.773014333285055
-13.688139814744202
-118.62249121457775
-114.67606460534466
-126.71308930744351
-118.86159169097076
-315.9965682866977
-67.21592644805395
-107.40937765205092
-533.7380782728278
-290.526385062349
-151.12502793296088
-159.05232887267857
612.0505716368837
61.29033101621981
227.00797374093656
415.10859399847567
242.89452108009684
54.01878726578728
157.9460485807447
116.46030346569137
92.74988824361918
173.00775776912337
58.00296020060441
246.20328079080952
61.583838707259424
23.497133917396802
7.244346666666643
0.0001455662729493326
13.16647993614399
0.5123295132340742
3.1162002794597052
24.52505534955479
101.04743478216486
52.78224669001783
-130.53919887592133
71.10009809938165
2.9487465428780855
-0.04641464385197164
1.6241087140489023
-7.035452176000557
-15.634648339092298
-47.63470691036196
-228.124623259925
-146.55952067139174
-92.96597689258537
-96.03780493190013
-213.97829094182438
-94.1736666023616
0.7428142589118125
-26.986788591023604
36.39630685951124
247.6258439623268
79.44706750262785
178.02690129628823
0.026011710766171058
75.9320039337785
31.486858733237778
106.42224392933329
18.003130218635675
76.74190680834067
-2.4415067669172994
26.635036032216988
55.674130532425714
26.249567931239355
-5.721368408090358
-4.677905018868257
-2.31453163997791
-35.505685212917115
-0.013050674071095386
-73.89512341372352
19.207796796881617
-8.726690052069051
2.6010742118148125
-1.2077441032533542
-6.630144044642274
12.879563704496764
0.08128184901790682
-0.5055038881717698
-0.033128946336584926
-18.765889424849934
-10.357844361799174
-59.7618178700819
-81.565186988605
-135.08538990998358
-59.01778343039481
-108.8106253448176
-43.54852784318715
-133.97714558997097
-214.41737244324582
-142.6165715368338
-95.78578875976103
-146.8746385676156
-285.98886379861744
-334.3492689414263
-81.80290180020475
-149.0730710024535
-249.07297086996132
-266.52195690002884
-256.2044340135665
-158.6824134664304
-94.87763412742783
26.669002599018107
59.32701114384001
215.53960115502622
142.3719462299629
104.24001936849692
130.56844505526635
346.88849601527295
314.10134362458155
472.529445142891
373.24905287000064
184.49033951637932
422.4574976754029
96.54433044445639
218.40872471212015
246.8768944476163
115.68758532595298
46.196716639692546
39.37824276723426
150.22871540442884
232.8260162892169
29.166481464032593
62.98562021864241
-0.027487143764467925
-9.17181374433088
-0.028621494304840615
-152.53069724716272
-80.16471583781093
-32.70689909577583
-2.4773841370900853
7.649010151543147
-2.4386298808432647
2.4014533510798177
65.27823454334981
-1.889190829307186
-66.58348801948704
-14.051772540786843
-0.5786554629672713
-104.38646527277704
0.017469807744381546
2.3600035726081936
50.781400557761756
22.824657497028323
0.9088976110594529
-15.218803232989139
-5.491328973244208
-10.706806744804622
1.2490845701032103
46.53686419289569
118.00077159337081
52.37142514919733
23.484613049878213
37.84925322072553
34.392319617185024
-0.05625079400665086
-0.1434210197710734
-25.620357131397395
-18.16173888940221
-8.930362683568427
-29.991610738254998
-39.085414042874426
9.179508923408983
0.1298956023571407
-23.087385293599056
42.24922776505291
-4.036502936826499
53.03842216573723
51.692363864154984
0.5089861751152049
0.08757098555328444
-2.309879046083596
-0.047371612403363364
-38.11032265051426
-34.09673737750913
-43.36169642952897
-112.80250234301779
-24.714693980017053
-92.89910002494399
-17.371008749206432
-132.0423950386482
-138.7815265577317
-166.49278587016676
-383.079345323794
-510.43804219340615
-407.4632862220296
-75.26173089449023
-252.22479100873113
-84.35561815690714
-93.88463713526474
-30.248355579524503
7.1310800438024895
42.47373177842561
24.399853280351234
53.23399035425162
20.1102737481755
56.694418355212576
28.81019992635437
27.95483411165709
81.69368153965405
68.58563897322666
47.89270920056604
146.59288924840416
43.98646637963792
50.333983916802765
10.629376322418135
6.277499999999996
1.6217320957166061
-0.6343573418225229
-0.35248778042360934
3.6715239525955643
10.13760508697043
-4.836844064133768
-1.9662303578385711
-53.337359867663665
-66.86212498477283
0.24667397201852823
-1.4470117442366282
0.229238664962505
24.627180180180176
80.3895855796728
86.7404299118052
185.93167852110025
66.77688898874851
73.34243556664761
5.720168430578926
25.432634984079698
6.541743963587708
30.286967851943047
-69.06996097338754
-11.139207206531399
-21.252331982223858
-5.118554975224368
-7.832674954296167
-29.306395728155323
-16.224066286277832
-111.63990760499189
-54.09125234076991
-72.42761069464532
-202.66247981398894
-322.0381225800106
-156.71303271939328
-307.2445241259623
-376.7128994181215
-115.1135991464717
-146.9368755387854
-233.14454246369328
-134.0652689081095
-93.37317187949222
27.80049519717334
2.433856644630673
1.5578495123084068
-0.0008343610556765836
-0.8111289385799367
-16.429945137598445
-6.331693132437159
-37.887847207976066
-147.9411895420043
-25.160733270416777
-14.77246264514553
-51.369174200196774
3339.048399723539
2870.420542135208
1567.821928495626
4040.3503821968325
2467.182564620737
2785.5185966820836
2898.277038861188
2256.580493793671
3457.9825400365617
1519.7456132262048
638.7958837892443
1264.29018291771
3097.888494775377
2237.617801358644
2192.0669812621672
1103.2893879776648
2174.1004585614883
252.8085392235942
986.9315003933042
782.7128198230041
1.2797109271206186
778.5409993773912
554.464658117826
360.32821795533897
711.0099295393054
10.68498424005905
600.7711287501088
155.92817140934872
1147.6171198494355
-29.455223400601994
287.99621712426307
1036.4279574254024
483.28429876074705
16.430596068312475
4.787972614352349
56.9244294938286
80.18612738809338
-5.5881139581487265
379.3679345235532
337.8719866520037
38.91311578108601
-50.00032777107401
55.15132086305573
-57.16229952399747
-123.59098904506116
-10.518978029123524
-2.7096962804970275
-11.15358796849496
56.23273248916496
6.596073645720342
106.12108679269058
12.175944945351418
-28.41057630330797
2.9939834916772403
-513.147485478727
-57.18298730914829
-116.63883258117913
-61.78130999820814
-14.331482046199667
22.27509004796343
379.1836910490809
2.9790470860741003
-76.74902971324946
-447.46264028310503
-192.56594832927084
-402.2214537634408
-240.90174404503853
33.87294602712352
-128.5782506717385
-323.3375602186676
-934.6134222955484
-1.580614787515084
-20.218572847875635
-163.12823519658536
46.01222433712927
1.3665328541054513
658.1874911678319
-68.66289360502327
-588.8864979746352
118.66942856326418
-56.73539210074423
-345.63649479955103
202.45223984426752
1640.9455018939404
573.0243239458134
729.4741826980464
-774.564243048313
-5.496138923188772
126.82926631691664
174.362026068609
-1.1740798509899613
1.1510964817281994
-27.13190545623389
-409.9135917862236
-436.53301673442354
-1300.9618285791203
-71.70835050233205
-995.3563893151666
-1640.2823990260192
474.2355897265917
-155.8120504415724
-948.1233746284463
192.4953457672311
-3.7910982462748577
65.28969715544446
488.73367765289726
-532.3143684702527
-374.5850256306662
-37.34687021889141
-654.0688639814637
-557.0772611934954
-1440.3298718540113
-2508.03149372943
135.24315571745083
-1782.435460522714
-341.70544840354466
2.592893260599891
-480.24360701903134
-23.65383384423623
-0.0785778571162892
1256.1005088653897
603.9588358746222
449.18400756214396
725.1592542437372
104.8524633196244
40.09600765970016
-0.03985911024704255
81.47488207730635
-1170.3716359447008
-177.70133300189522
-1429.2526017793757
-1267.6997801649063
6.169286378163509
-425.63896534724756
-2.6576796728850347
-752.9393788873385
-1962.7828028569265
-1867.4126776108005
-2055.2401333364555
-856.8738608569174
-875.9387945957595
-15.951352377745664
-498.8574944904435
-213.21989746207043
-155.19059553015654
-0.27581086016666156
-1.5325897074873644
2.8844623016025333
-9.148180723222545
-297.17902450261124
35.103967854759176
-622.0211649297373
994.8265747064187
1248.9296834802917
1590.1195274558252
860.3121017876481
1023.294442375204
121.55227825640185
330.54220671511854
-3.460438534227867
-166.92367463469762
-179.32125340752407
435.140523754401
610.8236483369324
116.08578733957565
485.88458290425086
-320.2563653507473
-1028.0311942511125
-307.9877600373442
-630.2751121230556
-1072.811632742506
-1325.3047989343286
-1861.272019111263
-634.6087711980263
-1584.8321894303363
-49.09074984855521
-422.3148763127768
-770.5845391348524
-526.3951841163367
-614.4651546280063
-1186.677509109765
-1817.6156139551515
-1338.0742264977039
-2769.100536637993
-4042.9583142400047
-2794.6897245884115
-464.90999999999997
