287.8399999999999
67.0542260922289
196.13112681031436
136.8944560580205
190.72756764434342
105.22647789810046
139.74291801467692
67.47041472045294
48.77913440540003
98.63211933885746
125.96762576141266
65.87739355255718
104.21717964533539
82.62299119846469
21.63196776929601
53.322879137798324
54.37597142198666
52.97840755774903
18.62161951436845
22.719517942261014
14.68197840870003
13.403124951524074
36.64296018233005
8.85586963367274
9.600935577043822
2.2363424696065164
1.3279586934036296
12.222967877094973
0.24780426947601691
45.33456038108751
0.4250974426445174
13.431427014063019
5.52168320717689
40.84431763428904
48.34628811705175
5.191351351351342
0.7927228509511176
0.524320083370553
6.190673204082162
-1.6589123750960768
-29.306907210884376
-20.384524034740725
0.12279285822363131
-2.10355844297646
304.7129419110456
205.94562445292155
194.7801600958084
11.348508426195316
0.06241269433930148
-40.40181183712675
644.3162581609486
508.2938165385175
249.7550108055742
0.9356592871787512
301.04261047592956
9.740424199902815
6.471846038935533
77.66149054234668
181.2605827030627
-1.876869098813501
0.12632854792997575
489.1616861109386
370.09071015345535
154.69179648634542
70.2133022145999
83.85884115628227
33.42860805505753
-22.13468987271651
152.7067911955215
-21.34530762188151
-307.4834416241023
-18.945280850645247
-15.496485244535895
-146.13098142619106
-3.018866919767807
-72.84019005749883
-162.27575152110347
36.594283652347904
-0.013613049937341706
-0.3337902168971072
7.209707500465882
33.205200340063726
51.56855588001058
2.557078159465675
100.9960455255727
45.60002948497731
38.16930540544652
-0.2993394572610585
5.822632760537992
67.2305301976717
1.8831754605961097
5.104679947304285
1.5065978779730294
-19.826572682979062
-14.719024989595898
-70.68007870354994
-98.22158728457896
-163.85919342661998
-86.72994459221478
-290.0938464506173
-307.33914735786016
-276.7036090802604
-101.96955922390953
307.78971983962447
212.4100353325494
333.95796239185427
56.11958264748031
14.065918530629304
429.895783387599
127.34142721934226
237.43902079354447
180.64607824234616
73.02032383443208
130.91738369758508
10.67812700429599
116.51635550330465
36.86040993272859
10.776457066731274
169.93597138885605
6.48054341036852
104.16303017635684
58.64650361011725
24.120212835159435
4.55987542174929
10.305867858646408
96.94150420633501
1.3168248616239424
-104.82050124780974
-236.06279557836342
193.2240226358847
0.5526125509414204
98.73170876218312
7.0667308064611545
-41.39380969668973
-101.42299302590769
1.1913555402181888
-67.3501607389752
-254.55820594656012
206.43733099722607
-8.42448921720678
-3.5908606484605325
-41.47704695041682
49.060637442582035
-118.78483789091436
-63.1963603585263
-465.77606923063684
-38.641961593132436
5.066095474035201
109.59318440125443
-10.343707094791538
-14.292654761563032
46.37988529937907
0.8703819706431707
-229.10428705172342
-0.1109029622281275
-211.32797558188489
-281.91814617683315
-81.283059958965
-134.88113660521205
14.242113031656578
28.23009907584098
-77.71106285550741
-208.57102745424265
-40.75461526821515
-60.54454376867736
-1.850715124704456
100.329219748417
82.56457100600085
174.35976376420732
111.34452794613539
129.5582827724631
43.020807219854625
97.53011755713428
45.79435795859232
39.31793409180064
102.1184983837368
22.275837546060263
6.516319469008113
15.834904597525654
37.54738226418365
-19.726253492431283
-18.619639771441214
-0.745790385782875
1.4053207442376978
1.8283023519053874
-23.79398170252996
-39.030908271339115
-3.711558199027902
-76.00140868564174
-163.84829979477067
-38.0666104157083
-208.10115644311918
-276.66845690337357
-128.63601618043646
-130.25242948762153
-173.46101280706756
-94.80034786565187
-139.16765853850075
-74.70666237392444
2.0018139623359286
-83.5565803135441
-108.73329998460835
-144.97040395379298
-140.05812592510767
-235.442823256868
-7.363080135118658
0.7856243705941602
50.94922017277615
8.811721158991896
52.92889600567416
0.1798297067171272
111.44533035340137
-1.4157538447133613
28.50464515307752
350.51015493303214
314.5312422374695
64.08986915984889
206.18802674613414
131.83834208189558
226.15063406683907
7.384157667313132
-4.9039159661280305
0.6400354679803004
-0.18418627333549897
464.59495412583937
96.68953898186244
163.78849690121785
107.36211589324347
7.115134207545962
0.21626054831025487
0.03424834481826347
680.8688528073943
367.07881940892787
63.38014819383388
93.73206777503461
58.77151911468834
407.8385825076424
372.94624655874543
58.60997785923745
0.01749726912693984
0.5734684147795098
19.119431379895595
-18.547968562982742
350.72073196795805
0.5800044870692744
75.62996286143772
74.18876731345637
25.088215518049267
47.623144453139275
-0.5313254393721499
15.097557646321992
0.013025859709935124
-90.9654018602574
37.48150185660799
-63.90508933339807
13.921530956848038
7.0408300042908465
-51.42707230730338
-150.19361516034985
145.62455184944434
-6.7156535824253725
-22.5235886770215
-30.17344322313385
0.36470021863729085
0.9678193105270074
-63.67113233572191
-91.87433337090503
-71.9008297228585
23.07215884711551
-304.4385726206251
137.45435011662985
-199.0628267700111
221.51850366579333
43.52709030608383
108.72329677749593
36.90745679435207
90.21906652789606
158.91096055527322
11.278007817224022
20.501884969586836
0.11863139122281285
-119.17275792021454
-33.8874839798214
-7.941167440913478
-41.41948860953367
-138.02708949534954
-232.83758914934003
-85.59375941301417
12.350705252123507
-11.227181628857956
-72.0263768187852
-50.432285118834734
-120.26521406586946
-2.559312269157935
6.173202051271224
-0.0029018415258236486
-84.32153294321533
-30.2759701311501
0.003386110381570339
-46.77024569883186
-102.83606726987696
-0.3587128787592879
-16.374446217783593
-0.27024323991180166
-24.54271133861364
-2.887817658054117
-3.480070555676206
-1.09999602193803
62.83013549042984
63.57399750639335
-55.101441704730235
7.615603147961288
-80.42035722191852
52.313191954525585
-140.35823347223095
517.2651825200237
-1.9203841720285926
-28.78616486779209
-33.6539789008979
2.211653015636586
13.707384448712272
-125.16181739013923
83.33917695615264
-56.65831978667886
20.091827897616568
-2.4502740183190324
-70.39672659455769
-209.61809484254354
-103.93085230897249
-75.64442049313449
-152.6039424410542
1.2250535171183925
-249.4071239688371
-97.96531251119856
-32.29532514809716
-650.1433929968468
-1163.128880616819
-66.27971384750695
-6.696128829723817
-21.869495300862386
-51.0628177637027
33.34949186483106
-0.019314697863823595
51.00854169845009
39.99856022083395
46.26953250679877
34.038320210193405
-8.094419666675691
48.11431650206731
28.44107899908291
7.220834962393555
0.695017874863993
-8.233322338124113
-1.5157760796700572
-51.8626034880703
-71.60868646487722
-60.41154510280449
-0.2448900497159618
-15.91030295878927
-80.47674122268371
27.422825396825303
3.5648786439087274
-188.06147470708493
44.388514446950296
344.3303288207536
113.16394727815131
244.66942893870646
6.387142543892452
335.2543291588919
-276.7078390390869
-5.418085718327112
799.6175544033158
752.1859549589612
361.993134048488
155.31769760807333
316.1556115025726
202.05519523918525
348.72322351000577
315.3135204643155
75.82300314170989
228.89574946259123
231.62382305363118
119.87699616357469
264.01396092829714
87.55781130625036
56.92963670845907
184.78596125979334
33.26811385795149
32.78967023957129
0.4011611540121094
26.351314817648312
2.4818309208888842
-29.22827971007746
-28.37115145711862
-30.63253986634231
-114.7818331640956
-306.1942375824941
-332.334293204772
-366.36795719697517
-75.05366957611267
-8.420590627591007
11.426529351009968
-73.70132831801659
-15.29385160169344
-311.1894339006353
-497.8745940828761
-216.78018377308635
-525.1131896935592
-241.8420220075826
0.8631665249605109
20.47495845898216
-14.11407353897281
-532.531360650417
-218.86264991904864
-272.67856007619275
-35.67934595336075
-21.886231920096147
-264.2580782964842
209.9521232769767
4138.595590444111
-12.459720071297063
-7.347744730461944
-83.69797741572563
-254.0641144678586
10940.456236658973
9043.97631002201
5101.840002879557
4500.040049986306
3708.1309963652857
1885.6592893579893
2253.801886149362
2851.0309685461857
678.2243115686808
-1.870734730490095
0.008430967741935521
-0.08622944044962375
23.399126352819987
216.86202575701105
9.198965488333084
0.11963020881243784
0.023993199381763336
1195.3403275406745
548.5426745235229
3342.752131556843
3479.9366169627438
1090.7486958961947
98.99069880410832
137.9408946041111
128.71800834202284
164.57846374356708
1374.1687311870562
486.63120043731925
101.24846891405315
-53.68117667026519
-85.36195237938111
-225.03678942964567
-3.3811193231644348
-546.0800221130806
-78.39934338105613
-2431.815277310303
-268.9628018144891
-1192.7269567402639
-1014.0412023574474
-495.25836978912594
-2213.832999927835
-2431.438260496594
-4847.573356234792
-1204.2768046435194
-1599.5700531427196
-923.103848932535
-4022.6983553951636
-5261.981042462319
-3509.9423613958984
-5296.577312083276
-1180.3946990199388
-0.0007117055550133083
-0.009758840265546471
-0.0001280209013716016
0.152944780330511
-0.0517129969579356
-66.01159389257379
-427.1358870477739
-5.30746582321902
-0.17182724404408042
-2.821279918742915
-10.74278957511578
0.19500967117988344
-0.2558055015609335
-0.12293031066330787
-36.740345009033014
-5.8584445728391296e-05
-1.881416082844832
-16.944732199254343
-55.01725933340076
-403.8871584212532
-0.7518340408848043
-0.6742028801959468
-104.0049934053888
0.1580096041035697
0.07426132842951194
2.987609144881415
0.002275681386355724
14.908926436036223
-0.7534350802508184
1.6597659507689566
0.06109487341318941
-2.2798597824662616
-0.029566556404699414
17.796650242578345
-3.847340306778206
186.06079155556395
9.51685252334088
7.961218380167124
6.77187846855446
53.08856723043742
253.81484062103527
-0.016489598273616783
193.36057872747875
-1.0266314269944359
-0.6560188457008251
0.005754134289699329
0.18403327387236154
0.000893075178789466
-0.0014207474226806164
-0.00037218563332825613
-0.07732970242323794
89.06916989270518
51.100312656839506
303.72836633421343
0.19731436924426024
-22.790079626718008
7.023797229166506
0.25008440453472847
2.0634910524393577
-20.974271670000697
-463.46705521513746
-326.1145266688184
-126.63541870636028
-173.40390776316661
-183.4435665107159
-348.242449788094
-618.1456946512114
-219.33932159520495
-410.1124329093527
-1194.7737582759469
-0.5032885371999485
0.029592391304346675
0.2633726630660583
0.0002514142049025841
0.0090143597586881
0.303375441668492
0.8600755073147728
32.06299379720658
518.8884227236165
-505.92717232446034
232.55857363992897
219.92687400658042
0.8639935778266027
3590.2831252169963
39.68000074959405
82.74756947027898
3014.7618830163756
2772.2321675274507
-0.1477265590655015
0.036889864617635645
0.001212121212121161
0.46723079244144344
2240.5329068390283
2379.063649511512
1726.5426508934327
6.613670547502992
514.0797182807175
0.29210131121820004
0.06504440901844775
1401.769978794779
543.5471899511062
1277.0944903566956
1367.9236441817343
1403.2583628214102
626.8126421595882
401.4770870775482
993.5579857196606
987.2984823810867
-0.032719188652900105
209.95663661394147
1288.9256053673007
214.60050620035358
1560.0563429884037
414.15216376875594
175.70594257392582
164.69725266067442
0.882317179328562
0.0619528192108341
65.57419195932486
324.7091555618501
59.46285732599034
9.491725534487319
202.47779199752318
64.17324237958351
-0.1381464968722424
-2.0884574179980713
-43.784632261140025
-47.60285704021802
-177.7463868048018
-2.001558232388506
-0.18461178141257648
-396.0243986867315
3.722698204926833
-639.5707343909826
-565.6322951758077
1.407568584561501
-1099.6109366734918
-777.9405979648351
-1097.3348922704079
-526.8049372642708
-886.9906074413339
-1887.4525121693614
-5.382378809411027
-347.04092560982326
-1870.0016417542606
-798.1450951850354
-990.8937215290473
-4837.7158118838
-0.22000907605736184
-1359.7030535471895
-3060.8257980635053
-3696.1112009403446
-3054.555633184801
-3225.618949934687
-0.09902594142259481
-0.024118784753002363
-0.23133888857609042
0.11097768331562118
-0.5155054663247346
0.5776535126526203
-0.17705133360139297
-119.16526546698793
-676.8309211745755
-716.2519014096583
-587.510760490507
-1588.6635814049696
-1683.2635387188675
-453.13649209875985
-644.0667797495018
-739.082201168814
-1457.5915386702377
-3179.352247918412
29.314489851004144
-6.932827138044302
-21.497728154321972
2.254386870355055
18.265709294376812
5.491170270551362
8.119808113850215
66.02016453123255
134.2576662133718
67.3146669420138
186.9220300862306
108.37466979514498
74.7162449053858
62.74671532323141
-0.7523660387209833
0.9848482313060043
-0.024723676782620184
0.0002710994589167954
0.09759549976456924
29.846369330994726
158.1933220752798
177.76562994053867
115.59227104269735
32.39081541857692
81.31821617535904
35.64421619207141
11.810793251850573
-0.08129568413937235
-27.093736859056413
-18.07351724766581
-114.90910446137102
-94.4259558876283
-57.65669881130442
0.7017420748958461
0.6054461130284318
-0.0015842310078395545
13.118947352949792
95.57027479823473
73.18740963260689
4.797015355086401
-19.87116821480668
-573.9008486839159
-0.5594175658429044
-47.32927154218252
-181.34859542825666
-15.133179013919335
-17.989234726688093
-0.0052574369531656956
-38.1980256021694
15.872373055488202
-0.37601284787989514
-22.629529930737135
-19.124934970718396
-0.0007078934489267628
-13.944062563022387
-11.938301245753125
-21.348679082741924
-47.20031857629351
-129.77399617946594
-81.56221592138871
-163.75901457844242
-319.68647455212323
-0.06833885146706276
21.784975497391617
267.11541111344116
756.8660756630964
54.97909325681489
37.71799610660892
344.0110824908237
172.09280023605777
54.49945106472687
669.535944176653
259.9806538615662
1084.1472729162865
234.33541627082644
504.5635333353612
600.1816317937498
200.77441733398518
1074.5745422145424
401.9325656113569
1624.8126910007957
198.9298834796843
177.3789584024124
0.00023123073966805447
11.58618178823695
139.8632011684887
127.49336934034739
48.30897611545456
78.6853905515361
115.20600431266854
-0.3066067558742787
31.1373505683498
-22.91856599116361
-11.857051921121851
-148.7518309262571
-4.611412175497206
-19.843965422118444
1.5976819942986062
-51.26196215973573
-5.7926668861867405
-26.854062871822716
-72.38525181853952
-23.169430628076277
-0.05395644937668499
-245.49306125316087
-605.0747085187136
-242.94692706612543
-263.2774397325165
-308.92068770373874
-207.22017831930134
-244.0241964699761
-80.30839320609788
-1886.1530297610034
-242.16911217770547
-132.556201914477
-632.3165473891414
19.183300925504486
67.90511062627613
43.2945524773738
87.48160105370982
13.001006701989535
-2.286903508014628
96.63468236843883
-42.91640083922732
1.8510611175628444
47.692101332759236
72.20830209868745
131.22050866553406
8.081227240380432
50.064959377954864
4.45449601109955
0.12687545866608924
-13.19123924678571
-25.423075354338785
-30.467472148922877
-26.613055655789736
-75.16977002194602
0.5754231308395529
-78.13438710052381
-88.15522759754447
23.50257178040981
3.1571402534173902
-104.07196596418314
140.90300261951546
229.15863621952485
164.94587267188487
9.528471369566809
257.62052335899557
54.72153517462485
215.56299310393956
624.0414822255542
-1.7878540195439836
37.763045113963955
327.87966073288953
73.71640683706158
32.59619576645587
35.28830382145716
-18.234101970797127
-21.535293977907212
306.6525579683474
-6.707466664234534
0.6645361083364225
182.5629641865842
-36.770307864155654
76.46274456791846
-60.481090303532376
68.32681951103055
219.90697282296298
54.991300728579354
178.23026485263404
8.734521092757229
33.9004160631704
23.59420782889724
188.8955081039733
253.4272645752492
446.02425209986006
50.34354308738709
12.129087550794264
8.564694364038802
7.198570355011871
3.2865408794388724
209.18713495884873
0.577068918897917
7.146521754693692
114.9728646830134
-3.4700962523039225
-44.16918786183718
11.042650100469963
46.53920221862039
384.4312508829554
-1.4473359793479095
22.52238237530437
5.575214319693136
3.2432731664219636
39.92141739081678
-13.06768490839448
-0.3569940192424386
-76.67451018313712
-45.60843248270457
-19.309533165396843
-164.73611261684854
-38.38713242019986
-135.8390148569768
-34.748408606312815
21.682569562084595
6.087301715011719
-68.39866068026801
8.88021130509402
-230.9360579966962
-588.5328462731148
-272.6869759813717
-0.2173078899968303
-264.07019426797035
-2.949124912935268
-7.54152139937487
-87.32474743173796
-15.49518183970896
-7.656981165443467
-263.39766791188885
-723.0283785401315
-267.94095059106326
15.213635009529957
-8.232723917813617
-60.082779935228416
-518.4619114117388
-479.3778942699563
-890.1873407093942
-121.15235813453477
-338.86553169568606
-52.339595548971715
-417.22618549162155
-1074.5314398044513
-52.48890673065875
-63.404122476907155
-29.257776547867046
6.391304755212015
-159.75505691756896
-195.082559202136
-390.5735973588041
126.6020835845169
35.741596162796675
12.160141997946308
0.114062979410577
-14.908644056909793
-17.87068686001273
0.5341043426029847
-12.898246691226632
62.888762177295156
139.18036091837314
69.41408833109358
85.41260948518514
129.0103061193865
86.99539701835631
36.7839719341061
24.506026039492113
2.773083711548151
-0.0974889088135652
-4.336770354966336
9.025276796630916
-34.97661468078969
-12.563560801105725
16.524195468688056
-61.569612904511736
92.29021725941128
377.6709169171838
111.61645135290745
53.84969046601112
102.33320257569656
219.3252972291699
1.8828639218140895
-0.09923609936324906
-0.4349408111548654
87.88756527441082
108.68144730862308
80.34768377827879
93.2906408333009
529.7706198756641
213.6628425708696
3.096649203383829
140.48620145605338
94.36025238777083
62.575346788076544
195.38590851299332
55.81245550519305
0.9521996419187383
209.77601498862077
0.4384378516343225
0.8793654640999593
9.74598056926643
-34.97824848127445
3.576542725131031
-130.29130194221727
-27.98292646693068
-58.45177570493358
-62.638866515945864
-343.0084037022721
-64.43713017629808
-59.65884225397055
-311.1094848490136
-13.170050461772844
9.131115614488074
181.27164823419628
-17.247550183105652
-43.629057341782
0.9553727148133443
-12.45540975205456
44.76426779317602
67.26282053253503
15.286334974494544
1.721408687177891
-29.350492213491503
-49.765912070731815
-18.327828797216995
-10.385766604374597
-218.0821076026018
-75.2006715437671
-301.47407640606673
-144.74708516113475
-68.1622893396731
-306.7683242177178
-318.3198794031006
-224.53298601800392
-248.62139592786232
-300.12926118553145
-235.77895406868024
-8.613480351203474
-4.616592031759004e-05
-155.53849497316503
-16.09209737018724
42.436744897869644
79.68191669535287
203.93111862496474
273.95562670616437
139.01039125628503
29.07642897323056
-0.8360941946383003
-106.63123524242872
-0.04098659227786279
-18.195950424178164
-1.7136641199365639
30.210941557406812
3.524586853050881
-79.8043157975564
-33.715843575419
-13.381641884726138
-80.39562203971667
-83.78244980396812
-75.35743326255376
123.65935452184571
-169.83959410554382
-73.67613957691522
-258.1294653967865
-489.3284238034736
-97.56205147011936
-84.61775685001001
-318.15689947355236
-60.27406777834061
-88.52356529172893
498.2927239092712
0.9763623222196354
334.50207722517416
50.252217840060425
52.132833009358535
-20.694932882270052
-0.01365601807034448
109.99735313640892
-0.0017186414354026258
358.8292546029919
91.05542719801505
56.806095651197964
0.3553162496078158
45.7065628583158
30.695717410071982
1016.0863081097845
636.2710302534751
0.5786788432267892
-0.24788905315935125
-0.0037830696908347254
198.77495307594018
46.9703387653326
1.4254715534182232
0.05153825926899754
1.14010243277849
18.189588001345673
57.77702512527457
-13.980086526955319
0.004610327251237422
0.06666775590229576
0.0482168925964546
-0.002229465449804602
0.07436551587038669
7.478834531864413
-80.23865124598485
0.7259611557748963
487.72704797048107
85.74255353390011
53.83698332436801
104.76921882683975
-103.41634257659763
-519.570138707234
-583.347744920347
-1328.461574827703
10.9979718059436
-1761.3249540252436
-727.0021595980255
45.81626232928009
-0.18401965871093978
-5.50922849862504
-151.74019913318506
-59.403264314019154
-11.257618232441036
-85.89942391612061
-209.03154569594147
-524.0343751677252
3.4073333490643964
90.21586076833523
107.4264195463541
268.2952120918512
344.20764505007924
170.27289603658946
225.96772647014004
67.19973795666837
259.3275376498429
46.25066624752673
45.759853615446126
367.4135127686936
115.57253469852076
32.63889185870117
262.5320329776916
57.25564056133991
2.9389100492662834
54.12417411777895
155.72943581650807
-0.3533956915359118
-18.551094288870022
0.00047298417618878987
-92.07947039390424
57.598434109617955
536.4796137339056
86.38361086267179
108.7943730598481
275.2763429280959
50.6263453524056
95.1090016893063
116.87138707106291
134.81547280925062
4.930495644041947
-23.338061154131715
-76.96738114423869
-114.34717969152092
-28.325491563397136
-165.78635728258058
-191.95484436016199
82.6335481933086
88.84635661894083
29.75919542984979
44.53657982592967
-5.1203234400536735
4.57143288455649
11.989592001280503
5.749002498053671
12.137339249681332
-59.709670999899224
-52.01669176548933
6.659967755235792
-0.7380830224266385
-2.971990457479656
-23.04503629046138
-38.88171479665609
5.259247052963634
106.9973320094803
0.009203397301147215
54.716847790193555
115.7032983151546
-1.6661755644456724
3.773550960506461
14.473610225193864
-38.74757206258123
-1.2742191204119915
22.312748358750373
-51.493513345403215
-38.23095618359838
-26.39556934044377
-211.65433724656867
-69.93709774558482
-8.638546811104735
-52.49170719015818
-29.31936948188777
3.343809675366005
16.521628313428508
155.94555893672234
1.4424250811651786
21.471988432019636
0.7019318365844834
4.143221836938479
-5.6265070766659315
-65.23471251266452
-47.807711271836126
-25.82027278293791
-147.2908993393198
-43.39651491579622
-109.4722766954266
-103.82417248736328
-144.32312569152458
-105.25429532139984
-54.70718169752726
-84.5779877977024
-330.67884151322835
350.87745755826717
-364.7503661996517
95.91942008726724
0.22974633619078327
53.265149816054205
453.8065158544374
567.5330078970219
694.0998753905847
13.766829614659857
322.42889078953243
147.34398008623378
416.65541398069786
286.92223514604433
10.23406220172796
-12.215033362362183
11.314095230870375
-5.516945983253152
56.281163318729135
158.41126674029013
485.64370354572355
521.9144541143917
31.23685610436584
737.223564417668
-0.8974087155939725
326.42857311049954
84.49618677300343
-125.33196834270944
-3.2644833607185157
22.23443113772445
-5.569514771414428
-147.5564373815373
76.73801890270936
293.09735273545584
541.1206722033954
235.6665140502325
50.63260328300916
124.80169870685374
99.96209719337534
14.212915276522285
178.71090130778003
-3.571489563763247
-5.415665947225527
-22.383763235953776
-1.8638285554449852
-140.34273240817367
5.469092468060618
187.57030971981686
-2.942732270853761
-222.17023156043228
17.699888134001526
-139.54613363391124
18.318826615848927
-40.04443271827245
-35.80092456216555
592.7460971521007
182.7928137776113
6.669857814070044
82.6665690087613
20.07763316120814
-138.60239424640105
192.61258309039545
-57.44274841996907
52.34659394680495
-1.705409040744857
35.900972147437216
0.14863199402811467
-20.972402159786267
2.1313844456701525
-122.77267633172768
-198.24843945005975
40.330857803223275
0.0755760624571315
-558.0843168019179
-202.46601199523968
58.62624710977716
-1.3365353456885998
-1.3494827006159196
132.07723852342656
-136.67062397169352
0.2929993295441913
10.993536895081466
88.45631212904254
-14.973919747548829
-162.75392937101623
-170.7627165927305
3.6169076719282964
44.613438051905334
0.523119462551534
-229.14173817700657
4.8668883748983625
-115.58437000074673
-84.34044834579727
-194.5090610423566
22.464096431768738
-27.978059000667265
0.27880011040388797
-13.587139949621303
-2.4246236530244953
302.1988806502211
32.27112553139675
-11.402319626267651
0.03987874710814601
152.0231306774761
13.065755834071926
8.47761600088437
226.31234172491958
-92.69099361021124
-196.61567660994206
2.730462791984283
1.487216021204533
-24.574249716040637
-349.0787014572037
-10.710195528935275
226.2760764283487
39.82276680778783
36.39308231579252
-30.279213686482837
-21.79328266710534
-20.765845738343575
53.30988239229546
154.29426672422522
-277.93941022222464
-27.31538688101207
-284.9168674373317
11.960662656911524
-30.48903842954575
-72.17883224253215
-57.0551378975859
-208.88968831616822
-52.44367215176476
-228.1658176506499
-410.1521872796504
-238.8532464334853
59.24902037926195
-19.585304745687754
-93.50672667247366
-105.93484803959484
50.700860468066814
-88.17614376120707
-322.31025226294673
-264.37463541722866
-30.821313020812255
-264.61867651909233
-154.4654756046608
-128.71057773370694
-21.767430752694047
4.51519555649189
52.87152042538023
-32.03313921908884
12.03101114963359
230.67476562718437
21.156752504349498
187.9524284255263
151.56540057231672
47.22638905687545
26.57674536051104
78.89732357928874
71.28444451660273
94.45212109123258
40.11391955695978
150.49666240391224
78.02354824694791
161.40858782537393
3.9611119290433834
18.00637540052323
43.25010923421273
165.13587996615854
-0.2336210627348675
-9.174682224752022
5.166860184597332
-38.590305084081706
-5.049528773154847
-30.829501172645816
-183.7004374430822
-158.9759931536374
-134.62468714198914
11.538496575399703
1.9920172833337613
-25.048316250968192
-79.63652804794692
59.16050579692839
-34.440005868881244
-247.25055443086077
-0.12796617052990578
-67.39529900136412
-22.417496465078607
-223.19323454984365
22.89142003888235
-9.748605554124607
6.143891408067506
-56.82597192717753
-90.12868969512442
24.76343571655574
-7.122357760910522
0.8470826790106067
-90.09855309652224
-7.43397989884221
194.23188892213273
-0.00010880919220055711
3.107061708039443
-9.599547019730657
53.34499380700378
30.317772207591716
56.458842492807804
233.80046092757487
29.89241935036482
6.271462939078503
-0.08004534755534568
-7.001281820427623
-4.945762608660343
-64.16743453797247
-119.88154469706537
-96.10643940239838
-8.694844690696884
32.32901380686673
0.7346464036974053
6.135157874625857
-0.061557538622871937
-0.8460520038451139
25.082712320517835
-30.21871199096129
-2.703885375643714
7.917660388722288
-6.0612774107440845
-5.48953894388734
-41.370038207030476
-146.5557941758633
-8.238208871961978
-99.51486940239968
-44.24537600396078
-72.79299965772972
-174.61501935008636
-34.98394933194512
-80.2880074477388
-303.3035825096956
-243.80190391218736
-503.5568783068778
-404.2796943937538
-541.677309698552
-53.44756440228629
-17.1008880044507
7.16281844556426
-158.72271563517094
105.44363005885837
20.58948015487735
22.12131730640333
-54.486540912245395
-98.27573860901805
12.175919453882845
99.8219489240864
6.912837001657752
40.18155851037391
77.69657226981987
-0.13815245478036015
16.552708339576213
46.07998336106486
8.142951109577515
-14.851596026220443
24.796721216616014
-14.04388375513257
-18.41020856241549
-140.66690243108576
-157.9559881411733
-13.877631189500027
-7.419247180548382
-30.67450458559609
-139.95950844241156
-168.10655528160612
-233.81117858980954
-150.0431792893316
-6.243024112877743
123.4750860305218
33.01106107241209
31.19889718681567
-0.39663391384879765
21.621214167060348
-0.2164513005965491
-55.825437241010505
-202.6048509099822
-3.8938239197758504
117.76008120838075
224.91791830828527
23.267547864997344
-0.15879981939826343
1.3388954750805262
23.387592055908048
9.023306943630466
85.91108018571165
6.503156484173903
-17.47665920183754
0.04505687327672498
-57.71775911218958
28.09818625189483
339.91517633407256
882.2253270380739
56.108497617281486
282.84124823695345
134.66575087615587
40.486016509586065
66.54888677893479
107.52591583726209
131.8033828464299
259.20005928257103
69.01547205356346
129.58472077483552
80.15707423991593
-8.446154380995297
30.826327309090672
-10.360384372913991
39.48110472211094
-51.34536501751202
205.21735367067123
235.60100114599194
82.80523882853221
9.431944928546546
20.94743696181848
-0.4624537019943532
-29.331117265304094
76.04346848250128
-39.13896026001718
-4.832112352594679
-7.188443578829462
-73.77524219812426
-204.31547564314144
-18.701623179908175
-441.466277081758
-43.13861838028824
-302.435927096127
-53.85511099471587
-32.78095576831434
-1.1650074456467818
-10.725585125531618
-51.02196489222916
-89.07238807274312
-99.94696656772837
-94.67215267362779
-150.78577080547674
-294.12468213247064
30.750401681028777
110.05982444372367
257.5627412704838
-0.41344406424991514
482.1759532710281
129.37982235697038
17.18772648341396
139.93501869682242
-13.868332727799253
40.58287014433971
64.32640662938417
199.28296139283202
19.584762302922467
-84.76949835547622
-4.02617505853414
241.02975938767216
9.986224190137774
527.7848183990031
205.53179992266098
12.494531408307962
232.30898613894462
352.3859976525826
33.62268209277345
150.5332384183594
42.192378002554946
78.37482576336652
41.48054362369394
83.67396703278258
58.02171981645809
-0.025971690138311215
12.249559510916855
0.10050030035183767
-15.497900639298432
-13.83751035770114
-6.624099909743753
-0.38434973383901044
-28.74233985909553
-10.708344548829482
60.65281882444073
110.90603044388735
80.67403908458749
245.79956052358972
13.97120503929184
-18.41937730706862
171.87289493734943
159.2794812445353
52.840881199683
7.623617758871359
12.717057498748755
-1.5589098638594943
-246.3374106818992
-3.4536455691649195
-6.664502715154768
59.11824074570113
29.904641109019344
-1.7508548384482796
2.979339057968726
-62.97565253127275
0.14301022206556802
-161.43569751619495
-52.630573556957366
-6.945830288552881
1.8920079985825342
-42.58460224533039
-1.6569967120428495
-21.939120837413903
-1.763384374510743
10.030673723044474
17.420510809756927
73.36234796991224
-23.22873777252181
-328.5641528718762
-6.126375603131072
1.5622273662990842
110.84453880418653
9.109490456026416
-10.576144581403312
128.9897375602394
-11.194277616573313
2.8999947147739324
0.4876290023455073
23.18110725800468
23.54539699329635
2.0609527040368083
-16.87832422367483
5.730070495859946
35.01779151536433
-0.011550750048706645
-62.848710310381655
-15.208293453192198
-26.001344984616107
8.292366009238144
-67.30886709111931
-49.13580538629715
45.37001891904394
-197.27018947601826
-72.60794486946509
0.4761141207134564
-156.6215256012946
-9.30635422380688
5.945350250244697
-2.8452420336555435
-6.837517455215327
-0.9233480626726057
-37.66843482684775
0.8545865711510452
-75.18764808520699
-146.21587236157157
0.3786167236555695
-11.188400455643903
-16.879961706968857
1.806494222093119
43.909301528642764
-23.189850785763674
-13.495253706949407
-201.9811689411511
-107.77734104485295
-40.098858019031965
-156.357026010205
-50.0293873365805
-147.9495061742044
-113.8204082569467
-82.7214628737255
-44.94856048498748
-43.34734392862757
-17.40290695865864
-75.34401295264325
-136.6830938310065
-78.06216493308347
-302.9292921059786
-310.81931712328753
108.16305973571514
2.4757069296445615
-93.76029504477484
0.03931593326437012
-0.5925109049283008
-113.5691022255753
0.6593386235915468
-144.4975522060979
-264.5283773284607
-125.3387256991704
12.441352489227626
85.5788530951242
140.03502251962428
26.96519199771017
35.73912105628581
21.522041824789888
19.833858832244218
19.01629970041844
0.09831528829320668
-4.85594343978077
-34.82866822022483
-126.78115659514108
52.38276205561658
53.96802092554779
3.873850773430396
9.153192109789702
-1.1150885054895923
-2.1014617803629654
-6.007155560816461
-20.44653956982214
-24.81692068765429
-1.9272240335985757
-62.996800938599954
-50.200304794785225
-31.70416721411993
0.7044337446082917
74.67601282666548
256.00611412088836
34.287931792007676
0.011699235227544855
-10.685573655129247
587.0921553521335
664.6318883025408
350.1820418228942
13.11830304700122
-0.04097197195298475
15.121769530859247
162.0779631431966
342.3929609248109
361.34818687763
310.9451540164292
154.15419617954564
59.33989557393185
-0.005068937550690913
153.58111293205536
17.32328012942795
10.20843654677627
45.733017833144125
103.27217377856618
0.6212940446215505
1.6158650259522043
7.875392529342411
4.992616121277138
24.116309749645303
1.2747216803563268
-0.4386397268598626
-23.410601993443166
-11.520636130241652
-100.03502602002101
-24.94995088546596
3.948782937892645
-191.81743252128345
69.92797887889596
101.8732821125607
0.8000629117215192
-0.019016201657406064
-5.676598366777844
3.490677803071586
75.79319743433402
-15.628691095823418
-0.0007034187842495594
3.933180797722655
5.014691864168683
0.07555657929085968
10.37066830542326
-8.68465824591076
-0.07895171840930174
-2.6175348837209427
-15.109325055022687
-13.902519580247713
-54.220158902654155
-43.98954054727175
-0.00014189310828275774
-3.0642490205790773
-4.521058714255223
-57.240147297354966
29.540080992745533
-17.69062018003733
32.73965052684924
25.459642445459558
-5.548663526987055
264.2354997517474
0.002315826405605508
-30.19287085768695
-88.54385834251644
222.75842936946128
-84.54056595072177
-178.92733313131424
-268.89859545437747
-99.05459333215262
-167.16917027342103
-592.5010442879178
0.9890427685204477
-302.132326935474
-49.165652428153045
-51.36137969991389
-3.121183459631421
83.93376654976109
30.659518402673534
124.57947912521124
98.54784664124611
-15.363267425108065
-13.737307868766887
-405.14810873600356
423.05244645600976
1.418857848043447
93.87260058989605
-77.11547234919996
94.94699532071354
24.663090405493246
-25.91381409254255
-171.5464200553592
-27.773526529421325
-375.39171519041577
71.50683432524326
-65.87742587014213
-17.242967193599252
-38.72942238643359
223.57653187481478
242.03999285926818
31.72689252963976
439.653862727552
-35.11341722252965
91.67291791566356
4.402743184257622
-1.6284277344335498
-18.415651051682897
70.5962149591137
-11.333485401459873
-190.98931662183955
-500.47495450128145
-562.9388975192842
-316.2477452625318
-0.1341290011000539
-76.20985766644927
-43.743057990629914
-299.1846160888474
-669.5292858485636
-536.8305936538167
15.32702890653684
-222.66521224691846
-21.24056641955656
-90.67286681156988
-454.4680176867276
-11.952824695214309
-231.0245090612475
-121.58274404871733
-366.75803706050465
-279.821174895483
-19.773484666034694
-224.71597478525018
-29.15216180326583
-63.587746905530906
55.63234559680373
1.7287448002718429
-6.328117343214857
1.183120478466402
56.51175792820455
169.19851506151878
75.82698828958996
111.9947466742146
141.69334606771167
137.78314134210984
33.338783513405374
31.460984195232534
5.615074500115822
36.88528630092739
35.027307462064925
-5.683876651982388
20.15829538691345
19.237997962202794
0.013241172614030898
-13.5810461746727
0.6669788113803522
-19.7599743247665
5.801935274781225
-1.161884570572571
-0.33668425316655304
22.84093755166449
-192.26376575477926
21.992926392059893
8.594126710869428
-2.2922296794177943
8.017736865298911
15.645460161571386
96.33333948047839
13.518406095668155
100.28920836138515
254.18791844919787
71.1357184982879
0.10353351645539591
-410.2844261040568
297.0477632213676
433.9726107788315
428.15045335389357
86.98454998376661
263.4023701631467
110.68507709860626
236.0481059480536
32.989502293896784
27.388332765539676
103.71234736569855
78.60174953959492
227.02332236923473
-3.176861499717639
66.39207984967993
37.54137276441321
345.35979115123996
23.14753441906446
1.026221721831572
0.74203335687854
-0.07856923863055452
-5.667918622007921
-11.003409798399089
-24.61559832293439
2.0310599089140786
33.76670453655907
61.27402844015681
94.00238005490233
13.058656632263665
1.2011291434300444
95.14112342521557
16.854598200609832
27.560975743848047
8.605443119148381
21.750593384657446
51.25583581372237
5.185680996766189
0.33216231860914974
6.071407717486614
-3.852489376756389
3.380970118162785
-21.553540823736817
-18.302124100369547
-92.20224504432701
-26.905187225680898
0.502923378297443
-52.95949773183277
-44.71680731139754
-7.407793447901943
-2.479979250538483
-132.10782322496982
-207.28354456021623
-192.38295270252323
-311.53938943608887
-25.939880229239574
-197.24163154225903
-494.1644372948496
-206.82423597035057
-432.5648512753093
-127.00907874674533
-97.33024315187632
-156.75562173626858
-42.675109416659105
-249.65301295500993
6.173083613254667
-194.38604731298426
-17.70281394896855
31.77494672614946
0.4380803953245266
-69.84493487736991
-55.117687967232946
136.47132320460892
85.88322787736287
-85.70311170124488
0.18716227360509224
-18.95418007934997
9.18081015213787
-7.2696804570641245
34.142551536367066
194.91195119372992
141.04739586226552
313.32753512095167
135.29620737516595
138.24559748851368
335.45651042119607
216.5170982657242
57.85675665179128
112.65918064840025
74.26217529603593
141.49697787487577
141.41146165193942
31.966310828294482
-1.8266756396815116
0.01574072347961543
-0.045832630469164685
-31.168573309411087
35.01245799333911
28.53755462391735
-23.211719129796663
0.5504149173675521
-0.15881961723445925
-15.19759862535149
-47.62484700576576
-216.45274788148907
-40.12379650922324
-71.54816799494512
-238.20654349305107
-227.9503417213616
-279.06442721990857
55.222233689743796
-27.808092179944694
-85.81622894762982
-173.6163382267771
165.54037672239264
236.070743175677
178.02253087038343
114.42724860027332
-4.9422245965498055
2.68013972783843
-6.072786767483789
12.94048897163745
-14.86332953138047
0.9273913471261879
-0.9674346703871647
53.658562625372745
40.055614377334905
4.560092603680194
15.087843624821076
-2.7354251912161915
-3.5167771399971905
0.5689584542105834
-7.951831142281819
-4.913586538943772
-0.8438658479756643
-5.962858179351131
-19.810554503413364
-18.03555298837338
-6.590884350053536
-46.709654785989855
-5.8543449013461375
-44.010801935635996
-224.86252768362147
-145.47186153227852
-181.91879869403817
-190.22492920428235
-13.923368688073987
-15.784408244868027
-35.82736395990796
1.2799207904919563
-64.29435643426214
-18.977118210641862
-3.8957513541516
-3.3874150118970174
1.222597538186184
4.8291456432733595
79.76101027697311
33.09610175651117
21.4115585803215
14.076465633074934
4.191652114102303
-22.84327633801657
-15.524125705076557
-23.912176857638414
-12.839967454538051
38.29807041299929
-7.667270422564145
-61.56899995484709
-197.47330167818026
-153.3145458532697
-265.8172999156784
-133.81130132219897
-3.295457797037148
-44.60037583623352
-12.265935489518164
118.76040076138058
231.79719682813845
80.02538795508025
46.40903054287155
92.1226254880333
12.708551848384744
-124.35205004849657
1.9243651077723591
-10.73232225782385
-22.963066072754327
-5.6599816904759574
5.206778323425522
-1.5703266775255282
-3.4665794545940685
-47.58193224457705
-33.88477758097366
8.330695304263234
0.23114334302975226
-4.5565036581021845
-45.63157894736844
-48.133228876665356
15.412000763127267
41.831570450097786
112.78388616300043
26.38979485056089
111.88953380281686
1.876675910427961
3.6502289236949945
-19.792919095274705
0.004629953787984694
400.14194403454877
423.8976126042205
82.67042734260042
167.24779039424516
171.0770691140162
174.2123555587457
74.29156621656648
442.91583398051625
242.28959500023313
137.39131853579715
-83.5938780654766
34.40676886756761
-0.08363546750069902
-4.738954064822255
-25.813350070841647
-41.588898296171635
-63.88618323155488
-100.15093657678044
-65.16513226205186
-116.98538106332067
-81.50367105290687
-1.5880038601386701
206.55846416719334
157.5123497005422
208.62922345412602
65.01155603456225
-1.876187371950102
31.70347656315093
146.26025095309126
24.31867510372832
2.5133248587716865
-1.3501365778044667
-43.894555972104726
-122.61913242568437
36.81416417990465
29.747569654644874
-25.855177167697054
2.984180655475596
103.38901756089672
-23.9727675525504
-153.21969423946496
-208.3959151244359
-62.417383610255946
12.451284716071246
-103.72879331497165
-564.9253045848177
-119.51107702841466
530.3496497624153
300.61623741260206
599.7672139549463
154.80278619755066
108.10315734211443
40.397472327961935
260.2248020689859
34.01182943041209
82.9489156971104
180.80618006570552
58.97569348878871
119.82127272427888
125.97711567047595
53.477733501967236
12.044874315111468
-1.566218959470932
3.9460917243727893
22.138904804157733
-9.334032543836404
6.758108728251632
-9.046750400648726
122.97487229195946
-0.09472263996905923
-38.69712835705475
-41.82807025640257
-31.300439972482422
-10.894524687210593
-148.23725875054606
-176.58625872950662
-161.91216664294478
-222.68330349669654
-179.13765111108492
-559.8845610097314
-222.82159839357416
111.08791590404189
34.878178202578795
-221.58478286579813
111.20262391891967
95.67884441444156
279.1457777787509
12.79986805360322
265.5829660489521
28.373014526288685
118.47646592883916
71.25429496901289
95.54327273931185
51.97753527725719
146.7966216392114
27.462428063800786
15.727128995326654
0.41098672882281684
5.306472425517217
81.53271985226883
10.057361857531227
-7.199910630074019
-0.8021967534285026
-5.311172673143222
-25.610132502710876
41.73351570493801
-5.6885168762146066
-0.21050860774658411
4.714073147579999
-22.457123900694064
-55.796862043754544
-0.02492648215492053
-110.22302026532732
-49.869153748396755
-17.155716840968832
-193.49885075140998
-7.875538598272107
2.3873395711650782
-96.70926953853524
-116.58674868936839
-524.6563807400372
-0.9686304875648114
0.014038505615402702
-0.06868994386832779
-0.030286290210211616
-0.25570391261986813
-4.866588865916257
0.029895183824876197
-51.65254596722077
-85.56161417102481
-22.774796097732455
-61.90648446387628
0.7290407217574248
0.11338371854038495
-49.516667758509406
221.9399959039813
121.5966398770167
35.97603909479436
51.94328182959406
7.494895372562225
-55.869148085319026
-106.5760444657627
-5.571351040620996
-157.90176646897527
-169.12245021551735
16.877139723178313
47.32883277315456
125.26314355874199
0.2290990222292802
-25.898533561391403
-72.49813972273773
2.0516344994579763
158.07852065857588
-10.057423263367456
18.234974437942743
10.691246992585816
35.834090782168204
-79.37135444353288
-1.6347749038832047
-19.326366474844782
-78.32992502244048
-1.7995201499940072
-41.38540630067978
-9.5529777204283
25.872259543292962
8.908755100358587
32.43930713673024
-66.25557007106492
-45.182130937793794
-151.52984856663505
211.36845963879455
-198.64333155488146
43.610025591178164
472.1502463325953
2.190159370884951
35.16381888374802
-62.02556762564161
-6.979999731536404
21.230621632200005
147.05598647444148
119.72128360307971
-212.36580285208282
120.98254681017386
86.27199206438692
-12.181373633413099
5.647426023232858
-2.9452068803363216e-05
0.2576036103981366
-3.960783654043398
106.51300095417643
14.70172534106212
0.8013727030683853
-20.659490441777372
16.96847882592446
25.98717681281282
-0.46028829574132946
-4.811974986972389
-6.381830168898199
-76.37782746419843
-166.37673689889823
5.332909411994903
35.47266273120811
72.60249095188351
5.745590022268452
327.09589062978466
6.982154305990152
219.1743147137056
293.35127524297116
-123.40826023233923
-23.04471003901684
-150.31207388470125
40.83393475848088
-2.314421653880942
451.6031586156586
42.65361907754534
294.59953735445816
-240.28840258665065
90.79246494721764
0.025059733056957505
284.58969937866823
88.76598040949484
-23.708508252880755
125.40180882643217
81.55820726103788
31.539155659012888
5.089504218810974
-0.13514596433436413
-32.95419091175757
73.59685206752684
41.599596489196976
-32.497465224654775
-75.37963424101719
-0.03920158820720822
32.88446455611341
51.56358588711932
3.565158692628131
86.16631509389217
29.685297821940047
5.922370343967182
-10.590285580091201
-1.2208247490538158
-9.728228099476071
-2.7527379373867604
-11.471413843888033
-68.98332605160917
-5.840253883142112
67.11419973522527
-24.033866255968974
88.6465780965076
-74.95351067274315
-9.269400651734479
-0.45824978237493313
-250.44625698007303
84.17409476871137
-17.305427788396685
82.2810499243568
0.1618305155093731
47.38611465816987
14.533081300813016
-12.50714799239854
59.17572259857065
69.52387481191874
-9.29148897735736
-12.121995215873905
-0.0003138586570430304
174.45672448805678
57.073151530881844
-5.630065469599985
348.6634094950882
-488.2144038744604
300.3560561442921
1.6538832586311754
-27.66932079693155
101.894569281517
-58.954741261043786
16.909357843615588
-170.76550575111878
-118.8330772566311
-188.02281373563275
-59.40980180174164
289.255640340219
-178.27757083384387
82.25615756876597
-268.8600063572789
-1.7640686019675313
13.108851841791006
-3.0336649932114557
564.5593878035404
97.05270361294268
145.2494310126823
8.150489414018818
-0.8204456031322944
-367.9232132239811
-3.698407901156401
60.26403903527233
0.21505123775189317
56.1842087051417
-49.83975762587294
-2.2080537439317123
-29.643277484957952
-199.76539820022822
-138.58332442680717
299.2656357363972
0.5174368279033977
132.3991186906389
74.33708989805378
12.744551837776246
-38.42833693304527
72.14712776426677
-38.88653559331766
7.0362906163485235
-1.4915104038357834
8.241364132720966
1.145723304579711
-173.21768566659887
260.2697428947691
-164.28704271841286
163.73752157775965
-0.22343744980708324
-2.900969826469846
16.65990675383234
166.3967651717022
88.26540964483902
5.446066555436168
-254.27024720991432
-262.3308956867545
-106.4437984170189
-256.4770658181985
-47.86590616578135
3.0291368517230253
-70.26814584665667
-137.4578358815274
-0.5200644910004772
-165.4202341035605
-42.21995183783305
-282.13896167286634
-497.9214833697922
-232.12106115136413
-395.58144544698047
-415.2788237290903
-255.986467773225
-270.87274650937456
-179.34246972626443
-590.6580277899214
-112.44713525718
-158.12385163961858
-288.0543389917095
-276.25535507310957
-228.5329227388762
-66.032630554305
-92.2844451093624
-68.7834092371028
-484.7517366946778
-735.3728340014727
-535.5480233370643
-260.4259118321516
-480.5639447308243
-0.008665388135814106
677.3164515316565
557.7096637760797
893.4228914047108
278.9597237263971
710.2698334144468
773.4482640266021
114.64903872829312
143.99812518729243
228.76194011239375
14.589341907690919
45.13596511265713
0.1528915557909009
-45.3240497145414
-118.78977826712463
-234.07024709647928
-283.35833819265554
-726.7242924113682
-512.3914908785309
-713.1322152170146
-1197.8465770667367
-839.4170348402677
-246.113117389488
-80.75488909580669
-484.2802469939064
-199.2922940839353
-0.4905256255573626
0.17612655381347914
-1.9354328852646954
-0.001190546181433449
-0.1930473418109394
0.025950073421439332
-0.0473474979032717
-0.266238151123949
0.024931737738074722
-0.8431484129253646
-1.8968516665383732
-0.04421535555255709
-0.03502606046026818
-0.21433135828395886
0.019711335075277184
-1.1972610036445162
-166.01931430187676
-0.6486646751306995
0.07243408017070518
0.03591596130592479
2.1485701485242683
-0.04848427621315407
-0.39105267193130366
-0.0038007562058195734
-0.1183458898376033
0.016853191489361187
-0.18926272912423836
-0.2064687140454906
-0.033831717234907674
-0.010563380281689941
-0.8439091499963907
3.311340842532088
0.47834198178708603
3.93561111366669
-34.84503418552707
-124.81425938057701
252.58874336102113
192.29325143905905
30.875062549241925
48.66200383799617
195.70746565456787
188.88106177465536
137.95561349183464
31.512244213482006
-4.341497709602831
222.0956693045494
71.78249942134784
11.82174170510342
-1.9831261924230041
-88.23044554204908
479.82689622205567
-0.12029214409364292
801.4254485110527
527.1723289325178
47.53253133073513
1475.3817695451985
1625.1329977957384
-48.58468755961788
782.0259147454381
790.714079032296
669.2597494100917
-213.29632896480652
285.58190773097465
156.60686113453403
221.71365159999775
632.3066185261367
865.3356407088636
232.36899840034133
137.59151769307215
54.58176430766299
120.76285481482113
132.11631810429523
159.53730812075108
0.9204744534363984
42.93458754370748
-2.772884949221318
-22.85893354982994
-26.987702469561768
-7.080969305693756
-30.644791638073396
-43.48585257867648
-19.593750717978143
-152.1641136842749
-79.63445208875663
-24.33210409348718
-15.786669479606198
-102.65316206852808
-497.2012996251078
-138.37860617652916
-343.3773687886337
-223.23668991195944
-675.7476308601044
-562.8203031004164
-727.9635912948984
-132.0292069980296
-200.1007999778049
-726.8654657857843
-1108.4639448782768
-0.12330414597095113
-11.461127006882895
29.643007944885767
-210.76664321550416
-99.22596869258614
-0.20632375434844766
35.438450120061134
48.86883976331362
116.15404442195893
247.4400951403788
173.72548918534403
143.32526086914237
106.7812453904723
297.58756391922054
56.087160349049825
83.41716360116176
5.008533214854763
234.89374068596607
85.38365401446808
94.38895287958118
93.26362923578696
45.8706285800423
45.18076567048385
23.486617965211092
16.3773487119698
3.4368461418873224
0.8076980862099836
-4.658223054515167
-24.77476377521477
-52.67879641213277
-17.229462706338445
82.45824478897751
-9.578562281786617
289.30451586315394
7.567926977379702
0.8334092335716942
-78.1037755056791
38.027349939631634
-54.67439187349078
-1.6118805567927699
-79.14039746679907
48.380645670712546
75.92934555244905
0.19149443849386483
49.98008495721923
172.28045863222343
303.5977637627995
73.62448185041916
1.5428042062062997
-47.07217233472537
-163.89943646132696
-0.18051357931329642
331.7979951915885
-21.70688864433727
16.61842568773323
111.68566587567153
310.43110640550583
5.687496586407024
129.69580981051058
12.282394181717931
0.4220886992365034
77.51500626289568
-207.08828057021356
179.73978255136518
-15.540005718878474
-42.31327128855946
-76.79681765098425
0.0762851720438964
128.61102961655882
16.318477133263425
17.756137428143436
-74.65557187253964
-16.77714945348899
-46.49468998278161
-44.37051443738023
-127.99214073279424
-119.66820738631928
-231.05375798860223
-603.099520941208
-379.15575075399397
-700.5584416331222
-57.20036944298013
-114.73626317889091
-553.6986042212293
-275.54665515627215
-674.4117817422555
-470.0987507466161
-171.6862653269755
-196.13512418918185
83.08190406556066
-19.348294870785164
-151.01640407790808
-218.51397051715793
-131.0513013276921
-66.63070833602391
-67.25149531160618
-205.7579373596987
61.902703764436644
22.382059980038754
225.14565592116253
81.05638582803827
357.9752696709986
103.0301495670753
67.90064425306397
20.700252337206884
0.8635145452617435
0.7882663616150569
135.99080598618156
13.19458829985063
56.28709877288264
5.767112457030632
1.5073790103316995
-4.043192207688298
-4.616917418269324
-107.75413393604555
-24.216024656527175
39.50532920223918
72.60975229694958
60.1074653063367
136.33292191376532
0.0016204639971795385
-34.066119409092835
15.22024053789578
-31.313811756220694
1.5841247430119743
-2.5138048964985513
-44.82968462658621
49.62155408690472
20.809398138800617
-4.280259777384706
81.92916551660025
-0.07964970581444741
17.009627443773276
75.9528252532206
38.46388564019795
21.79187486345678
7.911905552672554
-1.1191595421364966
17.217150323979943
-130.5455035728731
-20.638067472239808
-7.9046244377908
7.5504260905889815
-1.2082913483117688
1.1092937979792694
55.00377167710635
767.1783588826656
123.75341526520049
82.47926672378392
12.925369182746905
-0.5811077075623707
-2.734521998831857
-28.997478034179682
7.4527901035053254
-1.43172818657602
-45.58617940125271
-241.84317085164582
-212.52027813909731
-139.97467179861414
44.37865857915878
365.78412946966705
434.2757593123211
310.75118988976305
399.00854220443324
386.1133654616817
827.3531792450472
105.48264457176161
246.31945025101916
551.2003642427096
129.84791979479235
30.12638747293026
195.93976517776855
30.001715357812795
123.05543612610487
12.149764141369003
1.0599642169340764
-7.359232012122083
-9.404101280497523
-57.58643675638672
-77.02647934502777
16.825080387535927
-67.7921022075205
-363.1986866158494
-225.45528103723657
-382.8209878858801
-226.14013680826696
-240.67648360094609
-733.7899055810175
-648.8696393062628
-279.9903162319324
-47.60359152236127
-2.185375012431704
-384.4711297889578
-14.762289950576639
-392.34411920721436
-2.705668480980964
-139.22652603837457
-524.8602217820076
-165.53436903197831
-101.59357915040293
47.63664611319091
2.9703131168027235
85.11182093960174
22.063749257278655
244.11186013243162
30.820556306580514
-12.445935137814423
-0.8583227615110067
54.82452365246604
99.4678577309403
-53.34991171034038
163.64958949146416
103.10722585378323
61.58385327715413
-0.11419463815279476
7.23328920786327
-11.263373638780642
5.213515915399797
22.551269652650735
1.5737214706465035
9.337085207011068
66.27212490851429
-0.001358219744677549
-37.41846864995144
-37.689728582107335
-36.69782463465555
-8.438209314536508
-239.6725357851496
-80.87620778100211
-29.731913531837375
-325.0438294741398
-109.81996849864692
-31.989078339899883
21.93730444659828
-2.2885860038156025
89.46667521312743
-0.11371856337791435
-0.5944889276753618
25.649567357654664
0.02357494237630651
32.73088770053484
173.21143425799224
98.42685998871028
26.573578594027378
2.91504800404243
195.58817426099864
147.15160280987294
102.78802645502665
68.41107644043583
45.25833352516759
1.8949872886179382
-1.4182931146880717
-0.991382926737594
-2.002117231765734
-36.143198853685696
-58.098359470793326
-9.987280203642078
-0.018875857766687147
-10.895625984206074
10.296072091422245
122.97304685451968
47.68574601019456
45.70713993475641
151.84754951568584
149.3305766117632
20.953565755093166
24.99062824361942
98.81420517130508
103.9266131836985
-0.08885975996689435
38.23782987704173
41.34253050685956
0.6075951543151815
17.44460218599251
159.46645959138016
-0.5467593573446372
-18.969265548429856
-112.52651672721385
3.1786329008620884
-5.4658900488112785
-31.667010919825294
0.8504871543854974
147.60153467394503
-11.292679996907895
0.03828980968318239
12.752697934451486
9.43757488479259
2.515949759275848
-4.591131131131114
13.985041721318352
2.433546089526012
-14.929903012551073
-5.795400801668321
-4.972891284095723
-35.131366382599936
-3.966595120488159
62.16701804086929
0.12048292588376923
5.606688089987837
-31.07460204429522
-13.431043311063656
-4.879608130900489
-5.480577042435881
-38.589044191127925
-23.22567477876106
-131.27561998331203
-60.25209163792723
-17.556939100522364
-114.69697577768196
-150.11553488975642
-77.98192200174155
-145.6122286848636
-2.9815781426296795
-122.10018491571347
46.779322479609185
-161.91150790760602
281.3242489187892
106.9625632841304
79.56584342699503
20.054458914371352
149.76818654045942
-47.92314668444811
39.28526869840479
1.13105079384389
-85.62978064977338
-393.3476968117325
-247.39710954168498
131.29490218285324
-3.9796639290034217
-195.91948516084562
871.2867701514122
629.1195301968634
-3.7154840705226917
1056.0891892888105
281.76506211224637
621.0094628938912
699.3902754092519
228.89002926602666
133.55672834635186
299.1880022545846
117.53770638115094
92.21064395357521
33.86868552582868
15.717556514236401
72.76169261906585
0.6923710291145969
-1.3775455868436393
-86.3216642120766
-16.684703844926833
-46.606128770113
23.940382094202988
34.49793311036791
-82.42610291578515
-183.3163260903333
-6.357226754740937
-76.18388329082174
-174.18341396797362
-122.74160320567594
-404.5463523281486
-198.700542864476
-83.56910360478288
-197.7001830010677
-264.16833916646146
-273.4247257192857
-216.4781787470357
-447.19280211535624
-447.03161869796094
-695.4831716297602
-1094.7528013928422
-575.7400085087171
-353.4945007632584
21.313558953419978
2660.806587656103
1000.9098898926387
2211.9584148359145
1764.8227945854628
1957.90056103705
313.9678738580851
179.21277063346957
1419.871735817661
662.5652243484983
556.8304708367212
28.986111975395488
14.38395328423307
328.2605046047339
86.61629161990945
29.821033949089806
71.81641456493008
149.43971477978306
605.6394072298258
46.619683910224296
-4.353590540495193
73.98123039108461
0.4202322738386274
-17.805170486809065
694.8693050131776
-58.95400093895767
-1.9113115314688953
-60.24837345445363
-803.4041525236942
-55.104649724451
-148.33856188588
-410.7943268866131
-906.5981004369618
-116.9550400287001
-81.31736004012298
-540.8933923429307
-1624.3650766255355
-699.3611109763372
-975.07001327026
-1303.55513366755
-1093.102718746025
-1766.4937787779293
-764.099545553883
-2981.695031923732
-1414.5925761430153
-1694.2508553167736
-1744.4320489687595
24.354418689477406
63.55628232819555
-0.006282030600469375
41.997596582380844
9.639920281558776
141.19535526607953
129.2195566683776
116.66601957995138
343.287752066811
312.04773303818655
24.467141495445894
287.52645746398525
-1.024894142219688
28.30067238745425
21.65449393302746
2.7701471428389928
73.85101542416464
268.4318574043919
268.04971964420713
142.60999216521964
96.28510093614781
119.5043102072072
20.62380703884277
67.9891676030178
1.6666642746918345
12.234096433740064
30.61670684938348
222.58175783531271
16.639430612660732
7.736857440437472
29.49894353318906
27.41859192115238
19.705032021307986
-0.12967786072637644
4.456394431482096
4.362199171966753
1.9207712847657072
0.06846807202009124
-14.961779104525684
-0.9393442862752017
-12.555540767892523
-54.9839135032792
-145.79247568380885
-209.5585460672311
-256.3535450219356
-22.18460033828599
29.697864284360804
1.2940490237219515
-1.2140848021693575
0.8834310535912241
-156.03784085266562
-75.20549630350662
-222.6317692637689
-444.49795861520124
-107.25771416257786
1.8123411748891094
-30.267292961173098
9.293445312562849
-10.324827908073544
0.024373391091306203
-150.86550049283986
-6.701076899456306
-212.45725340027536
-299.2457617232207
-186.80674422891616
-39.45627594314915
-5.843614511080862
4.756909710893828
-0.01079648262450317
25.291600460960247
18.257661902671465
-21.470569753580342
-0.2711191949569121
102.49673100635954
124.84337777777775
37.594636683675475
144.405324429319
173.20344129554655
4.460590100181758
68.15736461902804
34.51486758765151
235.59045210721644
256.4639360703095
252.96967870702466
210.0569519692002
275.0353007037952
140.77306982073952
32.797693644009314
63.78635830554825
175.59307630566562
80.72136522498907
44.03982718791076
3.4791697194039206
108.01588524316205
-7.778539979672298
1.5553325493933061
-0.1307390260855902
-22.9332483702537
-9.587235660960909
-0.8425943295019023
0.013305194269528895
-11.122869681535247
-83.2062980492486
-63.37117064035819
-27.123825494054746
-11.624391785299316
10.375054624186664
5.071352215849061
7.745325132635348
29.222211205732908
-0.209185456477064
276.27950510110406
118.34034200339572
291.41539061222295
147.1059704030516
102.84567634559224
-4.391252846405866
29.867867862952256
33.73771556254881
-0.36524097207336265
37.1493188666485
9.408300498183369
50.469497456038546
0.03770446653095329
-57.9979213591113
5.212078302616816
3.371491589083796
-0.01944124535711525
-7.811934496862189
-0.014879049676026709
96.5843562545879
-183.66903006231732
-0.060398217852206046
-4.4981885929248335
72.30906480884614
-35.96265241376256
-94.62605933389324
-28.61011760313606
3.5658537789473037
-3.420883670955738
-14.225961828838972
-14.752598102314316
-39.220471921928585
-212.40364123657622
-15.160852531723483
0.004929701084707147
0.14849340511186218
0.4249855118611706
-0.43308938294010985
2.8410927991575976
-20.51210703845293
0.9935707519600161
-0.5938940472176903
-0.14158854059679815
-0.08753348160711774
0.0498057183032554
-1.477889874388276
4.5994747341653754
-32.79326762751597
99.85945901538416
-19.7615747648112
5.669584205323683
-10.113824461647823
15.26045404691675
-3.1309580899265153
-11.081699048631654
-60.318920663916245
-24.29230087194162
-22.239862051494654
-161.77149405309262
-221.01770590716757
-115.50045710957953
-0.48603600026470506
-0.9050318420542973
3.6135210956483332
-395.0936695827801
-472.3680329474799
-48.98735389874155
-240.46025030559235
2.785947093010934
-104.16771473157553
-0.2756697291201198
95.24772363692246
19.107067924634215
8.134733655097708
6.975211080873628
68.1925451849441
15.526818370669808
-0.46741106206179917
-6.257943510796446
5.082805955059499
170.72908244432568
114.56693359717754
203.9955680659269
155.4193473821018
91.16763828547208
20.524583206901006
32.60008680040475
26.903496864552544
7.453290313943352
5.170656071290706
0.011750065452210837
10.632196261682218
9.895800122793318
-1.8582220842388502
-3.540533161176527
-9.125226600402346
-31.51006335052207
-55.22178163928301
-109.28517717937639
-3.7859516809147475
15.748438171864894
-3.9912211236056963
-1.9126537556210401
-15.558689368694452
-27.826412495870454
-116.66364548531145
-125.35878852079108
-35.8870154962731
94.55536114662956
116.92522118346089
5.199153760652103
-14.416225367509501
24.61429105937755
37.60442906778158
23.12523854660341
54.43633582367056
125.72511402952193
1.5538756829248672
17.017245471324053
22.630004322775488
-20.26814458909508
56.4274022922889
0.5961632716083461
-13.411331596939592
-110.53882802955046
-3.744610231144659
18.589030619544964
31.313306791127925
27.767731036053558
125.9351604787682
-130.80230140839365
63.953805591829564
-0.7290354875202036
-214.19391562437852
-0.11136106637045036
3.121291019045843
-4.959361699562309
24.918368700265273
-1.9085768579443139
-34.12101105811988
-16.12825138750533
2.6484191319649817
-1.1042097224261926
-9.727767932419678
-15.962159660232434
17.705436335248923
-0.9254772549200313
55.96002449845391
69.70251239582545
31.19170713601532
28.62202477991525
19.615910451733015
50.41011821798541
-8.271669167193776
10.865373655538384
-0.30826729570499284
31.7660466697574
29.589364012813547
0.22861053742271348
-26.981298572286647
-96.16332156686178
-32.398180578332244
8.613211682399978
-18.256339491350978
-69.47893193034729
-10.357373062108053
-32.87076022284457
-43.02833391448087
-150.61285898371486
-21.75015090306333
-36.76119735335281
-284.1984088893847
-25.92151051625244
-126.5978369602762
-188.23600738969793
-158.03159668698945
55.41215979496866
5.428116169979877
649.9417116594004
30.28856529145983
55.05823919332984
199.8783590907247
100.68823207182295
42.76226450852833
70.58324366203246
-4.54900503919008
-69.97932345882003
-0.08880708585263068
311.50132598676566
35.23857334794415
6.455326394342076
120.1804437112736
32.62606504578471
4.137225531644381
60.124044044402
-0.9072940097504465
-2.1330156448304582
-40.43589746373863
-76.47467465469173
-21.646568434985276
-7.412904786616272
-18.788357525991067
-178.23282510766504
-91.95230627277408
-202.29545194095522
-139.06276615243613
-61.22456336201593
-15.544055809297381
-254.13188901705547
-335.7832131435174
140.09785838002438
206.37096388499504
347.8420690532696
17.11925062386849
-26.300633158543963
49.48085158060975
72.38819513546737
6.09210321791382
8.202185649638675
-2.048734753873943
1.5547042159640072
150.8638994093548
63.44707933355406
3.015370822110969
1.6249613310450504
55.621169769115866
-5.50503827069256
-0.5287559217301764
-1.9416681354651928
4.800085748630932
14.184550809684858
473.12731405730256
-0.6741971471614259
-36.59730902676067
29.164091817339976
216.36034858962836
73.36731478530115
723.450232095765
8.949920402524036
222.16952551694737
141.58949843110673
30.43258150931959
1.5227203723439005
43.30795219996489
14.39172472059726
72.57867190950986
8.83849891947111
18.061529088476608
4.944330648676477
129.07716859073048
143.8654768327105
125.37976785097473
-14.196052224122838
-191.15049676553164
-552.970047430103
-535.8528065251335
-56.451575354769176
-53.21020240470317
-250.90037996712792
-50.05416475972535
7.4207349641607285
-62.61023486555522
-84.26913024066674
-110.53499911165025
-434.4703631667887
-714.9624155626491
-517.975619832134
-130.60425563460763
-125.8381408467352
-496.345592050101
-197.94956092747907
-1113.7096821888135
-102.4168226236304
-5.663347990125302
-55.62649596665881
-363.1947016527429
-329.68904015370873
-251.256767091923
-232.35132496545552
-180.74690130600106
-343.87565297578453
-699.2629246247536
-234.39864861259343
-332.730963291226
-51.00594176576574
-355.38880622639357
-427.2079342313671
-0.03168866636322192
-34.16168034032211
-7.976569453174097
-23.809812182303787
-14.39899146532036
-24.653553290572006
-45.69142259414226
-67.83093192208932
-351.3903063051402
-69.10260484652667
-29.826630126862916
-48.48616099071207
-77.85292686989843
-42.947198724171415
-138.49010269003236
-32.80047340736411
-293.54704495732295
-73.57666880478942
-42.60679245283018
-57.98819811013362
-54.199999999999996
