53.07
18.08515372021104
315.73200344255247
257.13543181874223
220.15342121566738
273.19602688678305
257.167047393086
350.50401314542125
226.65877471038132
106.83888560030886
149.28051239473368
126.25411983924006
107.7758039408061
39.60836869642279
60.48264815184815
36.813505894413055
232.13541880403204
377.56805138004256
171.5534100791966
84.12265404325309
221.70052626138374
421.85834464978797
184.1301444120367
178.6709609119008
276.61863560439565
317.5545847754033
55.02014431506541
233.34566438712278
34.07716866132853
132.771189152324
84.51112949229872
67.53434617012257
10.176796230110757
13.562977168949779
12.109078872013354
-0.025308752201926084
-0.7156631568290018
-37.82811381981905
-33.12529184121281
-1.7865306226046545
-20.844042999566533
-74.02321145906309
-3.3155591414641097
-64.23431810603543
-0.9134112305770223
0.39140600536358927
-29.444300808766005
-150.14026026518223
-56.588809621760305
-43.498579052701764
-27.775388400402193
-1.775243186126743
-239.73640777517423
-177.02225075919424
-60.76470369816867
-42.24830096188526
-206.62061136707035
-68.40779630901373
-64.87378175475854
-115.73778854198784
-40.205618567685775
-219.4891937698244
-120.08563928152607
-80.41082723483085
-39.06975453986641
-184.03318644774814
-217.51551486446942
-178.7330540537119
-130.48065998985385
-260.52627037016305
-21.69680519602767
47.546824066312716
72.83741234900461
67.13946537571042
143.03173734409398
76.11608546008364
32.77986542907422
83.1227621371655
87.41494359290878
23.881262625402407
179.6209196752607
-35.7250618120237
95.81743492939333
95.2349459150146
194.03030804473804
169.2439833701271
34.23750363266495
11.872234217103937
9.548816783714129
29.244096779144492
12.950225640746126
19.799387768130728
0.06029529375576512
0.06933535977930265
2.0290661259434413
0.032165632439603735
-0.3894605193935652
-3.3792281713203622
8.758862561773746
43.59040248246478
14.085984876637898
-189.41347529288217
1.5276594925922846
-22.01781702248629
0.17747589833479624
-44.2102061463229
-15.347729681978798
-7.077762024212007
-21.187877618069805
11.597317672719726
-5.905941968236215
-10.74337260864057
-24.109088938073082
-125.85801501725919
-72.19229637963593
-41.24598286020353
-57.50057292045439
-94.75906193889526
-28.42445308006554
-30.277946515248658
-98.49421757083873
-9.439344506517676
-10.107186393567378
2.1465319735249433
21.830796476417692
109.03455595550147
349.6645779579801
113.87610229959756
199.38075424212045
133.86737877092497
91.98045673947146
58.40482628389315
88.1915291955585
135.67893043041437
93.90877820800094
0.4972189333117168
3.1764330121077338
61.08573350775552
14.032727054944177
1.0568325278760153
98.43415848676693
9.334528430620034
21.6617991212947
3.923864417881115
0.5676563623292603
1.1575105421050542
14.74739846322719
-2.811949399556938
-17.97442877667215
-29.15045347512983
-83.18643074299274
-18.31641651272308
-107.91235363529091
-74.60833153696922
-47.03898874866542
-20.753635640988577
-10.16266767715042
-5.799656243201036
-33.15147327789434
-43.92532400504643
-145.60771627906973
0.10708813296558867
73.59589642767511
9.97353455896339
-2.6977422018448345
-2.5131980072844133e-05
52.698187968082394
20.163916455726806
8.76707872478859
0.3628904543636762
0.6852202710220539
1.1346860798332707
-0.1306533045053504
-0.0054846394984320555
5.028343105320303
4.432307935504258
0.4173437180348941
0.08991570124521428
-3.0174437621730776
-3.3198353701646144
6.675374152432971
-4.3568501498992465
-0.26984496124031043
0.1854445365218418
-0.20342925420691116
-2.079145250333135
-8.89421720321666
-24.183851688522697
-25.99370553804591
9.976523316853209
112.09208720743831
15.007166964866652
0.07728891441700379
207.9638863327868
0.7279331126302936
-0.0003315200252286163
-16.737722086552758
18.800089278597028
-36.80793950934376
13.179213810389538
-19.399953694633897
0.13190803804429882
67.53598803514681
155.76124206069164
156.00490016691654
114.16235211181271
-12.189474069912297
175.90237061113118
57.11077893927207
43.12176898737181
90.47002651980586
174.80069800569814
4.3480149807786574
13.881483154750372
83.74071074845864
0.965535196156183
0.20798187201093496
0.9070836770596234
15.544239049740177
4.545633037024247
2.6486848635235694
-5.461719915281407
10.478189895950507
174.2607741726501
45.75893031426891
199.72728082797929
0.0036164990625534715
46.1034250415
45.33012082648163
-2.5692320901765635
2.7979558216404827
13.434134508134477
3.00979179638855
-24.86829876181609
79.4761460816863
0.5757908265012108
-0.17138445734564298
-1.026067435550674
17.879501918781155
-3.1901983002832877
-18.712622109123572
-52.57655869038537
-63.723146904433854
-138.09559388350246
-42.412828018955835
27.949609363417196
-60.49551676364646
11.336215640181761
-4.298676701264845
-21.30014931625719
-131.4216402242493
-90.34062020816376
-133.75506572271735
-135.43512848068187
-12.514265051012853
-146.9758589172276
-461.2216543457055
-101.56202807148254
-119.6790365630426
-570.4767971647959
-45.67045574242467
-91.96621495817396
-72.45086527469739
7.72811962813539
61.91671253061461
0.00031260781018726543
-0.5723696773882402
32.55784141057932
150.78647958830777
68.01169274204875
59.92330251722141
106.82075262375469
58.74784210766636
20.966639650070725
2.0847577225526193
31.604824020823287
1.5067973389713996
-0.36865483289419076
2.819000501344515
24.266171800656487
1.8904635393765385
23.1037023832844
-2.4901122549273182
-1.2603305297329106
7.5084589520874445
-0.180259785698667
3.048991678186599
-4.7803681287464626
-1.3456958990536263
-15.239412495291635
-6.374437652593878
18.031007215041967
24.936761217601326
-13.148666666666676
-2.1860078791858037
-0.7684826549670054
-19.07599266527899
-0.15277800891530416
-5.463026992646524
-0.33670538091533964
-77.86407268245162
4.684722426277696
-15.576215139442201
-8.94903057763789
-5.105180313686578
-53.18762220183261
-13.863273667081469
-104.00332410005089
83.50122781232338
-604.0092849872776
-76.43372382040356
-121.07175511742402
-169.37396000886378
-205.08559615411758
-194.75420493856626
-114.52441273951322
-31.724398305590334
-13.808769780500308
-43.76803481312406
-113.4902940996637
4.099210698907868
25.31493285410877
0.06860353398998383
-67.00438488153794
-12.274575835475593
-0.7695463565127861
-54.633177494434285
-93.13938195302843
-63.416024974156116
-87.17734271394329
-0.899855007897623
-34.93387063674542
-0.5565585192860939
-1.3345426297840142
156.81995615237054
241.78373116475802
233.02889596313508
203.7455024058475
182.0420942787033
145.65285265999174
92.38626044286539
42.78514806378133
110.82793281653744
40.86619864198202
18.012750952880314
0.5061416826566193
17.193405321054954
1.128402369966441
9.542826740070778
0.45060624832809704
-1.6326624203821667
-0.11028398791540686
0.00015189002673881495
39.39022579846491
44.27036334647981
8.30936287221675
3.2950984210683734
150.43342561256867
8.106216499142171
-29.423760737097098
1.194702869462677
-19.13529757819394
-9.117433561741322
-14.717207678883067
-4.823631463750923
8.034651415880067
18.369838319922273
16.009214942814534
51.053008559668484
9.900314806446774
0.0009474959839925812
2.1284505068820554
29.286037511744574
-0.7923134494257156
-10.282875919069262
-0.07838147051764191
-45.98609551374817
-0.01103861480210417
-2.4269245688610313
-3.3579841634429215
-45.23898107820713
-55.09169688314096
-9.069236406868425
-10.292373540423737
-32.41406547839287
-84.85791837868493
-120.61563096456231
-34.94986321622684
-79.69973762814175
-8.111954121592241
-6.980349923363862
-7.205587337082573
4.2187534488467
-13.739815746317017
39.224830582102555
2.3257221341942236
-2.547381774791187
-3.907034194447416
-1.3877300189884392
-0.5164164751936032
-24.649931565728917
-17.619592123769326
-51.71984442902532
-22.59548453960724
-3.6161545354973628
-30.28267283431456
-147.7225020736352
-108.17295448198828
-10.649408206524537
-19.30756164841594
-16.963418934804242
-48.78795109925366
-69.0293381290127
-48.87184142859684
-13.81114782669319
-89.78882076479387
-22.7490161480898
1.3474676705270239
21.77352107089737
22.81649463070745
0.15344015148756257
0.34768100881312414
-3.93099034978039
-8.352172753932287
82.89520141828463
298.60705984862943
150.8729127382147
291.6000104162649
250.44591274122018
178.3443903447867
161.85410606975097
173.95212964765426
26.95908027591722
50.4787719467373
48.42926916697868
173.07288384970343
442.5580793168331
50.28588434311879
28.539421281151526
122.18326930966325
20.755562990893814
0.1394329762215838
56.16184079853435
77.34300821760499
212.8968502763675
81.59454347148655
52.216981641331216
42.332646001424806
29.648267894002785
11.671602757207685
77.22153659015908
5.40656345676703
0.006403790029183979
-32.370526315789476
-43.08951489746739
-13.355852608780175
-28.438410187667568
7.2295693773840695
-4.093355824893779
-0.035486048899861865
-0.08928775514868911
-9.818381787279703
-0.5193501463913407
-5.203684874479638
0.11192067683495899
1.050773840324495
-21.341160458946355
-23.741330970565183
-12.139471437736464
2.943681592039791
290.11045218222966
125.31409801336656
61.158057714240165
35.593150213132304
4.679580229913814
-1.1712996919466274
-46.501866925064746
-34.62777609489668
39.06657922482166
9.66917237554152
112.5992157891104
-2.1214289045648016
-5.636863898946178
54.19091929801461
32.22083697328408
9.269344034984796
0.011495751619830023
-0.6504960039548572
38.12540393964088
-4.7404115270097815
-0.293910645750273
-3.4881724508420713
-5.609811238296949
-0.95810543373328
-20.5129956609529
-6.570784144335694
-3.1231059539232886
-15.701124617307663
-56.2589713325367
-33.76962356776461
-136.8983909171701
-148.0675533854809
-246.71729314064
-263.77164582528883
-211.4811156250579
-353.961006762142
-589.924506757505
-467.6587217877926
-223.92065465190734
-67.43128167004878
-11.217523231556974
-52.41484324908899
-46.72999270862146
6.564240150846502
-76.33613954218683
-89.01369863013697
-440.9760308285164
-322.10871821672833
-20.804723185192877
-18.711447544816817
-7.983460276003257
236.57925373134324
295.4353023076088
110.19482471240818
45.993899982735854
24.909744226367987
3.4139232457800586
68.9268909887071
83.1487151813348
30.82914271620323
24.811230434895105
-0.19716214044673047
35.11758606300856
135.1250969587237
79.10046113306984
43.78354405849501
84.53251333857614
6.395453948807676
0.5508957159243977
16.91383327036899
32.41198424293731
30.584883583150663
15.480094410560623
-0.38573487798388323
3.1573842918172916
-13.670585879932158
-10.292100485983138
-0.5576057419816122
-38.648877607085616
-36.728148205243706
-17.557694152252434
-7.479390050829101
5.601293581507682
0.4120033137520621
-2.2318460779477234
-5.812695810078218
-36.3010842474827
-37.93284305434481
-31.09451523703644
-0.0312179259461679
-0.6069856166310792
29.17015795807837
0.9531632616032285
-6.082571893283939
0.10021825789488736
-29.14343497524108
-82.19837683745104
-151.1420186130207
-94.24164816753924
-157.486753768694
-89.79178097345141
-4.994726969901262
67.94851930290113
45.41278739702268
13.705711587166128
59.27582770174336
3.3022361460570733
-0.29984502501989324
-10.049050888576113
-0.008248030746985461
0.7578776693286011
1.924187014768189
64.86470593649332
66.81543212157601
11.003859124096136
14.462180943348185
-0.4054162026052012
0.33606796393191163
2.769187208983851
-11.880180953211221
-0.013817814786778031
-19.467007919274522
39.02383028120923
72.2640843734398
20.154184646261907
1.4897075966106672
7.704035686649365
-19.52695103866096
32.52995471569949
-86.02936642911422
-4.9044734713442635
-8.6535893601821
-218.93149436326857
-69.74626771891712
-135.94298820312892
-104.9467509025271
-63.96920494164023
-68.40800831058789
-34.28655603435976
-191.9377192059581
-5.596609758705507
42.05623060522583
9.60867981374966
177.6124998749813
102.16115914076997
218.78408948275066
14.833098547392607
234.8718890669638
123.75686049561406
96.21393127553091
53.367746977907416
212.4370547731945
103.93203327134138
93.02530819332523
15.231821551023677
83.76219126978211
31.22909040371726
2.0043085142507957
14.298685503217706
-0.5355702871191533
3.3777471143141704
0.5274725274725249
12.31284312638579
-0.41362287887964305
-38.5802477876105
14.289345249927386
5.9023309020634676
-0.23000853186322892
-38.99666591518033
-48.62516272574499
-61.45252020696681
-107.29449659606655
-98.02723846626161
-74.42648033281951
-84.79143127762575
-5.471101603472869e-05
-7.769957111032458
-13.517950418160094
-23.235772485731133
-168.86659729458626
-154.5866438551468
-108.83403111273151
-161.04059514082996
-33.756989618107745
-83.71670055320796
-275.33428458906934
-112.98912030709286
-305.6296911978411
-81.8089787823458
38.86978428632196
0.1590824028444877
97.44893243882743
37.07676213930089
10.887283680175237
15.213727443412933
97.47173654644632
7.824543058441874
50.21123196448388
17.047887615450257
-0.05989350762129042
123.1237189557878
42.54641155970187
13.060095819359695
477.11613012033786
239.27535000000006
179.58353673936034
657.9490748000807
216.05923815002308
0.16097405359421688
159.18982897731178
743.2265152759304
109.30388606105282
51.39452370519674
453.05118926041837
417.2018662370093
-2.7132680403309672
0.04689536650318576
0.6018359812776113
635.3083025438111
394.840153935953
570.21737312225
94.80955462141691
47.555924686692464
359.01662748468874
209.14595861216148
78.119083377805
133.27800039678434
-0.003506575835940856
111.03549997595752
12.018395882488402
-68.64322280756116
179.0575700266789
38.18571540995716
0.9441734284497989
141.03303847948058
11.310637788429444
106.63126813273294
20.130083440813394
10.885939929704929
-31.8969711280729
0.23732624156771448
7.5620166232362305
-20.306662031331832
29.041423585686054
-2.079776747659892
-51.61407306010709
1.164440772647172
-5.886177826224438
-7.067413612937611
-127.77947429598308
-5.5981665346525205
-96.48226966167746
-131.5562762129887
-64.08400604505356
-395.6610007437214
0.29954906981376395
-435.47668692471126
-7.686217370153617
-116.68822831687413
0.08340671090285785
8.368288267644324
-3.9300871516984177
3.439679649381959
-146.97541722449955
-337.1878498510064
-228.1223103403118
2.1546909910013063
-130.7481157642441
-4.295495008498127
-106.28905208794882
3.603077693087772
0.48764082124711733
-178.91684695993592
-34.59887023902666
-7.8683449680210895
-113.29588294676117
-129.58924916540195
1.8692984269321367
-0.38423039195925995
-2.291412786108921
1.3397716095129102
0.030153636132255454
-1.0259518703836108
-0.9241011840688913
-4.475217034470209
1.7454518555048772
-0.1954703276366062
-1.750159887475967
50.3850834662069
-8.195996178234976
-5.727675166274832
40.417448020447594
-26.893172223840633
-2.261719254422887
20.605494061258028
-0.14128769247220216
0.10401720714759081
199.8532252593124
64.94306278937937
-0.1263505584795519
45.6201077396658
-0.23347974000029353
-34.93828175928539
239.5743599376084
17.5676000275503
-41.81056983240224
66.1260207106096
25.643358921255246
-63.509805976190364
-21.62624280627779
-15.831852066791479
-99.9412046374589
0.5179514532251579
-5.972316939000024
-78.62084026866368
-0.018781210558089474
0.5904243972891934
0.06879724496519948
-3.2651290815651235
-184.344871525957
-164.9492696478659
-235.38058734781572
-156.297726721485
-273.66622401965844
-493.56758024883436
-240.9182953997207
-110.45458682091177
-661.8684877145331
-205.6592081074886
-229.96183032123935
-521.5404730187323
-95.16738298839172
-51.05754046326172
-70.77768893731727
-28.47783332585376
40.66373408021982
79.95691705326878
78.16804989484376
99.45447495961227
26.844362996027684
15.544088964927285
-1.4155016642891118
27.71693770931015
42.58900132970811
200.1087744756104
80.15211631663986
92.26192369766451
45.82965545099739
81.44894600197992
53.15957503156827
5.746471622839001
22.077247673727918
1.1197410560503924
0.0005868116047861184
1.3135611485619827
-6.021163987416352
41.129285704477724
51.92641449638354
100.43214234883752
537.4389704225446
-401.55868231878867
113.50523180452981
27.14898961975981
8.31182417687824
20.95122572700576
0.5705392725806746
-2.8952589195243092
-3.048188592331673
-6.2432483937710925
-0.07329284984481377
6.084523540489634
-0.6136493230086373
-45.633101826100805
-114.71803562613134
-0.29092500810042315
15.969845571602578
-0.6966897952103535
-68.94264013405959
-76.58236084048659
-24.009279687468556
-3.885216947905156
-20.220694637054237
-0.8377163180101289
22.001969838982745
12.670216479849412
0.661665993741801
0.424495002146311
-2.7617298760582623
-13.22413087806252
0.7010782588290542
-7.929260650965865
-32.98841930463522
-4.974381000826604
-66.49328576303786
-8.669638924334816
-16.129761910369016
-151.69772547037365
-15.06668679304159
-68.57040314127687
-151.31362269653988
-12.496093028167156
-64.80529404136678
-42.941664555294906
-2.323764284318205
-20.650899229789083
-2.7494584661617507
543.5101757064376
281.54832507638923
115.90426642875595
24.560898394133744
93.10802600819525
67.83038636363649
59.22136631115723
107.68155547805688
9.69793704135517
30.031833170381766
3.748391339214116
41.647993472584815
25.801897579471408
14.349549591671355
9.498092103934923
47.26288856987662
-0.3346228562095095
-43.04160942279302
-0.5845531034482692
-0.0697271878120278
-21.178628664736866
-0.1827272891343391
-83.13441463894543
-10.37844017701272
-31.042567388149607
-138.44588582342158
-263.70477896430003
-115.94717845954106
-172.54708508732642
-412.9655668297013
-138.15095786602
-76.42537468970426
-308.67347702558084
-57.81896777646945
-89.04953199237531
-41.50476289794622
-0.38780829333429406
8.046293051193032
128.19574705832568
-0.18593771342712875
0.14176630629340392
84.40597185270875
-82.80000309298282
-19.82839956434264
-18.356856784706995
-1.998899819349307
48.28941879846364
-62.46860823215867
-54.39523209456628
-129.75134295850853
-173.12466752803283
-175.2677067855374
-308.34955398609463
-67.4124247199625
-29.446279537817432
199.70343932472093
228.59737780122828
109.32206014262394
103.70304709184234
122.2936344930518
19.182107484524455
25.025931959750842
27.12913492964298
7.481472729524773
44.46295134601138
152.60122329467114
166.95074237457138
108.43108794173888
5.509100176023958
-0.479338651943624
27.746968323670473
48.096440426624035
138.26660835136508
47.50437802370225
6.545920508614732
-6.277214256226761
-14.820414736450106
0.9914227297661191
1.9146406660823971
0.2282781166138066
-0.01268223536874168
-16.830185198958713
-4.685225680299796
-51.96062518796539
-22.68503074774962
-51.29943926822111
-40.727074056208544
3.5597793856007582
19.788079687820865
0.3690076896556918
-79.73856440730981
-79.7728774039299
1.5921530673019535
2.527918174303092
242.12088501212838
56.94366081929264
234.84501530070585
168.88205127943823
76.88824206847111
54.030686105975576
75.11479702108723
38.92329662580827
1.6967841992920973
12.758865657634878
-19.05211172389252
-6.523416494716454
-0.6052155268682703
-6.270448674371142
-16.614259248367972
-38.129285052859075
24.05925607346275
-2.6187199849290703
21.332716774439017
79.21626808505921
42.100884614861044
18.345294908885176
5.693702044688019
1.4434889191367906
-0.0066479846198958855
-3.9740832663750534
-2.5738934485241116
-28.037705030776088
-10.180306086149548
-17.28901077093211
-2.1083442214597996
-23.133900093527465
79.50366751062188
2.0672677725470456
-7.886472466081399
-41.90606771882277
-142.91093107428625
-1.937546295010968
-11.953149675381638
5.7799078863780915
0.3520833333333307
0.012829573759806263
2.786749154352859
-64.92636047058821
-111.69801303192547
-30.4980451428191
64.9064645844266
42.45700809621041
41.76702034991271
4.6305704473292035
2.6406816584680275
23.830669485553106
13.892261456916328
-1.6227555832758809
-9.162453087683383
-6.024945115097021
-82.63091069335452
-3.371062845052741
-33.81893581320904
-20.444965326641697
-79.45994215995506
-44.375767766321225
-20.953036570819428
-36.361027786242666
-85.32462693424777
-14.633680315428748
-75.2405372172541
-134.39766211630774
-90.44898383371823
-209.54184454681106
-216.695639694815
-80.55643662344545
-28.998641815234958
-55.0626291477404
-354.85151365580805
-186.66989658922742
-392.1193435351816
-188.61058685404564
18.783723032138397
104.46591521554232
232.77091784041065
127.1527978543196
287.8355294673811
123.01064237587485
38.84156532252332
9.273044670114004
13.980487823854354
0.3416973200210194
6.975421420449429
16.037669086268664
14.588024545320145
324.4728379838621
440.17872526704537
442.0318376912521
269.88324419008353
140.503482995993
139.72436754267102
25.156791229742566
66.95926414525609
-2.7675559534467347
-2.476688438021131
4.2496901443764425
-1.8116953113588767
8.90532802756676
-77.3619206401864
-52.73572296175982
-7.679055104265576
-207.92633869373415
-127.6497573463722
-121.68402782507172
-193.70364722112427
-228.10971707563695
-169.2840917398476
-213.52688551259752
-689.4023758738624
-119.06992632568296
-190.4899489695227
-5.597189153656536
11.912092423176183
85.35074133790155
38.28385616518976
54.67492527348364
34.453876267712886
45.32089364273166
101.9797262342554
60.58149947831272
46.7208334667734
113.75339149638874
242.257460815942
42.05549914784057
30.641560363975053
27.449023328044287
15.697174462601023
1.0748878630663012
0.015582626060909238
2.434280252213579
-1.6951109540080898
-0.7149706678700444
-11.557421302732855
-30.331996303142326
-51.091028076314245
-67.10475691432136
-11.752751169246928
-52.8748779547566
-80.18068492191333
-12.357114934504974
0.38474778973908225
0.9762514853096775
-5.182660705782759
-24.750620917893855
-1.9940397744567946
30.265474816131164
51.20720835814434
105.05019511002448
15.718325822581626
3.1363344471887213
-3.656079087581098
1.1278570336661078
3.3258229081830155
-9.734090004276128
-27.047172885078886
-48.20851536192842
-55.42460190910075
-5.861976485816015
295.82554139374514
191.5508738404452
174.635036263176
58.30363907000154
39.77110007795625
15.589169451691482
37.10297268436857
40.59697139284673
31.86615436529847
25.5064721168071
51.56532203157486
61.9967480078651
28.92860680259587
32.64638870128323
14.868349757609455
19.513219700824276
-2.5636255002536585
-21.428915626409967
42.99747436683904
1.7780941067690696
-4.881421658072197
-20.11908091197801
-26.837251030592363
-30.397927729568654
-86.46671829238028
-126.67658306066623
-192.14439577847088
-2.4481861602320096
-29.84550010989134
-29.523310994811357
-1.950331367474214
-7.765048112935746
-24.16505049923749
-0.425418738810419
-24.221209746192905
-18.565174825174832
-35.11151816478969
-84.81398978277382
-21.69621764841407
-5.462789374382304
11.120273452393672
-2.186114876647109
-4.15883586591999
93.75879412542596
31.439143538225807
12.379315609570853
-0.4792309564864629
13.313035656376936
-1.7541901497202197
-15.779352201810672
-173.52765241128293
-257.9505154435319
-30.475683842794748
-84.52978970646532
-173.5421121905359
-189.95635855552885
-126.64284315739027
-48.126601197604806
7.61792561140499
-50.066938805459095
-50.4794990141603
-114.59309082723323
44.25616182294753
56.717077571493334
83.88396123994093
124.85643921288019
13.374217230158889
22.932762028807808
4.366680843766055
69.9858830536742
43.883518796768726
45.35048948879063
79.68747310750322
134.28425112779829
375.5430949638783
234.98958009552206
130.4541171482452
74.3649002045534
102.96862305643319
35.31604631861209
37.26952946699875
-1.3157199549184901
-11.395445401308976
-35.47419156531922
-150.66052353629317
-15.881604577853022
-10.194241106719389
0.02618581678156177
-5.72016314949457
-9.188476283207798
71.8006908140404
222.65837939363894
4.6576986005954035
-0.4623403512318874
194.06808550333432
192.34594193511077
272.04000762665686
212.1889866700822
58.90472864691819
474.81179273472776
106.50870600488429
37.23470742955041
-1.0469307540437107
-115.91826906677336
-15.48733370211589
-9.096292770364466
-3.8736990071558126
-34.22883983297377
-18.884056313356865
106.16603450571486
23.686427036225844
49.586257789417566
3.8826889829381366
2.6441313521453087
68.377240243188
41.23539398513853
-4.453494459464582
-48.60972684876742
0.1201907981983496
-0.090116933737548
-27.5993855200963
3.4920587378358023
31.025493046952917
96.88108505522106
28.74863264759103
2.062223324614431
-2.335796236851191
-60.207014571467525
-65.21316862411005
-29.034564222564807
-58.15540236251406
-95.10910357668152
-140.7647270986887
-53.85681642487824
-345.49248495478844
-457.5051090357349
-457.96672228206324
-304.0614052369525
-304.3428591371255
-673.4400717255876
-503.4252619739521
-137.27251938299509
62.11167771545127
20.556785659646085
66.2443891704666
16.78882392451623
2.923031277066692
92.82966485822513
1.9552766142770908
72.12297561074774
3.887770108043206
-1.0952584961971668
-7.710504762482599
-0.9478510139883674
-32.91012416427893
-44.18172856200884
-239.64903553242934
-193.26520613292
-282.3753196880125
-117.36921143014146
-26.367824605851016
-0.13346271534560247
10.72964882366811
0.37218902190574105
-6.820967935800886
-2.017002092291472
-1.0383546260214684
-21.568767585089127
-2.338121546961327
95.17804678778856
10.03633029125366
-0.12861689344981103
-1.7544007045505172
-42.0081811542541
-15.723804052946855
-10.663503848279941
-6.161783871365423
-2.82632123612746
-31.911251490087494
0.060938585088766296
55.66316849849474
39.832309536784734
170.14971622415032
147.27892288258306
230.19042458624918
128.45436444140677
44.996454218901
59.6041208840292
17.16624836442202
82.32635340790837
19.637720152448722
88.66782591371751
32.74410459001006
-1.725537375803241
1.5341557958500494
1.1892530921896411
0.57518774821456
-1.41070432759423
-15.952538931429077
-15.324422353573347
-66.49076748161798
-45.074296062992154
-227.08447247792836
-241.63997475243366
-94.31879508825794
39.51116331872678
40.179894478237046
0.3345447383571196
-14.736086510288208
0.12467212245207535
0.1721449294583795
-6.367756645279551
0.014214576962284623
-0.023236355708436036
-26.84628222569325
-72.44063129567817
-69.72513125309564
-132.4530199764982
-52.24256064616479
12.523984265649876
35.47736791922768
8.43670426447175
4.8759043260003025
-13.955221805034078
18.437205942846077
44.07914487130123
55.26865566102629
4.956070254497087
3.6043932332124995
0.07336611836527035
0.033050721725960706
60.84283010214721
77.80613311694104
123.39886390381974
110.85598020861192
228.72093479425956
42.522472171225424
66.10098775407154
28.614800357776847
-0.03058080884351532
-9.104274673579114
-49.27453556263272
-69.99405102698493
-121.5884851382981
-0.461798857928615
23.616526618286297
5.391346325396292
2.3914767567185566
12.925320703339008
-29.60656286347576
-4.787259450002941
-124.23435552930741
-14.24592198860799
-7.824733608524527
2.825740402193787
-5.9775468622656796
-11.767849772512653
-7.790602261048313
-8.03192506819574
0.06517000058319541
-0.0058696616658727215
-1.641535172678576
-17.21100852536508
-56.68363246718454
-21.336560598117195
-18.242615679290314
-63.15937094168698
-51.684786018810826
0.036443516177495
-39.61559796995091
-34.82128782049307
362.16818128547095
96.14286662390535
233.19595321476794
88.44167089987897
511.6455774282865
75.49475918997555
167.51474572338566
10.12321410814639
13.868284006105796
0.6623956578904445
-8.064054011245732
-34.57545956366759
-0.09924083045989467
-53.85328938476087
-292.7819455390744
-283.16751009366936
-425.6498899737836
-310.22434101281124
-691.3257496328723
-259.5593520835131
-30.043581908439023
-7.978909211593773
-33.16437607000192
-54.48954903749448
-15.739646539027952
16.607134861854746
151.57520776279367
94.68002761799937
146.16377304941545
141.0018525094115
98.89795450082332
245.63230729153088
82.6783773584905
108.15945092400275
1.1666066144021612
0.03325755005090059
178.16955077094036
40.20691971441061
135.22614525963806
48.951203685551874
21.91134349599061
68.74488321148618
223.29170136431304
98.69352563488263
127.22744274765437
10.770216219698163
3.5150677364407823
10.751288844053581
58.37574338085538
-7.499616464760541
5.172234636871515
51.09137695896645
10.943311349023507
15.382048147951249
17.443984940057447
-0.3747425098384163
-3.065195471053193
-22.755768287122457
-74.39696283293378
-11.058552478681353
-132.48775288387085
-13.068772184039466
-2.7912353495300795
2.3559939821779774
-4.341521563789913
-32.658140847574415
-73.65454183610728
-25.301231414583434
-30.84850259635948
21.673336500610855
11.10134932110152
-41.564315825452844
-3.869482358013746
-0.2530975400979516
-19.09165366614663
-14.409094351530488
-12.644257187459349
-44.77842860424434
-18.451500551500818
-39.47550453312016
-82.73373691370438
-116.86557155784398
11.376175075196088
42.656049338505845
41.899961142118926
112.50907479455864
13.294366388186704
31.21110799676815
192.45045697984244
62.40005223295894
57.12782337557829
52.36961561454614
9.353063849333926
102.05659004343458
14.21677720554371
-3.920593984785321
-1.6604384255392528
3.906745651778685
-0.048344490909417205
-11.341244492552548
3.437518863656937
0.9531698194634288
-3.598596869493095
-32.965086402377025
102.42431328550998
92.09455122148725
27.933019135364972
58.93946110083764
21.388384307628186
9.750008259343375
86.48788492706659
1.688568250358425
-0.2010411622276033
-12.72693460470872
8.143746987325068
-34.170994523935725
-48.05685587872132
-90.10455564189611
-29.399801466678724
-99.3169714357512
-7.918633372701196
-29.39070345793612
9.02185195011942
-5.113296107373454
-21.74905368953187
-200.71436094532427
-248.47878791466843
-8.065629084751151
-164.63970513571553
-46.33452565829066
-56.574781644434275
-294.2754109606316
-358.8875885746835
-100.23489733610222
-213.75716656892297
-98.32186457619898
-122.38043846922041
-137.90718309401075
-36.52548223793315
-44.58695501218883
-113.0503198559691
-109.37895497382205
-13.982269678437588
67.38902230269112
161.88248404391115
243.80697647946243
509.6248439630968
124.10574523374594
57.32905091015284
13.121586857742068
123.01603408475594
382.27096262938153
185.5640148586485
204.4178297127047
182.40387756322107
97.75591348940921
12.525986147225986
441.9550433944071
530.5183370412799
284.1164033690616
112.07825187758317
201.5553411315313
95.43850402229975
31.606404961517296
0.06280426252670013
-23.49192245275929
13.733619694650834
-3.3946799912625583
10.033363367812807
-28.191423822044904
0.763684052550162
3.299688120215498
-1.6811215232406331
-39.08713500534093
-26.76952043689741
-22.20243634962501
-134.2048935593483
-40.484876391527884
-66.49255402982068
-239.9566450155324
-219.83179146594603
-219.07114437550416
-242.62407285899786
-616.1339246505814
-447.58912444239354
20.42742489549268
-2.5836248705557474
-123.55730437312128
239.48128758868913
154.08815066844076
132.5802634628573
89.7193914238407
49.856623669238964
9.639243483988327
2.0044327735586673
1.4113203856035041
-17.855993873008153
-1.935720533811823
24.529369910818154
15.42090181724327
9.269735629052498
0.8467437088238541
15.407270024680273
-7.727353496756389
-21.440782776536505
-31.648751887125186
-52.904088000254724
-72.67054477029046
90.76918369936448
95.77747842896402
67.11677319232096
180.70658356174675
102.51366442109936
43.1871698310642
51.68074024977327
48.4589887454485
15.75138832627512
7.094550553717799
-3.249608031963951
-0.0006006679435231061
-0.03177817939693808
23.030716538937014
1.1844167452808245
55.829151887111585
16.523730232253047
30.71555278396433
42.44903074527745
31.15666228134716
0.0007142535099508384
3.161825910182953
19.339962167575365
17.17694422609999
0.42715635487480313
-4.634562658515995
-6.387362805631034
-5.969271282633388
-27.222089667200777
53.8311280214861
0.7829261245347313
-2.3038798948544206
-68.21221730807306
-18.332217800951355
-19.063072689314893
0.01816119273984513
-1.5298668754894391
-21.35647892195722
-96.0114904132491
-117.11662539708404
-25.03924999187604
-57.35248372536618
-22.53844616127475
-64.18861372731132
-34.76569018258944
-97.8661590775333
-80.4170691797846
-205.65357103986747
-119.62647057438514
24.216681373659355
17.448670326021055
4.000168128488437
-28.456178594367344
-39.95309158420727
235.9360984964467
79.25830627231687
112.78965663810213
97.47636042327824
11.461023944464017
22.529753430396976
1.0938742171708824
91.56821683255879
25.01949726526025
-4.345531593458492
5.663880371573152
-7.640276130129369
-14.400739593539546
26.724081899916953
4.68969832560947
4.9466157937806985
11.424642152402766
-0.12834252594185747
-3.4690181260299022
3.156444161495057
8.712015513256457
-30.428665772976416
0.8201365072715844
8.21569537073362
-14.029352146125099
-11.588321920539602
-160.5362568242727
-31.453512638014416
-50.14829588348056
-0.5218415850903617
-81.32603695947287
3.506197369712425
-53.750063023886
-5.89717486077961
-91.63102473132189
-24.51746629343328
-5.265997347480109
-18.94369919526655
-66.06561184683292
-33.42931346268091
-96.57078928009923
-108.7670570149658
-70.10310496442557
-127.57544844976798
-199.7150211689255
-189.0212767700411
-218.1213897095713
-102.0006324013158
-1.9324714697006682
-24.378427120283746
-108.94598502294015
-156.64878143670973
-52.839224757913854
-0.06822211088200565
41.266100350424466
36.663038891692636
32.8084615384616
109.26077150666403
395.1412100756099
186.97610975274057
177.191395515005
45.924552069647575
88.77411120270158
8.198598772321422
46.294080163241475
12.921400458203626
277.33912614999855
223.44047737816126
138.05704651270864
98.57525564989692
452.9360246702578
381.7995914136116
28.81870757852363
38.62372062722649
0.4257994795939921
-0.4387269387338564
0.46826366679409454
-16.738194603872778
-70.33006536425049
-76.2855404851444
-63.94832282729497
32.795542045228814
-0.05733375012339207
-911.490736808948
-17.42477721682849
71.6344616455222
400.48530811322064
894.0941848426921
341.70696173256255
678.8067323135663
87.41504137581957
98.25993654916515
308.02633406474945
175.57951785881997
160.69871508643047
60.89747793248316
47.92756155132697
8.732240215524897
16.439457359166518
283.50639488895666
-8.905972921587292
5.251214429725425
2.6585242990000566
131.60790571760634
-8.731869173856156
775.6726683932752
244.76551270442872
16.632812129014575
126.1533026309219
419.1900041657816
12.009493654130985
14.24496128326048
94.1452032101368
-3.7726595363761715e-07
-11.726199365393347
-66.57861159794327
1.4136617840363757
-110.70347447526788
-3.9430920055729883
-18.399927615598877
-278.07939397274276
-210.39689582205614
-49.11527655401871
-583.1896763600719
-193.20692272099706
-366.91296967751384
-130.91385592928646
-34.031869812692804
-588.5576643311297
-303.3496716501858
-279.07457469590264
-270.00022698911005
-524.0872215830866
-48.2570630562963
-510.9678238831193
-364.5839005792267
-389.24785060733996
-417.2285038394847
-270.7336531955302
-977.0504938302183
-40.70142383042521
-82.60946234090348
-258.1499605341186
-136.77026878387838
-68.90771547806497
-400.6472472588684
-385.6234989200864
-179.68328302032467
-0.4316872302614909
8.631316711725265
26.98526014179258
9.447774080482715
-9.519431253451135
249.58407603177048
84.40059945794812
53.51485846648391
54.35909306260574
14.163929969104
13.570513882394811
-1.13074186595505
-3.8838844613114034
-101.10407046925125
6.34154753568542
3.395755810748721
2.221918902710338
-0.09944827464602296
13.49550279137085
-0.5469394124055975
0.36540818932493285
11.798379698806293
84.66760666220526
222.79106510127454
111.32417338348563
45.00142892010294
17.792038140488856
40.99490126847128
85.56726747403506
33.333419479042
1.4467542934710116
5.482739415282584
-19.657318077340808
42.48675253229538
249.23149686131552
12.972574047166638
44.48766069135879
10.481920107044331
22.81612018604651
315.4929908796989
289.8865258271737
102.22776455386895
36.55259380079835
35.061070113172214
41.502948178965724
339.0725951936794
1.3943656303364675
227.9975250000001
103.6698882777319
-0.8802568941719991
-2.960324124290147
-7.852531267500473
-45.19055756565234
6.582569778633307
-17.169329737019616
0.34514474223307745
-3.23089709169745
-5.208269915969389
33.91000774134432
-20.85958639315402
209.01010757604723
72.63327109148283
54.07322733227607
13.739243384085206
19.473863272727247
-0.00417188098582588
-1.024177655339226
-1.2118391347385111
25.47595142799461
-0.32558013785612716
37.63184681306911
-101.94841034036557
2.2787752565833177
-0.44080948689613797
-10.798943937662715
-1.424628764773145
-53.93343990710618
-55.1933535610273
-76.25883567033907
-190.37695177075722
-41.66792863622615
-40.27325559087401
-277.2306180021034
-231.2214050726676
-13.233329201671012
-75.94183831872837
-74.600117038474
-345.48951573849865
-310.3832239444949
-0.1999042898649772
-32.70693877777409
0.7385598403399206
-0.30228082071032203
-6.085111558366856
-3.4540272335550712
-9.001279278590797
-24.37305699481861
-84.39393576012569
-95.60929191955245
-77.37101573694508
-135.13656058522787
-96.00280613325424
-180.68405523548827
1.3617108038434573
-1.2673790152778643
4.089681402861097
0.593195754960456
1.1964560236511383
43.456515119225195
68.13913531235357
10.126218755539771
16.866214265629385
28.842438420742486
42.63324402176395
56.59699850994457
9.1272483905331
25.40719503518062
4.1724179075041885
-3.939960308302954
-0.993471450227384
-37.087805391743906
-124.889015466427
-70.0871345369831
-12.089416058394143
-33.481291581211565
-10.199298967004315
-16.137969348659016
-3.6837162087364557
9.098016001914763
72.78338277210864
53.28724464872776
242.8713383143271
221.4972021681349
72.68280988318
174.27156629973368
220.94100330032995
178.77188729733987
182.54847775620658
140.50719389603708
172.74095984097855
104.34222004166548
4.589323091855299
17.296199991656575
21.828758688665975
0.01587283183378107
-0.5186686655575182
50.085982828052614
2.0505624416069796
-28.10245054111807
-18.59350305165892
109.39972609819115
34.99164215408979
1.2946331038938381
-5.67498060387922
42.32804726093471
20.87857954044471
10.979771863117886
61.5684260468955
39.519675232143214
14.775747542504236
8.549446131903563
8.148507279490893
-1.8937975229065547
3.8755278905925987
-0.38600114416476633
-54.63749641019228
-7.722056920866745
-72.09938502511427
-81.79868366018219
-29.534472300113734
-121.39002094874539
-160.6406406284307
-13.37976595744681
-83.77217431554554
-43.063639651325076
-24.120899051901716
-65.83785382904341
-0.31646920601407114
-106.81411048546653
-253.49762820812725
-121.66826072548668
-110.37364241172911
-71.69041341473768
-316.24472324029705
-74.50431347900394
-221.1235686117405
-164.2101164702013
-10.855359784012213
-43.211512543969306
-13.965798872180434
-31.955679557401204
-9.131249257350245
234.66168207942096
198.5315726317164
186.7529738116507
120.10783248012197
55.64580338629452
-0.8479099143206776
0.7128670557152488
2.3304676749658997
23.5406134187721
-12.81302663164382
0.15297643982302492
9.546779882429783
39.02058513608316
-14.181979445072063
-6.684218438301489
-28.038642836461218
-22.88080127675969
-12.359547576446564
-2.0069603718273883
-39.86089395267311
-9.881991973534367
-20.13915415934857
-0.8664960262842532
5.626467807600441
38.18622679954059
188.24489114528905
185.65049259833637
96.9755614010799
47.52553289848658
106.47029075609993
18.261043312532678
37.46556579621091
-0.0575035902345639
6.179827710689844
-8.91998934000743
-1.6736844103204556
-3.6034351407909675
0.2971030414805189
-0.4985229976534749
-12.469364532019716
-5.61539293439076
-68.32261392800629
-52.12138326557413
-11.513330833270821
-18.997230320699654
-35.37576599395379
-58.95093262895121
-138.34936567051204
-128.5550442611155
-14.76289746998864
13.407234087679472
-29.729574126503785
-2.473472356488535
-12.144501283974492
6.708690314761224
74.31551092809019
24.263927808098014
15.52068038782107
1.5577135996135005
1.7158430992258566
6.011008213432774
125.02171256274771
33.78571323264171
37.064832836191876
106.80082752135402
20.839343895998354
1.0413077616166768
5.196960907617513
0.5102045501368577
-4.084535729403164
-13.261103586045556
1.3419579566791209
-6.145446867137927
-35.78561537880503
-34.88997284510512
-12.413670330909284
-202.314636154447
-12.678622061108204
-249.41619071528692
-85.28883885114368
-166.04543488915164
-42.9098917255983
-83.50556086507491
2.662952138616241
-6.0714773473407995
-113.28169626886934
-7.448997941168189
3.0170938486558896
81.50123208680714
28.562939792747393
30.277591349738994
235.08762333294686
220.5241177714595
248.9693062749526
150.10982204103544
99.76621903431347
40.81730136526414
8.436013814852734
73.2862100352713
78.21320307866677
225.14431085621732
147.02297806128377
78.35724953304455
106.1244979680419
26.477473993064805
116.02369267219493
26.582478846691586
39.07416422462176
7.289253601550597
2.4233713526908085
-1.0939501548021837
3.5309280474738314
10.94502838554871
1.4713971849804997
3.2244562239197494
-9.315647006870764
-6.5047354317356465
-0.6514310371397716
-14.491456560541291
-19.128950414817737
-36.10556834917663
-114.24362177870631
-38.11863325526933
-117.97171860112928
-99.84652611360102
-51.69627074637648
-40.41147760047108
-71.25466468784015
32.61194015423729
87.66313935982191
26.905758984962674
482.2156761630456
122.3804463447267
134.405260340023
92.31845983473892
19.559619288023658
-16.815997678660302
-7.168933363657044
-42.35565671022308
-86.25551083144506
-66.35401363940558
0.05295315072593794
20.95265446188237
138.2309639736317
157.04399984547626
282.8579531882435
394.9268059954185
102.60713783329444
20.0088526535144
74.92718515992641
-38.652794438805266
28.015919021769186
-2.362492433873279
-93.12644509414082
151.70167421251122
88.19741217432122
172.3127138922723
-0.1115117621193802
114.68124003896801
75.73498484700934
12.468895719964078
27.815241715818452
-7.528075384019558
85.486825512507
-49.079000444247015
-17.995465919076146
-194.08637364887602
-35.05029708027126
-61.09658093561252
-138.1910642600878
-43.6860550408219
-316.9590353603617
-114.46535114960528
-259.1435104613888
-88.60051110349315
-487.7633966931059
-243.3105959387874
-438.12823119843875
-496.5934375410868
-428.2353573483
-474.6738964145953
-184.68564702088202
-127.19000342348505
-200.00172704296554
-237.01392011658652
-119.96790717346394
-0.9396195434521487
29.766116067787724
28.409031125208884
0.8657959903243049
-3.08653819023674
-21.988097284290106
-93.00848978714247
-75.61272388413309
-6.964723521001564
23.43292154370945
32.12854325023406
59.31443050784264
20.460824882623154
24.92045935371683
75.58726834776063
85.0333964554126
73.25002963548356
70.86473596194041
93.99472880049572
90.72818292189396
41.547431503855336
42.8840893256523
-6.271426425648736
-6.1073470730103345
1.5362302756153965
-43.75233637430442
0.24544329896906827
-42.434315940838125
-20.00891675077664
-30.406039467645705
-61.70667479236941
-48.4331787402581
-317.52365859023564
-69.51210389787698
-9.293208820811609
45.520842859320204
20.528215155569292
-0.7509439477888384
14.316661937611961
28.849789440000045
-1.7447578724530193
0.230460664837616
-20.117031455646227
-68.40824338553597
-20.604438396111817
-5.7346949224861365
-54.771893084375165
-13.349122486288833
2.4197687079212695
6.185938437225
26.42379208650773
29.475477531769947
7.1606029262255255
33.82580850901892
34.18093666185273
84.39216930094406
275.48416500589536
89.82242297853401
10.167362689022958
321.5622341853698
19.41852902478816
130.53213842613695
84.9606315438002
50.15689194936038
28.213067559851233
154.41660355750926
22.609899067471172
24.423344819822038
2.4374851452594006
17.603713832379455
16.94507434944241
261.7201239810946
49.991789794280315
0.0029987923114256207
185.12331695331693
161.2102449859109
26.49122173902399
32.67180661351359
59.23562688345897
-8.909688478766043
-2.1358290573229883
12.056325850468468
45.97005873055941
0.2649886848620115
-20.809715347513215
22.75675890901853
3.2124198523486065
-9.36002905920814
2.420895428015546
0.008781898103076955
-7.307166351940948
-27.36094212569241
-2.3268463198941656
-3.1046134375581413
-22.71309013403293
-7.001138812361911
-31.0926974954238
-86.25169479375134
-37.14095162977877
1.120342234520031
-26.551022784914906
-89.46605189768218
-100.1618216303542
-50.273345999687685
-144.33457458373877
-178.85941537842575
-64.63306163021866
-16.64675315936925
10.533513536798104
-14.351006209479717
-51.43723985860957
11.375047112249181
2.507125265720169
6.30302880711478
0.07919341662983587
-0.15137342091965333
2.8052218394674866
21.582969919071616
2.270429492540529
0.11267624798026961
12.802576515959611
-18.364145213961578
-35.42773289143678
-34.951702540061746
-36.72721151773784
-7.492610837438434
-4.008668992661577
-43.641818585052086
-61.28828040145308
-49.58023556715977
-87.17694821406155
-229.71517732806728
-62.21176692983436
-95.58995512517706
-72.98475421205075
-212.70252844648934
-91.2463241678727
-111.39983162007535
-135.29461250260186
-236.2120806972766
-209.0184452132261
-152.08446967453935
-252.42255737704926
-208.19259488809888
-185.82231865232396
2464.1806315112544
2203.533199758089
962.5394645716458
1595.5142717502974
1977.449280664555
557.0897280498964
109.74925573236435
373.33982083349696
229.5457262320952
-8.188269650137505
447.60517238947995
58.703939817306946
0.17388759672192672
-1.6479066636751005
-316.4227691564828
-515.5042169414598
-774.7930062291172
-699.8522980107166
-2025.939671240717
-4.449212441660961
-253.24422551950482
-119.35276719470625
135.9008675309044
-0.04771046548335586
-174.2245257996452
4.63131268373997
-397.6319890679267
-0.48857467909308194
-448.4471501130306
-13.07176231732561
-367.3278843374228
-391.1015319678679
-52.74753564947698
-295.90305549314763
-47.47653719883507
-662.2841589203678
-810.9855231058314
-641.7435961629685
-946.5197737172207
-586.2199999999999
