112.50999999999999
92.6208116883117
65.10061068702291
84.71540003456025
52.99115873160924
61.23084762006175
56.72102157031923
32.096164300448976
53.758131473080546
33.28025953833276
43.91469654453623
30.50224858757062
12.770709238419254
28.941831537708133
31.78966877655423
25.053243243243237
13.46251249583472
92.07149704341138
26.44598978288632
20.114854325077168
58.351795330301925
10.813104676722489
-6.264558724151916
5.969270266065038
6.764986493191451
24.250761916998588
6.985207984153589
3.65005674606137
4.314282647792534
3.931835347886229
-0.003471887419376028
3.2870774783076038
12.573652768044843
9.198990260830616
2.553488462607733
2.638651502843219
1.98374574898786
0.013372570121746353
-0.15160517664248976
3.735990876109068
7.452681293397437
6.948465869106268
-0.33467161143677254
-0.009856630824372914
-0.05027203092561962
0.9205508911474434
211.67686980308318
2.3982275931520705
0.6023236822568633
2.3616574239282464
1.074001224686172
0.3360813996773767
1.1163047802374049
0.044023042558195176
0.5177898333256372
0.1950162513542777
49.177274035003556
12.170718063908405
221.96107305189997
291.198691702886
2.70934523222562
20.53378109088245
38.802303950348076
0.024937876916369527
1.0507574857918391
64.99770893869498
61.93543572491426
13.624793105716751
49.51383976797469
107.2595457575234
12.671433797025603
17.86512817124733
0.010465266096416855
18.86834601100272
12.745132773640016
0.6525238712719603
1.4828845276129674
5.274696224209629
9.460744071516485
1.4870174695606122
-2.835587415175811
0.4644380937518293
1.4364018284719127
-7.100193927022176
-7.0765340055169546
-25.733077854926886
-20.76295004147033
-46.41921307892741
-28.655780729595193
-94.74689751584626
-107.704983543228
-49.43666756544207
-45.61556173961683
-206.43457718746035
-6.116833145829107
-1.7828229149240593
33.57503882502729
26.56496126388866
37.20008326841521
61.73645269855735
17.699519510601668
27.841053591311805
-0.28508139331349164
-19.132064973038105
-32.950594587960964
23.716324125230173
44.81881908615743
53.611706047124706
37.66711229946524
149.58431268125494
148.63104393214454
233.96828381484818
57.23772845218762
22.356500694707616
187.49616129743822
111.59906730589029
354.8323390830757
384.1577313960931
244.37147755759287
236.79020297887098
63.05098297310882
149.69553222224624
39.11608743937461
34.13689711154708
11.107552353617635
-6.229481401450862
-18.913949175675377
24.686908263372217
3.6724592466639656
67.398743836488
129.01545437931185
20.547227923920246
-0.037924247057023006
0.010351123115321643
1.852767192058814
97.01070642502981
9.060713192891614
61.31147735865237
49.84695711479242
55.92052391889244
6.788685094001774
24.367684133706312
21.0091157795719
32.07095735961086
65.76010718169793
0.771257816377156
0.5591315092189698
-3.7132446813830984
0.011433899580017273
-5.249160934422321
-21.661593666407214
-73.81581957757412
-115.33176601892767
3.683663347689032
-11.86401409744084
-83.43971918206404
-142.5409046488902
-45.67272688275827
-22.147468166383682
-117.84762753261876
-66.19251413710741
-22.647727088467537
-4.764499802642813
-16.48487208554896
8.1788217585506e-08
-35.6338431132011
-86.4452866232227
-37.12142646106005
2.281119284977654
0.0479819111285864
32.42654645607758
113.72325270855245
7.624903175832689
18.07936715391233
1.4299765245878713
25.567321812714674
4.228497739681817
-0.7015485533730427
-50.49240776883891
-53.594781338326236
-8.141163339230069
6.0987197706044745
-7.735294489682956
-1.6818755030396302
-0.5362745378098794
-0.0013683923096973077
-5.966541701641385
-7.286751257456368
-0.6717397592654176
30.374178632270667
-13.699050391920046
-3.119998784514711
35.42805981706425
58.84811809768789
81.86212887469456
3.84724744040264
3.006362862010222
1.4477055353016393
-5.684536954376754
-50.625423276501145
-11.390013380026891
0.8218699394488654
62.87400377852057
0.1691236080958018
14.227960458309314
0.3873821769027045
16.41384051898907
185.32181530761073
169.93329314579142
72.10071476861495
24.44872602231738
7.317097766878909
51.26506874456639
54.454199626437784
21.16284236569896
-7.6413089664658616
-5.9697713153866925
-52.357728412783025
-119.01296449243463
-13.581627219564007
-8.704910853788515
-72.16521357776757
-77.94189505950231
84.38543626840942
281.72613781460296
155.055455925935
30.150027516394353
40.66948902476414
97.37992150950865
44.18949550446287
15.647194737024634
-22.453868912962548
-0.01555373930948515
-4.11548874453565
-13.580623057720706
-43.30173408154664
-1.1982436282838747
-5.427755151698698
3.023025846066
-1.0069598768132568
-0.05906277153747643
12.803798705140565
-0.23497626244181818
-27.834243877893343
35.720919760398054
15.200014727333015
14.541915183099754
38.53533471091576
11.363568080759501
-5.429212487192071e-05
-64.92486568306188
14.475444068608383
-0.7778569009845123
-6.730938211382082
1.1370917176698503
4.019560001874328
-28.97323885672077
4.589529958334854
1.5752180828402251
2.4004394533413183
-1.3828641052917843
-0.7838671414139358
-2.962199125344293
-16.78493412043939
15.980380151982345
-0.0968921655158063
0.9815627374133236
-0.8420939750771684
0.7922192930594982
2.4594651661929454
-2.9903792886370653
91.74041196156918
-22.504767093921664
0.025361851528616676
-11.110118400806694
87.09045158674738
-1.2072369876208455
7.25480503682075
-1.031699886665186
-4.246177301264636
-10.922619132020031
46.464056543346224
-31.632486323073625
19.12336195210129
-2.110456992855497e-05
0.018629453473780845
-38.402395725734614
-60.51904859438329
-19.976192491282713
-1.1453196747967378
8.85505840882885
1.4054347841718666
11.235474586943162
-0.4946496887613392
-0.9585438104764767
-9.172945556213987
-0.8211896940260549
-11.202240990134138
0.527844943267642
-79.61148112731073
-112.56081680672257
-5.551263835554545
-36.28794986327148
-117.51054149176858
-12.87678344662735
-1.9912749130022174
-9.01308259587017
-19.244704861287325
-8.627846894640333
-103.93963947464816
-23.68832401801457
-73.5909389359538
-50.911693905605695
-34.26807748444429
-256.87010807748436
-101.25466430083722
-135.47955300127725
-283.0189377895714
-403.0620819997441
-334.14847965241637
-145.49203483080578
-39.46536267472607
-254.49515151515146
-155.13795679165617
-268.59940693080034
-227.97442589985926
-104.81550434733197
-522.0723783971982
-109.3543968740903
-245.85669228339827
-190.03727425867015
-314.07064252234414
-7.479064642905541
10.542639397889682
112.17248972401647
427.7159606028646
141.77801154401155
143.86673156178452
55.673853014211254
109.8543272235946
37.69939958110314
41.21149259039714
181.3100270464204
179.76688759140168
88.13106300616299
-28.674314551314165
15.850225592342886
277.9470117466476
108.8038914616656
227.82147819508907
54.49894625377999
19.053371858337737
-4.264869262974947
21.703248147367397
-0.017511782244877143
-15.181327363016923
2.726209279368212
-4.204415418923237
38.90943875550968
-10.391733101224483
-1.8736673158622486
-0.0812327134537103
12.636768438020937
14.627196045435415
16.241890987800097
-1.7612333512221194
0.036666808551390345
-50.27689981177282
-113.1298683255071
-27.423876107115444
-161.58158712828273
-59.96382065387795
-127.778187368093
-283.2769829290931
-204.76019190003342
-117.10246144694094
-223.06544295409375
-16.97633267264763
368.0155450975145
54.344313945718405
74.50952446842862
42.056270279620946
153.0735067522267
113.54406635346541
315.119308903996
233.6268400745189
499.8806459638974
261.70940380039895
186.65136159007903
360.4889764370403
188.4073247491213
78.2878019574776
161.203334435968
80.98179901160584
4.183196433514484
22.220621242485052
17.088843859649145
3.3174840007449964
8.173906179414624
0.4564328284443338
-13.722427116262761
-6.208368811679305
-14.116664806028478
-55.108454778261816
-132.28302843942174
-90.84602243369395
-251.6680638635649
-2.477329736818572
-173.93497604514315
-119.299245111379
-160.3918870284605
-149.0474675032174
-77.47542578524538
-11.35453389265625
-133.83562723008458
-19.34936587502934
5.54869439620763
32.66070069346532
-8.284192104750268
-33.98932863249033
-29.10340856468137
1.0265662632267865
80.59927633811614
51.49069738971367
11.388729385057111
77.64913416652396
-41.3857265995552
-56.21075068079656
-28.655628745228242
21.593487422593444
27.98018259602574
-3.190251806071739
9.396559682136743
-5.3782704523827745
-154.4773619695203
-29.940518821496532
-2.544138867987635
-67.43392059926694
19.92118976827599
1.0050244421857597
-4.107325960666265
7.902957324479716
15.4283336958886
-4.027170193480541
-11.297881941293328
1.9251443589694508
67.83564653163644
115.48693715860449
132.37517258533597
109.61303906936809
219.20356845992325
6.688824775470936
63.29974493802705
0.9749083541981334
13.33163856501366
17.968210624417484
7.878143876929889
0.0005590864698368978
-11.8212333604999
-13.179574225758659
0.002375268817204146
0.06444654882154935
-0.2190644746981725
-0.045824794342618366
0.10161618833487789
-0.39827279654559833
0.03778238992532096
-21.57021203692505
46.322076692407244
118.21069522234211
-0.10621248734390966
-40.01484192679768
-64.84550333915345
-4.6912993885938015
3.512584068767917
-9.71973784103147
-33.706504120466036
-0.5758586994411423
-3.2915789473684045
-40.820130454258795
-29.078354727011906
-73.93143162377245
-353.5151624464023
-50.95407922204901
-136.25642555009608
-150.54161586896893
-127.76707199902458
-623.4019306493851
-302.9866670794378
-107.9317644468905
0.9945527831094041
9.873558370519621
-10.78827196621164
-23.961516234074168
2.4728267459980198
46.89143668852717
501.5530861968021
225.78222834064118
834.6197243322363
557.0806129789746
509.21719072582437
100.48148447017401
254.27537109256772
543.4949007716257
364.2368835521004
103.31229846244634
50.20956706706708
197.0051292465772
381.6258862058122
22.080473952023304
14.917849851107839
16.405631120198024
68.81531203948654
430.56159205298053
215.47113206432468
69.0632291173219
0.47540103256685684
-8.957787841264835
-16.245108385892628
14.708115272866547
-15.001028971151847
-57.9592605405261
-110.2240222723954
-58.02094193372929
-201.10153957879447
-148.53816985380757
-365.85590021231405
-364.67732764446987
-188.46635940166334
-465.60050633594676
-732.5995493960205
-749.2952656475121
-388.83063890136833
-325.03623573037504
-62.162319278642826
-175.62837670595061
-135.0880409497065
-404.6612262833808
-208.2727805112204
100.41688670248087
133.501018489304
29.69745567345048
-0.004789947723121441
-12.105051845707145
-27.05914415442458
-25.12439584877686
12.018993082101119
-37.17818530574283
-10.655625329815285
86.50584564708063
240.15844182470533
341.8686686252129
87.70956940203311
276.3678731481394
65.34582108379198
4.782625014732812
115.0490729095104
62.41589006194911
27.25276981500769
173.4770329761607
53.858014213810286
247.54227385842103
57.70141891537317
5.686790208555763
0.23374065506721134
9.25339310612612
54.727932566273964
56.58963850459589
-3.654393573852436
1.0971455687465606
-45.634306259795295
-61.44403386949345
15.244324590417849
125.44606972012947
-118.95787079762681
-0.6009776777076055
-1.2135298871531959
-8.645628009030517
-34.424627494419525
-38.279936750226746
-165.68662568885114
-130.046097505669
-105.17529984124056
-304.8211245885702
-82.80500220488136
-288.43255198274903
-464.3503690314931
-3.1666842775654835
-173.1041785813117
-65.5822880640623
-7.533205659402627
6.061906699213452
38.01422751083229
96.42461849475121
242.87211446095063
125.47307594866994
123.22485700197244
353.2092964206675
61.40872974991633
27.943557461936727
118.77399639964014
14.403139151479056
28.476165243873577
1.2685545838655798
-45.763083339742806
23.316772318528372
0.7708273857413466
-4.9063640785198865
8.279698439291094
43.455089880293
179.97769016217106
63.97729482624137
69.92380355681854
52.68147761944692
27.915035964705645
0.9607158734970183
-50.01562856960088
-17.124174035715484
-1.2665689146607895
-64.6622627202845
-13.431210495131387
-48.480137120045114
-143.43775737168693
-110.27706733037411
-128.70918774906272
-11.175270691303973
-67.67260101439902
-178.73664966804586
-96.51684167580393
-191.30251449230204
-322.37903276641913
-110.98960431945866
-164.99305068985456
-225.2592729797278
-199.97455013371706
-16.730373443983346
16.95153910726669
-37.7662040029405
-182.86420170525804
-7.364992152296093
-5.214705882352934
83.33019846465535
38.094366111212764
287.83617066173093
510.2422000502487
592.2222581592623
324.1686806706455
241.29810806272877
325.97037294404413
204.90485345149727
262.51748214110984
48.80552700472615
29.916410266605666
1.746981782903949
27.01904557068475
39.15619799122466
72.55333955366963
22.761498911303487
38.723620286419106
488.6370086688044
188.60121219340726
57.42118914129467
85.92463125829116
6.461178820182568
-4.589654376781738
103.68281623945026
155.0878479019284
135.98729821218123
25.108044638889034
36.271619663454935
-0.010120279209941303
-8.589208546811246
-123.50751993329752
-7.6929584130389
-10.416696389909074
-16.730792057839608
-150.66765883483077
0.5600376616996906
-0.39021526801758344
-13.029198368730745
-14.15543818616151
-41.654203872346756
-8.571719778916819
-0.1388945635258394
60.92150328964945
2.4871749328708295
10.481348191696469
14.071624326404885
-2.309666260965565
-55.36235425810057
9.196508358326048
269.97466612294363
157.89713208060743
5.4310038076537825
-14.187807008806377
48.28835548976079
47.31882639523249
23.972972344186623
332.30907791329093
0.6348836700459284
0.7993772176942409
63.60497653978028
67.83963770890836
5.301702452909703
-0.09164143978593334
-21.229503380428405
-21.890595912361267
-1.450487444829567
3.577674769639784
680.337786838072
23.75518654743343
-55.857707797717865
475.2965589761674
271.76489198118577
113.9221039079322
188.40018747792732
18.7228732467158
161.44424698768117
424.3242269578078
66.2696039298429
5.39558672041522
20.354801997628712
9.528623275067192
-17.882572756648667
0.6197116560726663
2.968719167349142
-24.2953034081461
-0.7094747156813044
-356.98208172234786
-340.15345259945957
-79.42722032242304
-280.6988580773775
-19.484817295816313
-173.6857934956461
-268.52322106752274
-646.7128149869737
-440.59477846472237
-75.25226373554162
-615.8261935861497
-255.26482407142186
-521.5574900757925
-49.28573066883482
-304.768572519196
-318.8971337156156
-224.53986949738868
-153.80659992311155
-495.83035038621483
-201.14273080442206
-278.1681020108725
-232.36532897611258
-424.59944299236207
-614.9479254670043
-364.11864474165475
-658.637597849726
-225.41185779957098
-86.46349635848668
61.23956270816197
77.42416772281481
20.840121187970254
11.78528154337393
0.0834054834054837
51.8859185698897
14.013726383615207
0.11767709256679719
39.64851882791412
134.27504903386128
32.77428441785858
1822.1536387419083
1908.6454394478217
327.14677806259704
747.39946375608
677.6826457296054
26.0062856250488
2003.978344476237
1091.802316152262
303.8370707452989
0.05731228340392885
266.0198759372229
551.8980017564992
146.1492353365964
531.594363751412
452.8689416977139
122.26552453846341
297.1127199085938
36.210553402208035
-9.943823395135352
47.68751223457805
-170.11181681332684
100.3403919402933
-13.576513996745101
-45.30200388802254
-154.53977551349539
-235.376548113687
-79.0106404946307
-1150.5479129481605
-210.42606276062486
-627.8346461314454
-338.33145698720364
-0.7117245142981883
-815.0434820719254
-1537.453500701797
934.3207970988351
591.250341974162
-1018.8654406247769
9.915939940696148
1039.5776516995907
-136.78069423216783
59.74700888395334
-1620.1217106297759
-552.3194588487397
-4.868770516056062
-1830.2681113989888
-1792.4267041369872
296.1492305774268
755.6058978150704
445.17157732915143
252.87801250142408
66.88398115429912
53.95590403554649
69.65242385479691
-60.70489061048649
-4.337011441200256
3.16400468472728
99.39588865176857
-4.307104213470314
-18.436642739146375
-73.10818249250607
-27.619262159714477
-229.94315921610809
-396.4370467112956
-182.2506678214886
-542.5009199174676
-936.6389587164476
-1286.730948501939
-212.56252507021213
-164.59850992152346
-49.218855342224806
-3.5841242435030316
-34.24302367786159
-2.24691232946857
-151.17472004816355
-95.7058924145975
-34.39994976139811
6.902925640877217
52.515823911299165
289.2528887629483
315.388405607044
380.1947794830226
141.93192197556056
108.96888994307403
81.87842696495517
48.979285390085245
325.3988845022571
162.3641060161557
193.2819006252057
99.31048453887541
10.9208140873904
11.052309383660466
-4.330077264465947
-6.063650911634852
11.478452535548307
3.009711721896415
-6.084948966794681
-68.20320668285815
-111.38799348545487
-100.06370588967306
12.02187323661368
71.85896166528966
5.693925474882524
-10.947534714403732
0.8051414730398059
-57.74723951032616
-169.58841978488869
-139.24083940460832
-18.350193850870035
31.230335357648563
0.6521020487819835
-20.753747842116002
-1.0086116916462706
-145.69796046318223
-89.95911750657653
-214.12999760345645
-379.911207825185
-247.1535802715813
-173.5843106532834
12.323029095987023
72.85566543370673
42.64323585666546
8.477858756339767
-4.047149721744161
-0.028743764860626127
6.846282144063284
5.03949854732657
70.0135440954602
160.259506990998
131.5197427677614
-0.004377258109342214
-3.878562889114092
269.9935063445785
221.50126436239975
193.73328103435767
50.61703359391515
40.246172386814735
14.0306584013952
0.09375013840191782
-8.994091858037587
9.289479338298289
1.2198992859827176
114.08342400043972
30.338206703339985
0.1896623151222444
-23.186281711248917
-4.914296596129856
-66.61293437738618
-151.09701639599638
-115.38516840863923
-88.54951028050841
-94.9382667059284
-170.07046062337338
-214.53733258420155
-387.50768385861306
-121.44247399800497
-109.88652708498546
-0.43732718346661426
-0.46110777318813867
38.475841168930955
67.16216755079574
274.902239013528
63.57300273407275
232.9506431923092
131.97740629716162
92.42343956112245
167.3611484576993
29.93863540456379
16.16931159622579
-0.12068080617607806
-9.667254645004965
139.4018616881408
110.23628574866622
87.77892872107647
180.4358482112749
101.07343372146764
6.225934059491827
0.10758505768946873
9.458354468438804
-22.829507866944482
-24.75292841822078
-103.43534087095298
-50.9644691795728
1.8969436339122179
0.0025972782887342064
21.51774250577326
1.2694105766132409
-117.5347961081251
-259.9774009263223
-33.090341765160716
4.921868935005262
50.990214741102356
-9.200366973389682
-5.196461232604364
0.018760478589692556
-12.52117606407683
-49.88692304311529
-29.407992914792104
58.367450880081776
-167.05468195718655
94.38386590925373
235.59104990623337
47.917095544585365
-1.8236710107343412
16.913180412092775
8.083756502362755
50.11300108510318
22.36130270369792
-8.609275764530043
-25.435920025516637
-8.224949998293466
0.007341323757764192
5.012028869288566e-05
-6.004537384691021
8.061634346696616
-7.760478364067881
0.7396672352202835
-0.15521228259261688
-18.43948385456396
-6.466218365582823
-71.54755031358233
-0.04758191239559787
18.073743840780676
104.19718533585183
71.24262112584708
23.47878051341965
-34.86322480888649
-47.55154634545785
-124.37008456432677
-5.551594966501277
161.64802624879786
9.562190304143076
-0.48894057763472837
-1.0506001126491373
-0.4026997821723005
-14.937157939221018
-38.714351966668374
-3.357747321921586
-11.81542580753963
-98.48315079365082
-46.74468360460499
-119.10926009586267
-374.69381150689645
-378.5033264756073
-367.77005175494116
-24.790391096436323
-128.50889918555185
-564.9583521248916
-300.1500006012234
-208.59271833356536
-0.03394030715734534
-8.025680027357824
-64.88038400227278
-98.52156107119538
-38.85100303323856
71.94242529755208
48.396022687521835
56.855276211361755
103.60219375036235
18.531826220888526
-11.449101796407218
158.69321950386598
121.57276899751895
48.00510785500725
0.5136225650357743
89.97777248804347
5.650885749523474
38.41282641198903
288.4146740811521
80.62736430302843
84.7634783224527
182.51080434416866
271.37261444939645
149.49954734380475
10.639445364238407
151.07350386693852
5.043277457167718
111.13027152127566
87.7679109469723
67.12144072301967
79.20769828147684
53.672657707886586
52.369002394025
17.057700553996696
-12.523766688729948
7.724649078917458
-1.461698600337055
-1.66778241971558
-33.28816257377445
-44.638664444112024
-0.31938005390836177
8.45223141568271
-28.21114242295868
171.91226810729418
61.83939481030003
166.88711256843578
24.14460903631376
58.026110206417044
28.916040703052726
-1.3536476220508509
-0.45520554601432367
-5.515717712486155
124.47900877315129
58.65035656401937
26.773053774695818
9.350477701606065
59.76139143721279
2.2022245371148457
-2.2348226806218747
-82.43115405469278
-19.63193918582539
-25.406704229853197
16.980302680268384
-22.1322857783567
-39.134211098166006
-112.73003050348811
-0.21509718214555731
0.8431340413020152
4.124369442613328
-27.390443215355724
-8.933429482480534
-18.26774102012346
-51.38361660501935
-25.80309593212967
-54.139124008291056
-133.5079667760555
-137.42324359298956
-140.20638269313147
-94.25524197887464
-186.0628624783355
-266.7015549256666
-260.10362733908414
-116.03319561768046
16.342747236974276
180.79376089273396
316.8799665136527
135.552462152404
111.07290949316517
294.0171491505732
396.9693432231873
106.44780515155645
174.9376191829925
170.2688580791321
113.4015179161978
6.317302420716586
60.29836523982092
8.860141723750882
56.29496533561559
5.662942067180969
-0.23505111504836534
-13.698621502370573
2.495727350979114
-6.414211528619194
-39.42454275256618
-208.56274942878895
-18.596298281733603
1.4416777877640625
-120.41178887239803
74.73093361933428
-182.63903326671388
-413.30909861963494
5.409542958873817
14.201157110732703
-191.0852076904203
91.65104937298655
11.630893079277278
31.461084528399116
99.1453020935601
15.02172261827599
0.6799178885630506
-3.1768905667659553
-4.589287305687968
-16.136734011015605
-160.41780733564025
-2.7976785100004813
-0.7256801863611744
15.981563804247433
-5.916762894960016
36.55168012472615
4.8894422846319205
-93.60244405808801
-16.160505883584747
-23.900693801746375
-126.86764464342119
56.911297243124864
-219.23789383619547
2.0129046937502126
234.21165232379403
73.8597110480644
215.49579249408566
27.846586260062644
-6.871740273847305
184.65861037800283
35.06356042982177
1.1892459035649292
89.35675122659742
7.283787793952948
4.673912644476429
115.97702678885209
4.614223340215749
110.18282213832909
48.014931256736595
-2.269985875052125
7.327468998599662
181.79768255030277
-6.105578773690749e-05
66.01687207342182
-51.11911321316926
-1.5976664624664272
-134.55838681285263
-0.4634547381481624
4.166531967319423
46.30951242155301
0.633154644670208
-110.88804243147283
1.605468763703338
-45.22504075304955
-223.34515618114418
-5.651048105908017
-240.66560231312423
-1.016179762735512
-66.9940448723772
-0.02477029197769903
-33.46049566350606
127.00264199020994
53.17733602806589
-42.20251003049264
0.43053000583734324
0.5740374892713309
-18.4938780436852
17.99885816667461
-43.59678016505235
-83.319021183108
16.821470343263236
6.888491187690243
2.5204831040207383
-3.686296698224989
-58.836579230247295
-74.74297321083452
6.291167881291267
-50.868881598869585
-7.388185172868745
-56.9192478473242
-5.849101937950822
-126.95373239310362
36.40502351549823
0.00027857415110281875
218.7871728929295
377.717152440014
419.6052196591544
446.39282538193027
290.9902249937137
165.23971184659163
26.097889004263994
157.15972837849537
126.489119153789
126.69318296447537
39.00689180722599
29.437803233633158
12.872846090677307
-0.0953086519766692
-7.849873430841191
-0.024824931637141605
-7.498003867442344
-6.934786624792199
-24.05959044343133
-24.384826556241933
-96.00863980032176
-31.26561589744531
-147.43487813361384
-73.37701101285377
-18.17611491796396
-2.8358585858586065
-92.7270529159447
-247.229264308848
-178.81647833354978
-10.47233405890794
20.423672953667225
-1.9292640475749385
-15.008928152412494
-62.015785596705236
-299.01419308174513
-41.012163941066284
6.161309520396743
-91.65624975825388
-549.5009194677568
0.0411662814682295
-69.72959372234341
-0.13840177007968021
-209.20448172356532
-271.2818364854448
-0.00014055504629830262
-52.90785978152404
-145.02285274322566
167.6518445034419
15.221211499770384
-45.69485497228639
6.948460494864007
141.19682870221135
75.60724311736365
229.76573009185228
182.9135387026767
193.75991870077786
462.47312265499033
176.90594235116092
73.09764688452415
44.5925093111141
-55.740535380229964
7.0974846273935075
15.372392102913832
20.81147463255404
-25.585282896217286
-19.979106091476403
-29.502911228234797
-42.086937522112706
-190.07693636192974
-353.7512446655606
-155.05602891923007
-33.09635387270008
8.447919069596285
-40.47825885029158
-17.828462522711582
-21.246385696910785
-27.46007167967071
-83.36680208937902
-37.7656249918967
-120.694048448385
-236.87724746880136
-198.08113939651497
-95.27064366625312
-175.3974261559768
-205.75169662878656
-239.22037528146097
-88.49251284900689
-46.58010917929727
-102.39536847699759
-125.5878909052543
-1.5115583768154326
31.11813474107587
87.33738353408418
55.33073910632034
77.33463105361243
266.67264774961274
46.33328785193118
151.0397272169834
50.54031591063668
25.101236988328903
-0.11718067479560215
-28.855945590583232
9.812625776322776
-11.869691190042367
-50.66275188386405
-64.22631782642347
-263.7492322344077
-143.2190228595178
-353.4626567159314
-49.193574125466
-38.00373269479528
-41.727641405572115
0.5450614776007721
-0.45105142464025727
-3.488503178183313
0.06845498467452783
-0.031275417661098176
-0.1602913787924305
-0.03309014249879903
-0.23443480479714338
-8.241274900398404
28.69581433043389
8.268917919382726
4.239235127478755
259.6094626888907
12.584619432022784
0.003781224796438639
40.744197368718936
62.568721383788855
14.688349892008578
7.157571182278909
3.9041137653425118
-2.635461073586915
-30.543936583261495
-52.76462609087178
-14.333663125559966
-84.96023840505617
-117.62785788410073
-151.72184525193668
-191.578505109489
-123.30569018866899
-12.689918799391014
0.01795353899831599
227.45366960070217
-0.06571620736860914
64.35612717076941
135.3098628263704
64.41765429662445
86.97152192706696
348.886979419153
156.55660391608717
147.37077992477327
216.86383017858316
97.04984644038159
668.9216631554461
672.7802837489251
302.23320101739847
71.47662631251377
72.2613852436131
0.7446746360383064
42.09794388365168
358.48272094290417
33.97611666473691
20.10117041382982
2.5941496466535687
-111.23163709838565
-114.64273111084995
-14.26625446171554
17.164725474666604
-5.702374247757478
-23.10532546796389
-11.746053861807269
-91.35480760552349
-8.236953427110134
1.588894414403631
-49.35899961681626
-0.8015287433533792
3.7962107611594305
168.34823987180727
55.386021462388214
1.0028591680684085
-0.5223035007373942
0.08673022428419101
46.33188826226308
8.510678369761454
-28.68538193910657
-67.74483714075167
-25.01570982470252
-102.50666666666686
55.85360622444705
-0.15622845943864933
8.646959187024457
-2.2741862878408323
0.6229119596517272
3.7569558606036617
-37.24032053441937
-139.12976852666793
-55.279085758233634
-67.94567513584316
-26.577873366730316
6.3908308815056545
2.9117784813485086
-27.810616942742335
87.10719400809467
114.7082572714482
-0.17714912572302705
0.0023447229020160778
2.715402124990776
17.922554327449376
-37.55955899949539
-167.68594084553177
-71.95575469196096
-63.975074014608
-130.68556965283926
-209.42514302670625
-358.5896791226644
-343.1219023451009
-134.43655476733383
-207.86093753799008
-126.70675828787242
-101.07325288082717
-36.83461929206867
-53.141175183818305
-0.07226224673971217
-17.888933183066214
0.0031247531194090444
8.075998626530856
-2.8355238286524087
-1.040000996357761
-69.30429619431413
32.94256196634339
126.0303101742312
216.20559960099746
94.454876701731
213.3992398535604
1.348417098568771
9.816038012553536
44.02787637238681
4.753529502455799
26.029077275935094
20.611699855545407
17.439831505806048
118.86747258852071
57.74758430772592
147.79692702296106
115.40332013606204
-0.4678819356946188
55.683396170465144
47.80200412251472
3.1890172002574406
0.23887317824558324
79.45744715529987
10.037505212385263
0.4028600143152664
-8.539893946089274
-35.954266699415314
-7.968021612845968
-14.687707927830886
-66.37029230135848
-31.887965025581696
-144.40660503300472
-184.13535220453954
-58.276297176556355
-90.72883011733202
1.4143733621088308
-15.268249663846529
-14.796457461645787
-4.515841449603599
402.26080066505597
76.0666444952907
362.15760474375674
207.65467432772664
142.30760491299904
85.42954103748558
163.07952509239573
67.82825221639243
74.71517737639319
120.81833413352123
16.835403932507248
10.48414375372578
0.8349826398916754
-5.264865675221907
-3.256331362858135
3.153946568997101
86.78402106861523
-3.3765705062362126
15.980779519964267
13.912911714297085
-19.93153799286991
15.944715850845771
21.280291946177098
-6.087983436722606
-128.93758530737216
-168.05756382851965
-70.05916767797036
-124.6159315490012
-119.23671911076607
59.55001562043601
-2.8105787202423804
-25.579073740358986
4.756992190387019
8.907799919932396
0.12118998886473296
-0.7583415759397285
-2.618712679091411
-20.112842728498585
-8.137085822526592
-84.96502237722451
-134.77366507735036
-137.5141343986529
-108.61710232685272
-483.4017679031753
-187.27630665264326
-211.89239256734618
-294.64054716836534
-311.1562677546088
-444.69438532231186
-237.9154656604591
-213.59328096155136
-269.4242417519969
-49.075944378366
-13.36945917585999
-3.426345663265314
11.042210628716703
4.181547375787259
36.4459744260689
98.6839264318378
6.299542711393509
1.14271894487059
0.5389374272446208
33.212094106349795
80.53902427552326
150.50766987777084
201.25160917723073
821.61080447755
508.3530955068044
204.01301613033212
483.90242221161486
547.3187018292404
1024.8931621691593
241.95738503645674
767.0921892887624
385.26361109509656
536.3796936901215
440.9931188071956
98.81177892882616
37.92541116516096
188.06813381172867
81.55397796734098
237.84750780915925
9.086216081267823
129.3359940027281
36.78640618793314
108.22423022391716
181.62502705209454
68.29676316067686
1.2056584949346698
20.823219494877282
3.5871317769511752
42.36273090136068
2.574587589966529
28.10549141824268
0.6106916687026633
-0.2916463353988928
-59.89429938189751
1.056754629684831
-15.219158948745374
4.948504125721831
-14.65111733291859
-223.01885896421706
-48.16842533603693
-101.06635500378889
-0.5316223975981794
-2.332818944549193
-50.03127826363887
-307.4673379632234
-30.493399085018776
-51.95336584935094
-0.007826247647423068
-34.64432802485909
-75.58090411966087
-95.46716881778241
-199.75784020559578
-174.54570067806785
-114.62371394938197
-38.874160760348545
-0.3442010044965711
-28.23834826025297
-89.75799283839933
-131.0357815290178
-235.71882255175834
-286.51982353120167
-356.03536535106275
-85.6352321477057
-101.97226204685738
13.498044339083625
0.0027688396073163152
4.5120378962034025
110.47433628003311
-1.0566128931761642
105.12673252279652
96.0323204442744
108.85671862935544
7.820871984420329
35.79105772130086
-30.258433485764183
-9.24270830758586
55.539678061558575
-12.760145496548976
9.910634607831646
5.877709312107689
-0.05605072417287613
-13.251564991424544
0.02573975407847225
-7.866290777917165
-3.2813770030650504
-5.119439801274069
238.75111317910262
67.93875955843515
245.15822907319296
103.01310247026538
24.406209802847048
-10.001497453966236
71.3786252120878
-3.2096102073524237
2.6986723643781123
3.1528201874369506
23.370608944968943
-30.768944764128612
-33.49813232787267
-55.38223583003498
-10.520730507895202
-234.82632984409682
-175.9177517564404
-33.43660081897463
-181.52377679452314
-83.53005064932685
-456.4093189638084
-344.5413126261823
29.522970627978125
-19.40227553863927
-464.19170021476225
0.4529969387961962
-32.450658286880156
-130.82641698155146
-197.83274053490805
-222.33460692292388
-47.57682045201397
-112.44641531014932
-130.24271138940082
1.2688967476605852
27.293504590238506
11.302281976434479
42.83569565625299
94.22900440031054
35.20953156726639
1.1292999033137032
-2.0239109584457844
-11.067395953482723
-37.46532540923785
-4.700304937340874
9.294096333703179
1.7052590301288568
-1.1715844966021176
-0.4022615492826836
1.8752468628332974
6.8193812004167045
1.2520252740815152
-8.227925521619623
-58.80335452674551
-37.56556937147554
-24.602028396698454
-7.966543375924659
-25.065307534680155
-0.4784914006483386
-45.81126375749589
-16.73292789761013
-12.30704055543561
-0.4780406597702918
241.11774153566495
46.97619226497456
51.7622562538133
195.89722865487042
235.93707780033816
216.30068743862165
173.9933335887515
96.4090400520474
196.28813308744424
114.13760243576678
264.11598142177996
26.551052673351126
350.6705203220104
137.7856878172072
87.81357602279076
47.973330561797695
240.74178073353252
277.6463274730805
144.94852594090185
108.55239433086692
34.583275128343786
91.06667971234293
208.05533967783873
253.67877512465043
52.431462613373824
21.69834337716837
3.7887673405728384
3.28975511842634
117.49663269850404
1.829765509115577
84.72652689692927
108.11063612431069
17.407184905210016
-5.069883517534611
-11.971800856658678
-31.370644949180544
-21.635392477870585
50.567381099645175
2.045693926996486
-14.650850152612017
-51.60354295411614
17.304109484888794
-1.9911060811830263
-59.087859810359475
-22.50112184405774
-9.82768868172337
-228.94029261574482
-36.39193656434621
-107.1537521655876
-335.70244502309953
1.3368001541801082
-284.22564512882013
-688.7528750410743
-28.37252096679355
-0.28025067693348804
104.910001591132
51.071471306725286
10.7803860322264
9.327861881641551
145.97673801796077
-47.32041853725316
20.394297018096537
2.174225309698185
19.60422264341236
63.64449903929472
6.273247975596804
-32.030715119395346
-53.29101410295605
0.4698291305539302
27.493043094725486
-181.34196866729062
-70.6542295479818
10.751623559074849
0.4966540484309176
8.570563159871446
-12.500415671812338
0.2957392551427416
4.211365287145298
5.587353118976187
-0.85409754400103
-3.1369771676705387
1.9433038484178295
-0.5342471276273646
-9.410906851424242
-20.808057986653317
-6.9751081210956505
0.0337666873704337
-66.87206766982895
0.019036231356267544
-5.391859829699613
7.719572287114352
-0.440548438236432
-126.79579593647765
0.019486123741584295
-0.3720979828857172
3.0064996888612456
2.7214587065208407
-8.281749138349499
-32.520730426081826
2.0541838876332097
15.31417004742585
-82.79585864836665
-157.37179658302173
-66.71883019761223
21.395060176142373
-0.11734497685406123
2.0041418547316354
7.03238134386422
0.006855619386166507
18.2613542057753
-1.7036632702571497
3.5972134385947205
-0.27716915691188426
14.315497745794456
20.180669364920185
143.12489839384875
35.931783958002995
102.13639154714181
439.20359885835796
11.553932311971847
32.84425956775235
-83.62378752373053
87.65248792087762
-2.0079681135298544
-33.38904890548649
40.08417292581263
-2.998044613194129
-15.669062555234378
25.97764782391188
-11.701894094043213
66.11885079334274
0.06706952430736927
-11.061623892049223
-2.442331559073753
54.944927016390245
13.883263467307216
2.2003132739808633
-10.53916530698108
17.81569021140564
-23.31334549697154
-10.886312226994448
1.690640683009982
26.634993180464853
64.442726955282
-0.055243134750480455
7.840106735214143
6.314420251770672
0.7985116797991787
-0.15351132774704196
-0.5344683828234295
-16.884960433772278
2.165365665498268
-71.82548725135574
-116.06616388032741
1.864227612735109
-57.446152928184624
26.084523787855776
-110.6858521604066
-24.78169788160961
26.575127241833528
25.623111513678445
6.816556865193973
0.09310413851773558
-0.5694467644100388
120.2972854920678
78.63633689402911
-82.94291466942576
10.212343640891184
1.9790721826969808
0.0013734908111861384
3.4329165295261275
-4.118298839149446
-0.46766806670600425
9.77624395349504
-26.69125338458958
-2.267160140921726
-80.25931461609935
-35.083013753440625
240.3356053197054
76.14479135415863
10.080686430543283
-2.029815776324645
5.082493483263743
-6.1509092755242065
-1.6563900611693327
-64.85997957469552
-0.31402486079615355
-14.730289240090471
-28.602021621024605
-143.61597392771912
-89.20844368444108
-64.2897675131013
-56.45995089736701
-69.72448035621093
0.0011661099301545942
-44.68866512629317
-172.61882901323253
-161.6276637128458
-0.4154249010286705
-16.821347620028803
-99.98851139701203
311.85090982805184
-332.76765801983663
-14.9473296879248
-85.39325425303193
-123.38925827885626
-235.65618070109977
-684.0823435125911
-89.96595392709278
-146.90587221553756
-134.4867468144044
-107.72113565211409
-685.4433442169235
-27.35830328432711
-252.69511859891313
-267.1806923985821
-31.58829583200412
-149.53303007565813
-181.52242417823288
-53.21120902661084
-74.37191191698894
-21.79935749936558
-196.00286516201476
-52.0488106592537
-142.59762879233074
-6.074132030787428
46.62512337715803
44.1606658802713
190.73026015462034
204.3492635925671
83.46485707641324
146.4526972351372
121.07606201237556
204.69468102877227
27.704315378832497
0.1414962861319097
-0.20405797101449508
-57.49701301789216
-19.00571407168185
8.930936384034386
-2.510065478909696
53.203662979830945
40.96232169122944
12.22147736212133
25.958037878879605
15.632234444481574
11.248419422941586
40.333944330618145
61.781513940471804
0.043463996591394924
13.172883865169416
-0.0519599674325635
-3.03585707146428
-2.435841269841269
-128.6931654642936
-7.084699916477779
-4.980296934763841
-11.351255797972845
2.043522070097099
19.545690602381605
54.13937251307261
33.500615836882446
1.068316887624338
57.69555537153582
512.3073208056343
316.71943162554567
355.1124178231697
441.68409954038447
394.2415486183719
278.9912466958111
86.51133876425837
59.972937369952746
52.88305151334191
-5.7438374372331715
0.2500578442437899
-0.0005471828711182199
0.3212406037058003
0.03521167787651111
-2.3776078626714847
23.236786572516557
-0.5448541317837137
-20.682968396012654
-75.47828304927478
0.5159577854891629
8.19525013676979
17.7971783196364
101.07518286237257
17.286065565544604
45.982480875188585
53.5963887724368
47.03891959672463
12.438064037250461
-16.625992739567
-23.067687166342566
3.8213716465125174
-18.293160819471773
-127.13104516322932
-45.611105017914014
-91.30036912470794
27.004656793820672
-4.014425329198694
-337.9417305065299
-393.505239740881
-250.63296282742823
-18.840816332671384
-139.67975121750857
-0.870857391686548
70.80492180762565
20.273782537152975
4.808919173442956
19.561222913537875
79.86272708949826
3.9373556011093664
70.67118650428132
70.06451425673912
-0.6992285311772592
11.55018538587138
4.744482787822334
-0.34927380016583265
-17.130737058621865
2.997996057976596
0.44724224514234395
33.89549537161254
10.033918883829351
-6.037461272122835
6.350495314735735
-117.48807349694181
20.014273324238545
3.736974328159961
22.201713732103727
1.879412811614094
-4.109175752804545
1.0651269487750568
-3.4998304604677437
-9.918888603739981
-0.3620710402217142
-0.7662616131341461
-12.557714882506552
-18.07327979390488
-21.466410936624165
-56.17231721138246
-15.014293831735094
-64.84054941300705
-23.50842368464987
-102.00114833816639
-119.24070734076862
-32.21267302019519
-49.019932974935436
-0.192647018235583
0.03562422691405453
9.230400814862517
3.872901956088995
0.9777896486229962
2.700159101544219
-0.18584049902352398
-3.4871663837208087
-26.03959717082771
-23.52525472448169
-38.34328279376119
-54.81398937282961
-87.29091492776888
-164.3970149063305
-78.31814934316665
-145.8542253047311
-55.52960537235577
-76.98675155985057
-86.62400198635348
5.6006985955565485
16.998930206845706
-0.423311451421135
-28.77368564515054
5.320724623789878
29.443934109734116
-6.501280896269721
154.16170327279767
56.38050834324941
118.12712575186922
10.638638178388106
11.51585472844503
141.53367262398962
182.098360781924
85.4590337157036
14.815062782437607
37.99059585380753
200.23336394272513
121.6234112053532
26.885409602875995
40.94221154671829
175.61471921318713
23.87608416573505
437.76402123049957
23.81204223371602
27.42123263293666
17.947425357965567
266.03416113257657
0.2670918258906627
469.38010237711563
-29.63778178539229
2.587759341199604
-2.4180131628323234
219.52859927816186
163.15820189224996
52.174196050919875
26.11957984085494
3.3160757692535547
-25.20267946997654
113.24785781447063
29.466349168218187
48.452751739073754
0.9791006087993487
111.01551895057318
104.97933950066256
-23.84512458766816
14.516966734839645
183.43582706962036
42.830532432941325
0.7553628079818147
-2.4075767049138728
-78.33357458649377
-61.82630048412777
-5.0795168482756115
-157.42923213850293
-7.725082670573455
10.131152072690071
45.56332602865875
-17.72661006613814
-1.9752989036067035
-0.631043779689316
-102.8100088551837
426.07770435743817
-1.609019790895409
-118.29428716031269
-242.58322080704923
-138.89162671223588
-323.31083925798254
-467.1288415858598
58.1989092144654
898.5252373158231
164.05685166767918
375.23144967718923
11.094133355869165
151.9535861418571
615.6785987669305
68.0564770522231
194.28831844229475
298.9359087121843
133.86630346316775
189.69470759265565
0.38552311485941326
18.548181424550712
3.1066905241463
8.387698042855199e-05
-3.40589440962645
-4.664980650962552
-69.06381789166697
-95.50891012652735
-256.241303795577
-43.92490284615628
-683.0915559807098
-114.07710874089486
-247.9744268593143
-190.06841964285684
-365.42528139752244
-241.16960064005158
-37.51888294879015
-491.24368281580746
-614.5086324849743
-114.01384239884848
-78.0021395318574
-101.86237826430003
157.00315473023966
22.139850909635662
150.02840054799213
4.082853637289418
-9.844767448016235
-55.319670569718944
-59.22381188377079
24.244228775823107
43.75673025655226
61.41518527496885
80.10941901917334
-13.205742542484149
136.89033543519096
460.31600910935526
4.675212763129219
220.38050599485206
-70.29185738131108
-54.32047317402178
17.346796418553915
96.36747488103138
92.23766761368368
20.19567404767962
-10.179158369002053
-0.03719114992184636
5.238109247775699
-0.4651689879631932
-245.47361946881858
-106.19869728838606
29.240533263488757
42.90992269452636
-102.91132946306602
76.46266956793531
49.13491313630746
117.74304274412916
-11.960717747783988
-50.60076867739839
72.82762685198635
-0.04593576139948266
2.019625955357605
49.18931836309339
9.88467588890523
-3.3232214528417154
-0.0006338729111005291
-141.67649818565508
-0.7853222559663029
-38.1765323462243
28.7015139774805
10.080059149836044
0.05845846599864142
-0.0061856076794105245
14.826948146017253
-61.66496546918356
-31.540399162120423
-48.86964262870451
-0.0002942145966275649
-23.91447938921176
1.2049585173728914
-89.00614063028212
0.006913968980950867
-39.88871626735818
-0.41263813007743166
0.45963313235262293
-22.701357895073823
-60.77873666328394
27.228845280827734
-7.385707802781518
-96.09995716554812
0.6940545411029289
-110.47109582979539
-83.1396728830459
12.850324462174278
-57.33943293198384
-64.1483915676478
58.168359000105085
-0.08874668119589567
83.75394472000556
-3.709241109375926
1.9868373499179253
2.297070920358051
-0.5906239018268047
-62.545883692518224
-12.902565234769035
-86.31174826435866
-0.0991172754812392
2.2111153813738005
-15.715536377220616
37.097790281644755
0.05666101427853191
8.982655546889088
5.1093348265798
6.1285413128453845
-27.219827473833483
-4.400624935476099
-7.4052680505697
9.627122495280659
-11.43025761124117
-102.39123759791124
-84.5834027142831
-96.94870647018118
-145.43799240992138
-220.61092450002582
-4.9911858539368
-50.18507047419442
-122.34176986123494
-207.7754170004076
-100.51444685106812
-128.8174828943768
-259.405032101336
-17.920724329481025
-46.07165947189663
-0.004487103041027779
-1.1238472058808822
2.0133840172453623
-8.050433562451664
-2.694155325501147
20.575125702454898
38.73183079735698
18.98665408688177
33.149332366015834
-0.9353300597064889
-116.6944115897875
3.537202764728133
-8.296900240756191
-59.63117758879444
-114.44438781791662
-34.20103307324439
-38.200879356644535
-49.85722681491646
-0.2322159319805748
-20.73171904278296
-89.92423966322573
-171.82188329461337
-51.98886422045351
19.51511449116187
118.66566308065035
12.175309157733551
1.894226377763427
1.4207126519009403
22.008369903576096
50.88214938482905
128.56944796480252
67.30576533431574
31.7080222770172
11.570237028686702
47.25164867954214
15.25551214693716
5.1362801477614415
11.36663188741828
3.420430144176703
-0.7997494763015749
-2.5245792305721357
-0.11355140186915888
-11.961000096534434
-27.5714259402293
-45.38796217777949
-109.78626686565337
-56.757451181911605
-133.31923368997735
-21.47153430759375
-5.097721242242779
-13.858866413436488
-4.795944514501885
-14.461534763849038
-0.014436875567662755
23.69752359999995
5.933698046141176
-8.700437427509662
-45.91565770800064
-11.314074122577278
-79.30699898881838
-6.205450516165824
-11.49265474206663
-150.5398743336329
-163.57317829364192
-234.78590565631652
-325.96926436567816
-131.12910352727653
-176.44436471726794
1343.167678168892
1210.0881351546545
2656.7274126681705
1194.702085386214
2309.1248113061365
2251.7048068627983
1790.4353801001018
928.9475932321438
738.5653517716992
355.15036652332685
228.8487671421176
294.15668248892047
62.73230429817694
57.22120358567802
-57.71728271436921
25.398993776396132
1750.9311537225933
4105.661654473281
5299.918164627878
2897.672285623489
929.1269678969176
2327.5230335208435
2555.5926337691453
2401.469174641395
860.4382736169783
3103.623122601379
1426.614115818579
2029.1707285651864
194.02744792162258
47.40194530305298
185.19966431351884
1.167180007583797
-22.91073849051277
156.65839013972942
-3288.4268043843567
-388.84129412140004
-1242.0782810592839
11.472509341808143
-1209.5936371648063
-10.489656581616181
-463.4892129611759
-2406.4317096315945
-2190.457703654647
-1147.9450738757173
-423.93699413567043
-2851.4352983298677
-1270.432305498636
-1872.1347865266775
-5175.991593571013
-3056.184957640026
-797.4508164536594
-127.0786544392745
-170.129106770896
-235.1370159017627
13.85730548702754
18.703723548485165
-109.60385141732337
-178.266149646469
0.0034865914728305246
-430.7688339233075
-0.773378026759191
1000.7257223816976
1759.8978975021569
1313.5939469302589
384.8725185610094
146.78575262334974
1497.237952626299
636.6068538155401
399.61999435040843
1689.6121104874878
16.393922892029895
-239.06114076688715
-134.0596193774839
26.306277446635114
37.17368045872898
657.4167753490924
-11.445873216941134
41.1334034929141
33.41831954142188
-482.8096405514955
-1229.9091743996767
-1430.4589679265537
-15.66557576309666
-703.8617478214205
-146.43175589948095
-750.772385474087
-1106.0640001931274
-1123.2778383645987
-1257.5348596159656
-3760.6909193585116
-1807.306749357207
-3484.385950144523
-2925.830551901824
-2146.4810194114457
-4132.66026556314
-1646.5548648368308
-636.0199999999999
