87.07999999999998
155.32150841458113
423.22358935108144
430.5607894689805
495.96862908332696
365.69288958556353
391.0307844745114
231.67856162278457
113.43273541708135
136.8214574754232
106.76582185197051
180.1079909488836
120.87652313073895
245.13677733796482
123.45741127348644
65.7724891247845
57.24445359330748
103.23483017073818
42.86046705989865
0.16413202333435956
32.1765432473445
48.198723929080096
0.07521794061907322
-13.520400474495817
-22.01303479143595
-53.33446148153628
-12.592875848814845
-21.51754398847689
-13.608330120614601
45.5082855973812
164.82254650085792
349.5043925547078
470.7850267956602
154.89596024802503
508.22227538736115
29.61991020656288
168.2326102616618
213.65902105703526
61.5507127637038
171.46788125074386
47.232356201726475
41.57987860033324
117.67538273946619
64.08604183339398
43.038604702927145
13.045537690947512
113.51293544745306
41.47070083396516
15.04592319220685
20.15383812092001
-2.244354750404546
-12.960018091312925
-0.8975946720431538
7.262245060663591
-0.4035512287265941
-33.53721525619077
24.06689852007152
-13.13350602084504
-5.203312454105518
20.276449924232015
3.083568832869525
-15.330420114898889
-106.2700862197116
-33.89854772247234
0.2326080188189705
-10.493093258032658
13.673494251123145
-19.853380777442247
-150.16211526919398
-207.79139445790176
-30.856160197651754
-54.99169619845351
-45.801868714573104
-190.65435841491237
-378.87271283622374
-203.01570714667324
-190.05842876697585
2.97125581395348
-5.472048443599206
-0.017990890952586675
12.003719511527313
-26.08252904311569
4.632607988572058
1.5381758784659953
-0.029117324505211626
-27.23211674668933
-0.07194244604316545
-185.00845336378853
-26.229920663114275
-110.35686980054126
-6.611019066403674
3.738456822804917
45.96389589184241
15.057323768452491
52.26136678891747
38.55320436838248
20.151050380967234
-6.821282401091923e-06
3.020292028059792
1.8407390479475714
0.06017576041179257
9.302482316170384
17.594277819733666
13.98923450172141
4.9374778103954435
0.061016618214953904
0.6357186264263175
-8.131099722486674
-0.46994067004159157
-0.4882200422832953
3.054867494921828
6.841123292595288
0.337204584305421
-0.0005271764857771478
2.0754849177330787
-2.4951710600111987
151.44044791942747
47.47428481247689
17.066455990333637
-0.05888986544998942
-4.3606465178514515
-6.202810494272418
-1.0546963970773489
-11.625332130122798
-16.34015662340527
-13.77852563332933
-35.042400520512274
0.6834995206136099
43.3087823953002
114.60290927895971
27.593604998868205
149.48101457572233
86.77486280762983
63.80547882030839
13.541717869279754
15.016387535619108
0.682675864361706
19.72402228501621
5.5981652347887305
0.15205159793444184
-2.0737259183862333
-25.743945243945255
-13.493737829862006
-2.518928771210148
1.0938593523226212
6.597047523248832
89.67988096921869
5.584218325591819
-2.8591922195066495
6.8649451532596455
2.573962557148943
16.179005096419758
-3.5399701120796956
5.588665931985024
2.241479595874327
0.304246309495779
-35.264650749762914
60.809575900569634
7.370021493329048
7.621069443491351
17.0995462775259
-0.3835487861967524
1.2707552900424206
1.6863737591164747
32.68790313721179
-0.6695008917279972
2.110836334113386
-6.640190885199683
-9.053448250746527
-6.580747642652131
0.9504729915120029
-3.455658440390927
-21.270636155946477
-36.99265093429389
8.052294215795333
-24.351474632679476
-1.5741990644651536
-68.02187879864934
-68.11747101545845
-156.52412232571595
-72.75453121308492
-136.16374778331198
-15.28877202349171
-24.000707913669054
-9.388968629136208
-35.735310648604326
-4.554465210154545
-20.5253300620901
-9.30931598825009
-0.05077763252224431
-61.59515803631477
-6.638819934803037
-85.80963817406976
-130.24578091238942
-39.16213275204146
-164.20087149777777
-74.11276467945225
-157.92472824664225
-54.57751165921111
-104.90957847325068
-201.4370556252614
-89.12116098948876
-349.03856931171475
-154.6558920202462
-1.0348068810967528
20.892700748953033
0.04826227602415854
-3.6110127776348495
-1.8611566858080333
124.76366476309678
129.69093633856843
73.5112669193287
88.1020551217025
117.67626861477939
32.43918633337983
74.71592996715479
87.84230997362235
38.3142603739413
121.592744500846
47.714747860753434
2.4109717098550405
33.366811238213174
67.02580234984939
79.24271200017799
11.973514889258244
39.934247169471135
-0.7674633561871718
9.243193308217613
-8.326479000052975
-4.635290506921521
210.344864228879
41.352240634432135
22.637863207936032
0.8265568848301984
16.672257869732157
-1.0371363050021525
-41.600216574190185
-1.4105823135468427
-13.337410223373194
-44.50537095002419
-42.60107310564265
-18.30186782892804
-60.26561913856008
-47.30689802284508
-140.13180901143238
-263.1489300225197
-181.13372728345536
-154.06265791820033
-58.1555263786107
-98.9491677145081
-261.50225604149915
-212.52221072800648
-165.90612071408333
5.672653046921537
15.138116813336808
220.7015955497227
232.90992743348062
82.83141700773086
17.491283874413952
42.73253561253563
125.21256220691987
177.94622751994552
25.529173526880708
56.010170249890955
157.50896363550834
229.76739804650234
56.517189189189224
7.717048847199239
22.873594440166922
10.544162692640509
1.9882646717578278
4.590767269877585
84.44061800986205
78.76055550179036
63.71754804826769
10.682488940814626
30.57356482762445
4.664541376819867
2.6517070140626187
-6.863270437593755
61.22364516880613
-3.8363916218461758
-60.698960157287146
-26.48584102398622
-9.323983336740982
10.60688399760306
-25.65292868642482
-3.978743943928651e-05
21.29558683901293
75.22517551200184
12.782836959296153
33.19982707478699
25.78593993088854
17.29109698953721
-17.13516191459167
18.181770684988802
-12.58870214067277
36.956099034782156
-8.275171118880625
19.7144910260691
18.23045193639907
51.27377636567526
37.666181470066405
40.14316023206851
21.451386294816608
1.5033308739021356
14.57722933400269
15.717247068105973
0.43879813475872964
0.46155318916159144
29.736716781796005
-7.590209975041949
-1.759250439381207
-5.964129520277215
-5.766905281959159
-28.532223304374938
-23.395029739024867
-41.41802972695294
-133.9399562482704
-1.464612245758694
-14.247373862395316
-67.92706234494003
-106.79830806228094
0.08729736764271107
-85.56904970454764
-22.059966342065216
-5.622815138820983
-38.21340500086082
-27.592637333934825
-18.476428982173694
-3.118573141786375
-30.627474622094482
-12.553076388634963
-33.33395096558354
-132.97718393789455
-69.83174084214312
-69.79775621537149
-72.78962078736359
-139.07140631745145
-89.0100417633411
-219.56923229615774
-376.2147042679014
-221.18833153618345
-157.83555744590342
-362.24250619456313
-425.2238249263798
-187.2747456612806
-178.9457062563052
-108.40956538242554
0.6911860351675966
3.4384301416648686
0.8635407635603356
22.306362497912815
52.05979338094032
29.131481286518934
0.8885285074707342
-1.8104371114813316
78.36988190526176
125.24757578173265
160.5548161920452
156.54276973218958
53.42205565618306
52.33868832441401
90.49834727815835
176.53752734095312
148.51066358627554
100.75789662439448
10.494605071479688
-0.12156644850747156
3.022378009200466
5.439698308192356
-1.5445565961704064
-5.227629593935909
-12.509651327792435
-17.779309987029823
-85.40012101077821
-66.34715264439743
-110.97324525142591
-36.4881135960647
-100.11873440285221
-60.9663950862613
-129.9952378174574
-99.35075426784863
-0.9202868991652216
-8.086111154379353
-74.9842808972048
-122.52652361386666
-218.07619901044535
-69.3310413296073
-12.800347220594082
5.957031109354743
66.48062053605707
43.46356868240461
204.0151941202031
37.04994845803618
18.78803897039309
1.9816687810870213
1.1233393659202804
3.93228182146605
102.13856636383787
-15.407190008403582
25.67566422616279
78.11695203121417
113.93745154646442
1.956807260457264
393.72952865727035
362.9925512909981
201.66043508005617
163.6821992415996
64.29768584780643
25.02232856557685
6.936714573813621
331.96605381663505
166.69981007767697
60.20659346480407
159.50224256900214
169.11070482486923
77.95550018476487
165.46312642369014
122.63125693689562
88.30915599037196
38.06755261075557
30.859401481481466
4.878915220003121
63.364269013706036
-1.3517494676382587
53.73850795903708
0.24816069146431555
18.129297017048042
-1.9815798619984664
0.009002315410342217
36.441155175816185
-4.213857978604427
-5.580851971619508
-6.901439075454331
7.4679107090749675
2.321736483502647
-21.99293922721677
-27.51822993056012
-20.93676627216175
-0.1112946130030964
-8.650247941638703
-17.05837409204498
-24.705417852006583
-33.271471594798044
-16.468308627533716
-100.9232078768845
-54.020108450199174
-142.8775929105511
-133.47763951172084
-222.3463782817978
-142.9591599409394
-55.39849387638861
76.7370493493739
18.81894150270697
-60.27136055276398
-39.08178168088199
-120.22737472412143
70.83388258642658
-13.31556975741366
1.1718224446297956
7.158642251874918
59.30849529921758
-0.6474083585733554
-4.9991947830755805
3.2539287545859983
-18.768006116345475
-99.1664648519354
-124.87013764213046
8.291437971983363
-147.38859719104266
-54.007906076385524
-39.34518155642646
-18.09255656489195
1.5925419778535037
69.84617794453334
43.66979597215203
10.687055681722576
-4.805104580850535
-4.340442108798799
13.266261929900821
12.144819087339426
-10.56315222872681
3.858610176049531
0.26813964923783246
-12.154590770749333
-63.27346274799089
14.35819957654425
37.704578294600324
382.15334839903414
241.0181700377102
91.48079788256518
48.55706712796672
6.7766659977639385
12.659936817555414
-18.801529121788587
53.15489013714522
9.054859756020022
-105.07784842122996
-0.12433330527576106
-1.9705930295595868
0.004464851457240892
-10.688247733497521
3.6229804273878297
203.43937913749417
0.0022455419907552844
1.098154023042463
42.68789693369724
144.98738048585597
106.76891303007895
126.6560094910631
135.92214167234113
32.89383628733465
201.84508086013852
5.9733377496239335
34.34743438031095
30.610348121151215
-1.429207055099114
7.863100285884129
0.0030130041535652036
-73.89244807527942
-35.322903521192416
-36.78583350321261
-18.696671289408357
-80.24425074219094
-95.84774737590877
-5.1105163646530505
65.13221694849486
126.12972361105217
54.395955666438425
44.95978628148211
69.32682246926674
19.14392973450587
3.536567760282712
14.797099880035645
-0.222728821974433
0.26835854173946094
-2.357088727431184
-10.973080669807688
-84.15370956498
-45.15522271731736
-150.4600764431455
-79.52561712704058
-101.47067945894943
-342.3876108915871
-70.20434582853878
-145.72715338488558
-434.84425037583696
-59.90265895739522
-20.894331469065868
-72.36305126284975
-148.37767027044362
-266.02003205427445
-199.39300191537532
-408.5653356683705
-286.49717837212347
-264.2133569938775
-31.37446530648144
2.4771297231931513
102.2016716490264
59.926938891497166
42.427276542173644
25.778331983805664
29.451086883596123
17.097680826339563
-0.9940533796854486
-1.0742940547652318
-3.2257518062434536
-0.24313803299097567
17.26623471170646
98.72826859363995
6.081594305671298
42.702257671911696
6.556512087663802
13.616397720668477
58.53140673572355
27.673408286084722
-0.07927952916381159
-19.430570779542798
-20.727358327325188
-0.4102083379605981
-0.509503356640108
-47.93419465977609
-3.6695047648502883
-29.506777850528458
-6.284736941065866
0.014610407413500299
-77.73562122656487
-126.31075070107124
-31.012148696869804
-101.88240272716592
2.2328692030775854
-0.1378302926569921
-0.3484898146730003
12.912152091155933
53.72016859704833
132.69135848224124
29.097246424506707
0.8847280564752777
257.2075673923113
265.6549448567055
65.34973557454924
87.41193457641475
40.003397014315404
516.3784329756894
16.453780180450863
17.8310497354947
193.22249165034572
22.969261889897634
292.54455203856503
-16.398861079126526
80.93043247858216
75.42431651060845
-41.135170987639725
3.2404026050917696
105.48359190866816
45.628707204905496
4.896875563991637
-29.154701282313244
-111.26925339737652
-2.94754303369133
-36.46800398232933
-22.67241947071046
-34.61713460043021
-72.4619183168318
-95.4494579997227
-131.2229245986577
-1.7388478371375073
-41.12827784571224
-3.1924896423841114
1.033632820203463
-8.89656738103882
-21.45497358490572
-33.386533100284026
-11.06674555110405
-41.48423322604603
-32.36288617754619
-12.499077014848403
-32.852837903979385
16.176188131002192
0.8616467251617476
5.851200140052282
63.795236586853406
90.68528396239485
-1.83751837518374
-2.239101000511215
-2.7333516269305784
2.7294310609943584
2.34945773323006
-11.222759406347894
-33.72157180994806
-14.928239234449732
-48.785873987161594
209.31108178875928
56.63001993630953
68.03782833971616
0.0001362213135889468
-0.1202616407200446
8.662637983147548
-1.0716666803342465
-3.077899180181638
0.5126325579611479
-4.186403628415992
-85.97481296220589
-152.81322664359863
-97.03225330554893
-31.854868973235142
0.30343018394648413
-68.78539005722284
-86.59708433435502
-21.88359558148023
-36.1817077189624
-185.58064693947853
-89.52287197986024
0.6672863233403385
41.66730754535031
11.09817620689181
31.44959517165898
1.445320118578815
17.559115563586346
21.49270648403977
0.24712722180329802
-8.462882283412874
0.5291186999718454
-2.8432819036781805
0.0024594001463060797
-0.8455886472539683
-16.58460785619174
-39.534627786345105
-37.96211002533481
-74.99842667715066
-30.892557926291698
-51.188209570957085
21.656322217647862
73.86113550807656
77.1542477171622
241.3020821065864
49.711235216820015
74.81434354585252
18.962671042316718
51.81306386168037
7.571771767428393
39.74382485411441
82.16510721646674
119.005962961672
114.89665680997058
63.97701765227707
5.081440851769415
8.424955477390109
63.20990618284017
33.25820977603001
0.7280064102564152
155.04290613566383
59.84049477907066
144.40109871612927
70.43048919068731
16.250238246593558
5.933374744753468
-0.0962769104016448
-1.7267316824965946
-29.634250500089998
-13.130435115710625
-88.1914506119337
-43.61528624730671
-100.83220530498899
-102.88364087533483
-310.8000003494915
-95.73103262890282
-74.70790048899215
-73.42075164260329
-98.58775567334388
1.8779026067220588
-93.94775617189376
-303.6493169396479
-441.77120702287607
-117.87329612470833
-376.924507801363
-41.309570369343795
-133.92496383760135
-12.81244630849222
-110.47617969579058
-74.09315687725606
-43.37990234639905
14.30480715523031
168.31744242733444
99.55458001954449
150.75233454434945
146.93852951328964
93.29252353638765
47.257222501571306
47.88282161489626
31.820163657027422
108.86814728538516
104.24275816319019
163.93033848352263
23.360098455307337
39.11813254333997
11.678117945342377
1.8337503201680276
252.91745001682918
31.839299453518166
34.29080743831783
-2.152274389852631
-10.14634026408406
0.28420858161380247
-14.918146902158677
-35.78898817751612
-51.08961215731955
-10.062992182926408
-68.39357708677463
-21.829843505821756
-46.68352072354823
-195.17285193067804
-235.6668925824265
-47.03942056029173
-227.73285691843975
-194.59851617951153
-29.11371030104264
0.09772468879333993
30.93737672338845
81.88919899630594
41.07462586132641
34.402886115444616
0.6769469167759984
96.23536431655445
69.73654143029847
50.13573345596549
41.67292473880986
119.19158623201614
92.45788871736507
34.58011330990688
0.11882004530170501
-5.151430542489829
-7.8841121549412465
-8.83602135959941
-19.604405961746327
-0.03850098888358369
9.920400197628469
22.37908675799088
17.784769974049592
1.1728281892270869
3.992696252439644
197.16059164382577
189.66478485557326
80.36004162876559
65.66205685636673
5.007717303510413
5.904611344086783
43.86074135387448
-0.2095894188540559
-3.157449682145127
30.78544664641492
1.017991498006161
-0.2049479744790631
14.139333298931788
22.74861152141806
-0.34306813944347114
-3.290239390994505
-22.54804843875097
-4.138762476443095
-4.963388010059223
4.116938051833708
58.7504445595184
116.72760829198805
1.3169377087635992
96.18927337477746
32.157274034376805
16.52395822116937
8.376555738199876
0.0932667142517232
1.5293334952045734
-1.220414150528688
-27.94053048500028
-26.744829773293148
9.478419039523995
-85.43922868794604
-81.6142097713273
-42.530487370042735
-2.133530770003014
-83.88102633985396
-24.375197017677458
-4.949949097878408
-11.324725210764218
-90.95055678144408
1.0568869113965746
-62.96877480470505
-57.51115056977598
-79.58672530654326
-194.39043376563933
2.092996784976694
25.637573029579276
-0.017731986653440692
-5.9816679927666865
-0.12334482758620616
-0.8836838248763471
0.973416992692103
16.712121021793546
-72.77121861422168
-111.22503488688199
-157.9294940765753
-21.249640385171176
-7.871996329015324
-61.85310146164515
-129.86218314187104
-266.26189266420533
-350.39170773509585
-27.981239481536427
0.5460187701561738
-32.031812598285036
0.10005822975402417
-36.536523182734456
3.3356901578669014
107.15083788599446
276.9521196836085
142.40519162414216
225.46771013852864
349.1946975983646
252.14093108032768
129.52829077750349
72.05303831110217
59.58144613910407
23.059298363423558
-0.023216958412129802
58.03927476512274
13.33139848237713
1.0994383242823915
15.404366661206044
73.27612237971474
26.44551505652772
107.68980649288343
67.75446629961813
1.0575724203005819
16.27897779409068
21.567405847775927
67.64036875228378
97.59267958618695
40.87364408246384
3.066160026205517
-29.141956640628162
-0.2762767238158494
11.278488996945356
67.71603005676555
11.529814988181833
15.498684108843307
0.45165318055637405
-25.198249439125327
-0.5528370144368072
-0.05838243894140328
-54.586414375999354
-1.4787454953588468
-2.0333668807633254
-0.4515997181113515
95.6078987434347
50.28107486805989
6.243828242641379
0.11454523730603389
11.268452305102619
15.83674696405355
51.02222841225629
0.1697132052967514
-0.014569486531281803
0.30797488574344445
-4.567524880189037
-7.7720130406189725
7.105632488576889
11.354474298734054
-15.748932538909214
-14.886790110599668
-61.911969564428055
-0.0005187035495113849
7.348592870544112
1.8998757105871795
0.3397168256120295
-32.518432654302224
-122.38603230739808
-41.691235171823415
-44.60718625041258
-107.62833769995132
-95.7618692571543
-193.5910290617718
-33.09424083769639
-70.52741277208008
-211.61750455123143
-15.7204623208507
-9.537649273407332
5.510634578431857
-20.787586318241605
-18.606338247277538
-216.75396159530607
-60.409759748561655
-255.11510754241044
-124.06807739796858
-1.4050619669195694
-91.65139826249782
-32.9874922495435
-64.00346270487611
-4.3450083854246095
-1.4364167092966824
4.469522496991322
-4.3979561082662855
23.125431694493155
105.55066055385352
99.14068545933881
275.4225836134532
763.7440187722378
129.64182794382563
246.9948233921878
664.8527031567331
365.4929746675432
137.45251441770827
175.5634703856135
95.45417766647259
67.93924851832053
-0.6992909344901074
59.071108503176376
90.33701894650443
43.75517888412851
6.35222658195927
10.930754677270219
3.1781856474712
3.969210660857551
-0.9750580046403695
1.514807240784466e-06
-30.18836446042036
-4.481260034257657
-33.87442767711973
-20.889094098248194
-15.339206223210075
-10.455817286162159
-30.44887679019043
-189.099786213477
-164.90483158355198
-31.8730665414858
-101.58404639130512
-36.78526309875535
-256.5111629049272
-237.4848179600882
-105.39326392931247
-530.1034448504367
-501.68911071326386
-1032.453928121965
-396.0231747822978
-218.5479426095077
-110.90338502314168
1.6495833458499907
11.30572632828729
74.92332761896597
111.49755575809564
34.41437573624583
111.78157269224508
353.91004812985966
181.12916476353882
50.14755955881474
13.470634852083796
18.18283119257073
4.881037763821146
13.249312614164875
61.23412441088344
46.32534439916515
27.755385127741565
0.9752583996597597
12.109190276789564
-0.1490778824465958
12.087680753564161
56.48143244406205
0.8979140470243768
-1.9060825554468064
1.01723326730995
-0.03439248287254025
0.1261927945472212
23.94124803350593
71.92692195719066
22.927438876300418
41.617540119239095
46.51223760983214
68.27886517969773
39.786659767552955
5.625135125710503
0.9977969612237886
0.0005620875749721666
26.090495722596103
-20.57983874245417
26.562892858001444
13.32871818017692
-8.667734142226351
-11.524843965972513
4.645512005649723
-3.1073017833105228
-0.524210922679486
-0.9256643647922869
-18.851219067157153
-6.137248715406095
-4.781828015470157
-5.9657519855010746
-7.234590845852258
-57.378237832413404
-42.71739668645551
-91.53611424984311
-56.75038668779713
-148.14655520012906
-106.28210051318355
-17.8467502220117
-2.3614239057475244
-7.020830502858057
-2.729784008249546
-83.67271846026986
-129.80375123451884
-51.21277830406909
-0.6846359967545875
-70.91335479449205
0.4012439727392745
0.7184443227080252
-18.730694332165605
-64.17610289281245
-137.39842836193176
-85.65132718756965
-86.41052410016246
7.632084357967681
298.1389001486286
46.05447757787841
19.555185659562866
267.35562807078554
165.9907479584993
100.77041229802978
136.69626721012358
109.74981633516728
21.614998869928804
93.80899279423528
20.168561087107648
10.813581624138097
-0.29922017297323816
64.90773001244885
61.993551007669765
177.17683296860744
26.70982188317583
108.18738760830479
8.673718041552949
-1.3866493146084389
66.08378434637802
0.8424242794084726
6.308338715509405
77.87511617429368
0.08837003964948446
-0.9267533001994378
-98.44890061565519
-27.867282864643926
-40.70232290037907
-7.8520786438145125
-26.542175493012046
-82.40769655246103
-1.1098936219274111
-21.19960869447482
0.020449430608591418
1.4282614022191868
-36.192616953253165
0.01221143880147082
-0.028708219850870173
5.268910130169548
5.722334694296782
-0.5061482898725271
0.0736272007042234
58.407412683510934
221.13014285543073
116.63839302802464
128.18989977603576
-46.72814872594896
-16.18498551006195
-13.755133292769692
-55.045689939416036
-87.13737160589608
-47.6829970551037
-198.26123231869656
-64.85432507634297
-88.62789593855089
-13.392330805898855
-17.212962566193966
-20.676611486596805
0.3998106786296505
0.07229019422786177
4.7334453311413185
78.67902487293664
49.70818049901246
17.894344608256926
1.567923293038116
69.27917343900168
11.952413227620823
40.22264540092327
0.4055551616667319
-1.7907355415047261
-10.612806316357286
-51.72307149373411
-75.5259159295955
-82.32916523235802
-63.7543452020527
-136.73222009395727
-0.040396276914473075
-32.67377117190178
-5.867794062425326
-0.19544219157774262
25.196075931367954
3.883697607439944
22.521153034414418
85.5116956858011
5.110373947604602
28.366043925068986
23.272424392662387
7.771819091352204
-1.6312727782450238
6.4015322975287035
4.872246244787238
1.3648049226968844
1.3870329771460568
-2.0162185931330017
-1.927742079944518
-0.29189898481223864
16.576641233907385
52.76581396148263
-0.8108167853128473
35.06568246806053
112.10191109380685
66.57528903722208
25.578665423096492
5.802532439097482
0.49461059294925325
-20.669589492642817
-20.9301281216327
9.175436805659926
120.28156361626566
22.667759184021364
6.360554962646743
-1.100516187457545
3.011177645003591
101.75810808314922
1.4276971823559241
0.7676106613440365
0.07269032694741591
-15.105178653902655
-0.9148630678756822
5.123943066262735
-0.001451673588187632
24.572719082422733
0.0032136609112346512
-17.57977951975655
0.0018310722597492176
30.055659817662242
3.024728182955981
-8.494135435097338
-3.255377285784357
-7.586944300843395
-75.86020981745324
-54.133888692743646
-166.12482721978134
-53.86196127543868
4.40477820200121
11.403642412900062
58.835898641803425
23.034780674445248
0.9971138137449549
13.065390510288205
48.771191244014496
-0.5001076341270829
6.888047646570989
37.95330756932844
7.227020206157126e-05
-0.48053028101057293
3.3667433826926874
2.6892632781267887
5.600279572198257
3.464305897018594
33.68343123518411
-2.902755824966827
-0.010014979212520165
-11.684417659098099
-46.924462000364024
-24.97041621876617
-87.14825618595732
-10.298462949655494
-12.602140315824538
45.56277504616894
85.20210027897173
66.31316750127914
63.484597054154186
-0.3654486939009267
0.0034221912188477457
-1.5392285140043724
-62.39041949256691
13.692197421878944
-23.10150486345764
-55.42853740467736
-57.28111177183997
-182.09146588984174
-151.70989617296587
-127.68114537041272
-404.6089599901739
-18.58322124082159
-94.87374954346635
-35.59820934707167
11.502136224652464
-0.1364014840712107
24.57757374706536
-17.03657738149731
-161.9968307195134
-137.64637164086565
238.36600388535055
101.46867555918095
176.9350779375402
139.95323818096088
177.30493200674766
86.46793918835486
7.161634594858389
16.95526422865574
0.73387633531897
-25.96657414776493
0.3825141442042085
-5.209210262480827
16.56172422891711
-7.0274590098376155
-20.244994369765603
-27.65067477025998
-58.82555326503683
-148.9925585318591
-73.43024649963158
-127.83319577120503
-135.74379067579727
-191.80554255825012
-177.36828929007126
-127.82055130376489
-15.226806548204465
69.6308172105112
34.05082153296359
4.440655434297016
1.9366703250757982
-4.438978272424516
0.3933126917958101
12.373499628305753
-82.58344011484418
-112.8139356775921
-0.026848497762625042
7.593140473777431
519.6607687311135
153.67496381972524
265.94827491501746
191.50422380440295
75.48446803505257
93.55080974578902
99.02566766810507
6.45904835265244
-19.13225249950994
6.535799860744894
17.452005815956696
0.09523873646411961
17.193963074635537
207.30108964369458
135.98548159725425
0.30655575029005316
48.10514833701508
56.16757423259153
65.3329869931631
1.0922875027269954
20.57939424699248
26.174631741317924
-58.600661166594314
-77.60699619100109
-25.30245894487549
-3.9687251512804633
-3.7720865364314737
-137.34249781432936
-3.6054657892923636
-14.30590953999155
0.03379756442543076
-12.134363841889023
-17.831913152750637
-156.37622568158596
-53.34301121751888
-114.06256847230671
-35.26005365006517
-339.09474562591896
-214.66810172684453
-85.60008674941915
177.93795727849493
134.9108554248655
90.52500132165576
83.54663891795184
39.54184491358305
24.812209587556325
3.5810374834031307
52.20027879811418
316.7753762535944
6.870042963370957
1.3536892164732786
-8.540356765704868
33.48830361942797
65.99136628769168
39.86773782306407
141.04083567409972
-5.4257396467630175
0.6023083691960823
0.3538821994482508
8.196693995144914
-9.577829141730122
-15.643731450408291
-9.882556441648838
-21.209892774389942
45.42506102547013
34.856560536305594
9.25864599557804
2.122171251588781
-41.361798287827334
-29.721377335633715
5.11855537277414
-89.03158686666978
-149.78125217353025
-104.9707323972117
-42.404342292037576
-4.378199711104786
-0.09726673144912601
-157.4834332170752
-4.079913134306072
-1.4090993551965576
-2.7887660790852604
-56.57513563104391
-25.44405612850473
-121.84119705721287
-329.08010492207984
-415.49620741808326
14.06764116149807
5.993362722263603e-05
-97.14983496374731
-198.99542103648486
-5.478204826368399
-2.1643085838987966e-05
-119.8632545171773
-9.427785589349092
-34.19198352832515
-29.572540200604962
-78.60467443664643
-40.72675914602189
-136.80158808932998
-160.64417696318532
-60.51677108473298
-97.03798658587951
-123.60733575197892
0.03690691716481586
178.99749560735626
431.5185622269695
401.13562419768925
599.6424342303724
310.83835296273776
247.73086078232842
381.4764497114275
310.74042791683723
182.94691300727666
325.61989296892466
106.21040865531347
321.2038994349605
109.77111183078625
77.70958017080189
10.069862331153995
22.501329949486305
24.733664102922766
-0.004121207616094821
-4.658798678978242
-88.19387769529865
24.00993035697186
0.11321273365097909
52.286506580528
-2.9401135263260803
-39.91429585443104
-1.810162128845529
-19.762553516581214
0.2809284119492331
2.5595294208454464
-115.45310074759712
-75.03902556265385
0.579377844773707
-122.8700858856066
-83.82409106947954
-37.73745806498569
3.5369985713469125
-0.2476649441172927
1.3348616405365268
4.567605801264312
-22.079828349546496
-69.96141779407432
-0.9745283970543779
-2.021317241510089
-0.1708480730438497
-3.8646951066499162
-10.712838613406813
-40.86004563123203
-49.243313701222014
-145.253635196639
-2.8221374602172005
5.213854415274498
0.023273341342338348
170.30072634010722
164.81850464729482
246.2087935463267
68.77501948070395
5.403712426427272
45.52546819923379
60.05756372972061
32.81745842968829
-12.223355725570732
0.5118769324731827
-4.87148843409957
-1.8450322630057183
-16.02058794003807
-19.590825506968883
-50.32913835636572
-12.232858930858843
-78.84069055479898
-15.784810581145237
-28.990591950944836
1.3535404607206172
116.89396124829956
-0.08534621578099325
-1.2525916279569294
-61.25678669794965
-90.2716034441915
8.846855230451808
-24.909471820492605
-41.661915917437
-45.314950756795966
-88.03449772290418
-98.9862600469075
-455.9170910822466
-199.2885801183235
0.01408996744598985
2.1209603354883635
-2.8726683795191787
-46.536078442759006
-38.49398760302617
-64.91699969178435
-84.24349076597034
-0.6365886311315768
0.5164397905759073
-1.5131451026051612
29.13258180510612
-1.5163858463594797
-27.37479111473405
-8.964870395057021
13.658492520138065
3.5749900535577703
1.6562082689638924
-0.35274901461043384
-6.591178472284399
-3.774221401327462
-25.89286478011671
-9.740343668654639
-32.541035346136404
-27.275839398873867
4.885975606637839
57.705720794605504
30.616134484833744
50.89401248220072
315.8635818463803
401.1013479377124
280.8892352102755
0.3444375045759927
143.18255785251458
43.426801487848124
53.86776571373029
72.16647280445284
15.943499564530187
123.38577483574562
27.306119612145192
4.277416702851365
113.22745734254798
92.29339385459349
54.31959820430343
33.037587738862044
1.246276144150318
-15.468081778520396
1.7562817738897654
27.587458371053174
7.066553929160241
1.9576832151300336
25.821058242711217
3.923178061306374
-5.130716414294382
25.976599050013995
-0.26838949011628943
-57.64081375874956
-18.259676823900296
-17.1523705225569
-2.024565290765781
-10.19244065782721
3.4171536610519
246.21606129571498
6.233538108018913
133.32073741461357
35.2183220371862
-5.96499650543025
-0.19387004382484135
112.8218577627966
262.4466553433335
68.65663190098734
200.50508556255426
67.04390606501124
-0.6561846812931533
5.476647080426034
3.5818521306757773
4.0594136137880135
12.874415118453616
-2.1334535617673556
78.74387578482947
31.93408611570574
50.93382403714498
-17.332082115213762
-103.7520947736533
11.72944863933511
0.16959893974200657
-4.125342652094398
25.410746355901576
37.86205954035963
-0.9234205260774979
-30.679530060478857
-19.713044457695673
-2.7342606290511884
-6.176758732429157
-132.75907513182253
-26.625865235809094
-71.28460058163168
-30.335960800562052
-100.0525870903956
-306.4181293735012
-128.21537098969782
-219.1978031012593
-305.24994571145277
-8.715634407828029
-384.52877293264584
-308.0041696875091
-0.5645715324816973
-17.074210952561195
-432.61592955233766
-59.9430648078431
137.93610412464045
118.43762532035531
53.153470551938675
133.72992863703803
63.6079106393977
3.4173592028069226
-39.57048222060956
0.8339376680274913
3.0011399929651623
-13.167097524159788
1.2050441793829587
25.83426084009409
5.273828940051156
11.869488745281732
1.5411373793350098
-12.726414221761779
-40.68847051715494
-9.770893308427622
-69.9098735743018
-86.83585872816752
-86.36384742297615
-80.15811770379327
2.6700184487951693
-0.06054647722401358
-29.828521116158825
12.878118707972181
34.95281410975469
-24.774734463660824
-0.1229172219754216
-0.0016809960919749493
142.94567907995645
0.0017911417911417224
25.79421007032458
199.3381277962289
121.8984861454514
51.9482467073563
122.14297408432111
25.476667464019453
38.384154466306
103.63329587603384
-0.6497872223945734
98.62914181577202
5.228287376909979
3.0668705524112134
-5.826336629738963
-32.52967183005596
-1.4071370590942736
-28.873442304434846
-57.60139575591485
4.347315197959741
10.088447948194581
-65.03448584983732
-258.4466531232762
-108.85436565064569
-64.27088605528124
-2.1081784261781142
67.69490077306106
38.07497190560275
19.188879141779513
2.170334869640639
8.24466342734299
41.02573517130797
61.07260902888116
5.380017901776644
27.955146825559844
3.423625221117183
-0.05543562084180141
-0.5375581651516799
-46.858244952566146
-59.62202188118993
-131.97911804171926
-115.84881039906016
29.6440592608104
15.00974594247939
39.695112190176374
9.355598550117023
23.708760449582016
6.899185966835689
-31.52303871000048
-4.325007511119394
-3.7289802375005374
2.4096211977133226
0.2105058916492228
-0.12657156271443604
-29.31718205458029
-17.29643444887037
-47.01514273893258
-110.49764104688239
-28.851600963720806
-3.3393282515483604
8.388434271061175
-28.326832153716403
15.048977284634772
-7.437486660167125
0.03474341955775731
0.008690187116126291
-1.2727849216997824
-73.0602732293103
-13.894238821587376
3.5269871709028804
-24.42671971252567
-2.155065967183843
-5.734500836586728
-20.37904307005453
-119.44030491578977
-131.97561523516194
-91.8678727624459
-34.56232008864967
-21.100628488815698
2.3146176235989016
-26.772158223455946
13.596381023533851
1.1467166371233288
-11.503996916085056
7.86722598479613
297.2811134307587
138.99436441599624
23.101808647177062
132.52361293582607
0.5420716912000142
-7.9807372409823
-36.72870516359861
-193.73680341492107
-226.2619283064103
-94.86934302356084
-0.69511309728429
-12.388800051666257
-0.5848677206130717
1.7478620689655133
12.628815531181038
0.7879653043924756
65.61706243515832
23.261488069567037
22.963802882742563
2.239266640527897
6.469274179375528
0.34400016763405294
1.712209360845486
0.19780798199289887
11.00349411542013
5.542928200790936
0.13740532651515974
-8.538867619410755
-23.149627880884527
-3.5206791171476874
-24.154425568900074
-12.216536409495982
-21.218044860916407
0.019091683590073686
209.52596017819795
58.65217230769223
5.804090198362829
9.778147525480728
198.86902949625434
68.13254541609788
21.923264729299387
0.561078191068633
499.3467994723277
137.0383443451224
342.40973334239163
185.3041608535083
66.5218878555612
76.37807474069548
3.2493100734912104
38.22183767461336
0.6273409757397913
40.73675221723689
12.466381393083266
1.1503589606214821
29.096269609603095
6.889254988101788
26.6106769890641
8.311025483322034
64.36500349406008
24.638257859890686
1.056483466877324
8.194165956966518
22.552984521813677
-22.644271932433263
7.8771467414686125
0.055568437754416354
15.29077358960525
-18.28429599755311
26.015047903564458
0.016760272400337086
74.14585605690107
56.31797841184837
51.073225158714
1.5237427369264676
10.811712190287405
3.1902028533214173
0.10151481888034822
109.93045858634919
9.295581072736661
-2.992782594376492
0.21053303585828564
43.553794043412324
-39.613877576637975
67.37023910858267
0.21917076768678462
245.69471893151967
1.3899117532139678
13.377922467984709
-2.2536779156327547
189.149155557206
2.618945912883161
0.3350260691453036
-1.9806277894497493
-112.41257856904046
-15.012364935708192
-4.8074425698217595
-27.758954194374468
0.019612864969999127
-131.99985727642724
-2.676480238499411
-56.58862272747773
-114.14029523863691
-3.8233475803420727
-97.84772243329209
-181.30858521538988
-211.73494765247642
-96.38667082143874
-286.4501683835923
-45.28899981676999
-318.4058535606718
-2.1637383778185724
-424.3595426648734
-362.5127655928716
-260.41673167483884
-294.06326964091755
-246.82295752303315
-213.31333175311858
-132.0911419306559
-26.046463831456183
-9.995961926737797
-124.17600051533122
0.015300735555351093
-0.004291844069670622
-206.80629804146918
-28.97476436112191
7.038926413082162
0.33364225920041385
-21.179136842105276
-198.63393558269843
-110.14883565124981
-64.49234228747994
-182.24797116511496
-209.85187137139957
-287.9711557563117
-216.79353565770882
-222.35891387409106
-18.61407695599733
198.02290051255093
134.41169924724286
90.46455930854094
153.21582102646582
79.78197437063598
129.29561752801632
13.398930338676719
59.34954167344509
-30.336395764705834
61.879515718150095
39.75168730559306
74.9181613508443
59.326146752138115
120.4714516013469
80.58142259414215
55.71364252183726
85.74823838548369
46.96984064330175
21.352474346483163
33.407043166800385
0.4328111934747466
-1.1461545664523398
19.751417685983554
-6.083763373493946
-6.828070553449807
-29.56137188959052
-70.06667968301359
-0.17114091769467055
10.550942520245863
0.6928423081793712
-5.636746903340631
-26.476384923160904
-45.64954798047459
-117.17273603183062
-8.016161171865539
131.84178097461302
12.126026336416363
129.06696028404758
130.85165464045804
70.60576408848843
0.055267506433699584
85.14313504449886
23.054157711166184
-4.032947961237302
11.510063696626302
0.8837138464494936
-37.341279052103914
4.208535483615349
-23.884940312566094
-23.006088279544365
1.264748749184244
23.825464815281894
1.1980919534761907
-8.751288384120567e-05
-1.4622851133764758
-14.697582566786286
4.895844858004633
3.745731284526018
0.08489826180081128
0.06565568388534186
-3.9270285159513323
-4.9788536204853875
-7.988227513919068
2.373332318641299
-15.82882132872879
-59.23646809634786
-109.33631131553672
-7.076274745616823
-10.39347660898519
-8.16105573996638
112.24557841950559
18.621636816022743
108.79811150548908
88.86036603474372
63.59120052910049
95.68122671475705
76.7701529668852
12.697790016522312
15.567761363297203
4.953574397711506
-1.6814048555800682
9.443487434167487
1.4610322491093386
-2.1829535371264197
-25.786565272496823
0.09894259685122306
85.99024720570372
38.541153491302616
5.554130585279998
124.88923272204966
124.05824887588315
21.685872488593567
31.63404695962035
-3.8574235958010825
9.243387510066633
-2.8298586661846907
-2.123015949780923
-1.4993020229504337
-30.59206085014
0.11083587184563114
-0.5289814126394063
-12.73517022206331
-7.777357376297224
-4.003664348294488
6.668455134611628
-26.003778076803584
-127.69573264359329
-40.05826524895099
-89.37545955882348
-108.85555845799067
-76.68280687686443
-71.12840620200033
-7.898765977591936
2.6449618394357985
2.0250723387946787
23.309106681124373
11.187451081359388
154.9545151717038
64.826725894338
-0.47334112878078327
-0.1648658604583155
-7.352713570893168
-29.358555799321575
2.950797819036027
-11.758238355236497
-316.0458036610348
-30.618651794636296
-145.44344817828897
-192.02333382525
-200.46077363014012
-103.58510131394196
-157.07376032051096
-177.66333043651863
-25.44945026594118
-11.656636768825326
-5.346297464362321
-46.1362740700149
-104.1410996613803
-103.043530795089
-75.54482742679008
-19.87039033590031
-8.68348707508174
-5.863885344936868
226.3766906865509
254.28552108309754
72.2898917082199
330.69655503963224
164.42688312777915
43.87085788875734
141.46510158013564
252.6694856485633
47.34748228083041
108.01379448468737
-4.951381694637487
0.5842504426049104
0.8777853301022447
-3.571165172985538
0.01577057313450021
-0.3340302444570751
-0.8845138996566541
31.910566932428324
0.08246677543962397
-4.967256663473909
2.8975575266092437
2.3538310877502
-34.65291583087736
2.5443191811432375
0.06118289723916497
-17.037654544962265
-37.47961190894006
-127.97765654013071
-40.00531926682777
-2.377092978125533
-204.54092268417224
-381.5250147492627
-39.839530304885486
-258.0102614783584
-16.01693402181456
-46.3237409675788
0.021509602433524316
190.5618177767879
71.85420118431897
128.12342532418452
72.9881262281638
82.85061675536528
39.04404540967423
96.33849861140777
6.084904909709561
-0.9199075179426712
2.3965694171892817
-0.37928915533668983
-6.2092087968952185
-17.24516112731705
-35.24922412423781
-53.99532512681773
-139.90660508905228
-78.1179249554744
-8.617742767413308
-77.36674545849314
3.7867656272873758
57.186815429413876
69.43735501973553
8.037716138488546
-0.16636247061337625
15.618997158616121
-0.24161641703948164
-10.577550577693906
-10.151346228047247
-12.685824026150861
-78.980299118388
-41.6946764463579
-16.60611096215325
16.300950416928174
0.4213049955469191
393.6245413453612
316.36380344942063
329.70495601770386
212.85822456032022
50.5775342626215
82.96415481309941
15.792382550944518
110.04997407157869
4.075710204907899
-6.979273947740924
22.316579394577275
6.826202136355719
-3.9021115131644657
-1.1022731581541705
-23.375653368832324
-33.36435111250036
-167.36806768407357
-150.49617936334005
-43.236147102799876
-20.618733428405452
-152.8846666666666
-27.238621529950226
-90.68766502918243
-40.21367021514314
-3.0180165289255942
-220.4272953982407
-190.75371509256365
-10.65199645956567
51.74464383882461
260.7631622315529
308.22982858406766
148.57143345394215
31.985377350652207
56.39779942057585
164.03389533975528
15.82754456321416
36.10101940175835
7.949434932604868
8.02069940739073
-12.816923535591558
-8.460771004467516
6.860554508625835
-5.510245492648523
-27.05028529509406
-0.22790437383275344
-102.11869982728828
-171.5239148825405
-40.63937579166028
-80.73300011147037
-194.20455853681995
-62.680857131146745
-45.197628630090776
-58.98898184966316
-109.66343228403302
0.3891662968363668
-0.26765868115584335
2.021741136869535
58.94096539730664
52.56200170495718
57.81148592994595
24.456715773431533
104.12096677065392
13.018275439671031
1.8249354940213933
0.014146497458510833
117.99765235005322
67.61217952566803
45.470542193799574
22.990132324797244
26.453681013895974
-0.22186883488804157
20.793536244872648
44.03966978236853
15.035539998013943
90.69354478006787
8.52055312954872
24.579651011031036
-11.18056437389769
-60.261732517088575
-18.502899668546505
-15.078043818466355
0.012264672036822638
-25.13755767439315
-16.904880425621542
4.476520919341926
4.764630934351735
-2.6300213084542676
-21.3982430186975
-60.27713486289862
-99.53646559945068
-225.66275048570625
-75.4877068333465
-161.21730802184848
-157.76747090288418
-35.56937257438557
-182.3325800149243
-49.79374019954016
-57.32157284919252
-53.008584964859494
-20.705633853977485
-45.57487454699447
-60.96455166054646
-92.24037627183722
-48.81549801299437
11.530984284532668
-2.792841331165431
-1.9050500071438743
1.5506564032657137
47.28143507114493
150.44643714331423
83.87865362966775
50.124623050956444
28.73145996156309
141.4025864086537
50.6506294263328
59.64908278168302
247.13623220973784
143.16664290916646
98.39003098301704
51.646271633910175
0.8383662856362679
55.52971975290042
35.828282987606855
59.19086093107223
32.73430402016645
1.8581462281521623
17.86218263494399
6.594408344733271
-21.707698578437505
0.09542084650987538
-27.2143176758162
-6.853395409376487
-8.92763871202473
-8.81469203571258
-85.88227756900353
-118.80106729153786
-17.36908576832896
-67.39590113121187
-53.96869861573293
-42.0682266809925
-22.5560241837969
-133.01293389365617
-123.58369214406696
-75.77062986438862
-5.1498618610660305
-5.086646224334443
-0.9889959202841023
-2.4719134168578245
-61.323840320793806
-67.96510069994231
-6.217315926454521
11.5771205453982
100.55845374431175
101.72523179280886
14.412744145997268
53.873131917584885
10.12498924418989
20.338069135194974
3.46769687504206
5.216151237253744
-0.7457213407105904
-3.86957794850416
-6.533549689352073
15.293796915873022
18.10006313834726
77.91635074576038
50.19586526758981
107.17609208021234
63.38619753247593
35.951313929811874
7.217411958246593
3.5912730009792466
-0.7621654051469966
8.597913349188271
-16.47124879898533
-0.006098349428121769
-25.271744416545527
-55.82718111540589
18.505854532738866
-1.8621796551543408
-0.027547323287330217
-45.99420979542508
-39.610979831840396
-8.976140597539557
-3.8942831428805444
40.65546069219508
-0.7572081027038001
4.2307962029508
-17.88832281298044
4.701291119938002
-4.171818158107509
93.26822478841689
33.278247439235564
0.3595141825911731
40.518801433519215
25.5342805659607
11.975162423943194
2.1117320630204737
-7.13509470655017
0.10257292517660903
-19.527468827930207
-98.71712571025114
-25.03424710325509
-29.669531021006325
-32.144109392367525
-94.34894801760025
-116.47473044644259
-33.01081604734908
-24.04745086057642
8.57663523753777
14.117447315096245
31.46750558685007
143.50436281824904
111.4546003073522
76.22634747781157
9.914583930850307
100.9802464058881
22.813282116268038
-14.797744538721652
40.0782489390488
1.3222569416429513
1.3532269078257766
7.859282520536537
0.4011930777490079
-17.018886099141575
-18.01360763267736
-34.08528956529617
-10.59371155833291
0.21941214406886567
-9.692897201456226
-40.73076073718169
-37.72201618341197
-134.8222531291728
-67.77876251292182
-167.88503273980467
-151.73307193110145
-13.423406584992325
-50.56302087174564
-14.640171939477284
-12.624422464537306
-45.44500696752063
-145.8442913301024
-48.5065682178827
-31.74207351458151
0.0007635015114210863
10.22806183239615
0.5826263444704027
8.305370572758587
15.077194461167966
8.290887066716348
12.482700421940928
-2.491391965107153
1.8857474567938604
-7.4647834611812565
-2.0309332359155654
6.070758421161418
34.37098159509203
27.69568435171922
14.834294840692184
1.3743609618777644
-12.114956736711987
-0.11589600742804017
-3.308969308687919
1.2144164559654196
-2.118972857385857
-11.97222901554405
-33.25615001832314
-54.05685038215891
-120.63703006851503
-34.06337444302992
-95.33601520802858
-138.46332668057704
-158.6510010179844
-128.99581081081078
-32.55988198849387
-48.36756368258942
-33.090236815685344
5188.4404863025065
4526.7427596551925
3074.22640248642
4054.3700566662246
2555.5451285522186
3230.291513471736
3104.589717984828
1439.87991087344
1377.4030330768308
1501.110867673326
714.4637499208429
609.0642254447764
177.26913590185706
535.6366889579313
61.47640008841
174.54234108903609
-9.336293090057888
-174.20359026460062
-173.4895041384816
257.7074680578161
90.74244915628239
73.77066058027542
-242.96534233570196
222.18924501355508
0.021120167783679766
-289.3342413081763
-90.14387835136371
-46.08129086029548
-1601.6899345932525
-514.7085491453447
517.1626641314883
355.46930896709273
-510.5339561587811
-1762.8829877793828
-63.61301307216198
-873.4200625009432
-84.56599733018973
-584.1225766537029
564.1280922751961
-108.53844610738953
412.6066308389613
1345.1100417554471
138.92952451170018
-10.85115871538249
-12.28398759237102
46.89822889992538
-198.6886063016835
1198.0264790369847
90.9352207941868
711.0302223566796
290.2124051954165
76.46434971395036
20.79534968280083
-33.23434938323342
-208.95759639016478
-327.8763309876772
-131.64411008490018
3.0959830456782083
-285.19612050267364
-2473.528366275027
-53.23415084405978
-1554.420456330482
-569.238056511321
214.019644000244
51.4414097167183
2.2551273885350533
-97.61274824317209
-1012.0998193130825
-158.11294097235037
-237.888473461719
-1855.5776231473842
-1280.9216293623535
-190.56492616352432
-445.0648610859649
-2306.155022630201
-2230.3986125992456
-1747.2208179230138
-435.35120421433305
-548.3635612395477
16.03262439810362
-31.198978006825524
-487.9281581687269
-177.16811486679288
-151.5858913187541
-305.167676171747
-522.2085024098149
-1886.3434640680798
-787.7393497924245
-1181.9568420662017
-2215.4599999999996
