246.72000000000003
174.19623936471916
263.66842827395385
32.96322735773445
298.39922029786385
422.84958227983327
99.5252346818821
177.62892829606784
330.856846828712
367.37263553206884
121.32497582025154
157.00834843511282
216.41779579039127
125.27296793280148
42.97216731448481
5.353822162664535
18.606880237632957
79.88965691220992
43.24740422746697
101.37984059780345
12.729149728679582
1.2606733447410237
50.727209906372686
0.9720585220268607
0.10476702610268551
-0.7740696897954265
-3.4557600456434923
0.2237835427042276
29.09690701769093
77.24706823964846
66.56242106717639
60.972594028693265
22.242173832980413
2.406637910735302
2.8063630027469113
7.818398630890544
6.124960327343874
0.1588009994411015
-1.178449120863903
-8.8363507319237
3.1220302375809945
15.919410623855184
1.4362869563185103
34.72125728868613
-8.81198307733353
16.750814439435345
56.988746441297025
65.6385185519544
1.029612700816799
2.9449826832641604
13.028634787542567
2.244260317587852
-5.092273487500816
-33.06506941244579
6.078626103555256
0.30071706449279295
-2.538916686474934
-22.61505667379295
-0.010712365253661621
37.829633673745825
52.96166596923082
18.228169341737573
15.243098010674435
5.627655143892792
-0.5671937189813658
-0.5007286019639983
1.0612505307855606
-1.1671457255201965
55.309355403276854
-4.829891373370266
-0.5908334716183813
-80.27769229384711
-33.11882230234043
-107.97621210774281
-24.159534262914285
-208.4381038711742
-67.85137080867855
-73.19585983400165
5.872172866319033
-7.729783965842781
12.062363238512035
12.918851189715287
2.341779406864373
-8.099581823909286
42.0395024953434
18.754575123231543
11.768343595113397
30.70076842326262
-2.2016646201888834
7.5297097002596445
0.25261820276799135
-14.423781991963208
155.08912035597228
33.72433746630721
69.56320943474046
-1.593030427498247
-0.7023451730987924
39.18567879260997
54.52330842254092
3.7612335205321545
84.092191272052
-0.24368954874309068
1.4704433571135014
1.530260550285975
8.821421702068493
-0.4956400075628643
-24.09515284996917
-32.86575555587074
-28.77278835030736
-0.7208134757600708
-6.174277561804939
-0.03306618380307613
-3.959278855429739
-58.3872682447145
-112.17818394673301
-79.14273519988544
-66.26906267029979
-1.0695414252326714
-40.624753347122216
-69.68189067764888
-200.01543539472294
-112.26851617067392
-218.48558756352128
-65.88543679031034
-203.38734000550906
-18.2495285294735
25.504540905076738
18.336484399740602
-0.6029495466445816
30.756355165911977
106.99411089063013
119.12532486297181
69.52146040184509
134.56196086436262
125.21468542618949
46.92897810452807
23.89619110523998
76.60173251228119
47.951067064370285
-9.863149482920711
-2.5347434852610755
-0.2368225824399996
136.51368102124914
52.39399984912877
6.207200841219773
29.879363462762587
29.382794727361155
151.23499948915304
4.909220053797281
-5.31174886235791
31.384576304822314
13.867840280928112
11.231289346751598
7.711627822781362
15.237934356948463
4.892664654883385
2.672316691880984
6.440544169070178
-0.3670574676979672
0.6183546656855763
-0.008457045968348988
-0.9657695139037217
-0.08732840435542416
-4.277116370694388
-1.2450275195834322
-9.106442130293983
0.1896984544657166
-26.028124727431305
1.487619979943652
-62.371288960888755
-15.622810337658493
-20.253642694694634
-10.980868946351727
-2.22983993040454
-1.1836313180779425
-3.858872525861359
-0.007285271505939025
-4.620279802040453
1.9986428409862054
-38.308775048526066
-0.02288712020410269
-20.96428137366615
2.473991226761358
-48.12989337302112
-60.114150850670455
-108.276055535935
-48.524382718263276
-20.996709054675108
-4.907267808262757
-64.61142955216738
-95.30861409882847
-0.0008619960373117076
-0.367144588490212
-0.11697373067832915
44.13333088247303
22.67868805879108
-0.3808890104970002
-14.78996489174963
-3.1272593068035968
1.5655119628075695
3.3718966121681486
8.889685067232847
-0.07554818604847055
-6.4389400921658915
67.72850701785677
1.5546854110674562
0.6955594072975309
-92.74548024037489
-17.662299632214992
0.0003044982698962693
-49.88482718745985
-2.5534962767663028
-50.62215356686614
-6.153045507030893
47.19108092080425
0.847310446595192
43.70223180884964
34.000761924033775
70.13720723871134
48.3470399206494
15.082641837409898
0.39355873068615843
-2.0979000047662097
0.1668440264275366
2.6566185041584577e-05
-3.3693997736538357
-0.10850134464334873
0.745662676056341
0.009726144264811675
-8.490747115707718
-13.223974123574873
-1.0699450870557485
-26.768263028999122
-6.76085206375152
-12.907604102173313
-16.59865785274672
4.331995218937677
8.104581717309232
158.92219942916145
0.25326798829311226
16.149347700278298
0.013911948949123745
155.28181103086615
141.7133773388329
44.50001713407413
-0.41829051170052006
81.09614384839028
71.53818161607967
87.67966740215758
20.237432961025476
0.5479033090436166
8.718108100358414
4.645111166174859
15.51232996903316
-9.063443914345953
-0.3971152776674339
-11.819143754571627
0.09943175615501856
-17.268278643290756
12.426565553527332
2.4184863739671587
-17.552038469657667
3.608617465939177
3.1637110768281174
1.1297948828673297
2.247852596350404
8.285376669563748
0.23296554445029238
-5.351795139115161
-4.176894752991702
-11.902297388249593
-31.972513326871777
-22.68825880843331
-60.604099088572056
21.150495695337646
-25.938878820919633
-0.04224634865488846
-1.583234586900068
0.1156013745704467
-30.545266300146128
3.308597683128657
-94.1848283601171
-123.86672074712436
-124.26077424249195
-3.6197758108282607
2.3700465586313944
-0.3291250216150842
-21.149081672528304
-64.73661239952895
3.893623468546573
0.7010114261531861
-1.5167215501552285
-10.183191358857677
21.58555954455064
25.644428822764482
101.59048469439648
181.40161495932335
0.8550898576281778
14.12121935889374
9.32739702680843
-18.67477001703573
17.525763899466853
75.98717949778684
23.87321445765285
-0.22166117179361927
-1.298872250335633
75.78461571020424
79.51873201380295
30.688855497525836
57.11981617029449
-0.7033330434908682
84.39593531562954
8.47717628437539
-0.7870135948769188
57.991308018035326
114.9323033767634
20.571064769547252
-11.708722877670176
38.022636546114015
-18.322034382317703
-0.401926137264217
-34.391030583279885
-1.809207193338457
-0.02688883069267993
-10.83618505818786
-99.20613006441229
-0.6259263471124583
-54.67540149125319
-59.73264725303753
-19.024956531875056
7.640677597278598
1.0803596916928389
-14.69568711778218
-1.881016569157259
-154.57641819463294
3.1045287926340825
-79.06043288539615
-18.885119309247766
56.615577504343435
-168.89870082745526
-55.208813236888076
31.458676148796517
-2.5656249786725738
-0.18981286996371724
-79.3956872021783
-338.2702450783787
20.575714682567238
-0.8693433102523961
-99.62664364014087
-3.830594936363874
-27.03977972905162
-0.3028518604113737
-0.022738470352335612
0.6606150595791456
18.882682581638804
70.51423677636583
73.80414129506923
-12.859355047229743
-5.018317262053445
-2.1822997568967413
0.6106198739532047
-20.769918823160047
-22.245435786747265
1.4112804429852468
-13.763404292884719
-8.363058679013513
0.04352818949993228
0.6282306909773837
33.45788828553731
29.37681263666704
72.14647415172767
26.949384093113522
58.1239072252907
70.99437417654812
1.123753639192854
9.609041587865635
3.7634296808533785
-0.01998661001673861
-0.07950943828155546
-2.8838511026803006
-13.939410514793476
-3.2810955120828686
0.04173435864110283
-20.806662294286877
-21.164070349733475
-20.543471123660545
14.45978762974002
10.376296694013728
5.042275243727858
0.0015158781215274502
2.2898249971773774
16.599160595094524
58.54544453479706
183.66117873153354
10.168947368421044
19.56863614110365
-1.20792205645949
67.62967372035462
-0.24845040329042206
18.877417909804898
7.924943440007731
-24.824269102103862
2.3336362591471715
4.045139533266419
134.52810870253893
43.97947908802666
22.810464902931578
32.2735368260401
121.57645386000988
19.64481572462829
46.77087543740201
3.072821574541762
-59.44222534510963
2.1828202500019955
15.087156660309233
0.7470003829298378
-0.08460531446716346
15.249521267723116
3.866576191286173
-3.6387821760761305
-2.0789488901324438
-15.955839116719257
-5.288447942092419
-1.081960273092167
-7.607376791056538
-6.243172334748099
-25.241302163067562
-54.16348144009092
-11.980904199375043
-5.941386962031959
-3.1814153070893636
-125.19027750493319
1.3769946574694152
-2.486367541835392
-25.446335647699918
-19.744791011235986
44.32891491411682
0.49720670333200095
-14.380041811462288
-18.968048293753792
-35.45138537311725
-51.17105755599654
-0.5109003469897093
-142.77247441573803
-70.60438523755103
-130.8390742711215
179.77817921440248
44.2111880970883
397.37776624068147
69.60879785418192
426.7935877230999
361.56230626162437
249.78909765206714
202.40929255230674
219.05354110746586
0.6157296465646176
-0.2307184342162668
45.400185643364246
58.80593269630242
286.08507439243493
195.15504887198188
89.58487012422896
23.683522076356013
0.535625299373139
25.884038436566694
29.787892258911697
-0.300994057534996
-1.4969150529487283
-0.5108449407552673
19.472604937027732
52.1732177168203
28.44631606921395
36.31848026216208
-7.658278312552455
-1.126038615773061
43.29365853658537
13.520165293950555
1.71135321866609
-0.4995908860199771
14.180877767988228
30.863927074431157
54.328151727760094
0.1841020605897211
1.6273561265661587
5.200225060269092
27.85775929251868
-2.0572884531634483
-0.14772990390923474
0.18336537898646332
26.645188897455625
-9.990588462372397
-6.2177708755438
11.108166025364795
2.991403061442032
14.303467486088296
68.55991811725207
9.18937494432174e-05
-1.113288955586543
-3.961182194287092
-4.861641227823118
-3.298937421251564
-0.08925273727231231
-7.848776224078954
1.7918553432170654
1.373706733369401
62.23347648497057
5.036259480473605
-1.8013008972290456
-18.570719661611875
-13.931690976485829
-36.03905890814533
-0.0037988862905206193
0.4886073190486619
-0.9545688565082632
-150.3364484489299
-24.280869035942636
-28.217130637545
34.50673528052332
-89.14075657386257
-5.903016861442928
-58.97151184309106
-328.21167141799367
-25.13535414933778
-202.5738377513652
-174.39472598752045
-291.9180529080877
-208.3217189655678
-316.50257121139896
-84.1028984303631
-69.00615654382199
-216.16886766035648
-349.9120253197379
-176.4922254118933
-183.89557864035703
-141.3661946655007
0.07412612200560183
-78.62123682611215
-7.081156781982057
-30.971033124179215
1.0544918598096729
-21.197652816211352
-27.28969706900435
20.42611750473061
-27.225566843102037
-9.762885332487075
-45.36644269533497
-36.43089646424266
0.7922260100094264
59.917710471430205
40.62190704111644
50.23771804932743
7.1003115190289625
14.341905660925367
-74.34614927447535
2.1341608495155917
16.892138851982825
4.654689197344604
0.6994389689158478
-0.34703933568945267
4.5099830807986
19.21228065468206
39.76871696733582
11.82856576474523
27.482249866434817
2.121696391687771
27.82442824251722
10.540976208234673
31.821875473654853
14.96949038353734
-7.325522827326587
1.1667083807356888
2.9018641874010678
125.87730090916595
0.0005650628937671684
40.16024224668841
0.42665874621767386
-31.239147900182594
-60.46033414679939
-4.522098471349525
-1.139202831871704
-1.2167132592630439
-2.990480726901342
-8.443742348429053
-18.699517713899052
-2.035659936165475
-19.248459683966196
-60.744500071497804
-76.49817239839206
-70.91313208709536
-103.2009237293816
-159.95617294792515
-131.01849124850224
-239.17093946985614
-26.541553676659007
-20.366029427074217
-8.975384003147106
-187.8820766716894
-218.86942998919693
-334.41758030759775
-250.5577842156484
-34.456836345243
-95.36636840868128
-34.13697863271414
-271.70892370162437
-87.99456290327868
-23.170353378797287
-28.059925743935754
-79.86668950267517
-14.574181540259882
0.419031822781962
12.904105581708158
133.29460473280466
243.79836909151857
401.3708690265688
294.6599668372065
198.96568728169308
365.9255064621441
207.1283619332405
280.9621927568617
186.8099037997817
134.75898333028024
135.5134534298067
28.30088140401191
126.01817348463429
35.019035388292224
33.452207097072694
16.808901352991022
2.9341419243562683
0.4828080586297906
7.894239034370855
-1.320974015658682
-7.179695639420199
-3.875529985321886
16.62311507678061
0.10537811100198421
-21.428019820850007
-32.204261416403554
-54.400415424878474
8.723129825449595
10.836377322105779
0.24389006791171894
-17.67321672651456
-23.077781994783685
-47.16757859290431
-100.87649023143564
-124.76223784799826
-170.48550962332473
-25.300754314978832
-173.75351922482213
-253.7319500738011
-36.0325618401045
-163.42547669234403
-172.63030071894252
-87.07405941261766
-54.22770083232024
-25.590094950366897
50.25027085204351
265.00858065296006
177.1142905077507
179.56079210623847
30.814391408114535
56.19761910005952
10.46500059694365
79.62061404980459
114.8992880322939
30.35591133004924
127.82751806065092
101.69874174079106
16.249072822147394
98.27074619393989
128.1348106331888
32.434522163578855
-0.06103729963008339
0.0718205517051232
-0.01323585990233617
1.0925143256676357
-1.0266976331637037
-27.960439768131877
-10.037587059942911
1.078624322315102
-58.0757671887443
-64.3761998972573
-19.410918871930832
-9.923507737100316
-126.68911822885818
-61.08375052966106
-51.95446712530639
0.8291367411649898
-42.04225973296981
-29.750431699985697
0.008395908108479498
-0.16173050263397276
-3.1918696695776587
-0.1409446660287902
44.89161810157336
21.021256830601054
79.97213888394701
31.21532266913059
14.263608268111545
4.713353376257103
6.038381317612041
3.3284383901542984
111.651396832821
69.07361063888123
30.46526752282212
80.07189927985225
127.49003567622663
83.80875299813695
96.85385200708006
33.77744952079652
2.9540040400004406
19.710131453289154
1.2779768608579976
-10.991327234385029
-6.852070794776048
-2.4140402981722384
0.5543883594630675
14.838458242363666
0.1483849282727597
-19.09195325523896
-5.885027521872636
-27.394984654417478
-43.08286879847023
-43.196741484430554
-26.008905544282168
-40.29615587606345
-85.92653279999996
-26.771113849042177
-55.91614820487153
-41.25430804275449
-81.71887751733242
-71.28199803883518
-165.39414524421608
-189.60590820301354
-30.36760622188252
-190.61328694684116
-74.0460814874072
-101.15541110577684
-214.3388429141032
-386.60934841926496
-246.31791518562363
-136.37282986796183
-36.52501507104925
-1.1426377564078969
-30.44463347011198
-13.65643898638371
-117.21645608754677
-30.652398179108054
45.73619081779053
153.14300579043848
34.19935355900805
18.684235113886963
5.036894054537315
0.25144897959183776
17.95394274299018
1.953967401370622
57.08161832079612
44.51164689224157
33.6211431208706
49.64681316353815
224.16641151052295
212.23603828134074
89.14494250234794
140.8493568050734
94.09137460172967
198.9454015960205
101.4775764168556
58.01219767407092
41.6072006390627
8.821590726274959
74.73412939558638
32.57452101487516
-0.12041277947854737
0.6604695220757408
-38.31438890915728
-20.044440858116555
-1.39346881737603
-8.57924668274234
-82.24648759981159
-54.20920553886768
43.42041818973013
1.1600474722154541
-4.937752960507668
-16.12956901830774
-20.134285395027057
-29.34094754123994
-0.03305596771321857
-75.78446970079473
-50.84351822649065
-42.752033346691434
-115.47369078983243
-11.11035663258161
-14.03093881748071
76.13010358680569
36.34215419951576
22.029586465793965
-1.4112030075187771
256.27573179524154
172.5023942299755
0.8922788362929814
12.105380569194953
102.47920473773269
31.05565529622983
19.155901921619932
380.46108669820785
-3.4030298793583036
-42.65036730885336
3.6441754094746366
-3.03121357432682
7.723156930409269
-4.885570110376391
-40.733704135928534
-1.1473859207799366
-102.64855186146153
-139.43325908015225
-77.2051710953929
-60.3255192407873
-72.23503620843346
-73.64881104576841
-80.7277030304088
-92.83747605742695
-300.30993414026346
-669.3392617984118
-32.973859700499155
17.00465017667849
147.22182940282045
86.12760584056414
65.30527448191421
14.710232619948632
29.40209400618386
43.02844435979242
-4.2176802676880225
22.941871329380444
111.50600535203489
32.77832051840032
128.58987012037272
122.0407671744174
81.4337084138309
88.08016203094392
25.512050334645952
35.32750332005315
11.267275765001358
-0.6055391947777382
86.12337547303196
2.093997479203416
10.996637126263709
31.979592880005466
73.4837361292185
100.34426559981358
21.901988327044002
-6.249752491578143
3.610397117599555
47.666154378677746
59.391398516428005
7.513885772863745
0.0739637228968553
1.5138812142003748
7.768498333212166
-5.050610083930127
4.960800167983496
0.4818418830095798
30.39385386593004
-0.11150023118138515
5.965587569589485
-24.50308874978435
-1.898596374975642
11.208253446713758
9.800815131553602
-13.93513459662522
-0.07325816317940605
-23.991368293925625
-39.53364480953466
-52.20941927851938
-22.887269250417642
-60.1450203911776
-42.66907958574957
-56.36073409103389
-38.8758954154728
-32.92976706975598
-90.75229909685463
-43.42045567010317
-122.94153888085205
-96.6448652666608
92.12521773414554
9.710426269717127
235.2147613650164
131.71652314595104
124.96149736922416
17.19824642614022
166.63569314133758
342.1426922455265
220.31985241104022
102.48981834925948
129.78850334808942
519.6958190376843
4.69896248611815
1.1154570945824407
51.183254355726774
-44.02464674569447
-1.381024857512331
-3.986808406032397
110.54092502162199
105.05075768329898
201.71985963076293
26.039077705418485
10.275133587154397
104.57031962726444
-3.4756662846426294
175.29590208743457
-1.1239326981726865
165.37844989053744
24.62921502188339
6.488357577360487
-21.14357079020492
14.211724479936496
77.23725997782999
5.484799155591217
-48.753187359325665
-33.295316961800964
40.29517898947909
1.1937991149335838
-44.47821543840776
-7.57522239031773
26.27593213532772
-1.6370581430952997
-0.04966768086944917
-5.542589516866678
18.850047286259947
8.346618467363788
12.69657258423207
0.08048423883033373
0.6780935508539478
-73.43421206093315
-22.67663655789417
-67.48850833338639
-25.278950437954656
-6.479837774760451
-6.621832113745185
-41.99716081930641
-132.77416805809816
-220.78934220284515
-46.01550573500065
-274.5016074929212
-214.31590955064303
-296.5613347431098
-339.47789887057377
-500.78887505212833
-304.0801488387742
-391.75531071174504
-548.8162980699658
-520.0072656622583
-9.062126287072934
-3.8084533645512
44.44875019658072
-15.742344962759692
-52.77122560860336
-188.44586880420098
-401.85755999057955
-25.374648457783774
-5.909274353876758
-9.693319216280713
-245.3430916830241
-162.5011347618709
-201.16600710069872
-127.24352156795129
-73.46053927390616
-42.29355509534914
1.1015994015117634
97.40506836350121
136.12390081421177
324.17480101929533
111.566179626696
83.10988234285232
42.41636169593485
124.07727201778046
143.08356340870282
105.44427805039672
51.0493586524584
119.47213126202523
191.3574222799442
145.65163473621567
33.40939092164101
8.061218217194885
8.460709410612393
-1.5713304181314205
-5.4934796530737335
71.91961553869238
33.54187765305163
3.690479663530509
51.99692325202365
122.01320137177848
17.51676236419979
16.518928963173735
-3.1038208085160335
-0.9198025656097775
0.05809839255973761
-11.373976869496609
-32.66274910769396
-22.5855267743268
-59.91657631113726
34.15369372297887
76.41451770978804
67.97672488154188
85.83879290288215
46.36401891381886
-1.3744794115086503
-9.621182148989723
61.946325611262
0.019506321493076705
0.07222968814968514
-2.970738251356129
-16.82729231157998
-18.879054649265925
11.92962725059487
27.551186188600383
-12.478859901020343
-12.033452465438494
4.205665252974043
3.1121796643005863
17.865946110029842
1.3112874432677728
0.3418277123257728
-5.3957998541616075
-23.59967078592621
-14.32034070566501
-92.99141522988508
-14.308739331231841
-2.3853153094883917
-18.324007776928514
-35.10575128688889
-0.012760497865923988
-45.96610848169198
-33.63920084777466
-25.08956174877511
-80.49995386533661
-21.103735632183874
-2.176402671464735
-16.300976920838632
-5.695466585280142
-0.8072824826701559
0.985082305132659
-1.615377577825413
-5.214480044192788
-9.529844310290034
-37.103494321088704
-41.75904234649066
-15.351637802364401
-50.74279512483312
-0.007958967632065057
10.502798969239574
1.7051567906467684
3.7643571494592827
68.3838437547052
24.02376442486337
1.9133233909613845
9.826067157456524
-2.2011146439767044
-7.685269232581151
0.43094788105954396
-34.211192381406164
58.19358923461629
22.420004570234738
-0.2008406093256591
3.438964620187316
2.7419280270247484
-21.239426621269548
-32.03092834204685
-3.1352341510034845
-9.500523499398469
-116.55205170609447
-176.61168992893704
-70.71968612126562
-124.66931208797699
-3.353964366548668
-1.3741441230318612
-35.18834328534938
-27.582331821127696
-11.063675089108909
0.07413450937155462
-13.127940574609156
-36.87709464641809
-131.068444115315
-180.04577502982985
-199.8110608231408
-110.63113658910964
-60.16284988358463
0.9841919461358787
168.92698629749557
63.56836241777842
403.3110435097815
295.0857343864599
180.06882376420677
101.43701491715747
101.08411215283904
26.290582594798764
0.6062593138104356
-2.1033535712240123
-29.239359015565462
-62.12861468155551
123.38206072407738
44.18363200559864
2.8149479679256673
-7.78318641208921
5.2643719448324
14.849827028639067
8.08462236299292
115.4550924390023
219.86076173645108
183.96016077808656
104.33721125275564
12.2743612681471
129.12853319348233
78.35882425065135
14.951352788003947
-20.813701305817588
5.505635751824257
2.0122433287076005
-0.013112676975272524
1.1964885767173068
-4.66167861893761
-2.692742107751292
-0.8936517955850407
8.591524226204328
0.0012357702376057194
32.352393889674715
21.64690825375174
33.42977155241845
47.51447413432204
2.418116748564319
-13.597978498895113
-0.3895110942909639
-14.797199704469886
-68.9041655342804
-28.484579107304935
-72.53825337774505
-0.9336994313401601
3.4018415449004804
-69.78418237792164
-29.703345840739107
-23.861919792464874
-128.59412793440003
-190.0868690711714
-43.11946814516138
-97.64111620795107
-185.16785489566612
-194.64684319387257
-173.49409569161017
-36.25499396105289
-114.91010332485425
-6.036022133550877
-123.03313831140301
-114.62220283599733
-5.294236888982804
-1.0505984746073893
-26.97425930552087
-106.78093124407513
-253.25383581719097
14.459350392873633
51.92038797284195
185.98152335895924
269.3560788375935
205.76399624522548
232.71889837896302
19.139078566855765
220.51301813174214
154.3383044909225
3.888321556434911
39.32344598657776
37.019444355909684
101.44760761086215
27.162390656512414
34.304969253945124
26.26587330602664
0.48014698377054255
-1.682013252777249
36.47196980564347
15.145074574974768
12.38229179405644
-22.308690354661337
-1.531780394873576
-25.00998887521697
-22.024056823333876
-0.4577792092761082
-41.393724653271704
-81.99016035634747
-68.02477498324002
-5.321640641921816
-40.707182556700566
-19.585943567175786
-204.55016680955538
-133.0092042103619
-23.299810551226663
86.0001749822394
145.5464182806984
53.224920304469414
60.886256074707056
9.19056839223899
66.6298634671079
6.251019584434777
25.380190137666414
169.84595880782445
58.1570399280015
105.67486689525646
-2.240510398271817
7.986309353009471
21.21643403989373
158.31922230567017
141.54770829079536
118.16811385176901
157.03274817401837
47.5100254407552
203.06616032997164
24.886297176888803
-0.12761836626835102
10.651575835533631
1.6210070997803807
4.318644118621874
1.6673182892978289
4.238087818696888
8.179070278388107
-6.039601645309256
-2.8912082183379324
0.16855411792457192
-10.091488358275473
-74.16755222752403
-13.756132330911003
-3.6433248582045814
-26.494288328016495
-79.62288013735375
-116.86855330872791
-3.4048806207243683
-1.7648650451157422
-57.524556885581845
17.004393342939274
-57.0071029847796
-118.26777047867014
-43.913717405488654
-134.6597869842622
-124.88750124291543
-538.3580638836404
-243.665818115496
-246.03560057296914
-375.35263186409185
-567.7976253056771
-412.145689590969
-29.721315535196645
30.746605225746357
48.671394851163086
569.5730888852515
272.15177874761866
399.7351156932346
156.24858753369813
213.7488009902055
423.86439258187613
214.79926984672016
163.54997918270743
225.74641471427805
159.94867200432785
149.23343596081492
99.93591574234246
70.75692474804399
0.00032083789068981474
67.48974457182788
85.50729141730618
119.48278465894374
39.76248633324421
89.72064756379149
48.23673547116687
30.61485953406421
31.128775037724523
12.479367847978342
-1.9995771207648008
0.1624999698610009
3.502106821546508
7.604924001044685
1.1666666666666723
-0.9751355417155432
42.04471206543959
-4.967024000353764
-16.40538391476559
-59.77956772272337
-11.549264767784505
-5.3118053694470575
-43.047292391426296
0.004604322906691052
-7.949726753872908
0.05471626494590951
-0.4674575810197287
6.2533836315860585
45.09148002931481
14.16058170183592
58.04066400295408
8.06983475456824
17.078428470555004
-0.014516865648985583
0.4021547349758652
5.031240991221121
-122.93430015806393
-24.41238267292947
54.44589004799207
80.62900544014789
27.155072612872168
6.783115528851975
82.21758389759145
24.644403050612464
20.552455772985965
15.010598243579123
-33.87729472933876
-11.9069393156208
-14.30123049673936
-27.21556070077949
-226.21271697788467
-110.73042683490175
-4.790733098418455
-0.8411561662198553
100.37468283456971
-10.886584858156747
-56.89332121717521
-93.80209685664312
-99.76399944175495
-17.601316967684994
0.6314897974550124
-38.50891401381162
-151.3133441240816
-380.7267134516154
-52.068994181733764
-11.825350342286464
147.11542435270013
113.56050976696368
35.19041552799385
-37.27926063069161
1.5914771097947462
-20.091815796458494
0.6016576681912593
-41.060176023330904
27.54037890306649
-17.411709950218892
-60.310543005011
-115.78434497368954
-102.82684491125009
-233.4251730175937
1.401969216390094
27.171327188940104
10.728046174782147
-303.55684228284974
0.7043460043297144
-98.58177022294353
-31.88208007349741
-9.630646052612816
-182.79852619833184
-65.6195518857028
-93.03490231439723
-270.68052436435397
-492.8713249661401
-134.0566446595424
-67.56101982681868
-11.41950537567002
-13.92572990061957
-72.58470083491292
-4.299317726064446
64.28197971788276
1.9880324543610532
3.8999439019322724
21.919286011656958
0.043985483099836124
0.01813081468911602
-31.383268227849896
-32.52601297452246
-127.43260363102111
-71.16936316723375
33.868412496948935
137.4010033318037
98.33397378852845
192.4739831829995
100.25458121418909
24.0038995098518
8.84071693371033
-30.784977872634283
-31.24409002083366
-21.134366732453618
-46.6377214957278
-126.6610987985001
-3.242049490904522
134.97140940691662
132.80434395740645
262.24498554894234
140.2712791451243
79.8830449905914
84.60364077402278
20.86359589297756
30.386157065756123
8.498538942107459
0.12966377073225524
10.991937941738605
0.3410787764328815
8.97285025491048
0.7633335225901575
11.842413729741658
65.0241070453912
-2.574519201711671
25.447990213962292
7.174458869324256
64.12286856136977
4.179255052275679
-4.551130989696342
-11.859509834530138
4.209664733195879
-9.827192671262084
-4.559924304651643
-35.67802703189261
-37.8229324950903
-27.580515502428177
-80.40660432194244
-137.9732375277611
-211.68775123829334
-132.8931386550144
-92.12273371507165
-82.71463735705213
72.3745498963737
17.739884876487544
59.601571509091286
48.14508888718849
10.498049201362752
-0.01461463592675975
171.43108686976188
202.2162221570121
24.64629797124883
-52.32766137848053
-1.5849595010394897
-33.36045219259695
1.2772006508012335
-0.04362479187926206
0.08714807441129148
0.6745744742149227
-11.533913509483163
-41.38103202264273
-42.11879497160993
-6.936966187753285
-41.91372994882007
8.501807000090423
-0.29150526436110225
-0.14925707235392727
-5.686834640033834
-113.48847845836211
-127.84421591659375
-19.850082203419056
-167.34106001596552
-21.72444472634642
-133.10860224532934
-193.27851857766416
-552.9046080519914
-163.05828724580965
-4.146968736549702
30.80386866523907
23.85968054578968
44.68177547094605
33.75976542570531
143.64016837600545
138.51454576419638
141.88326768128906
80.56996358208949
171.59375118358759
386.7248616084592
239.03927363988964
317.707504605667
452.73780176179383
464.14446460964126
223.80798964780007
107.78576147294652
80.12706193753311
41.16557251175735
22.29850284980332
58.51969606754049
61.13021715927737
84.02240003046683
21.42632955536185
-5.046852125738491
7.239630399007222
4.881582793812958
1.8781977516154824
30.44307098480655
-2.302308654580258
17.1872943010247
1.7285950629760647
136.49844825847393
9.730430839213675
-1.8592204940530648
21.21213308748663
11.714145753271168
-5.8458305586385215
-8.80586044131028
-11.380688004620009
-34.73051759004543
-21.83316854476154
-114.75265307429095
-106.22725670658366
-119.99953138366988
-195.8053539703091
-255.82010317302735
-55.29230321342712
-34.89215543030764
-7.145162956366866
-0.26154809822088165
0.27413180712829244
-0.08109237395272967
-20.300511592502108
-7.181572143873277
-129.23173944620993
-2.50828289338763
-8.83930518511821
-60.846288337565895
-0.05030934007450772
-12.333418533625776
-35.053550884638575
-82.75927846800373
0.49313090289996486
84.6294646768464
59.960999546348155
255.68756111763912
138.08771429285542
97.87937245085956
242.8103558431055
17.36377471803137
115.75861611525282
125.794055283593
25.436879484223333
73.06280469897206
99.98472555646197
60.7094237937641
8.25178812810661
44.3400210272222
3.2540124874271603
15.18293408578298
-22.368041139837686
-7.05187436896005
-56.57648146271554
-15.533810702134245
31.489487733683866
17.261036724822347
1.1641109577335236
-3.5155472949213804
18.591591425708174
-8.689760646592793
-1.7161835748792418
-107.05233512608677
-45.019967418121524
-117.58322348241674
-19.285995696369238
-3.1440672561021623
2.5972079323539448
0.04253422224080063
-0.029214960338402825
-11.82625866923024
-0.07604045009928417
-68.20062858446303
-17.426902301356307
22.277893620153556
33.584753353755204
49.821738633209335
114.23317299729169
14.29702883604459
0.6807796805532735
35.3736795128397
0.8310854787244605
-5.614850634507755
-3.1336200384807205
6.90107139106825
-0.4335229599683628
-1.1082920282723463
-0.5233994294368335
-11.360829268292669
-10.922937031143405
11.360865986923326
4.754404136319212
-48.65650745679714
-17.915296901094774
-62.104736667281855
-24.088279257815312
-191.93179437832802
-84.13926267787888
-237.80772002114583
-10.861414074343218
-13.877970738379645
-87.31915308923392
16.074547218628666
40.62606811859689
7.529410662293775
-0.2878023325044626
5.576393333194276
-0.6884645260043578
-40.55816373957103
-0.032574020500731785
-28.7125879396985
26.144401776830804
0.44026143884275126
33.354104247812884
80.72394653766666
28.116422685409614
33.47839835890965
45.34664767867222
20.722398232067007
7.6380614918767815
3.7151325763737413
0.20562612651274534
-3.5032574391139173
-16.96525740207084
-39.386788127261696
-64.61813516993031
-50.51719469892373
0.5953658114979608
-45.75772175840591
-208.88352175718242
-278.04539106145273
-161.3219013499355
-43.11444399692432
-119.87941589262621
-1.6880357022566543
-42.498871145009915
-119.63679912027811
-94.46385564132518
-93.58197763238476
-72.28369443769739
2.257197708789608
25.348306104039324
22.198673188484698
0.9838274182324214
6.111533796116641
-28.515335364067703
-16.681944319557324
-33.671430783773495
-82.14157104344203
-134.28424404896475
-52.838817794028046
-63.68816903856187
24.726675892673345
26.46498935747197
36.701228433564815
0.9583644092764826
-24.00778385889897
11.498671395936046
20.40180298032079
0.6398205595100205
-0.24163354206370244
-8.820578765810657
-4.2381118273339595
-50.87085027478657
-105.25884298118673
-0.6487122416534155
-9.92234577451171
-16.69613123003422
-39.91178058783322
-111.84996389973152
-120.60587234140817
-0.7428272817371024
-11.50523836774226
1.033463489492307
0.08622195416164002
0.08068149933806061
6.250053952084523
-4.639638295379088
71.78778997231205
304.4341528157395
185.32449576728595
347.4929446392101
291.48760604870404
338.9711718927824
184.24798109669763
256.7210192705077
142.2116097884396
91.25722283583158
42.952804365377595
-0.5588828871218183
122.7543068756499
63.95908313213502
122.62567658889786
43.08586682967194
10.571786507658128
35.07705940304075
-3.86159474722733
5.397722711321805
8.191283534456963
2.8679296642738197
2.9223560132641215
18.15249366309834
211.8035302822436
68.66500720588803
13.220238699682886
33.09268170029725
-0.04641948644108414
-51.366189990132995
-73.32041698118903
5.1789803459862815
-8.837905212604397
-43.97389523605938
-254.6088815838403
-59.10259974874124
-0.9614264099144615
-10.322320529801294
-51.8233176874197
-16.943753473021705
0.730816838583776
0.17024675270083023
-0.27811819011325556
-0.9330112479914268
-0.08255940176094573
-0.9312408913296061
21.85092347666815
15.858820585660702
12.691005377527588
95.15841526343372
41.524402218392254
14.299796899224798
1.3959783449342613
6.197287869290214
7.685857822034219
100.74806185735271
0.16511518760566218
150.30011969713007
149.1396720018692
38.5880122940001
-0.6871842513576389
61.81902841225627
-16.045258883975965
58.09991221026358
-2.309638863239969
14.934216029828127
-0.4335059520212702
12.36233026616151
10.517200753679756
24.435845148341606
11.800744762215217
6.432678982651827
9.262678889401833
-1.3367824502344112
-4.19453920823142
-5.447296824403529
-44.96840552576576
-2.120593477004947
-152.8015377757967
0.02780093631757927
0.6181607270987788
0.9168864176863687
-11.347328693713667
-32.55004035149376
-25.136446648359218
-15.944689116673644
-4.989665550929341
-127.984528480638
-18.469021178999505
-158.47117857036613
-151.47409411804188
-46.09559955300303
83.46189654995533
47.29775959510748
64.12523127234434
30.974652808840926
78.93673979461937
114.46006192649308
100.96267384783204
77.21953544925123
28.33481546484805
13.632294434123336
10.821441202939166
20.874351450141774
56.245597996430774
36.51474702802153
-9.374973510556025
-0.013404463319843265
42.568158169718984
54.62411305235844
-1.5239822914606496
95.96615739693158
46.12973548577667
140.91197880550254
40.90750001697533
39.10317813426778
4.318824369891983
3.7991159899451583
0.03878365595367015
-0.17631988543217486
6.812594551335512
-2.8931166558327863
-37.72185008453562
-59.43320448445596
-81.73432358323629
-134.79567759041117
-196.12737211848417
-74.62875976534555
-185.61422139539877
-6.640862471583425
4.628367922449869
-4.454970842549763
-27.498874853593094
-13.024457515268285
0.4513654076511341
-0.42084193407142234
-63.25681116677735
-1.8708572344672876
-20.225783888424502
-23.800399488013802
-118.86621094057458
-3.5750263546769387
-168.0302891304812
-230.05254266958423
-163.05662569197068
-180.55457538631563
-167.20741728395075
-522.8679613422275
-481.2292462367799
-180.09687150837993
-72.99512469169636
-165.80610171385607
-269.3475837223679
-508.1623056690357
-471.2709121736183
-185.56833046040057
-8.150469875692947
1.9089383533305833
95.58017216022144
0.0922994473287545
6.285942467475053
26.681071777995154
246.00610784837158
355.6284698305395
199.37774142082202
526.0974183941798
129.30634291634294
369.30498780487824
328.64176641032003
227.13400668946895
216.65222418474664
60.301621168983445
264.8502558967714
229.59536773529925
104.29186264367812
267.84216002147946
236.66899415101807
63.508098541940846
86.72476397002731
114.64311079032845
39.726237109881865
112.7959581638105
89.8771920592452
33.68104331769551
37.84029921126046
3.039199455161957
4.4441670311215535
11.041440007579
46.4569533942754
-10.64877442386766
-2.6600443478900093
0.0052106391659492435
-52.22525378020556
-196.69867905964236
-15.511762327609494
-1.1516704914612759
16.000519518811235
-37.806053734702466
88.07647241779742
9.179568363016228
0.8016615328231635
0.6598723583015647
-7.363473371995215
6.290356132371559
-16.41521183684356
-19.6041854521701
-54.033114191305856
-6.731341645885269
-51.18803835037986
-50.4381630895835
-100.38032980895841
-204.27172861732777
-30.468748812948203
-55.00354464306159
-60.10475562394679
14.122679418612956
-4.407480959819242
-0.9587885345919048
-76.25053121142308
-154.02872191416503
7.1567647361594755
114.59731058094778
183.758872532909
1.7981818181818081
70.89270419689585
57.329777103655864
12.873598658928355
2.9748473448399384
-3.161290763086685
29.20224912793054
-1.4576229359268917
-10.864158863516407
8.422146662927634
-0.37381202271391856
-4.057979267273737
-2.3823706842038694
-1.194502627287556
-11.84055853367355
-67.4493309326335
-84.54991000861632
-62.78954704347396
-67.4998880029497
-158.1906329768887
-4.26097480914135
95.75628099474913
125.37442899780697
6.658946107438714
1.825839008713219
60.80591641106969
68.52940966878208
-2.0257672515540173
50.05658381535995
369.02336948339814
1.97079573890042
5.517518347446769
27.26625126350273
-22.143625464712635
6.7229518580212755
-8.20166990877787
1.4098993727659135
6.175469070633046
220.77363152630255
63.15794132835644
0.23092818310453112
-242.8936043820828
-4.383633428676615
41.06489542426153
6.599737597734724
-75.46824919343246
29.487870275314865
411.8750217472126
0.6203014526942339
1.5903127443315106
-0.5275081635318687
-69.57741167686592
-8.31632573344044
148.01922974987573
153.19585252811328
94.32297388671908
22.34595994894334
-2.741948736205075
0.3475884574029135
13.024469040789205
-11.427934180398795
-4.358077645171138
-59.03806637651088
-18.65431917029111
-19.945652625719102
25.893362116162177
-0.6059864817996241
0.9584541634318048
-41.023612871245675
-73.1827605570947
-3.1170751061081186
-185.8106153776101
-80.17927233361594
9.042499643220719
-23.13197780907202
2.0062034587995914
-27.3400625666481
-62.46430826073073
127.39420250279277
-189.1489731402181
-5.99996096826103
0.35317331446665534
-285.8248305154933
-15.381425519637622
-94.79213742299001
54.96190801484016
-117.49790079881116
-11.383024465847454
-78.1235968918628
-102.72004547543847
18.09776133220433
26.37070184353014
-1.4222416568887035
-0.22074542992552093
-4.8444790275406024
-16.053102228994508
-2.974990565498313
9.69689726590657
0.010440164753151703
-0.46533921578863974
21.449292118564387
-11.580897121178314
-92.63289945727163
-11.092695616919691
-0.016890955160902454
32.18758865615257
43.38409996945173
228.74646764208967
37.30876052348914
1.7071199953647354
65.4469886868348
82.636069305562
69.08509770197315
31.841064921001408
25.54269996132735
82.18321175198656
24.66281916076778
187.37632435188692
10.574000135217428
21.31320710047247
-0.03579133964581665
34.89844402022842
24.187488348718798
-19.998277819293172
-43.05512199298547
14.159717876546486
0.004375296741886213
-0.19300586629915484
2.1427985669709986
-24.865685836027883
-22.95503171247369
-9.873200145884848
-30.818630957570065
-150.07758121209434
-245.75047762241263
0.06071582689207532
-46.53943527068218
-37.46770680351812
16.88791744694811
-42.26913344857083
-35.09525217867405
-5.560976971826552
-10.899538042934573
-55.78336439803846
-205.29858247040443
-117.0138251150992
-175.48291257384162
-186.691590197004
-291.1659122977261
-311.4577366315154
-166.65928515881103
-452.28928073731333
-55.03295583010333
-200.51574600932344
-209.71524412374686
-295.7506340668914
-23.746849075024357
3.799149269887546
87.2209350986502
33.312232767289196
3.507774133892249
-7.712252347789964
-16.361052105759352
21.05970357174889
0.013827433073236766
78.47207497797115
71.02197313363693
71.84727037013036
19.82320870169859
11.572402197736213
134.37965686198504
80.00020722820793
62.486826797227124
25.09193986844977
28.54665721912803
0.6714181880437649
6.141384099397804
-15.788136181664132
-0.06790138500351872
-5.992055252989297
-26.423737172792222
-38.26950300919796
-50.19006625226524
-78.74301554153236
-16.75206420985152
-5.937770438793284
-10.67711368886462
-15.687158868879004
-65.64206183385785
-23.11457850291493
-46.64170138888889
-139.85496336735503
-197.01923751176685
-94.88297799899223
-88.79517026809903
0.29505178188545805
27.868564739353346
244.2531768717774
421.16453077394385
481.38669051411506
253.13857282706047
524.2284016030208
61.58235589808723
64.28415497389142
14.87911313658974
180.9008328489735
-188.88382586738993
279.98564317125715
-0.2500448404035608
60.971980899766564
12.30240094270142
-32.84930677961402
379.34054368354987
124.49794641812169
253.3284631962573
47.91846702202814
3.145474895892051
29.584750833404556
47.1061195177991
189.52052778610667
35.869651886168135
149.7440493909582
56.901629847194904
56.63100089897402
119.71576957444836
158.84730001378313
-0.06677638073466127
0.6434596224248005
-29.330945614513166
63.262803650313096
82.45442823218772
57.804953276963964
50.46088439852304
11.51513103802678
11.95768301560856
0.7970127780699922
19.07839834389023
0.16242570356693006
1.8135583754750852
-9.225423713433358
-51.89287742639604
-2.300634581797013
0.21921523843423868
12.59341716382845
0.2494171095019086
15.27902356858391
10.482260296050198
-15.889152735562275
32.106213099813885
-32.1112033725342
145.66851671277618
-40.0215980142939
-0.6849715165511894
-20.96867439580574
-9.670594522746304
18.60315505900236
-0.42932549923580554
-10.655570158268542
-10.531257601242078
112.36606833380051
-26.273932242628803
1.85924972042621
-50.440232961075964
-30.07293018481803
-20.167554448215142
19.75421375376905
-13.543176371819209
-47.13057778763138
3.185313533021919
-35.85696417511869
0.7001593514480458
38.47184333119408
11.102341162613477
0.5356577278917894
6.7840844603148245
3.5385294226934345
-0.046163067232291174
23.29265929273461
30.093910766137284
3.270202771791261
-8.481743642968313
55.377747810250696
-17.855873240754285
2.423154810927835
-13.625563968578083
-82.00566154064978
-137.1707732874588
-15.157307118605502
-89.3142187359121
-0.4853763707988693
-2.6935147496656318
-0.3334779788449484
-2.8995145064377574
-0.0746465494772838
1.104019285527617
-3.9207889740854944
-7.18316438397769
-10.632653651420966
-44.695479484108915
-20.474041694538986
-35.533412945919274
-31.58752150339229
-62.130919751736315
-43.46835494128296
54.035004741459815
-14.615173581183736
-0.10504536958723656
17.314053234390528
-3.1706906808344617
-47.587505531999845
-60.94965614820174
0.9427371112111762
3.4762702136432986
-33.701748556322435
27.607407707196877
-9.475251550654747
3.892076339968163
-7.447366411059958
-55.47337437409024
0.6262636113355939
-65.0220594534395
30.54045507584593
42.417069240048285
-28.18591893041626
6.585354120267296
31.6081913304685
20.61555582052943
0.7173303549628155
1.364870878770315
-40.72844766676459
-44.50863694390516
-8.6381258486185
-0.22980465458334404
-2.5909940241606204
7.0828976922127715
7.939537609598522
-0.49306936739783297
2.9414644086969632
2.4488160072013994
31.18903427688602
7.789852960034164
35.01717682179218
45.68288198757776
-2.6103135740854233
38.90543523748478
-9.790856062669825
2.8383887684858418
99.44132892452058
15.13793801135105
15.223855358581773
85.6979926262334
18.1530649396578
1.8920328085071247
0.0019895202226955025
23.037317010742203
-15.93275144152754
14.860591228956135
-35.489283963320545
6.514395976863265
9.122446342216303
-50.95185216839232
1.0543569579514414
1.6428694088298355
1.7139102081078397
7.240948243905362
10.635529101241648
-0.08309625956666974
16.156057932890803
2.8541703431475014
-6.0261373738799255
-4.684775563056685
-11.665993421513054
76.687071756271
-3.079373958680434
-8.68707209936387
109.8086104295719
13.596237365856748
7.38098130209504
34.013741279224604
1.3419345159021534
-4.969916972216298
-0.4706593599298593
21.116348195329113
0.0008106981505660775
-0.3488782556262279
-10.480535361997676
-57.176514800828386
-23.474193792581342
-25.89558223074468
-29.629777810886548
-61.59367189877827
-115.49778146574616
-124.40122168326118
-113.30749130557378
-0.0628977961385478
-24.393281259007313
-86.82083399849475
-64.50808019897225
-62.27182128955826
-88.78884852483347
-8.253989305365437
-3.0734324079952153
-22.123092555200955
-33.93620671715136
-65.97311013572042
-5.529920016643947
-15.515737581653248
-31.995024081011003
-164.08139785119312
-172.90149413407318
-306.989274112554
-142.73348050024936
-399.42243421288174
-420.00504227246284
-207.13594269949044
-458.76604980696607
-713.4322776602336
-290.7189636646403
-260.2624262017748
-58.58716646738411
-561.3279776251568
-291.3498299808042
-41.60555223231282
18.661765205392214
152.0886682221695
47.75090750689704
75.29348375787868
77.41179246828409
76.71589121616027
126.46753598862583
282.5131431818795
146.5801586892014
50.03067195900698
111.48866038274772
145.9795467325966
113.23491725768318
54.43250288248341
63.22707726998984
179.32970056042635
59.27530383442552
23.18568181818179
9.403438925906032
18.103542821050162
9.598582525708402
4.523064594275114
-0.6241545540421092
-22.204344931581538
-2.541691852648584
-6.176889748129909
-2.0284613877551196
11.501113673196379
0.24478246137164475
0.2811178362499064
3.0510088619020226
-11.331641705069108
-94.66969019482586
-14.94392396964929
-106.87961304209581
-91.84858856945657
-231.93966549762118
-19.040124100531862
-81.29180574435438
-127.10421008391387
-4.496284904843744
-3.9343780363237815
0.009765594730724744
-91.75933652805332
-28.472881630997037
4.056270016454626
-4.341837937500949
24.40268456375845
2.5972597049571027
12.199838851036137
73.74429652643823
82.3971627260082
41.4651112668068
53.94840331132244
4.633815432338108
-8.657163313964254
4.357786255652523
-0.7656497214005615
-15.588512310845353
-1.4502478192150345
-14.619595395252865
-65.98485484956265
-100.43697664664006
-123.88078904322273
-94.50616241280377
-4.612850010401469
309.74155310239814
292.65780919419484
325.808064051961
187.37161647210942
145.3416957204272
59.64643685806746
349.37509745651573
383.8398729770056
41.34544563289558
27.266322178105526
284.8525063391094
194.05723184738184
117.69401438064799
47.74533686260308
221.0723392296247
56.40154390619406
195.4267109738293
265.55463068863753
110.58277268360831
58.690185932861894
19.218513042559906
-0.6125832295418596
21.86988437997631
-12.801662926656423
5.7813030430792836
-6.833723827378979
-1.5362386455877266
2.402931959156403
-1.4686465034878737
7.930096779984683
0.5563716744729759
-20.74672349566306
103.98620319225121
57.66592737165093
213.35649004365462
265.67555555555543
-0.04803577476063041
268.3220108692792
101.70840338859392
22.531294214686962
3.0829168831169214
-1.6264777906079178
-26.588457710221057
-16.329648051412775
19.945542218564682
-0.3447143096622766
-13.779575711477413
-35.65818933439747
-11.614426830199204
-3.2632667350004754
40.36699779567952
-0.861717280796484
1.015879195271359
0.5965346961394066
1.8999200567936383
-13.967050754776055
-14.663577323672301
-19.573196215625387
-57.07953299546878
-62.2433215463781
-129.26735552529686
-72.58848263222708
-245.6032695795547
-116.5078941584311
-279.4223076028156
-262.2787818739165
-461.4567199416249
-411.97343286131013
-318.0520377780563
-687.024390574931
-15.879673465925944
-285.7654021962769
-346.7428790028215
-279.93041520347043
-623.5518629389517
86.50736994725395
224.15004569049762
325.23588673080405
6.848254336332446
131.7344365745687
61.39751596438119
32.866945866861656
-0.06384813527399563
15.411927571578843
129.05396375496704
7.340849573363567
82.35584561909604
54.451926482487536
13.778767902199826
82.94277636811212
20.257389535672083
-0.9493577171128038
8.651787816940121
-2.937111943578275
-29.660416942422255
-78.54075524524674
-41.75969940575885
-81.73849195865046
-119.31437781377633
-123.27678455482751
-285.82339831319814
-79.46539590089799
-17.471094208762025
-0.5206597800733043
-69.81000863867182
-70.78335357353072
-108.18029850746268
-29.48467246289917
-19.84694818384296
-43.56048079470192
28.645323222246077
141.06817436458044
336.28198033318404
164.38112919193875
81.6147112502498
88.0616347580277
38.07770634381226
7.1256598270135365
6.011962967141801
0.7152164541045429
1.8556988736276825
0.06000492647239683
-4.688291891589523
21.97966747690812
31.92684680155842
3.3055577359595736
-5.136812590947358
-4.887602003747478
-0.18980988314590302
-0.6432047624953523
-30.512865860768816
-12.783072658997423
-44.672982188765125
-89.93061037609635
-130.7626338050001
-133.99476145971457
-351.53407289858114
-100.99808094382772
-15.02524731935636
-112.01175423885559
-34.00875377897207
-7.195672919962841
10.033462765663764
-22.961567136129514
-12.988133461783299
-0.11351287502952738
246.1959574369274
227.02882286437844
169.61973946826313
17.192635484546752
88.24348275696212
208.1701824347768
39.66784214603116
31.32232098527392
131.93494463385946
109.48116938145435
158.06365197284748
14.962987642355198
31.98871464046072
22.660429056330344
12.50535896769724
-11.89219900082416
-1.159279886187715
-0.06599492983896973
-4.974828839990299
-164.2008370931055
-122.49225434112972
-102.16141024593512
-11.379661167200222
-100.42401904674696
-271.6837535784825
-256.42111779412284
-117.16853985709355
-348.63099404215336
-331.36245606434915
-137.7853987970916
-13.48585125132183
-2.797484725267707
-3.480331006530042
-42.01928831283807
-105.90293022995112
6.460842832529866
17.717217179448507
-1.7759070919670492
3.7145529985134367
-36.381885960653335
-34.700165414101754
-79.21463600536134
-24.34613334517836
-0.1688070322310572
179.30960871119896
108.1662033495978
36.30361685244662
16.590009776991508
22.025764658250203
0.09473825822023546
-0.03654075386597873
-0.10078505421068086
-1.1654740506329053
0.0652460951058647
-7.622767580369892
0.4965659847869489
9.056568082970891
36.34743127910561
394.4184514419891
83.3611575773973
161.363850761109
421.5724418604652
300.6974928000649
303.19954687218865
80.70780739146048
243.21967517311876
194.20661612680942
307.4475773933668
142.92270709494974
99.00429740988375
15.261437287779811
91.31533762251817
21.616047605750595
-5.472852747108098
-78.81338174522153
-5.999532000325589
-9.599265140993905
-66.32722827410998
-147.99396299326781
1.9958829866826089
-31.685946271346143
-75.1655015392509
122.85685197747515
253.6646036187277
110.59779274810847
19.483781516011373
50.932405730083644
-4.445826040685424
101.79000279850759
0.3679350721206439
7.290718651036222
70.9762248955416
-1.5805902124641422
11.011679408349483
15.60087422326977
22.34789095288832
0.00020810585137126487
-16.947050659472477
-0.9085811738309431
-0.8947992847056208
-21.466300602523066
-6.508550645031988
7.274331221774334
-3.1084133573858477
-30.658185173926228
-130.60577180968437
-17.407766329689416
-37.31586307619098
-89.2833722376142
-47.04630788017968
-86.63743267060386
-112.61677092337908
-57.514525297602844
-0.05652889022823356
-78.77229368429771
1.7254520437454124
28.789011485034493
9.817359351820127
16.08524879702041
38.266117621448956
16.446011634825208
15.359994528243483
78.2800324389124
9.150163342445431
-13.01225237398196
-63.353780080181174
-165.84807399089885
-33.90059172630477
-43.687771382409395
-169.69328877091212
-40.69292480150763
-31.9434789781254
-96.99047711020452
-68.01001727050875
-4.0584914999421535
-76.48482094439946
-110.36180881821471
-169.8304525907948
-119.51950725009621
-0.000388095994694637
32.245172107254426
-0.2910271207772466
8.259708757683677
41.28409284678044
-8.303777849252235
-6.370308763737389
-4.139145795834448
-0.928064106807892
-4.317575031945649
-0.08880056922138554
-163.76029507521122
-249.36274520971486
-36.54852081899842
-47.35953147648995
-190.33092450772423
-174.7799426367322
-184.9453714800568
0.5335039784448253
8.127088982807768
-4.3501916932907285
-37.580515835067764
-90.77069607056939
-22.94242977043659
0.14704566840851374
4.633223586973157
-0.03536685623067055
16.70447004417163
121.46821519181319
16.395867430441896
135.0093631997481
304.4641307262284
270.3461169252113
98.54886715726485
54.899136374160705
139.9976475531389
28.756506741887225
59.35164928129001
153.58289820250695
280.3090919704504
75.40400616582833
69.00192876828493
18.881632950610488
61.21138752932321
74.27067327167566
163.85025895896234
58.476580125983986
11.264777297442278
38.58083704611943
0.5799401622593938
49.11522521704935
0.06600421860449487
-27.25079606073042
3.859684782443725
18.24149325637028
-1.4975894977169113
-0.017642779598419974
7.7917086323176035
-46.9870760055054
-20.81901241868713
-1.0673662852424197
1.1410484173651936
-5.069157568688937
-52.46080747401314
-27.11825610681967
-44.312068768725986
-74.38927402993383
-36.99660414764573
-15.046032106890001
-0.045336248360298106
-50.841897800159
-93.55285704295932
-74.78351728153463
-10.247595790696906
-37.07926691116552
77.90162947408385
-2.9106234622833926
18.750901947837548
14.567283073753075
20.63202227473733
40.13892650183501
58.36625838926173
16.05957084675704
128.92737920553404
7.889498818486557
6.00089524517087
-37.95843694829756
-77.79983304055159
-10.381453365147495
-9.569337922536464
-99.96610716777744
-40.07422744445156
-90.39712927136922
-68.29378615295121
-3.886735002032656
-3.029131676596934
-26.244332084500783
366.6859741308398
422.33657291758095
527.4657559246034
70.38520807581381
336.49009618524553
338.5452808538133
57.81390165315351
129.19192221593565
328.8401600304822
45.607642720320946
241.16963555300558
93.66147331037452
107.52412514195152
60.337798262757914
5.054660909895315
12.301271453145985
31.155982595882488
0.4508763860450767
-40.862518383253175
-0.2721038646530544
-13.187496874843713
57.492182246151
-9.16243559461338
-5.2271204854876725
-2.793741557267139
5.558357228467846
-1.7237010708557594
-1.576111240657335
4.73569342131916
-2.243474769595768
-31.087581400854194
-0.003969566108734185
-0.5953790507123292
-9.606168592475477
-83.7603419167702
-150.30146605622343
-67.12190520843163
-20.612728398869486
-288.9900157587549
-48.744958039406455
-222.40772291093947
5.968982644325319
4.36275332701373
-0.33838343033207546
-22.341126565291862
-1.2194099561499316
-18.421892517527937
-1.5908288971409115
-45.00635660895672
-83.23556305831043
0.8665388165011106
-0.5268069823499998
-30.93417743487663
-142.3188916908019
0.014517100832889684
-0.2882483188842447
-49.18285855350722
0.13533851257856874
1.3863835024037954
6.994557247332453
-6.58713346618701
-6.933739504843922
-0.6221455820933273
-1.2891659304185703
-0.27286342425145044
-12.410341390713045
-19.25651335856529
-7.098870972950278
-32.62543708036964
-6.675729104769012
-7.100023572036574
-79.72248639466832
-60.6429523589879
240.8807934448617
-3.6518711470779355
128.7453040983187
70.50192014248431
49.08158846624605
22.676554419068157
170.79190167680537
84.57985333012728
217.23910501078547
42.58165427130215
33.92449568663375
22.937853232799014
58.90273581753159
43.244330773915294
7.0414973322311525
14.102567724049324
26.98485261868477
82.33863294942415
7.010754021369008
0.1927634933891099
-9.719198354154749
1.389993623901266
38.51349670918138
4.8849842343487735
11.548285956626096
2.5341476204047018
13.330221171594197
1.315048414529432
35.216759458418494
17.228178779228422
-17.171971539844286
2.187731386223366
0.8663066841257288
35.57899408590319
-94.96887763925682
0.052481960218359144
-4.775556066577781
-13.993686324687772
5.221434606370872
6.890463369062838
23.340676491659043
0.9482077899645872
0.5258531848269813
0.011429049387906237
2.329536632880666
67.04202088152668
0.6957899600249178
0.26275059463990963
0.05902105087094893
-31.444105841710385
-1.852406769797777
-10.616081404875665
-59.6969737667118
-13.788110442496253
-92.03155260626602
-88.55230570669382
-2.0809417956475635
1.698126598915663
31.63326616418982
98.93867074182874
3.302073539798816
-23.539546915486554
52.602509632307466
159.44331034860176
656.1240975871544
50.454266544117765
-34.28449089733381
100.06998997279388
141.7982520476848
-24.19495238196635
39.91798665344914
53.42630934796358
15.717797324002913
-50.14898162368268
-12.493723924159504
-0.009371235562273766
18.520353521192522
-0.7184906560873427
-50.105283737024294
-14.38160165199566
-79.93580212480231
9.50914114788672
-56.73085064844511
-604.20922685518
-111.96802217745278
-30.467334176318207
-0.7730844561908651
-0.08347401571310994
16.623399396456566
3.366838692451438
-26.42365902446524
4.4541111222762675
-5.044786586377931
-215.7709243972405
-7.004209769730096
-143.5986696794124
-100.39251099916255
-197.36692942334417
-263.5924111608988
-66.52868365488453
-385.8905781087566
-50.48536669675266
-265.475412238954
-774.0700002442362
-303.71763021160166
-601.0452940504736
-12.819768913961834
-8.221481548208883
-13.823645547638357
18.475174449812116
6.205435430596986
3.3154678247137683
-12.60219612760105
0.24296826233229188
6.291486602052447
3.9544834464735628
-16.522494757385118
-70.99777620763557
-163.76132437529463
-45.20589048345428
8.193132726089761
61.972025036818806
3.8210361475870283
-0.6245376234118605
1.2248209458892207
-1.7823059774279013
-138.39673496470095
-248.4334351411546
-190.93392817203744
-183.82245077085287
-132.74693592654083
-187.20426371973184
-87.55259863165223
-2.600715123094959
69.30716660880299
106.11327188940103
53.72269928007635
162.95795720772733
247.18460591791273
183.29736168728888
147.39418210735593
243.29824930371703
146.34038293528687
50.618304411399485
23.696217803224393
48.54062101367496
94.88422385331116
33.16566269986125
13.985725965734238
-2.8326181709622817
16.67063621262454
6.02782583660001
-2.5646154767848346
-75.03966599350237
-5.34309871683679
-2.7309191387615934
-1.2999392736343058
-0.3208324521207886
-33.29641508980021
-33.66099797991542
-74.19479982842434
-55.95461638751329
-8.060129723051567
5.127652119990719
0.04781509859338951
21.813124219453364
0.08510351938783607
-5.938155210192578
17.928361321565227
165.1353980139996
61.034228283939896
159.91804785209342
53.75038170149117
-1.0222140401223676
-26.54501495850232
-2.973500087589779
-6.83675049894625
-31.125338637988353
-22.768127368148555
-58.050624937716634
-299.23882636794485
-106.77133805185503
-203.5941657636632
-57.18586423632939
-5.222789655333985
-11.055357856043555
-54.07862840918391
-68.7151025069262
-13.17250276910681
131.01018026326815
56.47228349240014
102.25053700843537
135.62171134840918
80.51154398891168
34.360108704847384
114.47338520260973
30.5631871915936
46.44022985238671
85.70073530335706
41.37454397003022
93.89324175824174
44.84302023346301
27.04121842796522
13.842992612281584
-7.828485581962691
-19.942890365448527
-20.679766471421473
-0.34815566159704686
14.21604244355553
1.3075047619047664
-10.977034336701058
1.45407666137447
0.28665485269453894
8.066884115022674
214.3958921618345
217.4677601330221
172.86867464083906
45.53823388762092
30.917790456039555
23.45137086165312
42.433639251676865
86.72671048558195
82.37906891302156
-20.187213221098148
15.049600501703392
-28.090022265474104
-10.841868774859474
-2.8937421448256977
-19.530671122629954
0.1167185867169151
0.07460401541269747
-0.8609495404043088
19.738398987759712
0.7099714746372379
6.280198982728771
-0.4881994770265182
-5.319375292565635
-0.4873735911487995
-11.53183392148214
-24.738139706201025
-94.897888220487
-84.05572591587516
-92.22492979003293
-139.9180754751294
-101.2586551664146
-59.31889907946785
-96.61856565080436
-64.22051753428825
-125.39062637411952
-333.7722047619485
-410.79236388268464
-280.87304296966397
-389.15834647589634
-523.6023244898167
-318.8181284562428
25.394719346243924
25.69584900160324
13.434868127588754
15.569301290378403
0.10623444203383178
-43.58646078723059
-48.08514317294741
-7.660588593567603
115.7136538848241
84.48733839033596
528.7584271989874
241.3516981961223
148.7980436836044
227.54163527772985
329.5903546461392
473.4882691866487
160.74198589955608
240.4767091795377
296.0406284710517
136.95555216044067
130.2411790946619
122.62173355012447
85.63162826784801
165.72979912909113
29.255958185507033
8.181682512368246
5.284653587345275
54.54235926395329
97.24660296569003
29.636960121453882
21.8823531762551
2.8005380851188466
-2.6463538592366596
-65.71620476116377
-0.5679375476977853
0.007169190256747478
-176.0095246789606
-95.7773382754709
-156.37736345485234
-123.22801635478842
-188.32792304612266
-81.32821778940479
0.10904789217091931
57.512849037835686
11.940134952076724
27.59300668744832
20.416517743384055
4.058706748652547
-5.539196525891418
-0.9319382116475575
-13.861600857808302
36.32710136861904
-36.011561509220996
-19.03685665222656
-0.27711205673759065
-0.3898064012744063
-58.100174522073544
-211.75426515334033
-81.786363538874
-1.0623575667803318
-1.1508281277886931
16.85890415496158
89.97701758677857
51.39145822148614
7.720526004144868
4.662912956530892
1.0497948051285924
-1.9977184364832499
0.25109572223288484
-7.102697078025577
-2.306975821463907
-8.574713638826157
-0.0034632014824648575
0.42308370717781263
20.459793389431848
6.250867183194469
3.8753318609595713
7.455444091020305
7.7449629137606415
1.9969439196350507
-12.070215175537948
-0.15359458139474721
-1.4046540037830981
-18.857542416833372
-0.29159100062495696
-0.5397762442972063
58.84777434842256
0.0001899691053704848
20.324212814320237
-17.59759487448937
0.3144944616887487
-28.044252166236724
-5.870888157894734
-2.091048359911852
-0.009914538798230767
2.7765715190207416
-7.619362229955541
-41.449732530199135
1.550091924709291
30.11332662862776
6.9508269876361215
0.07835764612483778
-2.3318446638959776
34.478495178006156
1.01897752978436
-6.680894033427235
0.6277425613348284
0.27579951157111815
-6.094972842642873
-6.968234873093635
-23.355611729481367
211.61023589185265
-20.216724755660618
-5.513960521015162
-2.52192912042705
-6.375840661414085
13.059113751978016
10.878989186112678
0.565788507250562
-4.256043553781867
11.406082234585746
0.9606962105530027
-35.91932028469751
-48.58838787739117
-41.97400610366705
-133.49869329281523
-106.0661863075946
-72.4735520816371
-37.82264805929791
-109.1052452110516
-226.3775419567688
-232.15980443222077
-332.14971016048526
-46.87977543873535
-99.90857694163051
-133.06783957897395
56.5132202008019
83.25824209420092
-141.53135932121654
9.634603710963344
10.479663268892825
-0.4395099391480747
-1.4830239941388383
139.27980668110104
40.374443732505945
147.70484591872534
44.3939831476509
126.62606459562872
89.5359463653557
49.36729000613124
1.7839755221623521
2.2159036144578264
2.305945357789451
-16.83849319862809
-13.598180498597754
-8.512604402515707
-17.461012285950773
0.004560391456086798
1.415135025262809
0.6547473421553625
-6.915663341064436
0.11041182628232707
61.7537839692038
92.20938548609897
48.87420092508531
-13.493760538959446
0.10699416582212701
-1.1221884550084955
-25.47201705824382
1.2759371535041022
1.1983850538315362
12.28305108369031
-2.0794080537704147
-8.116720953507397
-11.385334611217605
-18.189286953226336
-10.415460982762328
-54.78947104311883
-120.532197099569
-57.08294386831269
-157.68782880849238
0.5128567219876233
-3.4021505837613715
-10.637261255233991
-5.741958740212931
31.78192247551641
98.93239994844362
89.67950294102945
41.44393215302711
23.58865597448883
8.878116556937353
54.91986899866402
33.84978799789545
15.308508725043236
47.72349252049818
64.9137204400576
15.241470731769898
12.2412834512554
-8.501119726760827
17.177814700432368
8.365077306942906
3.754596646397654
-15.178531794905068
-163.93823348974234
-115.1983891395551
-51.08375686688551
1.6637770109740768
-8.308256988555279
-7.496826133994762
-34.38243648337169
-39.87848401474713
-59.09015822925461
-22.487606626282606
-11.707216308698552
4.331447849449178
-22.03364689668637
-50.54797202366284
10.309765312292974
39.48932624850877
-3.3517103435059536
-44.432487033269325
44.975396070629245
-6.77246023066218
-0.6136807000946027
-5.774083227270215
-0.16000625602794644
0.3003099426138753
-14.025191460789555
118.02227065344455
115.77524255673542
11.880881941203913
75.30891590324767
30.31045131507015
206.21860894534035
131.59320216424047
66.60278770328621
12.004847652085108
40.90320616883114
4.993444772910504
-11.032518216066213
-4.32177298449931
-0.19586123050472456
-6.099709726019757
-39.922134771770644
-88.52273300386801
-12.719232920495397
-5.288537664383996
-38.16610847638768
-0.33608534908361054
-28.460635724598184
-73.18802829253015
-87.11716114119383
-171.78805919661724
-228.78679764340723
-259.1233942187023
-207.43383593425665
-13.923464698886413
7.062896835062773
-1.2508952798765116
45.22391784801752
19.944325021496105
82.31585298332863
50.718481771097665
0.07031404202476925
1.340452570424244
0.31724896836312877
2.656728913281094
-1.9201863325740214
11.289556886227537
1.3667396428076284
0.7746234780910134
1.1364531187785742
-1.0551995929983835
0.03492545934217004
1.7370061997051063
46.18229717870678
25.958641405372298
119.65555334244186
39.376303999999976
-0.38863189278051224
47.37656342365617
4.53001456147556
0.05342847789167812
-2.144155506918419
-17.62588549743662
-13.261841547099174
-99.71825812037164
-58.965579727873234
-6.667555674085331e-06
-5.629665010858436
21.91900097897532
-5.746889048409548
-3.991012623863199
-2.045115556524566
-10.86665602893465
-16.65494467218607
-66.57657869752782
-92.00551013574432
0.4810792231195301
1.926288324406035
-7.927197238139604
-15.790127903761086
-57.90363704819278
-99.47639230358101
-71.91738997117318
-27.802758227401874
-35.51129034459234
-69.12323569778731
-104.89173572639407
-34.59736115718931
0.2338010443968721
118.19765948729953
182.20584929824105
170.90951787507908
299.0552831193347
405.2373125740395
66.27959424813284
161.29300950915433
48.66634415987526
110.6662453071456
117.91299162499251
85.51397984430628
42.12099734072787
24.094863184605597
7.2389575289575205
-0.7444524127470863
0.9514640708383273
83.29604722323708
109.91589418884342
47.43229757953391
26.34235888795284
2.6627315016015776
5.9759329710144975
39.33761767372843
20.34150791939633
59.29502577200621
-24.75149132543376
0.028715784396478542
2.8149007427208597
18.6618029140929
7.683106182716598
7.128311880390688
66.70517986724643
0.34090417892073066
-19.727038308217587
4.154416904906686
0.44584137216531255
0.0170432702515243
-2.4601144725051536
16.654128906076394
20.710400415347216
4.568640508297545
-0.24181989382600094
-9.283418100005159
-64.99248493987433
-5.286128969629704
-18.32389515142183
-66.86380430676232
-38.6938392462381
-38.58072001892873
-47.83222000135842
-69.15330656096805
-25.970261585784414
-74.35547074746066
-139.82440316523605
-200.7343666294115
-68.27759103491775
-27.221485482545834
-7.266245810322424
15.436300769455544
226.85531821984628
180.29503900882384
29.035583847499844
70.74377882430855
-21.829987968268806
44.95895333938132
106.85687965821197
260.8802332289773
37.74105470532892
4.967201825723098
-4.712336441841972
-23.992885077736815
-0.0992450548919077
-4.943017928669214
-0.08533074059855127
0.0037114594720810204
1.3117119480562143
-102.50268690982136
45.52221484558312
-0.004043108256417709
49.45565364271387
2.7012537299514965
-0.0008480942822599086
15.19339056843754
26.090904102160177
-2.4684534193110457
-3.3592037987746926
4.807352061325611
-6.773558160128159
-131.3323417854751
-65.13034387895463
-261.78395650053307
-58.13694056415123
-98.92088067301302
-103.80731425075152
-161.46858693175943
-26.748455200315824
-43.598742272583294
-41.789197303603814
-260.70081569280876
-15.985085392235007
-144.96163423633237
6.092771500043103
5.564638434868744
-50.41080179208037
-113.15455269976889
-12.25100394377591
-111.12868955971315
-22.506209438346264
-4.887570117869838
-37.09137719939171
-112.52478283280425
-26.638363874583792
-12.102641548021719
148.22391613983748
70.63958299142115
83.88958477031315
42.99658870564722
32.021379921741236
70.63855120245492
84.23301598111341
2.2163372642334602
-0.07346738134631393
-11.952879257374168
-29.384719161101255
-5.6840926647799
-30.424448161467527
-29.49082900617428
-36.813525383707194
18.204396514020054
-16.82986779329767
-18.840464528848216
0.5563591875041846
-0.10361277664201386
2.685474168629832
-0.2551163455491423
3.7234010584784976
74.8994623140308
250.5781213700034
10.651530832255254
73.98731570316235
24.852095907692753
103.95446469501745
204.59655801974816
37.15162553931155
70.46280295117077
4.597245390070902
13.135139265860648
0.018714359771901536
-38.048585100195595
12.248778778314122
92.60823793617544
83.62838404859669
70.84096037991318
13.582721642116944
-0.15172423335925092
98.5343055869946
20.965616612463073
-0.3067213639487468
36.18146138090524
60.93625469888766
11.337237185343394
0.660045311750721
7.994812763600702
-3.2246102088728694
-12.466956502865042
-7.6554513815203284
-10.095609651128383
-1.825887156485063
-5.090193459644134
-23.34185533232893
-97.73294291871085
-85.24906677285327
20.79084607173983
24.453519429040636
65.33859110274456
21.58993579223515
167.429472111448
100.53012229368613
40.931729446736774
25.650558076949416
0.6587220527075888
6.659349035708543
4.361077510896095
-47.63344146324665
-15.98506711835698
-46.79408608723329
-146.65331144412633
-161.22530349540813
-248.58842442573973
-37.11513777513779
-47.282740647649575
-27.304109688146525
-69.4187148867962
-80.56277945917034
-41.14869273489744
-50.01202804879307
-147.505411496205
-122.82623371077034
-0.381516220901433
11.116755067334655
-1.9373203559319065
14.36986720542125
10.736627390256642
-3.0496653069090685
-3.1756425429468136
-1.0359373049781493
-2.1496399987639587
1.931673052362705
-6.284466453089282
-4.302974143147193
-15.570371859721902
-53.118607807854815
-35.56278320023661
-72.407392683732
-73.14507116104863
0.06091237973460078
1.0563474031737017
94.4305127250155
162.75036262052316
173.5269180565627
174.4524700253183
116.56781377397189
70.85976928543224
27.64687792453947
34.82155151375032
97.87525674907982
78.49330194488921
0.34248144322798485
34.05164161248379
31.227272016943235
4.6427461040148525
1.7962948399302598
2.460669095678791
-7.728522380044048
-4.005822286102949
2.014227943572772
8.871490496258739
-0.23440514469453771
-10.5839462676511
-2.6118418148112315
-0.00283987948507243
0.8271912619971641
-0.01664878576852715
6.5184739862521255
1.0115181347150208
-0.0009930098222111087
-0.23447551264546004
-3.7282472838561604
-2.6034216745442382
-28.874631391380547
5.015413051448146
-0.9071918274687849
1.9416900482964743
-0.02941445887787844
-5.510408783527084
-12.248155021834041
-45.07186278924508
2.5503659055098318
117.35254227393901
147.74103241923154
14.566366288010268
17.54322391963818
-18.102829361655694
77.7032190000844
48.11898359074324
39.67464497573257
10.433820259208773
15.062435066507811
-0.4963883127751562
-0.5400801560560362
1.7718671693871264
4.601799552944818
81.91626240352815
8.809941842088636
-5.085950799389805
-12.852273794877531
-7.378665267399889
-5.11604201491979
2.5527743385252575
1.653123813122957
-10.492352515652666
-0.01672927567341972
-37.01433742415026
-0.3007049182043643
2.232402305164454
-10.557827503909138
-11.43455111633369
-2.202424359685003
1.865669730455433
-4.515111185420517
-41.36684502040854
-43.66644044382271
7.982005711420305
-143.82356417842288
-21.811076427996763
-36.63682847390252
2.7439826717521276
42.7653248705529
78.68041770895695
-17.189339875111582
-2.1814821213207454
-17.463632721202053
-3.0253770240140323
-0.004125819897250697
9.144048013245017
28.006206200826394
0.5642043401433521
18.23169219127243
26.240829920241413
58.23423130157312
24.156116141625546
6.6837528281965035
0.062071247313657305
0.12454779542104427
-5.266999912914716
-16.56216546872612
-5.7596407535760425
-20.214993355249362
-47.12889937700578
-35.42787478939435
-4.552176816664025
-32.97526819110784
-31.092481279013885
-101.13278280132195
-48.51367573011075
-19.764256967452738
-7.800789197056658
-180.90523493597354
-31.67854308292216
-61.55005455918665
-72.55754881350808
-142.15436140312045
-130.52118405384408
-294.8605611965829
-69.9204423656702
-263.1912860872967
-339.5618136306131
-129.16020619171056
-257.26314897480506
-144.78564499174047
-2.902799356007245
-0.34201299120297596
-0.581457450988953
-19.361783417467702
-59.656322205840276
-42.19056323085085
-55.262332452351814
1842.2389260590908
984.1168153666637
858.7495547443284
694.6626843258159
937.8117957222207
216.59828771788563
570.7577833693686
663.5696563695406
529.0617158886228
839.9904308401876
478.7770031842291
5.414576542553507
1121.1286331141116
400.10255684386357
671.959475575466
122.05254770902266
1650.7588463705024
869.2009579988098
984.7256290199211
1139.3709059696594
1612.3302762241983
1798.3375534097408
54.776953168680556
160.90300331115304
249.57485238166657
231.2171884911023
297.1985231307827
577.61675255716
116.32737142026802
62.5206824835796
41.44683906605452
-13.724286087307489
-132.82432401127934
-133.76541297275602
-313.07093547205966
-829.1059264635828
-873.7973242243102
-463.75810407867687
-486.04726668757667
-712.6024089724647
-0.6084600399856465
-162.1150600168031
-141.65345264288317
-2.153178855623495
66.33743224823874
560.3060421704016
128.4555271560547
116.39578832604292
39.60423929420044
-54.662839791734974
-43.39062126686102
-3.882219477731881
14.376307580052874
151.8309377836226
-56.42954024096389
-320.70480275105297
-47.923067320583044
8.26567663132488
0.03242790242037512
4.567465402357765
-33.54878062760068
-105.91403716388704
-306.42685937326473
-68.6112201142941
3.625313303131077
-11.329862301038068
-95.18628786742256
-56.03143149525009
2.7017306816186046
-222.08855955257883
-1664.7090555557636
-1917.9282354489997
-137.33293100683687
0.4533531188722245
536.4078758791612
1645.5804738863512
336.7999060293263
555.5827449192251
686.7712950100733
229.52025823682118
55.00219009020334
-0.02464294997381212
-35.255895342322944
-20.232178381685845
0.42382936663581156
-191.8990546398881
-231.74614700200522
-5.155969819321921
-271.7671533810622
-633.1890456043004
-14.533112931106716
-308.41299388289735
-314.0063843956069
-656.5270177277093
-201.91538143594786
-736.5033277503534
-1492.3124282110816
-116.5174335927422
-1083.8418230750524
-2429.693815897982
-1133.8833104741152
-2790.1471050065356
-936.8468714769219
-1429.424747613034
-1301.5394806198983
-1297.6474841867318
-1716.6148863403191
-743.0
