8134.79
2998.789022954291
6486.268431842937
1420.2489774768458
1363.6499104726622
2862.25466389914
2532.8203132709405
1376.8215966994326
691.2815200518608
1281.8043738984713
433.0040787121321
4157.525817678714
2729.8936558732817
1392.8980657182417
185.53470385186966
211.40964901726906
160.7332730518301
309.8836953456693
168.16279080545388
295.2798635279522
134.1830353832061
1.4720502519264247
-1.3839134982846457
147.93759917107153
181.49764781725892
539.6678349781332
573.3480174708619
47.34882912573714
-41.52033348790262
27.24288917780729
-138.5284714883338
-105.04684571597723
-40.745830148014186
-170.49408263663582
-79.44710327446167
194.3151244730806
18.723643226241396
12.081550910250515
854.4038512319121
1670.412604475206
503.18110265564343
1122.931795284773
1403.07334535562
49.24730846308817
348.444244748301
989.1061745559674
501.1467908238269
10.707813614494883
4854.560752132114
5647.258544081635
2268.0405360212544
1054.0064959153426
2445.005042733539
800.179868060827
2094.130241867078
11749.066416343994
8282.987583726042
6073.937780450115
9999.4052204084
13512.64806927367
29235.08374774468
73804.35988419605
73634.49375235765
54724.787893193825
118601.18030377847
-276821.77
-212914.64
-165639.41999999998
5899.176378429655
698.7215119870966
204.29545505049552
1642.379671937378
-191.01663465833656
-1127.1006018422866
1497.4083900900152
809.975235163506
109.14954187763992
-325.8217533791303
1040.1955441415023
3089.897150935992
2425.7384813067874
229.4263250214916
3071.0595366757198
215.4150138020188
20.577043956713595
36.7963718063986
2281.6833764938556
280.3584649621548
1535.5977696444263
1122.8531967868053
109.74422395080128
-1.5618743746769166
-0.6952694278526567
-94.24498262175126
-290.8720342405709
-1552.975214383994
-2752.032032746155
-41.59159915504107
-615.2936320873742
-2719.3675811179655
-3266.2134434163504
-580.3265168789571
-6652.748971844636
-191.6810788268462
-196.94639795361414
-2.390109993438676
-421.71158018743586
-986.7556349890754
-609.0650935136766
14.857945141485022
39.55853521377263
-8.840890049918793
688.0702762555818
625.3709692437851
303.52977763160527
0.06771247561431401
-11.632789113043922
-371.8891097355718
-963.5075650248093
-190.146555174173
385.1417347252709
706.131057998921
756.0712551712652
2858.47705715768
1738.2321612226146
944.4884675579585
333.6453892172035
601.2680862962218
169.65643325646562
12.501649591848855
42.144643795719276
7.9483900790309665
30.418877923927326
0.01654060267097448
106.83799212938223
1039.4528452531345
400.84028664780124
474.3944404703202
775.2225237255608
647.8338561320089
259.71330604604094
55.64256174279353
-28.02236555074084
-51.766440975378856
242.25655074216215
44.65374305632818
240.8960263487506
-0.1105040019018795
-193.4445900907029
-1182.1626636431947
-291.79513555665176
-19.46890075909517
-49.02138373995533
-14.953796731813055
-4.494302690110434
-0.004237441544730103
15.629153363260356
10.787720016913978
1.9074527158039207
1.8337949157405908
-25.36871799962732
10.509956593592653
-0.6240885049796819
-4.815389446015864
-10.667341591148297
1.6865219339440047
-17.91596746209828
0.044565027316624234
-78.2730807824725
-268.00423985356997
-485.14154492336576
-826.5400408131626
-1362.70071403035
-367.18933955592354
-532.1184061623238
-703.4037190275801
-899.6513681537274
-1435.3783835642462
-2818.927151673404
-2395.9629474944168
675.6741632693489
2057.2214815084235
444.67102265002893
-19.36290549278041
-21.885033730108688
-9.369253408407332
-265.9772436378728
-744.2233002243543
448.8248542879008
620.4697610048763
567.4493555414444
604.0812997128403
91.90420567991723
76.18935607263352
156.50483634043906
11.580430417664807
-11.85083136350268
1452.4063880170638
1581.0882126467498
-0.0008387709462977455
750.4979300893068
4417.4299394518775
1523.2826928553297
2472.8267827101768
11845.315192187583
-73023.31000000001
3006.73452897248
-125.43527183413289
-266.34439107512395
467.2591986525337
1.5137324418247289
-138.82585385368432
0
589.5829367227177
17.638865945763783
-297.78418130253124
-346.7306840301006
4.2283803274464935
-505.5457080007434
464.06763690981774
-1382.1030722184742
-173.35517830580787
646.4572681590574
-12.455138573304911
42.47375549210166
902.6955961405187
957.1574964852144
147.97335572952707
-7.373249287601588
-183.37480315475818
175.82081569731344
497.95063019694976
93.80006978281872
0.2642247350236654
-232.75514886048728
-198.74284272711583
-402.24833110466625
-3301.2245601052346
-25.27844972011653
6463.759493709775
-36982.5
3696.075914667248
1357.8882032121026
332.0207760390599
34.59404334580678
-192.7837097586759
-827.1053925620957
-1374.900999819708
-1174.7708151013142
-1569.2027017067735
787.765294314484
3456.208635422773
3656.0556450633794
313.59778021633866
0.02461986825726996
1476.8964329722603
5185.7485524372205
4651.536697256648
3144.852449385925
1440.2015301179822
1220.9044936578816
864.4139513941607
1012.6617261614408
622.7963979568808
466.9234180956681
551.7544438732212
488.2739498227441
113.73757168614435
69.98272874451168
-2.4067905901282796
-35.330839177702245
-13.935882678809667
-31.457372459278524
-142.2565307953826
-162.13364594019993
-7.9121860518510765
-612.9466408294651
-433.7955616450393
106.67759029211801
8954.705835463745
14390.763940367251
20221.79234478669
-121171.78
843.9305847981758
-456.62375108232743
-10.893448771354857
-111.75131173190012
93.01963070551957
1116.2409796629267
-9.221663413048885
-410.3547957332163
-1024.6026738849052
-1802.1835343679045
-351.2106605319482
-113.62385467131908
954.864618473065
138.59751012859732
31.62141963620402
1124.5412729076343
1859.3695317759057
1950.6540646888666
1275.3515058925536
1252.427788683052
1309.728516470599
815.9578132367955
755.6406668473587
692.2511199528411
786.7259754997046
676.8493597395072
464.3580297069743
100.66332804434407
563.0333616121885
73.08112358353732
2.871144643541769
-5.342010430803418
-146.4509227368345
-832.4276668664585
-20.001931330749247
190.80223193757712
33.952777763961286
0.007811740650853726
127.72766463037952
129.98887871156498
74.93624428304798
291.8350428090592
13.944839033929053
-38.70862530353951
0.11932811630470222
47.28902128299992
27.429089979066582
10.175371767806038
-248.28662333236738
-48.86867999036189
-344.15780574988946
-7.2249908521730735
-3.8728608581751343
-55.92188394632864
20.77067388543646
-19.101318874505022
-147.99334577210357
-31.705929944292578
44.230773430391054
569.1496357660965
823.3785967780184
359.0344614863634
620.7629553815315
953.00204113925
875.0079103679711
1617.647046520072
1632.8271302491614
571.0324766158336
845.1390314363451
305.49723555529675
588.6544039859615
45.72905769833278
165.28677880873198
32.06916333808053
352.93118425592553
510.53799221262017
1088.4801108724444
10.359422024581848
494.42308223715986
49218.03256511545
-199985.41
4297.785371191083
4832.488213831541
3745.017510696361
204.29776835907296
405.403365658255
1021.483643598185
-0.5505234415802397
418.5642545626534
750.2573520077285
1242.6977221707143
1824.973781302616
3592.6719023814953
5281.9206384361005
2629.4303164492585
363.4715681298333
2016.0292075130042
815.5665183178124
12981.616415658438
16528.94425670206
12535.977103120887
8549.864081919928
1946.7272708629591
2277.8616231875194
1882.6576641047295
8930.743159142074
13102.334170755163
22231.70474606578
22996.275316710286
31142.765652985363
42486.62662604873
28297.388714463166
30727.168599761608
45950.30314138163
47029.575134250415
85988.75652112617
368053.9831940603
-237680.50999999998
-430165.66000000003
-492117.39
-899.3255827375795
-1235.3993594167919
-411.59697581686567
-861.5505472667633
-1566.246611350793
-2408.9624230936333
-2713.8117676354273
-1626.8092726362956
-139.24403809338128
-467.0711361686453
-68.84709885428236
-170.96677162065436
181.3087381811661
2.764064246096714
678.2659738384743
-74.48031542085526
-27.91021737989854
186.56708854500343
247.56991679670944
253.9596212878693
742.6606564289187
0.9906222893865608
-45.83235610464604
-524.4064012766685
-568.9651743749602
-203.44745250245674
813.2945436019168
33.51262748962807
259.92594587579555
-107.4829539970521
-611.9750407474812
167.7007348762122
1470.9768945123524
217.10003420943661
103.63521862033019
269.44418194552634
266.47141763670777
128.59067246075338
69.74013890878591
451.60299388039175
27.128482989895403
-73.89126257502348
-25.250821321355566
471.44383975787616
265.0706127087776
104.2702580188534
-16.492860952240942
0.04152893513984496
2.1166240992242606
-331.74277584311614
-1820.0405264604558
-310.62796915396467
-490.36644532800307
-89.8303134774194
234.16726213160524
132.92463923982524
-5.497583431098233
-1.534260815170586
-45.07729094027738
77.9680554192098
3.2710908593856862
-178.9249704149053
476.77256823064255
671.6868415186165
30.532858647421552
-5.481586070064056
1637.5975593912847
803.5176255278924
0.30851513612482556
-512.6559383355523
3.9879931812621128
14.436932933489741
-86.68537204646817
-171.15536632065016
-1596.9726211919497
-8.658508224955622
-58.61035484358507
353.3199251582725
-1.2032425203697459
0.012818844697545831
322.17104474698743
504.01206479799777
86.1073218788725
-0.5253290567117295
-199.81827921819584
-762.6751198182099
-844.492298996382
-334.5246481489394
593.8700813554638
60.185947283428916
326.55374978035695
38.054898779320425
-31.76163392936008
4.496138520488357
106.41297476735912
90.33127406843595
-13.611747852208344
-286.9466030952161
-667.5834913109542
-118.63154521145783
-560.8173777336009
167.29763078000917
-123.2585330156447
-133.83329529936168
221.4347608771359
210.24401931094033
-69.43843356175233
-442.1822614414739
104.81038149290148
-0.04696292259988832
10.551030188039258
-0.5021613771906283
188.24817340728598
-14.043324709541544
-121.93168170747064
-205.59703140942597
-12.715539224140377
63.4867258054375
955.7353286040254
192.5760565757301
16.57077088835264
-35.49023073366746
78.56557521851155
-38.16761019993126
-4.949513710504513
30.037712330069425
-1218.433779738858
-211.41624029561524
437.2670801533625
348.1968559313856
312.0594629854352
268.67303586865137
196.67558668855412
198.8386355149422
-0.8636239916742496
1858.5400809940998
1039.8815811449374
300.9601619108264
158.07971207949072
114.63280387785242
105.66753660802637
308.3609877957946
226.7473336216845
41.01858242222413
-24.41278426736347
-787.4392355590477
-859.6064709966032
-325.04714034806074
-349.5688919678665
-452.2834385377737
-1209.8231351238821
-73.26071787332398
13.203547804433612
23.641753535958966
-30.93441644122064
-648.8419092895452
-441.9406712515899
412.5859012350822
7.202158561311108
-3.3052429407727746
-139.58077579360014
-355.99255742938726
-24.892526839243313
347.2143910257947
510.07456244655856
0.5801263017196561
-490.42471011986163
576.8130553040869
65.71143626157027
-310.5456507265648
569.5658500515908
1169.1207350375091
412.0156298533582
-113.37667079052406
5.030753208430831
-139.69425639901624
-1122.522310174252
-1403.571804739845
-68.16813243662678
102.34199767859948
40.58655711868655
-0.2210993466759533
-28.177421057198238
2.2565543363109253
118.41434154082486
-290.19846334085383
-299.6603112693114
1039.6918453069538
3011.6824714210115
600.1374779522871
257.6152813810112
254.23375991384933
207.4287920396983
0.06120489562297751
-129.70789452674603
-269.77849634643553
-61.471856147410875
1177.197966905672
631.4843349638942
217.70947368971983
370.1147350056585
127.49362491719366
-8.84564929364684
-366.04407519626045
-416.8619729068964
-134.0469824220154
-904.5738544933777
-1011.3539678565448
-687.1723613212439
-98.92610856287973
-77.98998441773782
-188.055976571428
-638.0027438757986
-804.7520837525669
-387.5319891264639
-483.68115530241766
88.00294324836742
813.71306013157
866.2684137803287
187.15218906660928
39.08520790326248
102.90686592280534
332.11051026912156
-80.90463756802524
-89.27007739974576
1.8491215064476374
12.8164952744124
-231.32848691875208
-0.04195033184285143
-4.844478274894546
3.681727702114907
-252.85780708950693
-1120.9774317186123
-725.0581021095866
-78.48418961564684
-318.4172159363553
-11.079376141252753
47.67578174797224
-538.9959655415939
-850.1008611459308
-231.24452100888976
-2467.914697536785
-73.39778151588182
38.94017901454235
-19.36557698227805
-72.16762908922689
277.1626998309801
-86.34329987452956
1813.4323868344347
907.8676603031461
94.46377776984511
-3.6989863010528934
46.176734786635144
29.96453764030914
-136.89276195360165
27.5908396345429
10.042538141487471
1752.9654293309318
1399.0831562181813
-2422.608200367384
-366.8026582095641
5.9961524911911805
344.38733462970174
3004.478517150969
1664.5386742315052
632.1289607491287
1201.8930603034323
389.22500846722676
109.52911303212308
4.172678053455636
-150.01370521877095
-1741.520738815481
-1924.0148205762912
13.964997183242502
586.6734316875707
767.7715377930856
2.0447287486634824
-166.37502603003824
-246.15722831316697
-1.0087075700949013
-1923.2810013271078
-528.7313087863154
147.22003426482513
3574.359410624668
3473.329945435954
1828.305745395995
1754.708052264394
1180.035260905432
1146.3625151146748
1249.4748019036263
677.5246443680232
466.53190031990846
723.44011951834
694.3932016379493
430.67724382680944
82.46181128331513
1.626027594055613
-73.7418067278709
-0.23833797789579675
-6.284756782678279
-12.299708075130162
-14.690520674240739
0.14718746767446583
2.210624174741047
-23.879344807167275
-1.302095044875287
-167.11176191124022
-60.60987473902054
-39.35269898380176
41.98645300186855
100.04102511007187
108.0976228053674
54.65528400247783
183.48505518123483
-22.656389775779104
72.06373074308637
-5.848425792256331
-11.288755041805729
-213.42148148578616
-207.82272449912006
-75.35533757304096
-252.5016397562599
-149.24356421154715
-41.37802457269491
264.30361263307657
139.923093236955
-2.6906510116374925e-05
-72.0707474445157
0.14296356519610476
-207.96626649477543
-466.3387894799512
-328.5606638239226
-481.8099916189665
-2.4877431932810685
746.7847865231754
1961.6177920431685
307.6246680714498
76.75264610208036
-106.8029503247033
2.4087589314269606
1559.9106252217928
567.0744164799938
52.1822580968732
178.57355113736372
74.10019026786942
10.905719153188322
73.61190062224851
-7.1609120635132015
-245.5946096647543
-230.4340798219443
-1228.1156271454306
-1500.093316648271
-1615.4338113652611
-0.8692613197094528
-0.16855158195715453
42.93910539777776
1665.1064775889474
3037.0191565831715
1347.8060950163297
1398.9416279804502
594.929811634618
175.22484634432772
76.18553730666189
0.3055775240430103
0.6372198147964565
1.7420691375036808
0.5359397718951303
111.91218841856698
66.19155158161301
26.012716819508785
-37.54963186544642
-5.195121881499192
-75.97609929132133
-209.6749513019785
-172.69865422041067
-156.18713974338374
-288.87277838083253
-299.90673707171226
-490.0731951985878
-185.95400052513816
-68.49492701422652
-735.3902629404937
-1575.8097701873849
-1232.9082400554582
-1615.4649696193733
-1551.6555312305227
-1945.3107055032876
-2864.6417964409084
-4608.507517071182
-1148.0681794000006
-388.64571655580164
-1142.9449120693762
-1172.6318087772536
-82.00276029739844
-63.311110599506705
-472.16629544107695
48.36911759406454
3455.2721851941137
1193.0913516843789
257.06141876819476
-33.82317073170711
-237.5281855770716
722.9738006847008
242.20495597531155
50.85467023008604
-243.26125580536174
-534.3432886335545
23.110083421454636
-445.9192788413228
-501.3935847559819
431.498053985546
1317.3755042150124
244.83732353227128
33.60580008325647
1.9896662233902775
73.2674968418172
3.217037717595323
-144.15022814363277
-1.5267958406803164
-123.66651116183283
587.9325509769772
20.458957968286875
1121.1674663939132
1125.5036587997051
577.222461810596
578.2451608014021
1367.695856723491
375.1316047992286
96.21348551490136
8.746622835945598
-72.14116468710418
-64.38217116220568
142.23181527132274
2.9678611042359058
-42.90227651148496
-208.29093620207618
-463.43638691791494
-1423.9913248980513
-1210.0274630638723
-1298.2900951900176
-2251.8758211011664
-3042.0566384070576
-3538.350858756866
-3705.3794491886642
-2633.106504992762
2.554004026187745
567.9189043114811
84.01069916445738
545.4258941021627
92.17671522993626
162.49425033688073
1416.340291377248
2502.9144510086653
1122.0352884204956
675.6431639404751
76.39499383546719
-279.20035119044735
-763.5964339605785
-646.8924274442436
-720.6304270116829
84.38671425830009
133.33894904748226
208.26734468333046
99.27042983053934
1.7307120048026976
-17.221477750118495
-129.52517537488097
-13.378621343255041
97.99881142845567
-6.702285258747304
-108.37151755386778
-195.05005338228182
35.64167458075621
-3.9515392629946744
-434.00875944535653
213.4568786102529
14.541316004057059
128.37564799360496
427.37995608304794
88.50479399121505
78.63081126681364
-12.626853914841158
-686.1211576384991
-924.8922149181781
-194.5330726640005
-308.8644551698533
-792.2050254229082
34.59549779603071
-255.39284706524467
-99.66323334968703
-311.3535078720916
-34.22969247423946
607.4115299974784
714.9957028324274
295.5840161584648
102.11958220853512
-264.9264613304224
-1016.6696305271286
-468.0644576975931
413.54140105398875
600.594355760206
617.8325481326743
96.65178067221478
-213.2733580497864
-41.033279179917116
122.98411997667728
932.4008639376179
850.9294229555511
423.1254788983206
407.33160592158305
342.02764094997633
438.03283622024253
336.9754514915341
267.63185439549005
325.38970898289773
330.8589518648629
176.94948199434177
2.3860658499030474
-48.74498344462105
-164.8983649450838
-619.3002381565608
-204.63701947540918
-4.860088215024962
-0.3715703999005249
-179.35719469579092
-0.03572808830300756
104.38834227769772
244.27806432727326
59.50655699647027
-0.21838155251245814
-1.5108616345362214
-73.46116000205123
-258.88466427286386
-558.2830794550367
-1363.8285789571423
230.74798367929992
3900.8032416815613
1762.4337334474487
272.48967168845263
12.901203991122253
-83.07931163176463
-442.8987422593924
167.59556044650998
483.45536634067105
424.7815933634158
754.6642641920844
238.72397765843812
148.02370899929474
37.86310532836326
3.0646777313033313
-112.84365212233473
-346.9725538713359
-817.9349723246049
409.17023681528667
827.6128958690097
413.0879200732235
413.92333754933827
561.8307561251595
237.26427772307855
265.16365833039765
23.565761333600467
83.08845587122389
3.9526644009394074
142.43814145667693
73.11348945441009
138.73423614600122
40.20449918561279
17.184618938266134
-2.4880526635883236
-49.35376900461563
-224.05201806306155
-725.166136236636
-1133.9040936769184
-915.7413861085025
-421.7918512443407
-374.1068734508692
-168.25687859347144
-65.39692741592677
-351.13465751573995
-486.92149743876655
-1000.541515290955
-300.34722862768984
-150.3900871590299
-144.2746078368625
-191.90887197401526
-296.19798753491034
-322.6167460412752
386.26617852286734
3831.7922203101953
1466.4128115672652
1542.0661267205714
649.3194889935065
301.22631373063064
206.93990828610933
238.47197958195437
42.113802570229915
112.29202050604204
91.06623265580426
6.284451488591715
-2.35007269866306
-153.0882718168752
-384.1455621806798
-452.3739696901899
-1146.1041998452824
-1625.1164800681217
55.87981573314373
276.80997960063877
618.1865924385731
214.28859306480962
9.994107851506925
-291.0446814284966
275.815808845091
11.382233940294874
-41.523208382080284
-7.46307229044856
-13.321560695565067
-20.347243575145747
1.8279717143329477
446.8061847371741
485.90727940341657
50.79010361700627
-10.040032388369426
-97.0790353876773
-466.7594454902622
85.75582258482734
200.8976026124785
208.5796253377075
454.55856844497004
197.7576479771317
176.06847545718836
356.17859676635766
122.22471494470999
-1.472195928579016
-0.27957361022570293
-77.71539310757261
-98.48407899712318
-98.90924233945069
-30.87973898554551
-36.661726831610366
-38.723111129826194
-301.6560696736623
-675.810410020558
-904.2794478928186
-878.3500921723196
-1535.2444918308204
-1565.2092616413852
-1788.6277947614985
-1505.721124756662
-2335.6228683003574
-1282.860922433802
-257.29906884080714
-55.819777291788746
-920.0942001892561
-1661.499142301253
-1211.0717166061406
-777.7657130198862
352.3007560990492
150.87607375777688
701.0303603106861
1111.8675534982472
208.28336727562143
0.6393032042706758
27.00619958378168
249.718071907941
933.4265418718289
111.0698729433944
-24.985894106506425
-741.135275636874
-162.36317051049284
-53.774122234245034
-547.5808004104099
-60.35163900779567
198.695446279608
285.9927779976249
-95.02390950564475
-545.4435438047743
-247.57429990294148
-0.7696137564004683
104.47407209201415
68.92260766395697
-121.53390599963487
-71.13667776415059
-554.1061577893469
-1191.570226852879
772.1220332553606
2832.8449942185666
1998.6129157787636
1881.2970180489883
955.5227552368909
399.7145689560211
458.7123504181111
504.0219318030927
1128.3658474611852
1452.3981444228675
716.1649921998287
935.1420683048964
537.8091263418487
652.3209134442782
398.1272317093733
348.82005643190433
120.39700629780289
181.04127095821832
26.914109680900246
3.492035856994666
-10.713061932859699
-3.446253116390686
-23.876999088100963
-111.56869677847611
181.42660032555358
19.880340872160104
-4.518311199512722
-141.91245974445542
-324.01009340770804
-1115.3424468083083
-904.4180724217933
7.526209566259234
621.6105202827479
143.9149837968448
179.5065271750947
278.22857061311754
434.0414316142446
649.3080424323781
395.13932471594484
319.3079408526286
193.39059460793086
74.73045953255951
122.1144649775522
103.90686721766404
62.907107532228714
335.2285006303873
308.6722789800886
141.46968317044147
113.18466830594762
104.53378446307588
133.05994585868464
28.249193493548855
34.07455396424386
19.04626766806136
33.066141174051
14.281598439509708
35.25208802575814
39.785056521227126
2.9519775805976565
34.00478602475841
43.15905305628149
3.1011835148552978
1.5628685499277513
-12.567800813736058
3.064354023972122
-8.085914220822074
-11.827892050411046
1.2572424978812125
12.931111815911772
-24.743556733292063
-0.001976263248648064
-17.654973119302745
5.838121314612933
41.83185822925992
-31.69681672872537
-0.8682482147295032
-16.3339947373833
-96.14959525972344
-191.24792119525472
-121.17549846374384
-24.610962967710332
-30.551709793685482
-56.09667509586395
-134.41338535808976
-100.64839576403615
-146.28139296455626
-59.860718326269506
-88.36718750753857
-200.68692696143248
-102.34138593511047
-164.79371696118733
-114.88962535542662
-18.32614007293211
-13.776052045715943
-43.956547588114304
-394.61840485346573
-453.75398113210196
-434.1472226205575
-150.42917011557964
-19.946431290565247
-218.77792691733947
-312.5545506140745
-184.30056404925747
-1.1078606233394184
-9.346929147857681
-17.63378325424536
-2.449820519630316
-340.78470837694874
-649.3043779617255
-927.3599036571864
-853.2094240005238
-108.89486824153076
-2.1612033770489667
0.001046445248395951
3.1215245714233117
-1.2684348447536358
-16.707319099938296
-128.7443039054138
-22.731139777798525
18.297406831252506
-65.32481637814845
-22.262531117750623
-183.67420146561835
489.965519467057
1460.7795231903044
704.741071588646
344.96608912249087
59.9133978373862
196.5623874314571
644.4574582306915
473.22388268943166
79.09045395287144
85.36110201588274
19.5718012616665
-0.5863343905447955
-41.02450951549775
-30.42960141008021
0.005761112374261796
0.41323269688708725
-112.03853216174592
-257.03171156131384
-4.081651398858289
18.373453372776645
246.15167720072446
8.336576229355199
78.83360588667553
-0.9604375062773807
-135.5322656637559
-416.22510839824156
-512.7962043595072
-708.6723107569725
-37.6211185772444
-23.309619906011356
-4.0693890629880904
-14.188054812936322
-53.3744390386277
-183.22402934266302
-584.8908440257675
-1417.055321329175
-1650.3834792705027
-1034.5520174685132
-918.401090352383
-1394.2335106744758
-881.4617040580362
284.27328807404797
1170.2053234136754
213.7250628140616
99.69969395806433
13.411251687624416
22.813664442720214
529.6689470604674
293.5432055033328
118.43253611147207
-139.06144757902123
-1064.8816595037586
-312.2238922439445
11.670648993121446
211.64370206366272
719.1543754797665
67.67936626336949
-164.89689341640468
-1584.425800783906
-2858.7473072655403
-47.35389809021915
1369.2481188089653
2119.5108221999103
2402.540408181988
1298.2985895968386
921.987064401522
913.9316960237529
585.6963268744772
588.7684500778141
355.36847578531405
305.3604172889537
23.076973147901395
75.55475933087538
22.238405753027628
143.2756229851106
41.78979622690385
-0.03550433424914004
-1.6689490897789347
4.254168759723413
-42.67420028793912
-121.1055502594487
-460.71836863060776
-75.84329956193201
-20.54493740031903
-3.7786633037082518
-6.216422846159304
-74.453549064181
1508.8783219435454
1100.796050700063
221.22591865847482
106.70181119022094
154.2966530014018
28.77387562436474
243.56467011910712
444.84420090558876
237.26744588849147
288.3261627237624
160.6193699555672
21.912449705771905
16.988001565123426
-1.6049406952417216
-77.97961531405649
-57.600512198791755
-277.1647432907596
-312.5695825045361
-490.1293782527071
-701.1024342862321
-477.75855750550295
-116.53955996848428
-313.77923090840073
-557.6995793997933
-1215.266392981552
-541.2387971984285
-81.23857779684141
-49.73284195671739
-144.118180213096
-678.7343629242343
-37.74462652586922
38.49912323054102
168.21899627054114
297.94541605976957
1386.7965278298968
757.0403268924406
419.6446690779738
226.6525069689909
0.03230616958100002
-3.8673657446501095
-73.23017701686543
-43.1720794231715
-79.99119130883797
-242.3419150681707
-150.3388402069618
-411.4561440401969
-571.1475291987084
-920.4770086548965
-1314.1875697148998
-1157.8606901437845
-667.6091053477061
-59.64642843354476
-40.06415560851273
-13.738118433855352
-337.53643483133385
-1484.6347518415523
-243.6258231148009
2179.9103301968803
1193.950941602781
322.15330379888553
31.621467581036296
-310.7932585580266
-638.807343246117
269.26622037520804
538.5633912869347
10.97412534433134
-205.6724476634941
-29.571728417487556
0.47682192281975155
-11.305264425688925
0.39582394441709656
-180.06563146938745
-290.85692218148125
-8.948302815197227
812.0302739743129
-20.898631773962848
252.68977589500054
1040.7469594287813
408.6393948603423
87.91872445024859
13.229879177259347
563.540920034488
608.3780381337447
608.5918682251487
258.9591348399929
134.27781778649037
41.02912394050484
-3.174617997396388
1.8551090175819875
19.460566798962063
30.150144821150768
-57.73191114583381
-59.40400543538533
-366.52879617477794
-360.50365098222323
-6.928251346429097
-446.2865883888379
-767.9284715382623
-894.5134596917547
704.8531547208622
2762.9275454289273
1470.8029943552788
216.28881511431263
32.76610556793063
-2.232040602470538
-27.89613282699407
-292.3156420758042
-357.37622053923076
-112.70497349064021
1520.3374485983923
547.3148368366699
61.2822569357298
0.4868732640457281
-104.27640714982367
-74.32101058767486
-404.87133976459586
-884.1820345713488
-1144.7433653855094
-300.01337597684955
-46.14620080926442
-1189.5515861829763
-306.5667114202856
-220.09804461023575
-12.856518730247158
-163.70240744589623
-235.32813096517162
-144.50866302355192
-32.31341017862298
-330.28054286482063
212.25761963520972
486.97150075341415
131.26038209905974
36.05886622187842
4.462366924932683
-4.859098079961763
-92.95593886836076
-638.1146897329145
14.513943849592561
345.7668349299108
857.1903305914054
161.68373953777262
0.34989297688309356
-248.31645469535283
-295.35411625109276
-385.286101682452
29.35435796795292
64.04807263302129
36.43794755720937
-54.23392311689768
-162.2664928378296
-55.77780828842039
166.0508185889761
-4.359313975673015
-428.8684917985868
-1.889457861618465
1119.684564231064
1896.764935349603
1478.7874139954415
659.1130891606219
551.5604301674164
1449.161075703643
1614.1153614680914
2490.24339238644
1547.2933783213814
1102.9930051224358
611.3714782380267
545.1262080869534
389.54362087254833
432.45654909923786
458.5769186182031
578.6772579292438
473.0417168052264
223.674154105521
283.0791564587742
76.89512352448249
135.9226556019306
57.17450206365858
24.02998111757068
22.912891560253392
1.6505792498918705
9.683025374619767
17.76576144174406
6.996835265150959
29.172580408123828
-3.9659863789885796
-3.3153289013158505
-111.94777142177391
-186.02077879537302
-478.74518544795376
-394.68988898708545
-924.7883435896398
-645.397265305464
-157.76189938489932
-261.81077591342523
-396.6830105706132
-430.8020873006501
-316.48515634750515
-637.5624244713522
-787.3479247774383
-996.8620562449105
-784.11052070283
-1562.5817971182678
-1532.654425967632
-956.9823911544145
-676.8417080430604
-1332.6734493361644
-632.8026430151879
4.007366991565728
-112.63983813065975
-419.10101698728437
-510.3798477214841
-1038.8572896214423
-1022.9884330180274
-1250.3213825595333
-696.7235785183557
660.6133104585937
702.5202302125173
84.48105531084309
437.322159881107
466.1104865165845
766.3649201871715
707.5197852144922
1055.155001923533
754.9761710096946
644.2211574078497
2071.855566879355
1077.0329967624816
549.7813658778996
92.93300647661128
-32.021236501374176
-144.6589115335212
-385.81560761722903
-1200.4578327430036
-2124.9771090822296
-3048.997666376922
-98.19039701650941
765.2987531054703
227.79550703033706
-58.22087099309494
-756.1038247431804
45.78934702298924
-0.17274327913223914
-470.5809824521238
27.165844486452897
171.92168831094116
-366.46343516216564
-1157.606706201489
-0.7272038019128859
-48.562254527536666
-332.8358284666823
-264.13355104564846
-38.51717326686159
-175.10358089087092
-1769.0900728949246
-47.30889362964679
725.0617085851368
105.377608886412
11.935490492974065
-16.963596123869273
-16.09221628594265
43.34322540777177
-250.1518324542522
-920.9780263545282
-436.30996204256746
78.12914203678335
1660.0320614761358
4310.378326017504
6663.665469050298
4240.597671272341
2750.4760307879405
2094.812817291582
1128.4339950290328
641.8080259278019
736.6972949451745
549.9805940639687
368.2627257569393
314.92709712924716
353.3314529046797
195.96536186761452
674.2864619335702
535.2322869598031
217.93029616487752
163.49955567732206
244.25580736365242
22.602057023923564
15.744308671023209
35.17693280380424
-13.309063044043382
-14.669844390000748
-151.86516159097192
-474.0864497419884
-361.18888439247564
-1306.036827177663
-768.6042518157894
-1102.3128316956067
-1624.7997661507197
-2299.7136535384834
-2958.623416198231
-4163.882800018601
-4448.983994069445
-4476.210996399375
-5010.250784198213
-4252.824216196535
74.86310322024602
3.5499484775796475
-208.56729630411138
-575.1717730206166
-699.8504326375404
376.90632281221673
813.2390984592126
632.9706557027143
67.24281982718944
1.2161837506148443
7.567441763340072
-76.39078067775026
-6.135213652482804
460.19433678873986
-416.7947234977124
-682.7131540065695
-1871.8957096038444
767.780985444123
1962.030558185038
1394.2850386393989
1276.3240787227035
555.9526866143193
108.9934318219403
-202.17249731450852
0.5045602066006036
-0.3937444608846299
-533.613484527718
-1460.8753172079528
-840.5328049117259
-64.90906420211833
117.98162729963278
27.056357935635237
19.173390603354292
637.7012430006563
1215.6098054190163
693.247788872903
2197.8708832890716
2544.627336129031
865.7545572769263
132.67732244859678
86.94467713362523
10.141249681673537
361.23782148433486
114.86581602302161
65.38457838817865
49.76539104828087
-2.403485375238091
2.9119289931210033
-100.75533111290197
-268.2355669119375
-298.84136966085566
-948.6469958451489
-1582.588294570704
298.18925957389075
603.9761873928043
190.75923304403642
5.752936817604579
3.972546180242463
-115.31617119091135
-278.22992664638764
-835.766532741716
-723.3295295004739
-107.22085861066002
1018.8373323660453
128.3723812470984
-12.830520584518636
-42.870162010689995
-386.26584357816705
-839.6137109789239
247.16194821876155
1562.3399038796242
938.4500897295081
259.71876877571094
8.26537802023928
-156.30074761327782
-614.9713795205147
-1289.873529170587
-1413.9852319612185
14.186733261670629
5.921197895099356
0.3184645849950339
41.97218468987937
0.021999857232129598
-147.0958811927595
-1924.4430324594512
-67.99153911458572
744.6608983058952
109.6049901899641
-17.794814945811222
-294.4655375202885
-1539.8399582173465
-1963.190050663364
28.595867988945603
220.3001759432663
400.47578618491775
569.680007110117
12.981568661430938
0.45625093253837923
-779.5966691542877
-10.443860619739006
3298.820668046392
8331.053014009147
13825.697389429923
21469.19971316612
20318.03663198607
30426.401719520698
40426.25216397556
47229.39047775714
38275.67024139363
60454.55778922847
82942.33561911221
149940.07997157407
223331.29165635593
473999.769801899
440365.8683351577
486788.80076734116
540572.5520016692
570957.3560165461
711499.1539354476
776921.4260141952
660340.0055050652
646448.8307493808
626818.0807106893
617123.61096577
596627.5331229023
668219.3989192061
699005.1679563954
720265.3348003177
745275.7398638399
804596.8590257636
875887.7325447239
1031226.7944404441
1311399.6290734618
1606655.7736569776
1569199.191742322
1549670.938802159
1501842.2422608826
1467954.6491288561
1560275.6115065704
1920607.3403503129
-2330984.42
-2412112.3999999994
-1867846.8599999996
-1699270.06
-1544927.0200000005
-1336937.0100000002
-1176878.75
-1251103.46
-1358161.7299999997
-1991700.0000000002
-1838833.6400000001
-1334685.29
-700282.22
-684176.7000000001
-522313.22
-467534.97000000003
-457457.6699999999
-362926.25999999995
-376425.55
-365796.49999999994
-329486.17000000004
-276830.27999999997
-255730.26999999996
-233544.05
-211018.69
-204115.55
-179812.43999999997
-149687.78
-139814.15
-126859.84000000001
-89818.48000000001
-100237.64000000003
-74113.56999999999
-71978.54000000001
-70837.55
-51980.53
-40373.100000000006
-29647.699999999997
-15674.08
-11122.58
0
0
0
0
0
0
0
0
0
0
0
0
0
0
0
0
0
0
0
0
0
0
0
0
0
0
0
0
0
0
0
0
0
0
0
0
0
0
0
0
0
0
0
0
0
0
0
0
0
0
0
0
0
0
0
0
0
0
