224552.37
-78104.43
264960.2964750137
-136373.58
-20052.559999999998
-23851.25
-5106.32
-4982.08
-10088.4
-14011.32
-21484.449999999997
-17313.04
-11147.560000000001
-9964.16
-11023.32
-16502.36
-22170.879999999997
-8408.039999999999
0
-1183.4
0
0
0
-2491.04
-1307.64
0
0
-2615.28
0
0
0
-2491.04
229593.10945343322
206711.2461522338
224957.8146479617
-108354.48
-68281.49
-73655.43
-66539.98000000001
-52306.65999999999
-49041.66
-37713.58
-13662.330000000002
-15802.380000000001
235150.06940823316
-105763.45
-53362.19
-37381.490000000005
-19579.75
-25375.8
-52861.14
132548.72831771543
-81979.44
113469.88211844015
162999.00680217738
-150770.75
-67228.59999999999
-9839.28
-7154.1
-10767.6
-48226.0
-51144.72000000001
-40869.84
-41045.96
-25083.74
-36183.01
-29530.530000000006
-17465.020000000004
3494.8337713081555
774.2505175240095
2739.8953970019047
4730.196932715648
2355.9476578536182
428.1225096918737
828.8084536147499
178.940873229213
574.2693242746283
4.702359322058973
-579.5960011393804
-185.22157805611005
-64.20780821993714
-251.8181162621076
1098.7932426924267
1606.1554696376622
1684.3967205995186
1306.8284894399371
1416.3348922237456
1176.3751007373717
1265.37292894042
578.604276580468
1033.864721669903
495.1578486613548
451.5791796910392
529.4514634333543
564.2250901318513
401.77107055137566
441.45726119841936
296.98084568440606
170.70865515548115
205.81947574070037
160.26560876205522
236.31653916013383
816.3967062619677
809.5358194663377
733.4287421796296
492.62960169080776
575.4811968307499
539.8839038834824
446.11823925260865
453.065653386637
491.8108548411159
293.7114634591296
391.1344032975556
398.96011142142885
307.9077018781548
439.6340422742362
367.8603998335601
601.310386614076
184.87088700493547
193.85934948560805
128.4066201604191
142.19641660808963
54.98625666128859
2.6597775480403696
-152.52003405024143
-203.0616531751939
-435.3756323597056
-430.05849967658315
-663.383772524545
-773.3036199990522
-643.5633915482366
-698.1866711401649
-573.3990801135135
-720.4292090156257
-705.9822127764589
-808.0541486347406
-866.7088619148637
-988.6517466076393
-1208.7754679318468
-1135.3344179584685
-1036.821336749725
-931.180163674497
-259.7485000096496
-100.5392645834177
-33.535433652599075
-2.9114529873799837
1.5822451174338494
2.605893307951979
0.5964067739573753
-6.4692530713663166
-30.264616022596677
-70.20075955976539
-82.06708543880606
-124.73206727851331
-209.65513580901796
-301.71677740393284
-334.76080560570864
-89.91466424406806
436.53666330045354
234.9181515587429
601.3890901476257
255.00305131125015
110.04872207550815
79.64314047722608
10.015190399641824
-0.07139923264031336
460.7381856386347
447.9554451038671
171.14278037868974
84.81672631352136
36.078250324884465
9.182187057360833
-0.23267996528572288
-35.47171599319034
-64.63820341976836
-224.80054364168794
-314.5591744159733
-517.3932029921333
-583.1414890035685
-563.4349675986579
-59.45428163280708
603.9151091526384
1649.2077130515513
240.75567454238362
97.96619652071652
0.03551373808281766
-46.41650671741689
-299.62322284811194
-463.9563155471867
-537.7784713253917
-906.1851238830677
-1573.890961846677
-1753.0931420525371
-184.2105149815523
697.5673310838743
310.3917529861557
10.653439102610793
764.3135028802823
638.459893671582
288.52265153545045
410.44525931255646
1096.6915119699502
1270.753865439547
692.7537922013083
1101.145276475933
1111.1258482804938
400.56977288680855
15.20117360780268
-228.25842773006568
-419.9160584475439
-856.4821720494042
-677.0968725641059
94.34016196395169
204.9867787593179
332.0768083402283
1036.337064801038
880.0285493749066
582.0180427249436
474.64224834356776
226.272279468602
520.6195560919983
523.5160813558549
1080.5900652404778
674.1093395608036
413.65270411225606
203.2025174810509
150.81377268861348
6.736078544271436
0.4826904504775198
-23.24920870983055
-50.741314458718406
-367.41915574825737
-579.1971545356378
-343.82035221838646
-525.2375775477915
-791.7003860237801
-1354.1814944176535
-2466.5895621687414
-4374.788763084469
-1756.9847384154098
-724.6313306574084
-1931.7852577310036
-4404.785420681691
25.36116266769134
1733.142746595718
939.2548465548691
636.2630418142013
902.1029505867964
742.6776527242864
402.94613553886177
215.30681979628181
245.05812577259752
99.82043010704035
109.03201195198348
13.838455920944314
47.410666904862396
35.742503810901944
7.558590520150895
-0.004901350107308697
-20.43775903058331
-13.577795093723251
-8.425891278351989
233.32042281306806
2326.9295398363047
742.4246187375929
405.1770520069445
199.46499871989988
169.1578153531139
299.64428902992256
42.95806657315593
5.726387604445508
-39.72014803764039
-513.1914416552668
-732.4703968515788
-666.0455393204669
-864.5474986681772
-1326.2172837656626
-3197.5346091076126
-4186.3991991898565
-544.92969590559
-209.052102614342
-47.06698582242859
102.85877041595732
138.0546390739462
10.528891400118546
54.948481455275825
2.3822032397762936
-0.2187762120939457
-10.979839978205852
-146.53136945616416
-389.9937334477765
-957.0999204266352
-1317.8359780149183
-828.481385538502
-1754.0724367558262
-3403.610675140103
-1171.834751394777
-1208.3822604865557
-1418.176035692346
-1728.2765141285488
-2173.2032497315377
-3614.607964706658
-7622.649695745675
-979.0055227278093
-1839.26
-8352.659999999998
-14339.379999999997
6486.993832604063
3375.736309372797
6572.713699901885
2311.5918610625336
2327.0973626974646
2573.987953179346
770.6729724222898
261.50814649123413
-118.88382064716467
-8.562228830234215
1503.0465014445926
224.93195872561262
-289.13871609278647
-866.2654689017681
709.2690999098987
941.0080565530978
317.6428111081249
249.94448062916237
91.4890510980515
597.3435877558609
-8.92691611350521
-117.59509033883896
431.56169234859357
561.7549332624918
398.4631016193932
-163.86931050825703
-8.294059150227572
-595.7586502189744
-1288.1846096376396
-7.051012664512238
1963.7741302462664
3813.992797266706
1816.9896298905246
861.0885210635729
229.8926799072535
53.090531107578244
1.655950151189331
-169.88691916736403
-181.10472697984747
-940.9302292603652
-1563.342072119216
-1858.8073488056766
-2568.90697776864
-978.3851700802979
-1455.6263646350067
182.71959793863454
1946.1203116106376
3294.8455434478265
2984.1630906293417
1888.984052775929
1684.7888383459488
1144.927847758433
854.5491198886714
375.41492644278816
649.8260980648417
530.0895303578674
426.57065101768166
211.27646959177736
122.04762357565606
47.19220621859888
244.2411203796163
201.65207872542513
53.17657423471451
-51.0425130858562
-97.39562813426994
13.690567048343361
-16.038418339662005
-97.17442603576264
-282.88623482296254
-114.02737368789623
-169.41032637274802
-216.362394609555
-508.8652111902869
-590.2971544679035
-1331.8945323016906
-2212.4701876879462
-2787.5415349176137
-1929.6578969994375
-2833.815063748062
-54.14936623195295
-3.9905549063675045
-5.088828247869804
-40.24466455476611
-125.03127824162743
-199.49794816263068
-488.987371320728
-561.434941169241
-1200.4047226680455
-877.5929028861549
-809.3578095866051
-678.7226985905581
-204.85564004276767
-221.17047026604558
-82.66873927738206
438.3095729570755
50.01559380674182
124.10998870093431
2330.282186815183
6005.278800984191
3002.049195670487
2788.5576745309854
1888.9680057044134
548.0055295678743
1035.4110586190222
592.0112508316915
147.59996917472904
211.6659817510812
777.7793755803058
811.4015227112103
281.1406963949332
332.7375520797739
108.69266073274912
0.4379186841106465
-144.79031628411315
-446.8632400949907
-696.4664600344055
-1991.1369871884444
-972.3535098065954
-2062.289343281442
-3770.4906910721747
-2133.821199994476
-2109.8449916840987
135.99177537097464
-370.62658213568665
-562.001096185616
-3426.729526973211
-3478.1799999999994
-3174.0499999999997
-240.56
-962.1199999999999
0
0
0
4489.632935377831
1664.2141895021452
724.3859111106392
260.9600949484238
1740.4120643705915
1541.0310982751398
89.04130279989364
-142.59390516977874
141.3862659137733
731.3795014846048
97.44189566302595
-8.592229623155323
-287.17491231561394
-711.1798469443432
-1722.3721588125088
-850.5649654865683
-181.41089554552195
10.869155928293791
227.59476240468243
619.5539504011404
0.18633691991420936
-485.0026706770281
-1689.4949771413606
-4019.5748576492097
-1287.591939140989
-376.439605994912
-426.27092145159213
39.20366247924037
-10.499883601981878
-917.5080278713879
20.117714026083547
1784.6722926207804
2623.529517181126
2398.2061549783284
2757.9617423766144
2051.9324844860366
1908.5788774673615
1474.8363120132817
1391.767230878779
748.4643813563902
606.2780812827602
456.25324395574575
345.2754032233081
263.70913155372403
166.7599627128909
156.21358642122075
97.80150697990743
70.55146914373431
31.985781804339947
1.397053704495682
-15.337494899040784
-24.37676925900709
-52.97345893876234
-153.4040078216923
-255.2245280256724
-424.65120681148915
-564.5376126452612
-323.04947232196105
-350.0237216952395
-293.68447764679206
-469.06019477243103
-781.9864448435574
-1158.9601079472395
-1275.7463412188085
-685.1789311340059
-909.5418527857565
-760.8013503883701
-1190.2967265645061
-1127.4601159175668
-889.5730141898816
-802.5192808079162
-1368.4856469699607
-857.7011200900153
-508.63839964490825
1563.5596302711876
2545.0431626125205
1590.0608747167578
3175.7808848909635
2566.3267480677077
966.9540426745519
137.84372059357563
-22.27673082373407
-190.1364849122466
-891.4050025991685
-650.0006410433401
-40.78995328064218
450.8039392812464
338.43163462315533
-165.19693732572807
4.774549439499509
-12.454437260823664
-459.3706429916215
-653.9511791110124
-463.53323094458653
-0.9442673104728272
386.3614507325984
825.1770571333735
646.8976495319686
144.48850654237958
877.4635391309004
805.5422250123929
-115.77005741747493
260.076278732715
-74.73975757337854
-532.3822512497293
285.1533248243562
-0.15075077466000641
82.86879660557005
685.4640816871249
-57.97901659068577
-425.6439284548851
625.390309006758
523.7703026656575
16.44806968741455
0.348397226364824
-1044.3324244047158
-1919.1268185740241
-367.6522857929214
-1007.213819655298
-2.6503350822336733
38.99624808658468
360.37487905771945
37.75226696712368
-71.2230684268777
-818.5453144749215
125.89064271840192
414.2423530759049
1049.6937131294737
637.6340251121513
343.1220892336108
433.88311504017497
9.645659603772785
-28.963995965481303
-277.0551955946562
-118.30111905653762
-113.42053511731969
-83.46671020541417
-564.0050353445401
-988.4435990257423
-1.3426339605165851
-443.53016045464557
-664.0691149081958
-510.50154067599726
-182.05197054544115
-19.371730351934882
-25.240695507283867
-43.348123728720545
-0.6022448721581511
234.7824061184595
431.8436837729096
310.9584490709402
144.31861600945953
2.670338476643152
0.9231324336901243
110.46101614442043
80.26558392808082
692.5839241271137
504.2806463232513
38.41006619525651
4.809253865349056
22.567392065960565
-218.60446415443133
-903.5535207847489
-281.2964335809266
-169.96999933516602
-572.8969444353194
-161.26274715803186
510.58796526386243
-16.698385575700247
-538.9445571924045
-1875.3952515015958
569.878865948732
1180.5875835244963
1549.8504198366381
976.0571429645588
1261.6846585455319
1032.6945608654562
851.9345262661095
955.7702568071189
1237.1501474082952
852.053237317761
530.2144260746196
825.8067332824462
417.9350852264134
402.52671615048723
109.61324666952046
164.4819975406858
92.26050657444739
195.83111909989776
99.17563828819925
96.737751800718
52.249443162119746
43.01744423414715
0.14158427950018065
1.2902315539739264
-2.141282124353233
-6.481142731934941
-1.5403011927909023
-4.41733896795451
-5.0254399287866525
-36.77093992798944
-102.34668958467735
-92.88121759524323
-336.3096167556191
-605.6782749940786
-714.4313438540732
-657.1007274937571
-1236.257161182109
-1391.5161589589761
-1153.7597323309694
-1221.9006601136405
-1153.856283488704
10.178749441819772
-38.10282807528209
-68.28682467020734
-210.28065990271924
-5.26663280388169
-0.0006104816205477075
345.8373290252545
751.7923599177631
642.6783369415151
925.6638913785162
779.4893163893123
585.936548496191
709.1024798778952
682.9075786885704
548.678090259147
435.6758036814393
469.55136706472894
510.33235690352024
163.65656793391793
221.1541937646945
330.1099894531752
123.78554466182447
176.87575785213178
134.19159835735937
77.65648591730522
139.72718805105245
46.29766103045069
106.67206412607267
53.36467508792883
57.78285754958446
47.114940625820594
86.58960949680892
86.08837749481464
35.14122865127762
4.695134769615625
3.143911853657011
28.98692201696423
-1.3179337421536736
16.368236039056715
16.17397923868719
0.07962017873325543
6.412221343647765
35.185318618133095
76.05438067490155
13.314017063667063
14.63475173125385
7.119937478531858
22.283703499093523
-3.608459250491925
-18.354499611013257
144.55168891667034
1419.3511610979085
465.75067466536143
3746.629969057174
4083.9264034417824
2212.503814402702
1949.4164152611138
4043.3541830184686
4644.051737102967
2890.471073379496
3718.9199107808936
4968.322266917379
5984.414805397275
4878.317152853127
5544.826691756907
4216.352981139817
10045.570178556296
6132.503020467785
9234.053790355974
5806.706950884141
8097.672444054206
10288.00539704382
11607.398931405634
10331.493764534147
11154.265357284392
16937.17075759013
9721.821659486384
7659.126843709343
10106.695742085856
11429.048481245585
9627.194966495672
7914.514852627724
3775.4686080104157
5483.172328416294
27216.95265626087
51433.53143242227
58499.504266332005
86137.59106904922
170958.6261896164
155554.70856393274
-151467.48
-146366.01
176813.92719617803
-183789.14
139830.28120355261
208209.53363821935
-99007.58
-98135.12999999999
-56479.139999999985
0
-14564.98
-104855.65000000002
176388.85561208203
-53549.28
-56108.399999999994
-93324.97
-162511.05
-66490.45000000001
-63371.020000000004
-17021.94
-29513.67
-49400.41
-78878.69000000002
-57963.55000000002
-52225.62
-38545.73
-24669.320000000003
-36588.950000000004
-26748.19
-35823.61
-5696.23
0
-16962.399999999998
-59293.009999999995
34206.98095334868
37825.598744060764
25359.073342309603
53259.08412356933
107584.97859341667
76025.431835267
102726.98922632009
-30097.67
-21931.1
-205510.12999999998
-156970.75
-105796.73999999999
10989.904563608528
16442.09991391188
25197.49328671603
20189.17014471932
45050.36984204606
45324.5122844374
34559.773327225004
35576.09348643267
53174.44396680286
30967.476195873696
95930.79655634442
69916.91766803268
121294.7511013367
-415408.09
107863.43550708753
-488145.44
1738.764553065536
13.56442270563352
-4.192121454443771
-513.5024472488345
-1833.3009095393281
0.17937353379162846
-6.637918836922238
144.38424424559804
33.01815144508289
-10.220632945419272
860.2990624339217
776.2101993254212
-1.7477777219709283
-860.5704220778853
-161.62898876174413
-563.1397447155582
-819.398801007723
-99.76887011951777
3.9979020258362628
261.21641426366386
373.87348723367677
116.73810933836384
244.14701883347357
15.90405597651652
-52.83734326453475
-51.11071502816719
36.06485035616303
321.7944608360192
935.0599139783425
375.902851742276
709.3102484294266
767.4182007772182
395.43810808546266
161.52582435356913
151.2297861327154
1.661062143324066
-75.67521971248493
-136.69919091233135
-72.2572540107524
-310.1142160673294
-744.7173593402092
-1248.3463378305887
-1684.627498248932
-1779.520648165379
-2000.982889115146
-1854.7079947070833
336.90451058317177
1556.9598003669912
1690.6139917951898
554.1204168149343
40.420361515598586
-19.27628207795541
-517.4287614610726
-2.0203791228635004
-190.74599525849806
-1307.8183951526685
-141.41936810849555
121.49398006521082
-561.1547419074113
-67.2202623602863
-15.248470599733647
-260.8833149612209
628.5156205340163
501.4550211058863
113.26011017724308
640.8399876521164
3489.27081183299
1771.8344670527435
971.2119171981553
572.1983263920563
489.90870490856366
162.1953394556831
29.945548456204744
-0.8156212532611321
-3.576116200864418
-83.18168834236268
-449.73187030621233
-1264.2057472218232
19.169771520368922
185.90352644268108
72.25400364307373
425.04864728385917
738.6263972860141
523.6446087608784
191.20727956917565
152.331891617087
95.63841076526172
-21.08577099304304
-99.94053533132202
-349.04105251658956
-1036.0242681523791
-1020.2412582430122
-1644.8888639672418
-2395.496829669757
-491.3308361334347
0.009644534150813573
359.9997994217687
127.61875914359992
133.48912705918076
153.8574858322997
8.461426847081231
-52.62907556963266
-8.35488671862704
-38.160402956619734
-300.95432227458537
-516.1490593171336
-279.46242932143105
88.20582171480167
852.3404005966333
626.5283059054788
362.7760582896315
458.8166927899239
33.39909777761145
6.967975206689362
20.982934200270996
0.3103601266100099
-2.5584910563724472
-29.78103423716496
0.8989933909239195
-47.34524286189947
-36.251651980850426
-617.5688387998579
-618.9859177726933
-654.0808272160396
-759.0264169934522
-604.622489223056
148.9761407801789
3435.7295067768655
1844.4537716386008
1178.306232898945
432.35116257043666
6.8819361833189205
-993.8239554823656
29.772799759346974
-5.605922461639973
-54.04253428518194
-252.51245128734217
-0.1668215164984171
73.00711783961485
-222.87237085855733
-62.494347103727826
18.532361309872936
43.33269678177078
17.866322997386145
-305.3053498742222
-441.17402757205036
292.66853312242085
332.5895970564684
3029.3193642291403
7309.851025382611
2755.028521884229
3249.038316254644
3383.002314451256
5985.221748234893
2047.0464266015751
3390.3689412585422
3195.8331651426415
2814.0735263281363
16578.441068039185
10593.570919917653
6134.58308924735
8613.42019574362
11757.746276539361
18892.743227715106
29873.294108843533
60731.01162516873
104216.47159007945
-285645.86000000004
-15423.14
-10851.62
-9825.09
-92430.48
62358.3619184204
35280.845300262656
-21746.09
-10793.880000000001
-12628.140000000001
-139256.41
3757.5484105329588
468.80058465457597
-999.7411366693941
10.48288442118649
1.541095210349825
38.44481726851542
8.169453047108531
18.91424054690539
-2.111550681876357
909.0007623014615
940.3662024365061
232.46942515156903
29.21004031219124
13.701454022439258
1177.3323470245027
-1.1278597867310145
-47.01662797290594
45.47712072358117
329.6974423674816
-127.61239232401267
-187.47993055036886
-479.3838005764921
-654.8186632862586
-935.3000422878548
-733.6556525413581
-2928.5190536617047
-933.5708004654209
63.07026595446195
-115.1877776142213
-39.42519144597429
74.89646258362879
-14.029140893372439
-440.3613988187966
-152.7826405589305
-843.1762989486024
409.47768250882575
628.6799936408453
349.4003401177298
831.8374553685911
102.8213247546709
-29.02724700532413
-590.3873853207919
-8.62602310170646
-68.04320534501646
-3.0372260885521793
2.752009970372439
-40.00790417402464
-1577.6331418387015
-1066.9266808333944
-181.04159065275076
-631.8959095491584
-912.1542418290629
86.66787013529607
72.84135799504803
45.67766887810967
128.97142787332373
296.38948310898047
640.7303010517223
25.148675880645435
51.720710524595255
1463.6778166405984
723.4947214777874
243.37226793524042
296.8642584703045
740.4250231795099
413.3957896244332
89.35051714866421
-36.77144368027085
-257.0195734172682
-235.41022829612837
-448.54020252892394
-274.21505827249047
-143.43150794493198
-300.1726895961228
-290.00578505889996
561.924733334592
232.88422674242696
59.25497117958089
-5.579313624070751
-22.851797380600303
310.04811839210566
73.75002890552545
6.284883422807513
10.874395513741154
-4.8730106371785435
-187.00251376518975
1008.9006142932196
801.2280102812106
-47.407152093844104
-59.27493391165399
-911.6889605582804
-510.8362160528435
-7.180498608522154
418.69648688970153
808.4549380044202
1280.176734042352
1180.2302380789756
828.547572117481
787.4443706038725
311.45575474621404
247.64324500377774
147.85134132501724
33.22659953025844
23.04948386673223
-1.6057401596898007
-12.075226937520053
-95.20299070650488
-218.6500100100036
-153.42307334137763
-239.05505927471813
-538.1504733882441
-648.9826362628158
-846.5632687787075
-1227.9915894307487
-1547.873343453151
-444.97348122202754
1.9632475430039498
61.883019791480166
107.60160294118432
600.9775618674662
107.3653772918934
0.13845307312596566
-40.80301533916513
-574.2610755926233
-657.2005401938063
2353.422846810824
1121.780055695369
239.96480615430002
33.26589800682962
-41.8319615913145
-159.78490190654827
-314.0145509494044
-394.5821603407112
-303.02334847610655
-22.84406915724881
-6.141110113525238
-50.79544519797765
-3.9747898096497294
336.92506639479836
1.3862930027953637
-41.81549193729101
-301.6027185676294
-34.44223887682571
1109.7065942779418
131.3720515270254
-0.017244582117498353
-649.0732879453423
-10.19548337775134
-10.818867421433662
2475.357888492262
702.2917347792294
194.66310624513844
10.691910227149162
-36.10334013642238
-570.5648760474278
-253.95646162768284
-115.44009910093146
-267.37930767780654
-447.4772909783175
1657.9416676013122
1891.112848183771
399.4020239167815
21.148338688977933
55.502484877524545
2208.4826372554116
2203.2866323873727
2486.9308396444203
1722.121253646288
957.5268344102483
330.0339976255239
189.35877130150868
18.554229665680342
-78.84126160379058
-464.1538219254402
-166.53332502469533
-272.13445401231695
-766.7170315809229
-1822.6952080438487
-1213.525735596856
-1647.21316981481
-1325.1840459372688
-3456.5867175887333
-613.7896295892841
969.7158183194631
439.6316921486843
47.19972594907587
-13.31509200077475
-94.48437046417914
-74.33809539228093
-686.1323054268383
-957.532145085647
-2412.8702848245944
-1735.705898499105
-64.4168140399783
1209.5179675311983
188.40293638944274
-3.143648840960909
625.1587281698298
116.07893336857249
2.201779412104285
61.33316958120142
-122.91520724071319
-1582.8755906414876
-1218.60191955454
-25.30568388566183
-39.546626533592736
-68.84492686515249
-326.64369749888755
-1046.8422432259397
-324.5653820761185
411.5027077609052
218.0345594608134
-21.552747443898955
-894.6703697979755
-110.56200248002395
1493.8315553731613
2803.2676752083908
2152.3813411782844
724.320893363299
234.38874776400743
0.430135751124717
-213.8225285537419
-598.6570756304427
-795.5647358600781
-302.45632868636983
1465.4256229384519
1321.8153125589363
85.488113556353
351.7706558576134
113.70087451962452
201.73235174876737
-56.22838312444904
-155.16258456547482
42.87829906487623
4.7882379695615995
-741.6401410271377
110.40860720395129
18.958823635535197
0.03280637679915238
27.168802423549895
-426.1765393597587
7.439349526098924
-5.633777269535127
-334.5771358726299
-342.28230968238665
23.437459431594082
26.152175779292968
-214.97925789550692
-802.8990126437026
-249.02138677579336
32.92266502384638
-32.30318561808304
-21.585984490043554
342.1119514271773
150.62264433751463
-4.425567747612842
862.8926625868237
343.4630192285707
-553.5292642890715
75.28384008939082
368.036012940952
752.9979957176486
229.13814649352295
81.05065582798613
13.781280160848276
-41.3520549947705
-141.49441184604666
-721.6384183673811
-1661.723724458723
-144.36082934335474
-494.3861539490687
-323.70578831453486
-282.4966611947187
-18.920267840012908
0.011585682676649917
73.35681456703665
-17.88340562751465
536.0301694779292
1460.7458489994706
1698.1262424924264
420.2192529948725
518.0285831461667
69.49667729885984
12.9006708479969
-157.84680151016605
-35.2474732646902
-1.212203440965776
6.078103630410499
10.589271397600001
36.556366852355076
-162.26443255816707
-1036.4755864521903
43.72294210777548
798.0591795795494
2136.283210706873
237.83004857444428
524.4784794592192
402.11475901937916
56.57309503524318
83.26590891934877
1.3491432322948498
36.64509324586796
-142.04372871478955
448.8362075086984
10.207814989732197
1170.0688994471727
939.2577898400859
8374.174887017683
2537.0117601298807
1084.6513386468296
1735.1319260373552
622.0377494965984
714.258207434237
308.1531920119854
1680.5005342942984
8337.867186390258
31225.368869646296
57324.80703995447
-267092.88
0
-1646.92
0
-286.75
0
-270.18
0
2827.0903115424253
1422.092503570257
1865.0678818749616
616.6346623478532
3844.98058196912
925.1065720256565
180.26379796114998
162.49191426336733
-193.87362145309046
-598.7103551852573
79.68866734140374
191.3563481445274
-204.51045797273468
-675.6600154396556
-764.07353571039
-1897.30892573654
-23.93122046356346
-238.77146984369642
0.0016830448689544512
-18.96959968424333
1307.2678176316122
904.3451447772557
2781.6708002902133
4640.755585731615
873.8812866815459
2791.5983381259007
1425.8612808617415
1538.811757147897
1021.1138451572913
826.4311845998127
804.5124603528398
557.4713651952098
527.401979788305
443.1548864250516
91.54589760933112
80.60391815886676
29.502852118399257
13.758087354928517
1.1378096292015027
-45.44390367984916
-210.54743675752505
-16.321464085116304
-1.0157328976922277
-47.657043043443934
-88.21505861726298
-191.99510124197502
-316.65349667755356
-582.5119925497481
-905.6557726953916
-1264.8773578687333
-1609.5354855028663
-1945.386431698149
-3261.4873933161257
-1378.6364542922927
5.052726521813811
164.2006832274359
146.42132940248905
790.9520101024642
2230.6157107484923
1682.8383194158591
915.6803336147316
811.2915473772863
110.41539779265247
10.327169892624774
-78.76396109166963
-520.0122763746666
-1572.6568394816043
-861.8496049214084
-904.821203990626
1077.0455734823138
156.31608863411066
-92.55650919746265
-703.0261701077022
-101.22627719164655
-63.3106656548823
-614.793843127768
-1882.0394731752795
-57.69429397715911
733.7731162308232
588.3657427084584
1285.708825475425
1403.7215650016929
1867.1379818624973
1374.908960958297
1002.1519833261482
527.7546496678248
493.84478225905275
423.4322372786436
388.61841029267123
73.65323946953573
20.05034086031965
6.257425862073136
-23.961667583007557
-202.8807951011708
-161.73448762681392
-289.01920792812064
-418.91699605034154
-657.0871423570335
-888.0681358316267
-293.52383467207466
-531.8536223360786
-8.747604848084878
1479.1467545934001
580.3106357864677
10.098548052443126
-409.8938242841424
-1637.7699798011854
-396.6124939535691
217.25439171365073
4.602474051302998
-389.6533620911067
-32.19316021762144
6.276611460860127
-8.345588308935742
-3.497362050991326
-224.5417552787242
-461.9615757238381
-1182.686621454943
-1713.7268467258773
-2723.749646631157
-2710.7198881383742
-1869.7998261912453
-401.06003016525057
-180.62737672733923
2536.9063453126196
1532.8368254143265
338.32473286463596
2.404770602952033
-83.73235027610048
74.70037179587197
701.0382444920351
554.9596746242999
240.30900152716552
15.049254230141214
-7.561310692474903
-35.59113624171246
762.471606464283
4907.034262425225
2141.768793608623
874.5691638430096
157.0254278639867
0.050686154915445036
-143.60758436372942
-437.6789093379996
-958.3037754299913
-780.0420942826697
-1791.58594580738
-201.9254777663777
2429.480156082053
3254.6805833611543
3279.2413568768625
1726.3186061002964
1029.4425810473645
788.3648799183545
418.72636040158466
362.34732632556245
157.07759075268467
57.098359078146174
21.998238731701697
-25.34164364327924
-79.67638161595983
-119.89349707281174
-86.20619394436511
-11.529414687999463
-27.052711789880483
-406.8216358110452
-197.20694114936276
-169.62496625520916
-170.98344809336007
-595.7035171618052
-601.3610476417914
-1207.3252335903253
-653.8960333741591
2.0157967162715345
-212.97767236550058
-1905.7646776592774
-4572.367618254306
-1971.6239532216496
-18.388537055975494
354.4270479680031
3922.1996662658685
2293.5850133504223
741.5394107309917
440.68049440658945
334.5975309747967
-9.031733269061919
-512.3965107342665
-372.9025556389757
-1029.1739905053396
0.00328406067422986
84.56473726349586
-207.76705209983604
-1372.8101117196927
-2469.334082172316
-450.3773234040985
-318.51131118650517
-1047.9606987576522
-1735.2948533505116
-3147.7579836986633
-949.2461039217355
-449.185604838268
-12.811827182041629
41.39500429270686
304.59314454166474
100.16593419628634
1.458039602785936
169.7337248988947
203.5669847352158
155.06422570549492
275.5628942979386
116.22235542745663
95.95184234926512
829.1155514589341
1109.0305617447025
1074.8668708384341
837.4054485279755
523.7991026373704
415.391951940136
495.1267648743369
351.9324553087664
169.51233386301956
319.6159988255829
225.84422749466813
333.15376424699537
305.2794304405883
224.39740783011828
373.63405769484007
242.9690701047479
104.29275604290157
143.8199305250752
109.08112716526747
74.25125353758663
59.105929990994525
48.6838687810307
55.459863565531855
151.64154034901034
15.018181122162613
38.778345284177014
30.517745051681846
47.64537357373935
0.08677585851269638
61.76329345500692
3.667646173650587
14.485283586037653
9.124195912072855
112.92859532018625
6.537479488779869
5.307990761693911
-3.059807757037704
22.371741748862306
2.441703204257432
12.827760158643827
36.08230872642052
-0.6346740723514828
45.40654543917221
5.123722232103948
59.63738763556253
-5.2091256345286725
17.20427196239364
-2.0311800211400417
3.7973946707800224
3.741911394063526
0.42945808612593456
49.46451696761742
1.3422283814225324
18.483007681107097
-23.08740232024506
-49.21519434653043
-37.104733807358315
-37.25346973718753
-11.035454175027516
-25.977149373614996
-159.96618605476954
-138.98777263499068
-61.969814420219095
-114.35296333220523
-61.65355035441306
-78.04458296617085
-245.5398300940493
-87.01464899774872
-105.96292859029678
-69.23695560573785
-163.60035384083557
-158.86180687008306
-145.65360007631648
-73.41826639347812
-206.35178882769463
-76.26046041230993
-51.33924702494966
-52.21493748111264
-20.397986226364456
-137.6937574399458
-0.013552029258174473
0.07157611235669875
272.767445579975
1162.0251115985895
1730.5589028189902
1021.2965739283409
847.1958511735509
631.1497747936176
379.19234178224576
274.7764768754754
245.02648204401885
149.02976172367337
67.75949474896136
47.05632439773
30.92986363331903
21.575708883759674
25.233535352920025
40.893682895198076
16.2224513578979
0.05107897858004638
28.71875544535393
-9.632999453364027
10.622269181177774
23.833730738564164
4.82562776015772
-18.5759080965846
-2.2010140280560817
-13.696890962678962
-1.9864670560250777
-36.19414090369875
-7.177234774577025
1.8292282821558117
-63.90434039900234
-18.930528000274084
-10.477442484462252
-106.23795186722208
-13.60307838334652
-105.49721064250164
-45.48649847330218
-72.21122702684369
-13.704274071628392
-48.91822263000856
-80.16867359594492
-62.88343213490571
-138.36141451122086
-61.51577587365503
-77.71851375671093
-26.997764523664404
97.13528678009342
36.37581232078814
8.611579728322795
151.05354433582173
84.33806006535778
-13.401570031847152
-48.95185307128974
-152.9827220272444
-532.0420261997662
-1296.4194364020866
-1528.0605243881182
-1519.3918812518837
-2120.010741926015
-2143.9097134393987
-1549.451938871147
-2221.6627777395815
-13.770225531362984
-4.803159508280548
222.28606688812437
480.4114812006507
646.2213974811779
587.0982561622321
364.9314867045274
368.4763186339561
528.4173912319272
185.32020201277612
148.76065824633827
121.9084902853933
59.926973707610756
60.33528052988912
110.32234920469483
68.74356921075592
-12.445924836493283
-0.07037966530770899
-1.3180464089473682
-90.73865858507071
-15.520674576773605
-4.713740008191335
-4.853600784191441
-53.538220313189335
-21.9819562527961
-105.39952504684176
-69.16007693907754
-173.64984741528878
-263.22718387094625
-592.9731560805578
-606.5319324714419
-114.51062316076832
51.42574474290933
163.66590929204597
249.79458393106773
226.71454765209043
231.54243219442284
228.8856585764359
317.48192590643293
500.71107424539446
100.11059334055048
195.9180845017926
104.81358257692179
44.63891450568552
53.952792229537245
60.44446132093801
38.467416929872726
-0.06037716125763647
48.537296162484274
0.6149855068627152
12.316148365210767
6.9937740720565795
-0.07209764175617939
0.062103976722937465
14.367010052993678
27.70392792246476
4.069998124551947
-11.666969080305503
2.525581124533333
49.46145033457226
248.32773930326402
64.29262035789324
24.509687002477783
82.97448317903897
19.87629182250808
34.155660746088564
46.72872388319469
63.82037634804723
17.07241233607561
31.884544033807547
8.63773904882638
-1.6679917673922962
31.61431610762921
33.58174803876821
0.35841392102086367
11.755158627366422
6.181493217448661
31.4646312475087
-0.10602738445628124
0.06496845092995851
5.840733484276426
1.7635490583452809
-1.2890828917156665
-0.2119783277319392
-18.018862657466833
-0.44660534140375807
17.025589641893486
1.7680355065480517
-11.65087574733893
-0.24687551744314137
0.24217955676009875
-2.2691982838068077
-70.1358326437725
-0.8543808273053612
-2.293881704421951
-7.918668273187971
-23.70797341152054
3.453967110757982
4.372316633666453
-42.63726855216622
-10.428346476769347
-9.434760176922964
-45.470253279767356
-20.772811342135725
-18.342940156864707
-33.50674210410725
-34.48475642248832
-0.9901669835444689
-17.99909384252592
-57.71003564872076
-61.524645378055894
-12.419962635866295
-27.63037770764761
-18.902890441641514
-17.687136987610387
-10.324754095056777
-6.730659209987946
54.698765017505444
45.55390934003479
43.185777639838115
40.01737080965805
3.1919026579296217
-0.5674988231823976
-19.825109960560084
-8.174430402039423
-49.82478385331233
-33.69133731592798
-85.57273933728476
5.083815400800493
412.8510783215402
523.4721403980004
624.1008198385459
756.8881181088375
274.82471998235235
383.1842479745815
382.7598177994688
192.74847481516534
357.8678762264935
265.8885477954436
171.75175774185408
193.08381415916313
41.79555352119167
139.08693220656596
4.447098291407048
1.0303629649446717
-0.9262400928376819
3.335230970110569
-11.596323022835339
-10.035888918405933
-30.125257197572427
-105.25756824074915
-187.99528958104173
-169.88852306678749
-124.35031889329574
-148.20901654121465
-224.5520318540255
-339.6656407798201
-327.81405799932963
-389.33069813968075
-314.9148489721585
-576.5790003179737
-520.8787531191539
-713.4488214442414
-812.6142657154423
-807.3598925493872
-1230.4406268824123
-1050.9749581359195
-341.80207422368596
-412.3880518548949
-100.56678740001458
258.03034355852003
281.53379983190393
598.4031334495746
293.411338522455
78.65434973184463
115.69036978485668
9.27059409208971
41.53814115474124
-27.09021399730986
5.047839042586719
0.05960573497358719
-0.04563462607589651
-0.4898401902381879
-39.3346233396894
-64.85137826997722
-198.31468783395323
-150.06126628362122
-312.87844720762814
-375.31415489707
-65.3508628314703
390.50743609203505
586.5897497118533
433.88683453192385
336.28833752198307
374.92717826951673
232.13186171355017
159.9652991603661
215.96136140381935
240.6270745003161
270.00583432377607
51.366840317531214
198.43372241637837
206.76071011792826
88.56080407428837
93.05702059173626
24.14152439284203
29.514144027005848
0.8469555812962691
10.806186035655498
2.866744115147412
2.613601787532998
-53.06980657315901
-6.742396767534347
-52.32338363005839
4.961190171808016
-39.98591468180109
-73.53124857500734
-132.91124900198034
-111.60112132908654
-136.38121790148594
-216.8482318179367
-326.3005978726143
-353.4298416862083
-389.39908943831324
-610.7502182729377
-822.9408063876652
-799.5648194048547
-1012.1533043344552
-1165.1350514443109
-1660.6614127317648
-1948.0884755037712
-977.961986007412
-6.046082209269053
799.7269721639584
1230.1809875689287
491.52662417832494
329.9325213116184
556.9490651907586
406.9942283032792
160.67830174696633
122.34127424639199
66.16567553480766
43.82093454804286
-5.783759748337869
0.4505865708209858
-18.84319108273183
-122.66748941459389
-70.72603579794433
-117.21892273400707
710.8045384472716
1545.657386553537
1826.4895014518627
1387.6025058431226
949.9444441446467
864.2205734997979
603.0661767588231
417.21012860947206
387.88859062139403
144.90592418983317
65.31010822157003
11.22307970080498
12.13629096417606
32.74436019861819
15.813001743846252
-5.30102930331612
-120.0379562429892
-41.64596828098428
-116.28682649294271
-191.23234572894359
-258.1641318544201
-535.8014569129024
-876.69342293811
-1364.1001349825415
-1621.4585165043827
-2031.7807289013604
-2993.704945713326
-3530.4569701383825
-3947.025273641444
-4138.382812606792
-1110.5112948424044
288.41388264847194
1607.4488107093753
768.4697964847717
993.5367420008874
1132.6390611947777
272.47880148256877
951.1290932321473
439.8915509167737
155.64875556753168
521.7920218238793
2268.539645385453
1101.3144571039459
683.0122239562832
296.15226407746
374.25767663562704
176.27626550542868
30.817367699106903
17.76876348560991
15.0985933741622
-0.036874421267437396
-281.2387241528448
-47.32344269261092
-11.712912160387868
-127.98803650583228
-384.5207632675882
-392.6528791220907
-18.618470510428995
18.835583454610337
-119.7771146794342
-1255.5561190018138
-4740.615327743101
-367.5433261496599
139.360620253622
1195.4862661632346
716.5516319639785
203.78562674841777
36.96490534500002
-69.40686123562476
-106.27533176348366
-1242.1029546782283
-3914.1952368543557
-3612.8675998321964
242.0725677127361
-4.728695064417444
-1185.6527264154959
1028.490914810778
1290.3758790123027
367.64149136782567
291.3941234942856
12.946739952157362
-0.33867387256845083
191.74258334113978
2304.0696585336327
1772.4624510542048
1146.4801311183046
917.0308587730076
562.4054837307372
255.9323892844068
183.38284143304026
79.87665155949952
2.401571064543237
-29.924711341001622
8.348695611523212
6.9244403782533395
-16.827317369109064
-29.294019358179632
-319.91968714772753
-334.7050518713378
-16.522493353676627
-9.577946772381017
-135.44205463432536
-177.97462193269317
-51.92605328855522
-31.817384463168963
0.26395976457230275
-2.522856908954913
-581.4680427568981
284.06140976707695
937.2103717342694
1123.4737208657818
629.9770190354599
418.3747760426271
253.73111034019374
64.17242168778438
9.627474408577477
-167.53469288035336
-202.52551955825444
-645.9555507217176
-2565.540231453985
-861.0841781622939
5.91677550503985
-0.1635684859158475
-0.3799401786058784
-53.84281645613687
-143.29982999663304
-76.59317186183839
-123.39640222091641
-275.2930697810507
-450.97110148049967
-596.28747307068
-870.5563303271042
-320.7804779315795
1.6771162752791344
236.20338388356188
149.64369149537276
119.83690844616356
259.9391056492861
166.04728146963885
175.30933762517907
97.84849428013042
163.16689213690566
75.42897908523068
48.534566954465284
22.326337856495492
77.65536366809687
17.18911117670686
0.1704697007231624
64.14197989068089
36.917569428003546
34.95942963749991
4.13872457753353
8.070436961219785
51.06928102341186
3.1436379878540266
39.77766454050494
0.4953303518161062
2.400413576861497
0.792534404499607
0.9847188090447243
-0.2681193344491081
7.73907771568681
-0.8554721075185201
-9.316091919902663
-8.769674608284497
6.718989757177649
-23.874435475306367
1.315745291808943
0.20333800164300544
-5.363031929817554
-7.5549903052557035
-25.289366531196627
-47.415755416939355
-5.108817129679687
-37.57639100699454
-1.5244336378303271
-18.808063326660044
-62.97743799496446
-35.164269483107
-13.472907382457715
-111.16478547891279
-11.516668423995124
-96.02752857649621
-18.039142601643757
-135.84440903039382
-119.90861931283322
-64.86038796034074
-153.86704756097765
-56.34496177600337
-154.53988164730464
-144.60821441585657
-194.66576526181865
-164.62729972301457
-196.83621799449608
-163.63591475165828
-122.55226091159454
-67.88873906417882
-0.47524388068362455
89.2114746938065
425.7125450768902
366.3862587529708
285.1176999181962
209.11595456327538
77.66419933124936
111.93204049996027
18.15020387026687
22.506902404827933
4.340156065152009
4.013575163511861
17.800032945359845
-12.61225715503092
-15.677310062586455
-78.78392160253546
-53.47183203639062
-83.21404466270128
-97.47206250466539
-281.00121601437274
-377.8604827643474
-15.735503407318365
-0.0008298612769397275
-10.255931952470895
177.88012964664634
727.0982281663925
277.56168766723664
541.0001108551712
362.3113149014225
136.08090476451895
117.16905102976258
131.44115714135157
34.14379874961659
120.1928652182627
65.56781105132602
57.17925413707815
0.9660975316316467
8.818092099315765
8.1189065416253
64.52371658593641
17.21873294797183
1.769952930475313
-0.8957003993303523
3.6340804031452203
58.98151478314954
-0.00021232572039501477
12.49215724031416
3.679859385371303
-0.35345552100201116
10.957974891690792
-1.261576073369068
19.6693303283365
1.3184607329842597
-1.9067965348196858
0.07593307814358
-0.009448334448300223
-4.825080788184245
-31.696846055120947
-0.0003593279631874393
-12.131682620884131
0.9625186814551353
-12.57795053424704
-12.669139175508226
0.47334693627172886
0.0001858315044968338
-0.20737145691116457
0.006890501401528732
-2.3564715245757455
4.681676988692804
0.06340298007311373
-28.77713460948495
-0.08295707634368474
-3.2039910100042004
-43.36938788429185
-0.2911849917161735
4.716004028255359
-2.7868087612185364
0.6139188433695077
2.00950486917113
-3.0259105545100775
-19.396088652254985
-19.66166874121592
-34.951051135208886
-1.369093614109073
-2.8133475008418216
-35.10240987869109
-65.20505397656297
-35.47394387809818
-13.249595985681996
-57.689175253694756
-76.98421500129336
-43.142750587417936
-112.40114758704537
-36.15752398079211
-142.34260812906513
-190.1328468595164
-203.79938415517194
-111.25810655975704
-108.93667917696379
-126.95388845065159
-6.498462993959609
650.7223551973683
1780.6804368598496
575.8681288527326
126.14434770718913
228.79169915353347
560.337771179264
409.76138604602136
21.697549905596738
-7.0386312832284785
-88.658994492408
-344.64216179735524
-995.3739198976774
-261.4285091490241
-65.45580874295581
-8.428783044558655
-0.2496578292588007
-16.352738313406498
4.458526172547005
-20.797278309398962
2.5612123206041564
244.60460929148553
603.831564191205
650.678224680075
358.7880627933485
414.2823127807243
257.40264520681774
161.30194299224723
253.03540605622916
297.4493746986051
150.51857160427855
99.44324617842108
200.09999422235452
42.46236682767076
156.65196350624444
43.689993829450586
143.6588772560819
20.420348772453885
4.389951808572487
53.877898831304464
-8.946265868204645
5.2243732319285545
0.912967180316292
39.0533084423021
71.0832768442239
0.004581863891895051
7.414215381683335
-12.50275510820552
-57.13071791112172
-24.357238235233527
-16.32714700055934
-93.66701304591669
-7.746825644802087
-47.28495051410353
-57.803120536204936
-89.10183496414888
-57.86982610404529
-7.647338745697151
-802.4703824789791
-1768.5424105609363
-1942.998865545686
-3385.612202611716
-3321.0764651430563
-3249.270568340909
-1938.881434365205
7319.420386265527
14458.009551067425
36518.11951955296
73270.89452363964
96473.85176766774
99311.19631188392
112174.23559051983
122751.2104986466
142120.50710955373
156276.69856929607
182878.7387031176
210600.4752010764
272859.0911146952
279642.68844259816
270657.9304180446
311978.67925056576
482678.54936462385
527658.2812223186
658992.6469312141
799006.1904643916
994422.4345688288
1000791.0665533908
977337.9495914574
877758.4457494185
763947.7542833353
806602.0633876505
740539.8963331765
658855.9459213231
679802.540963872
671336.9479037509
716874.1871270504
708669.7628693366
757505.125631321
748687.8340669614
802216.9779984318
876340.3037557845
1009069.7970204409
1118579.8323834478
1252317.6624447105
1735993.8776174127
-2560601.79
-1733018.15
-1537718.5899999996
-993010.9799999999
-1103704.49
-1021316.3099999998
-884753.6800000002
-1108823.36
-1102874.84
-991562.3099999997
-1064273.06
-877324.76
-907353.78
-1088453.1099999999
-945979.6900000001
-801407.2399999999
-733372.3600000002
-666015.94
-462837.28
-466943.97999999986
-396778.4300000001
-348353.48
-298686.8999999999
-312910.43000000005
-251214.16999999998
-136799.02
-78237.04999999999
-68319.33
-87251.18000000001
-134693.56
-112457.93
-79143.07
-43382.47
-30815.17
-26931.52
-22687.229999999996
-23426.13
-15524.539999999999
-4456.85
-6237.69
0
0
0
0
0
0
0
0
0
0
0
0
0
0
0
0
0
0
0
0
0
0
0
0
0
0
0
0
0
0
0
0
0
0
0
0
0
0
0
0
0
0
0
0
0
0
0
0
0
0
0
0
0
0
0
0
0
