13799.280000000002
5822.255128999254
4513.601004823666
7580.769065936892
3136.905618830779
2710.3527264755476
2734.005691355746
2005.706394229243
2258.790296509824
1232.7856549409717
470.6515383500419
629.7885001556292
301.2555454161001
96.23957632400953
-37.53301197009381
-103.66035318275148
-429.214401729946
-424.69665564878346
167.51873675264363
74.33436694255344
720.0022869596289
647.8286209193662
1253.7770406841987
889.2149932679373
793.7896298600594
575.1049730399643
392.9326829760076
106.97009639771045
18.181606870390393
7.450236711311918
-50.96490211029426
-29.359812918229878
-287.27779204973336
-221.34377335880282
-379.59630545630387
-508.8185167881877
-362.5295928806556
-983.4053125199459
-1686.5687652369388
-2055.4493028339766
-1002.0165523383798
215.7426713086736
1155.3851055130453
4587.658333076911
4140.852727228452
2562.308508526172
1611.6616801233338
708.4438756945498
506.24056069982794
182.37223376258612
153.07504779400875
69.50313444350213
10.236808957581712
-4.0202852661892265
-157.58057952056873
-238.33203518777773
-460.10560824935806
-762.9748473556687
-736.2778530279122
-1598.1487958801044
-3486.804417653596
-2085.1592731749392
-3357.587838616898
-328.09385468782455
163.17199606973523
0.2711185470138642
-214.33023747417872
-506.6268382003148
-275.4805969166874
-372.3852571951777
-239.09808702300808
60.27200930601131
-0.021920283202201345
-70.79312939884197
-6.799599249161256
692.0493697903557
260.81691288850044
2665.0650331154666
1268.1314233488913
232.68465932178458
-2.2360216122603744
-430.29994350853127
-756.2106191710178
-1995.024403597683
-239.31858622487727
10.479556097502718
7.423976300797952
-22.764918270869146
861.5797436003897
212.6481904449098
119.51561478251577
-24.574912568344814
-140.68497041472614
-539.0553342034527
-1467.158570530628
-1149.4055449631396
-202.48127050786533
-168.05291194397643
-209.02646370442446
-605.2730500263943
-768.0328270643574
707.897003743972
642.2434511071398
807.4919855820856
59.93099321300053
0.020632662609322852
69.63873965371184
14.913746979383134
559.1635593027929
-214.5247541654012
-1816.918221179764
109.61414156330325
723.2668563009951
243.64927438268052
300.47204540379636
136.39999146342353
-47.803089427762295
-8.026173740168625
-40.99694609458052
-194.39871534287548
433.7566933918204
1762.4111432931
1281.4170676816275
1624.1058903397532
567.7175159901794
147.86932464167916
527.1849144816815
106.77435013819976
2590.962732198118
825.9605983199802
416.01157527194255
264.4169541250991
276.0759270023202
226.70363018549975
578.1041620600827
101.16788500505322
-7.422259982339908
-159.36146890210165
-357.35510889560135
-684.6150506277253
-998.9921612457375
-1062.0317678084662
-1169.1418293315942
-1771.813669353793
-2948.270409272699
-3084.8743454070873
-1071.4851259679608
-304.4074435367608
196.80147093244662
2143.882769348149
361.091998939654
705.0248546784891
28.74373773806754
4.33854722378903
-537.4650533306047
-1315.7037776834402
-2729.513067632045
24.37411298086999
-0.04386666702949825
502.03531131958187
938.8009585396446
275.023894905024
5.296771590240123
-202.62299576963755
-941.2793914855487
-2518.09500584086
-1455.697408920668
394.3906725650967
532.3448912267511
148.9323569333627
960.449384166529
899.9937050001652
107.98404951862051
-16.398320568640738
-364.9932477731928
-1089.9653939907898
-2202.4479455315136
-2863.975557724724
-88.99327553543586
-0.7355576659570143
-1167.8529576614428
-151.0136817286311
9.042943005735324
55.007811869974205
-5.112276402749322
-229.1781360733354
793.2856139287326
566.5574805644833
-4.357707825322277
-533.4526638583231
-257.63109212658867
112.34966706487458
-109.21384938803973
-1367.8321006562765
-5148.279850797161
-932.598169864445
0.004934015698568455
209.4085078570148
1025.3989132950937
1484.6591017543574
2004.4951333369668
4483.627551661414
3690.4305759137687
3240.3703937881046
2304.0014887060306
1462.1232916525355
874.4512302114812
773.9870375906846
682.0198184441856
456.171245384145
401.65490668300487
382.36015299279813
168.42242631171712
152.71234970503363
18.296081280484575
11.582615637532587
1.7748979524124473
15.936594874712261
21.872143665539554
-113.97004612413842
-3.8249005678680015
88.18270035661973
-44.32371562587042
-10.568213217836332
-66.97699432742128
-114.58921785473433
-477.36163722435924
-452.3564779915381
-83.1275518265649
9.716402198048376
94.12630532193774
1031.106352508634
943.48416229336
269.8569306363595
3.450094894281257
-10.609774812248434
-146.9696587286082
-3.6002895661955803
-329.8120821837254
-579.278641224721
-914.523746553334
-594.4552961613115
-87.08927923442292
7.778688434567289
1114.4085603791739
1159.909012057877
1615.2050650476342
1099.889851070316
1211.1254082598439
324.505830928811
428.40642540582826
49.17335016254013
101.25669291732996
103.06224008874324
115.04278471425206
61.21514554785805
89.99468511350094
52.292494079745225
21.41245148011263
-0.11999252677008766
0.0033208557760887195
-0.16743747589945768
-94.79828621060575
38.575357220603756
-0.03309837318187031
113.27487842435028
21.623860813773707
153.82205417223747
104.83066960577517
127.29697077621982
82.49268457953872
208.1167478729459
28.027966301966394
4.043363322983861
-104.88823945092524
1.2948351610132602
-28.760325165040193
-270.49522824696373
-514.7653028873353
-1400.684588211418
-1357.1646746022907
-243.11427363346058
-468.67273924758365
-347.53841994800814
-4.309972848800303
-3.017603694592393
0.11449898246687049
40.46905939966871
-0.0004883136346870722
9.312531895687696
-3.94753265733625
-3.8605969885179343
10.483355522064633
131.66672387092052
11.508218469891531
24.941724809429864
20.904042177567142
25.148583609472322
-5.0253203772963495
-1.123347793844793
1.510410470347647
-0.048415145703916626
3.6329744185637995
126.72953056139312
29.11829520192962
39.89416245409367
-6.727861930708945
43.150218730978324
4.860388053965911
-83.86796265747178
-461.6754402043637
-636.7176000457955
-764.1032339824069
-1264.6833222090213
-1455.8374763152951
-1074.2124715906323
-2.8782480652223184
66.27051853943435
110.2649533195166
267.6553808824947
74.91840950600206
143.8081051564828
65.57818600176691
10.564437366528324
155.84047312718127
699.2911299203189
931.0215284166759
135.8245724488528
441.09259767558825
916.4119560899796
599.7869098189727
284.559114439901
120.39383957116378
120.38118219040891
30.383401926757493
55.24100101842065
3.049630174822764
-15.226844531720161
-3.894015808772986
-167.5205692733447
-6.581318306486569
-233.13803748583723
-25.815252576125914
-58.49509036862986
-16.321293635130704
-93.58216899379475
-66.06951101041489
-93.31236243357901
68.77371418108883
11.144974161533565
-0.1909281676460918
36.28461686383427
1.4754809092158299
31.87100922311847
0.4735018795119913
24.808512798064555
-41.79383221561972
7.757793403286307
-1.6503857932368746
-24.902739610236445
-45.96140085801733
-25.353991908321763
-138.88720707538195
-465.5935525682384
-829.7623746175535
-2077.2601475993783
-3590.00721880025
-3358.372326575819
-958.7773404005144
-379.60815790352
43.66204299284439
99.61982983714972
234.70526052095926
215.58403930227084
185.96892880626837
473.4446569791969
1532.2535786273058
1588.5583368991413
946.2571374216321
590.0440362346287
452.14428308403706
331.6184385201361
64.11012753389672
193.7160305394172
39.42826774636069
81.1222462763162
88.33607326902361
46.27595197231815
30.561180177739647
215.29650978141828
29.382979569335617
114.16527697527421
0.010488260808772923
102.0896163881568
36.50240600098293
89.82734960826612
111.15785294960646
-42.539254530462635
-79.88994823321084
-173.23599620573012
-244.36277767460783
-444.5229021474182
-257.11425174676725
-640.6175386853077
-512.1234775556783
-892.4763387284554
-825.216965794359
-954.3136920073102
-68.8002776707768
0.05740159359548528
4.366436965857225
29.28006694860874
11.817652997861998
9.028315618856517
-24.880916985937127
-3.3889789144130176
-50.81738220927016
-25.50386697765192
-78.9308718091022
-80.9857682886603
-124.62600264503621
-175.36261739824772
-65.1350709722625
-348.8939312880815
-405.4783316834215
-1246.415040125526
-2516.730856911533
-2890.933343722805
-1500.9470749750885
-162.5116074847692
864.6106355967476
2215.832951823928
1316.9803850275432
576.5149192031548
306.0404089530578
79.3350956122965
0.01005202997018368
-7.999281115996379
-61.27545870590624
-12.488110852493575
-54.51924497158603
-60.95819178450037
-232.79975313405347
-166.66658692819868
-107.05209559136236
-335.6292320918698
-1235.9576601855438
-138.054056697165
512.1409574647209
11.391823487887311
-166.38184394130823
-313.80452325898796
-1127.6717093714433
-1651.0891333101504
-206.23854636999178
111.86870947372887
-19.842476165037752
-700.8040421936581
-906.5650563291938
680.9121767089714
607.5291428501544
470.34198926403593
165.12410221748053
-4.060551777351163
-15.568700544424791
-201.61382225315026
-30.087490883721806
56.35750306133764
362.1499331355208
289.4482953152808
237.78297188982788
200.09676924804273
151.7554331233934
23.251161136896926
-0.014460453250822515
-22.661310124201407
-213.91757008110903
-49.27681355561815
-330.6456879253872
-577.892236167901
-883.3157196566372
-1306.3228612362223
-2084.926930488828
-1528.467398405114
-21.358960864334428
2337.5714030446225
460.9618335061074
68.48351879250713
104.04333047072024
-175.8921806755168
-1143.8990982282933
-142.731992774783
765.6874274621002
79.25731350641684
90.91330788074511
-97.45777720890534
52.227836531780795
1402.462906470165
208.61305756723982
-68.73754543932462
-37.9018613250485
-476.6983821283736
-687.1793811647246
726.7460394429902
2218.670844626827
3186.0408349004656
1648.0856157471544
770.2137050887258
784.6075635613117
704.5538861855985
481.7833031708026
372.94814476374046
253.59767005388048
283.8687008953413
126.62282781975574
90.00960344926594
94.5553738439161
94.64320662743079
5.828195154428771
13.138593046729392
-5.50112338659073
6.734418836903073
-0.08488154685668246
140.5767975925205
199.53222853389428
145.03456485637798
47.93306017293178
-0.23405812857479516
-105.740241346559
-306.3961388479111
-458.8690296614084
-495.9494857990982
-437.08775266934447
-384.8832690663681
-313.2945705318459
-461.543361344156
-648.7247641418619
-942.8722943811257
-1122.2080439283532
-87.56657265909493
-63.747174315380136
-10.748473368142902
-142.60954259161178
-155.32324039557489
0.019309480792085675
29.681434874002996
116.35813091243774
1042.765032681272
835.1225463694982
529.8635822457662
66.21828846014705
1.0429218425798394
-83.25682505454084
-1933.0972608019774
-386.66195571343775
-159.91635234713235
-128.6648854963239
17.335572580364715
-8.078754580547594
-23.482537460308805
-335.84820180972605
-759.4398972225782
-844.4406624065612
-422.31698847258343
-442.5480622606358
470.4335697155447
-23.272121516259695
-1347.4635482317453
15.721719357778081
-272.2248569498962
-3223.8726393351817
531.6541165221049
1437.8321181891934
1143.138371289966
658.5944717209791
630.6824209424555
713.5680210601503
433.86673439812097
415.6287398752639
765.6238419530623
455.4334673470614
285.96988623874984
87.56395032866858
221.54383868773863
444.1066077649215
153.3633838338985
-1.6189466565188229
-334.1136272292519
-161.09634452311835
-199.28475866707396
-712.0821679629435
-559.6967788502313
-892.1233490492506
-1213.3443194376669
191.05729842287175
1119.651307555279
2033.1681708921221
1569.1438425600675
1407.7425782557873
793.0403943849269
358.73934711689975
233.77697406552412
19.668443628079167
-0.4803480357308038
-14.687295006957854
-78.26383899618193
-64.76537579617813
-63.05415323049006
-257.96144907217877
-343.0599519060921
-623.0100299655383
-444.87843890266885
-394.05848249296264
-1249.8541040815344
-1300.8168008680525
-2203.3509901983034
-2440.2768560120026
-2586.1315328658493
-2731.7574551336993
-51.598065700375514
249.73696889069376
24.790287085222275
-63.393738719743475
-134.37763932318222
-96.17296427514813
-209.3973674704987
-1230.0298813475374
-2215.5960832266937
18.962846757961437
3735.7361786901974
5467.57881387198
2315.6176911148777
1074.0899074990166
1771.3021334712887
851.1081091870685
92.77209723197107
4.240673601387881
99.7896466648385
651.4264390818031
776.4471006009607
832.6388866088946
334.35526216434664
9.606655356904858
-19.03618604544438
16.09256059172193
261.20140398369176
255.8884291894629
199.5467287115597
11.010005884778383
20.95599249456857
14.524336146485636
4.3587972617135335
-38.41948588364336
-23.537570066610076
-285.7678667777161
-685.3522351265522
-1370.859827254834
-959.9682390000434
-327.2091633168109
-905.5149629899392
-2461.550735476033
-4921.553325827501
223.80137749438416
127.012216820472
4.153298936925238
0.004381070873141061
-120.15830122336769
-859.1771550435111
-1181.9035068574485
-389.7904937309628
-203.76236632004367
62.75612693666572
-553.3096929283462
3.935228758941659
842.5897523951508
1273.0203211636467
-0.000605337977897575
-270.84357345909393
-238.3206698564327
-104.24623582010105
-282.3804515563888
2160.2927448570013
864.0815176356159
104.35217656836144
-2.53899301220477
-723.0735460547635
488.43593378678554
819.1260200080591
856.0153159907258
307.5512621743858
51.432633865559815
-4.197344727825717
-220.4600867813017
-387.75576765166414
-787.1559725326781
-1733.631983707341
-4367.107889333608
-1919.003048807356
1027.3237917960805
274.4557511583871
366.0744127839142
32.658543207633016
-141.8787204104957
-694.7266797278681
655.0185237177232
1602.3801093467184
-0.599210204540969
-469.8275503307708
-1843.5752824762749
496.38933114723653
76.97519427436751
-117.13577188124388
-113.32370277279976
2398.455602905161
0
0
2073.706595832742
271.3468728880345
363.5756854226913
61.295418844346585
-30.052850365424128
0.3510857415963124
-197.02203136433286
-736.0459994957482
-224.16639727742998
-757.6389983858503
3712.7643864890188
2582.3102817521512
1535.5716310862522
633.5694015253822
275.1397795459518
-0.006742443231733357
-169.18010067538785
-85.40604150408313
-1450.591520289562
-2848.8860755697165
603.5423251895813
109.25521841051996
0.09557360233670627
-166.46442282079767
-907.2009046083522
-1571.2519613716356
1698.3580046743675
3155.606912674425
2113.9801534312314
1031.4463366170044
644.9560992612671
429.73511130165684
397.4533506486345
198.2777488578608
114.5722625338899
0.059782333698776
24.795279655852468
-57.57025349375373
-150.8577117848203
-183.69599238853345
-682.2174771543953
-1085.6776729793671
-1769.8057760384618
-3858.8979267355144
-2050.71625857034
7.624031665319228
4610.052705604787
2337.8388507368118
1044.718539216141
1373.8109779710423
1023.7566282204438
297.04241622779114
207.99233041443497
23.022680767334045
-45.03786846262028
-381.8698128898136
-1332.1814842711788
-1429.0392503652763
-1352.1519677514184
-56.521747130923636
-0.8711354760896011
-127.07420595314014
-0.803937157364088
1204.2777025651467
1175.5628089876982
904.6590204503905
587.4879519643049
867.5633453787416
340.18361862523176
327.79280893949954
106.89946068932119
20.577397240701917
-0.16515266894968522
-38.318567077909215
-331.25128029290704
-1015.9737259719876
-1643.414824899532
-1534.6345363784224
-1032.3736065940566
-1179.1296400589388
-1724.577735581871
-518.6347589921495
2507.884162265572
3429.999707367978
2308.2885459472354
892.2852190206269
1231.4346154408859
757.8656023315821
1124.8309882577742
511.9287888188918
-0.0032177109513284318
-106.72450209718
-597.2923323358751
-1487.2355377381875
-1035.9639912521452
-605.8997227401361
-945.7498357430943
-1641.5399861229525
-55.48411507728026
115.79492031878253
0.1336327715671759
-0.6326153154140464
40.34492615542588
310.42860263493156
85.25245192880644
60.21488961646586
21.327089970533464
-71.2735018698998
-146.79644016525765
-204.8177526753258
-178.84282752363353
26.635120871082222
1128.8115031237348
710.7425831970747
75.63196905138085
31.270674261551015
-2.303511778427866
-561.4160765622311
-1735.7461282019192
-5.330011500261426
1434.1339168482536
538.6523570440228
209.23294628467897
207.80294622558137
136.78310211200784
11.97640073367992
111.0836116564705
406.1408498752951
502.189417448981
296.7333121554934
336.34941640443543
177.45313802121245
134.30001264272195
206.93544310758222
152.66946533774234
79.5307814653531
1.3120925056703494
8.457930338899006
-7.956953369144392
-0.3435695092680412
35.56418042048967
28.970882137074877
-0.25725225856285017
2.776161586083933
-10.817429016161666
-44.758950970391425
-14.458052038344047
-8.099508765902428
-9.562713618595806
-116.0785654417002
-31.609951859573655
-117.00549279700408
-194.46679527781242
-2.2883196680712206
0.6983628301163602
62.45972691109966
118.19566878560508
64.6342756920303
6.699777226455316
134.69449298700582
27.514049553947594
28.368270198781328
13.681067468499464
130.42730085358846
291.899796248482
323.822708066145
188.06734965689714
28.16215858308526
126.0993960720026
13.810559714665523
56.76974837133717
-20.527944816639994
-4.3337988058721875
-1.373199808038511
0.33282310269725135
-2.9783256154085502
-16.798393933184126
-17.543891986851953
-17.22688752177584
-16.071988452672517
-66.47022746065684
-93.50838429267354
-155.80426064187162
-27.931948636205377
-31.017435505446564
42.28953000584176
23.10372464362346
-21.310685745074828
-27.779265702819103
-154.66049048585938
-354.9376200439009
-276.3600338349068
-935.2716934358085
-1034.8982159822924
-1403.7274572613128
-823.5847682756297
-833.9294570168478
-1312.712194293347
-1385.1947020255923
-96.11952413191449
4.819863099184741
285.8818806256809
285.98609059878544
314.4664931878504
73.68872058969103
75.01851975715901
-0.000311539339077933
-89.95665760677636
-134.37524689110705
-65.98243284914776
-312.73471880529246
-79.55506252929887
-76.67771428388144
-238.60681094551103
-2.9262816671920073
67.63500002243299
98.06777893078618
27.820359614179857
22.967660245466195
29.222360173871184
-0.5669558525865654
25.02232965149429
6.086766558944669
36.80749540075402
45.649321978503515
-39.00329847546689
-91.59856327155406
-121.63842696624602
-17.28844230563313
116.46935897564326
698.9450049402517
433.719336747136
741.3894528117683
333.7267105149973
478.97024599958314
212.4892656808586
1403.4788737037663
1145.8426897837758
709.3341418397193
646.1036174834917
117.09392537076077
97.77634042080388
-0.3486756809662963
-139.0395512768742
-88.13724640976268
-239.0139240793149
-452.8208151315791
-418.93808895508494
-632.8490661180489
-504.36783289715
-466.3495482558374
-562.9111163773869
-915.0592260138844
-1005.3700014403091
-1245.8521702363885
-748.1058969100463
-232.057826533506
-10.957219701851008
93.9115639955517
-68.57485190768156
-822.8365901781883
61.335304928186844
-0.6108872763082855
-0.6726390249904627
-93.0816887219029
-932.3470738142075
-920.8865152167307
-41.287173106909776
0.26327724725216595
-206.8126709346416
-271.64815517714624
-468.81151060499934
-93.48786754159948
2221.8024583272672
2370.939798603259
1441.937680911933
1098.918460523744
1134.059737295949
641.8024139343302
753.2027268000157
765.5928182817893
781.4280833237112
497.117279713373
0.8327777809157477
-0.10816972109504613
60.055721178867266
122.17452124482222
1.3856414393257348
-248.49905336686416
-1670.8364361847027
-429.5410662167598
-5.384142179784391
-104.93032100889394
-206.8428120391228
-576.7228393560761
-1435.0776967427216
-3712.100016847287
-1009.288289486803
-825.870896573602
-161.33622642236273
-3.353643249210935
-13.99382961273783
1.2275632171329942
0.004192532613584985
1446.5278464296553
766.3639292006773
78.60160799936506
3.1743458329229286
-202.32020866603463
-245.5474853207461
-479.9617364287067
-403.6623575796403
-79.99671818714863
-36.310207926340944
-2.8483825086325054
-41.13307567798667
-315.9634249834804
-282.9100811739491
27.269016423233033
29.959526008230444
-53.699296950309986
-181.5295563446662
-616.4091049280078
37.05869575391512
1338.9689488445485
3998.4401385442593
540.5725251833381
-3.7605789246765937
-800.9625389969274
734.7531097336608
375.7534655203011
0.12885576307051783
-138.9650663234375
-354.1511200358078
378.3263090656377
1436.6883215932103
571.4403553499745
780.0356779194774
273.3156322620756
98.35261664715443
-126.16188589761748
-257.6202947868893
-529.0007730292737
-1224.6763025744594
361.8585654186669
1084.5331114554795
989.8769653086694
499.4388151220499
502.3288326918061
1542.994510412763
1488.383781629944
731.0720350851856
358.7927335349935
64.57919197672744
4.994676481861639
-9.262454495528235
-8.585650676099554
-29.043965163608362
-66.02248573800553
-185.77175024029535
-116.9307043799984
-2.968467226464528
-111.32268151242663
-176.82045254053108
-448.6767632563245
-709.3561175109426
-924.4632477690384
-960.5944350459757
-1520.8939507655357
-2168.0150583009104
-4687.6618101009
-5418.5950301766115
-5972.593968034899
-4240.914261456299
-106.91733807460682
752.86720599926
664.9861246692474
369.34749921170635
15.177179485348006
-250.36257792456362
-130.41426505974943
-102.76778682462574
-435.43832067942196
-809.6849633075014
47.34106673433204
714.0381888930531
2271.341300632341
1033.7396712995646
161.16287596619725
-73.37420111060986
-25.79727715182023
-10.729542267969261
1329.0639278314873
357.09079950231103
154.2462879562034
443.20844556070983
4.807306858276816
-98.16382730624986
-709.5738526178221
-1738.8568691350215
-3497.895500286882
66.40532310023502
4139.49644786381
971.7451626295593
94.23806829243117
1.8150275650419536
-256.78430617126645
-867.306096532265
-2488.5292532002095
-1067.5259266080031
158.2415397241415
3621.0412156262873
950.8834964184884
373.8306244590436
12.223652240688711
-332.21903673042505
-3.78458375606598
-94.68256158680214
-551.9921458285844
-1884.848976281723
239.47373048933775
3400.672809837457
1568.9328031499272
1165.333558537816
1191.9088052056547
1685.1040020676528
814.9920324641321
761.7580452408856
776.6360391359922
495.1165899026876
447.10941726030046
130.45792831380706
70.87678215732093
-12.072300747256584
-22.63104228967329
-180.49800617952806
-111.08251435600644
-151.70491406274988
-164.3351792623841
-179.71780816315757
-379.05998939345795
-584.6417814028576
-346.3913420783347
-692.1082555468528
-310.7968656152264
387.2866174617969
1858.1448549921374
778.8053072205362
304.9578286670363
287.3835507199491
380.1748784780941
674.1915195146873
413.37833533643186
153.28322721343952
0.14642553730755803
8.135145049480599
-30.678601385967962
-16.13666213700215
-10.622120203941606
-2.6068108316187812
-1.1237616138467312
150.55333291833955
3234.7463725959997
3261.425124538042
923.7945347500466
549.154257093493
143.2442388145301
120.93742791409292
320.7058170463373
273.4929652363934
84.76815167565093
340.8672047679907
121.70894351798944
68.441803129958
20.129563596166562
20.812587173555226
-0.014934404582641494
4.318069927440122
14.998027792998139
13.191256310450662
83.65105482371054
-0.1567539104571831
-86.1769674957471
-112.33827757132681
-170.68120985310875
-389.0590337169915
-453.480316375201
-776.9026632832612
-819.4687971883025
-1227.9079307898305
-1161.6577362150767
-1555.35433942676
-2302.5661117333393
-2783.1934120167116
-4915.236494963318
-6226.428610638752
-4923.502651184746
-4179.595280341482
-1886.2223266962233
-73.73005662571275
239.4999833024794
946.9433991666838
56.63977766543379
0.010860812094775267
-114.64023908470566
141.60552122057257
1997.7179552297398
737.8240615599478
88.4574111733101
-66.34920450248714
-216.12881664554226
-11.466765057068752
-9.127216611113731
-81.65933440033945
-780.290659537009
-1388.7714273926604
260.868256679726
1397.7407093112101
1836.3338050702546
1539.456331242215
1560.4189976132577
2086.1034659087727
1368.6671336793788
1125.6391327134186
913.0759807466169
351.7382772828787
425.4879579151782
189.84719930790826
2.8881065136852193
-23.941723925915557
-46.42378370165061
-44.35264890841486
-224.18631240612763
-343.2677990000747
-639.4560379508407
-657.6292392389596
-529.1854230703814
-558.9488549769387
-351.77387192804997
-883.5565283830487
-391.27861197082143
-31.539565346393832
-54.20176803994717
0.5504428875921403
103.82265046871413
29.38032533524254
-15.048331203739025
-232.4719839400002
-258.9258546748043
-131.39398874803186
-527.0434622525329
-1286.792597082242
-685.5318364880188
-129.80694327393977
-0.42078483848954584
105.11376549579751
3001.6281167394563
1676.0804141715125
607.745953997588
329.86721446715364
34.13007517499818
1560.5087009711133
927.5683012568529
-5.343129211392323
-1465.8387356736835
3.122488186684352
1223.3378158418104
1405.6770412408757
1109.4549059232609
320.2163851695341
148.80570768551954
8.427201332133658
30.005738091920378
27.89312120761571
6.761268566870999
-1.5967319747508417
2.5913274785869347
-24.38118183396879
-105.45752739152726
-114.21493879509248
-223.60755820875062
-370.94300170058915
-952.2746797110394
-1348.2765513457935
-1621.705151086277
-1212.5287789107529
-1584.7190495830782
-2490.277347843151
-50.387658700895294
-242.39714793427498
-141.9894915978831
298.79551475314327
1084.339971922645
749.4717465250587
1008.8951663716479
336.8243501102702
372.53708543083206
234.7873537701003
134.14750962501876
333.2324739726562
564.244491502158
1742.522353497939
1484.0679916144381
931.7741040761266
671.5247958080442
385.06719011295246
489.7834625748027
458.69252464931924
501.50332622898827
344.1696788947438
283.7507113960139
220.56383409522957
37.359992569875686
67.07762979057766
62.27399210401237
0.7723903540728738
79.01890613759161
103.30244640975283
87.53622518932703
55.771148259126974
85.40295438249179
58.835698288131084
194.36472074570605
86.65243250835091
0.015754371459891593
27.50491329603066
43.762570336361684
1.269248426177514
5.709217308874283
4.392350455788988
-286.6749178196923
-157.84127506579352
-182.8127306981172
-195.61683555170796
-246.34542807724557
-354.012845478579
-588.6575144741669
-701.8813341792978
-869.483786371644
-1211.8570680802961
-1594.2347678161034
-2342.05864323499
-1120.0390321937425
-285.81012364530375
-491.52185751750767
-489.0357910099512
-819.2410120130631
-1093.3208727591323
-166.21385331352417
-302.63100865172555
-352.31816314661745
0.02783420172142342
281.1659374781936
92.00254164894397
-90.939724392656
-0.4962137543202369
-22.723102916788505
-316.1297181958069
-544.1780592221976
-620.1257304195228
-758.1256134739403
108.64861272156244
1.7434056464334593
-276.82924833483867
13.056312255016126
155.33713413193058
191.84206207786667
598.2341012850877
102.90682289262423
-6.721404240081004
-168.6857493159176
-399.31372875938723
-393.19568424427626
1.7982976381585465
535.6156483591153
298.245704747068
37.49372067722557
-3.133321842018707
-170.75870200775404
-124.51296231947475
-219.49088009835833
-543.4161251979759
-1950.4103876192746
-3570.6290067293558
161.1079709192706
61.77625524466136
-1322.6061798814608
164.18925845581936
338.84190255559645
1028.480084015637
118.73969001455625
-21.14900311748951
-297.8321237237925
-1047.4755568442406
-152.39302909703602
-3.1307978558782676
-239.80161484212536
24.080733990925168
148.015816832061
2002.828089165773
1436.0449739624785
984.3174495025561
1202.7549759089743
824.6580951533043
328.4856416914375
84.90658408838115
7.863614988529577
-28.22157600249076
-193.34674916469166
-617.8926688276625
-1293.6019147293916
-1619.2293823681807
-1955.075703066775
-1070.0289190947674
-0.5394479944334016
264.2568803361848
-367.8454959513678
6.883865614918925
1576.6158164766982
585.2533108870443
191.45651227065522
315.69855875650353
4.7947699139882625
-264.2333621135592
-247.8391116620033
-92.48451984078518
49.592935925697326
212.34299368697864
-3.8021464418001516
-74.05816580133515
-156.52086427252758
-425.01796241704164
-395.90243283321865
-525.593718107547
-165.92554094602787
-641.0926494174498
-1319.124915647338
599.7490256208658
0.028144939841351434
-330.47332157090284
-47.7857559501175
162.92073858698927
285.7963025831923
2.353717244030152
28.052688885718446
-114.70869292892205
-82.75236535206713
755.2478903185453
75.51917235511797
-552.1814876996227
72.7715230350005
380.77865091595095
0.07968121411874153
32.17629065926117
401.6640109368211
-75.25960878812296
52.17817707953741
319.77656561214303
357.11399542054676
-306.85394475308294
-798.9673654023134
-316.30180155253356
1167.1251851176341
291.9539645308363
680.4557155310644
262.8845099896723
16.16704849665149
48.07870497716082
-7.870157181524284
-1572.920215605313
-1146.2232470914776
2621.608705289343
9093.418779406875
3897.6868678572464
274.2495728395063
-1069.3714413824716
-4104.2769602693015
-183.05901290581346
1013.0217987356308
263.5162169004053
-424.70175993832953
-815.4440649938279
0.4257945885265233
197.36632504115744
-2.752973591636301
-135.41807504319195
20.498786225409923
-44.90774833777473
11.283680671656152
-703.7316536077092
-237.18622418829938
-162.83584499853814
-9.639108705055795
-457.84159536534526
-87.3586312419981
125.07939793876496
-488.6198792366939
-2177.5852747412337
-221.4167583680877
-422.92130630958593
-53.04948398938028
219.3478212445637
103.67230624690936
-38.15388051097588
-8.97050324625576
12.90330415897489
520.3750476377138
2306.4731284539234
1281.7691147031635
162.95578807471546
19.660591132663242
-0.554031893271193
-97.87393630056047
-69.49490672507122
-68.85374947650455
-1240.9721757772718
-50.22914792193445
51.29143818103634
86.71239834662578
106.66724441978508
-91.3292363167968
-73.63200473126886
138.24193734758558
-960.7478688127353
-621.0328003795081
572.9798477061147
157.1078918918909
-203.0034303513208
2057.0010790988154
3410.3530513834685
1893.9995335769477
556.3203690252344
104.38918220025182
-29.650619389993096
-287.8857570220894
-612.3342227194953
-2417.3814262759715
193.3743728817629
-5.595441644176222
-118.4517718773258
-260.86978942866614
-551.5299948448153
-72.88561716937447
70.06560547996952
60.247283063682254
-63.15107568696939
-956.2750243655895
-133.6407089037013
-876.4502124531423
-760.9555089459348
18.39390213134061
510.43499290222627
1588.6315727888666
205.4655290484926
-829.6534041354246
-823.8473935202799
-1195.405653125542
-0.10138274613492433
55.964924365442705
42.983012412871396
-155.82179497388677
-30.44252417564439
1.9716213690491884
-219.31507069991514
987.3811411520226
202.88640890440738
-19.885108412867268
-1115.3404695281276
3580.704258839245
1926.5334836772295
3346.115395731967
2400.7194627207073
1364.087879342286
470.53037532591344
-26.119004613283042
-0.5708416585919412
-90.6962315614122
-575.1954319049939
-173.24905284633593
574.7852903005163
167.16453155389823
0.0605693181123242
-482.6102227236357
-2400.2942037826133
-1727.6951752326588
-14.59033686592703
173.14430201727453
68.82736613757555
-65.29186949277992
-379.8053514442894
98.61161136927838
-4.720222079160127
-1516.8617611561106
-1472.2521387378638
-240.78882837409506
941.9657247358427
1526.4822098260415
263.8271217875504
590.1745288398523
854.6577206246197
793.2205259159255
184.0606281519036
4.583487032466593
-145.000366549854
100.48534319974942
932.8712915045908
147.8803511290609
498.39432321230436
282.4643504850312
188.36535211688238
-10.625572034793393
-134.80456191713478
-650.5350416338945
-641.4637983412299
-1499.5891572046307
-3090.257833684192
-6.85035708382693
-0.8745012346024804
402.6557094860555
26.32952785328392
-71.4619108689427
-7.69760324131793
-59.74462873902784
-10.473221884498367
-750.7992287772701
2.265538744519266
144.76059274981898
-47.9796208967652
511.1871479052687
1444.230158582444
78.29402126743311
-190.79071621658022
-305.63725881580245
-658.7569134081383
-1812.8733099107556
939.5870786195363
-94.4804435223293
-77.14370943737303
-126.02693629581555
-301.29122369625935
-89.85039167526294
844.5019004599833
-56.16806538857539
-1284.5424110913941
-44.4285707741696
-2856.4830422425985
-566.4758106663924
27.403900316409903
1539.5847483397988
419.35546680209677
62.44423535995759
131.8489492009314
229.02860349716764
1285.891575028765
861.4209778523568
867.4613762209642
1101.292467884995
1120.255782248352
1151.9039109506364
845.6635227057805
535.45153016835
398.6057419589667
313.489565412774
202.0394281502452
63.84794718228759
2.7005761560685837
4.415392450272327
9.300770735713204
-0.42740155859037177
18.414552037046427
222.79008947907488
37.74882109076283
21.914461072291136
4.704533399707957
17.771788932991562
148.5285060825777
151.84391629863285
26.566118156177865
9.49947932594198
-4.197772594915403
-81.20420956222976
-420.79170115543275
-581.6360484785477
-430.35849097881766
-614.977522224206
-511.58968456784396
-757.5351997455273
-1731.4795363142753
-1100.7673270825594
-558.1661983714147
-952.7074943585945
-1214.3769884562714
-1723.9802274268134
-2203.8592676953913
-2089.6135880671827
-2354.303472081608
-5.876370870139075
788.2388285929687
664.8444288997614
1564.7866786812697
477.1286602311434
72.05117452540236
137.011347699116
-90.11785950778133
0.8974525316268948
117.32949930990318
-220.32932362181515
-305.07793178550327
-276.50891267192134
-823.010981397796
-141.22594045740007
-112.89884650549766
-0.4799226124012147
174.45961929443138
71.95541646217823
3620.015744926689
5041.0994204387825
3054.5091448033368
2526.0811206087737
1152.8058029385443
1093.398487498087
402.8220680772792
510.021648435728
15.760047449805798
-9.32972558295054
0.03893136159054711
-38.26500536879795
529.0229704764831
4273.4754129080175
2277.930800587658
852.3683178997817
414.19652171850663
271.45782002158916
165.9333828730546
30.116061603427784
-24.452883597928036
-19.578401266463672
-6.2981897909387765
-187.9312576191719
-1089.173654981909
-307.33638465363504
-521.8037273566874
0.05972857986968124
9.356545456881001
16.489275948016008
-75.06785821959068
-199.28415782896474
-427.37912090024435
-798.7928471144767
-238.1404995145813
-70.33261192214307
2.4158343674724616
116.52980320620901
11.350510917589245
-31.673018318851426
138.23789187546728
-201.2122465582708
-1157.6869524558872
-183.77066526363703
8.400749473496216
-112.28128278785492
96.62325300181668
75.4835094647547
6.559775419010887
-27.4731416050501
-51.43649275606628
-260.94359042948645
-73.10993055709565
1247.39210611865
789.7224757483597
369.1538337835949
1190.0739976638079
1056.8886636957602
1197.8641168089086
588.3020952245353
285.8587657169828
171.99814826822737
0.970460273567455
-4.564130299037336
-53.53518486053209
-40.905040142691064
-57.04652781575967
24.37919494507135
-15.96564975665266
-367.9153264800666
-926.9822053511592
-3013.0482177787385
-2495.052015579831
84.06886066946618
13.821781190652388
120.74335881272424
165.30053849355446
18.940127970346147
-46.086743933826334
-284.46710977397515
399.13808186515513
397.0203748717046
262.03159344339366
143.38618273800947
75.81398920550131
1.3570588554546412
-33.81552315868582
-54.65270681077253
-213.21149276819574
-655.62892291827
-792.0550754469133
-1591.2290866064604
-1639.9365248126671
-136.03595418519006
183.76443852692105
51.460728066825475
-7.347748458476168
-474.18011610417506
-269.5220761790426
0.9604413493460692
-148.69354014413432
0.33965061370610694
1385.0129035994137
2581.008931480287
1563.7066728768027
850.7399998008557
519.7836960635082
188.94440030586026
28.73290451372522
-64.50436713387647
-168.7131416660418
-498.7406002589446
-559.5090227134386
-634.403721588445
-626.9153066058249
-1306.710731072828
-2049.945013323363
-2714.3169869639773
-3771.935000179869
-4115.425531246445
-1490.1531426092893
-587.0819103861647
189.90720276013514
5267.347323835401
1586.9608795576826
62.92900060228267
-54.93835654146538
-87.59108888308329
-70.65164336595561
-159.35862864715313
-93.68922369353078
-22.169186620308096
-366.56842795767477
-822.205683164816
-580.2094919437048
-1227.616710595014
-308.0126223503193
1179.033589159563
2799.909969502732
1942.7705700666675
-0.2339407314458903
-10.794512655881178
813.8965427554451
414.74093255478147
6.259909898217198
6.408988516072716
-19.869493682135825
731.2012647715605
160.6846142741558
-21.497150590173817
-418.97245539142705
0.5008418501653296
1512.7687158362219
1753.6182640570757
629.2414685542606
183.39218650584877
-17.549588772757605
-527.115845230674
-1489.8756424151115
-2884.7811573275453
-3196.5394056121013
-393.229472515436
241.42405504056222
0.8730787626151009
-1.0738716919012536
36.24385460927755
-26.133946621452452
5.343781815532777
2167.4005141654607
8506.161508828118
9172.27583778543
7953.159586532993
5555.264655538167
9258.028972497392
7318.612876533525
10247.7410997216
10750.642241932515
19907.43428920234
58396.287765409346
81427.7181070389
86772.41431992163
92654.18089409763
92205.28438578214
114463.207018504
128142.89170264952
142745.97602503106
152107.3749181088
188006.18313221735
239294.06225770517
234809.96437228957
255220.86396402953
278780.6659555972
307542.8230568536
329656.25756413396
322195.9643488904
354426.52912062616
443265.21376402245
459593.2127886407
500073.6382169556
541012.2396520245
579709.5824712506
611260.8829322847
737037.8505871799
747137.8702857938
867918.3236540853
971887.1339572665
1402474.0212245474
2688968.4307093923
-1845689.42
-1048276.24
-1139121.92
-1179556.66
-941772.35
-728081.62
-633960.82
-690914.77
-701010.0900000001
-509479.58999999997
-408631.45999999996
-380261.16999999987
-405778.87999999995
-462856.63999999996
-373825.2100000001
-324149.43
-304601.03
-247591.84999999998
-245475.26999999996
-248921.84000000003
-240767.93
-234542.14999999997
-250454.27000000002
-223205.43999999997
-157530.56
-157338.92999999996
-103382.58
-102661.18
-81591.65
-73829.34
-62094.59999999999
-53629.490000000005
-45132.619999999995
-32516.08
-36833.22
-28850.199999999997
-29588.63
-20876.96
-15841.46
-4289.6
0
0
0
0
0
0
0
0
0
0
0
0
0
0
0
0
0
0
0
0
0
0
0
0
0
0
0
0
0
0
0
0
0
0
0
0
0
0
0
