13335.720000000001
6449.740299204219
3115.098043170823
6901.4123932826515
3114.198191850021
1810.986891612481
429.44780115567477
1037.846473637077
3.8120194453025364
-155.9727368993211
-1092.0532249338921
-146.7365013377218
-2.760890084723943
639.700299835529
466.13169160320393
88.045734800416
362.2629355425462
380.81004605791594
961.0550776017717
103.94071474309338
14.293529035530984
-193.992747826842
79.7367597183547
13.274317955754878
3421.169611035467
2955.8542773817026
1491.21578568784
1061.8343667723705
944.7290373870545
242.43891285343085
178.04793617059107
43.044739206029234
43.67704458790206
-33.76751265642521
-155.5594530320587
-353.184212689219
-554.4759355418771
-1130.1525574026678
-968.088028244161
1763.5915652087817
1262.1931204186053
793.5842422413377
186.55451361893768
1.661415244591194
-74.19283136160777
-322.01648091110854
-252.17768764936864
-577.4926258641042
-402.54381908707194
-4.678409533951918
557.1126262525412
16.286043376555497
25.66232962500073
-96.19730248324775
-570.2070651034353
1323.1887098666302
3212.1812201491357
3137.9181809220077
2372.486142450875
1765.3477639576322
1604.2242486494858
941.9640397232015
662.619976559348
519.8714903580762
764.623785297607
453.4360867231497
212.14864901413839
54.917400289658524
209.60844945544125
12.716162303947993
38.770683707106286
69.06613724849973
-0.022084918113392395
2.4740950259763395
-10.626028034970563
-2.0150000488209594
-71.08945998708666
-139.10063488866624
-85.84171111246485
-67.58274419203951
-76.80162446730981
-151.71269219855776
-264.5128730619047
-273.3395378337517
-161.89669209954434
-247.2260118605429
-330.27764840248574
-381.49937610741677
-326.0707689740086
-501.0451670401644
-791.4915939782449
-574.947453663346
-842.8245638724601
-1188.401022599722
-1654.995120923176
-1709.1000357046985
-1664.9533448007628
-1770.0507792092098
-1713.0957415109294
-930.9997907498071
-172.84852489757057
2.524074974835639
-57.649658913267146
19.45479203985565
-0.0695569368577481
-0.5175414892926605
-54.507643814978465
10.262110825630362
328.5284828298414
1628.393519097364
1542.2359541703136
736.5064980795049
250.18373021707393
95.54293916100514
-18.878718111566126
-329.163707277759
-618.9039777241246
46.93699395278671
428.30772434037624
66.10383026861645
-5.072828614586708
-73.0657422525645
6.345350141967358
1906.045808098855
4067.3242957636176
3157.513279973668
4329.027709185095
1407.2335552652653
2227.4264602259836
7480.129808905642
15481.116172434362
16216.836017850572
18830.522876347637
13951.529059822118
14414.671731650196
21807.74354817535
24095.98495703387
33055.89918614669
35130.76630738698
45070.07609928076
34337.0010589593
26587.69380128567
33039.14384501
22997.65076716052
33634.152080154614
26684.34336895134
29029.370814094407
32533.847974235498
35580.66364980154
36634.32242995025
39789.04074661084
46204.84383559247
67580.56494636825
130163.24710607046
150679.64347168122
160939.001653665
252801.83661690564
-522942.45000000007
-217313.38999999993
-142256.3
-53306.530000000006
-34454.310000000005
-159797.51
142641.81647277213
172282.55256929155
-182329.95
-59251.840000000004
-86380.63
-147510.97
-162759.49
-147351.06
-35610.82
-38348.149999999994
-49766.68
-32048.789999999997
-31526.02
-69185.34999999999
-168116.81
5908.589226914319
2607.2537312306795
5270.419838108528
4001.1574514956383
2608.7807725394246
1366.2373931490972
606.1065271344669
409.1242277470361
157.26541797297173
46.79019102415796
48.05774658778243
24.14080000238127
2.4617036595014996
5653.460491427719
3765.7339405123994
3170.331166681163
2436.3519784958253
1067.1957699525647
893.0125562294149
393.042787412348
117.24226081590143
14.766850220626138
20.520030824575475
-1.1340866249315198
-24.58755657247663
-15.03383674044272
-14.528826262171798
-89.25288869182641
-203.41720078673305
-223.49571192495205
-105.62724479174621
-806.3283285746568
-1674.1077392326235
-4473.445374056479
-5134.383219293022
-659.4084060711657
-24.82317337707738
1.8092731565488471
-3.3434787746113295
-0.018425023939997093
-194.03728875292626
-263.54352434316763
-671.1258448541107
-565.804635614389
-1276.417195081006
-1460.2599954575007
-2290.6027176441744
-533.8834193373897
-10.343643779753874
97.22025563544825
573.116642060704
2.898514732895614
-190.3916018640495
-290.97981884689625
-645.9736935560956
-1286.0912611441156
-1976.100315202607
-3253.3452689166247
-4300.476340723661
-5057.894915317065
-2.2907435954652766
98.12366958948076
-67.83512022030096
-9.277476490993278
0
0
0
0
0
0
0
932.3907161321364
539.9800680054549
66.71791741386683
-25.378383133358867
-36.64944691987134
7431.4856581931945
7041.117121371579
6722.421549877685
4521.28453322908
2368.412254772695
1072.2021344841642
446.1290358542834
156.96690751242534
37.64257315289475
0.48162280565631777
1.142331137733297
-61.37486273692785
1605.7863521731865
1285.5233673467765
727.4871074891485
567.218155415232
75.71736506353939
47.440423969253786
-1.1663050745726762
-26.34849004451585
-229.88573589203224
-319.1153152475526
-638.3709363381308
-516.2467005793255
1203.273195097978
3253.332727724057
1010.5307861397871
523.7857766230231
616.9652927667943
246.21626774732806
19.297448793247753
6.4141855015176334
-4.656743125329785
-18.399546825361096
-91.65120157158547
-267.4187799024832
-286.50588535125553
-419.27253689586973
-480.2601538574881
-1027.7355975678274
-1746.2363381795105
-1758.4278964551377
558.0825454605065
71.24286962910267
-1.8328382218919927
-566.9947001499527
-1718.8225075960559
-30.083549532289414
173.61962234766875
85.00650721267982
15.636349772122905
-28.921836578147065
-39.886970918212214
-336.0053037722367
-158.2831728586945
1150.905765062399
2233.834036365015
1927.472115229792
819.3006488615407
385.6607589773605
120.14476002595481
17.965385623964927
-10.32070160252548
16.840519899239887
31.659666651811836
52.72248916307178
-8.764814888982535
-122.11487595235961
-439.2394463229806
-647.5527205826924
-1264.7650571623858
-1463.1300257982568
-1378.3416957207764
-1353.6496387596717
-0.01988431069471564
390.9868996138314
1776.8807963991387
760.0350192645622
506.88861336352784
373.00664960107514
168.63596375983602
172.0024807845251
98.969499780081
14.054707058022824
1.3318195748301485
-8.047741599977154
-207.32638765225317
-49.91261194771931
-207.9596673499405
-211.8318350963768
-113.98530124178355
-135.92220985976425
-642.6194178161559
-821.8272250743005
-1000.5316692046036
-434.37849486051084
-566.1466644585188
-781.4724759501308
-1167.0665195911495
-1815.32814279069
-1008.1904101926558
-692.1981462709005
-39.3542118688234
-44.40341604795186
84.49866894145622
-21.853579651464855
241.11440251746978
194.110505450379
10.242160971763784
-40.193424576293374
-434.3756516227879
393.8175855293327
726.475028754445
48.52445752271278
-95.60545023935211
-48.545477535771795
-678.8219245071945
-2565.5347038256673
-3018.8095456064625
-68.92188975053438
-781.2568315262121
-200.69077674353105
1247.8863871610597
2080.4904189453746
2371.1495379980943
2608.897273673706
2238.4031145597705
963.8028590311801
457.3248599762252
55.6054991400878
166.7268881879453
-8.946293161296087
-58.384575871853365
35.00294436734973
-0.5481604123830255
143.78167147065983
145.9361161025405
448.221406114456
333.86744246234696
44.66207557203205
23.930053143094902
-4.172821482385901
-83.31884758976778
-114.50748689480609
-421.65869023044837
-539.764192987361
-869.9596298500975
-1485.7812645405663
-2346.965706669997
-3166.1751414741066
-3381.9525878645095
-1117.5774154194128
-208.56332197660652
83.00801655614738
280.704165236648
-0.5210249186424958
6.525053160802824
-46.32992170271401
-488.08370261473846
-718.4943049718843
-129.76300591357477
-116.16447592603727
3.706118963420565
3246.621020715593
1822.1795146704292
369.08996429244036
1.6028321938502774
-5.139712714413842
6.878674464827501
-64.41867649589655
-98.76699119261086
-89.19348284544006
-400.96525726594865
-157.3470901001844
176.13395382311177
-79.08616106879406
25.04172382493375
-9.533090298123716
-6.201705451439724
336.99767003668853
101.29504146380818
33.703731127903794
0.38283724615967224
29.322280379978793
92.59176770920102
-158.84132619071062
-5.5516502628384945
-53.718548909693716
9.31627670912029
4.060291680515734
34.57174283584788
85.04530831080962
169.7374542448292
198.5454165485697
1029.4973263944503
191.93783168023162
-7.69248362590422
-668.1628595446302
-927.5115896029062
-1419.8242355338648
-2689.8362005138947
-1549.081995003144
-1088.3651291563021
99.99853316337352
423.61441581390545
3766.228013048545
1166.9688524085875
1077.179755739298
2324.917400617978
1590.7942973068652
1515.452075781271
1824.5781557941273
1663.2036436956837
885.6342319288401
453.0687492610686
223.56656465746653
232.71380261885798
97.55743332436208
5.323225706208542
-0.5422650863485866
0.0054284145031190945
-19.175008537640878
-239.58770840872964
-209.47760940571985
-158.5506298820343
-261.34310011591583
-355.51884388612154
245.7695624275609
247.43880847565276
55.25916794632561
2.4292131715646335
-91.18707429299249
-333.58806370144754
-682.4941292599303
-993.2670924084825
-1072.8699007372138
-1462.469801000005
-1656.1592254487466
-2392.466437911419
-31.166617605069053
425.9571998212279
1090.9904990052164
1003.1639095206865
584.9362034644541
78.88965661332236
89.21229024276586
188.06249018218335
-196.3793518335048
240.02862589035703
126.03555366515678
5.713363138407054
-45.68482560057043
-40.410058685996404
-185.95434290365867
-16.84141497173028
2284.139776338915
1456.987738813771
336.34672907507115
353.20328031809055
73.15390533652504
39.71576373882634
-35.72316002421711
-100.66790179501915
-283.24881682082594
-505.4754584533922
-686.9987404135559
-1234.1878299275654
-702.7915382972509
-1190.1977223482897
-1778.1943114571088
-1663.8571342907017
-2684.36117907851
-1493.4989460373038
68.80417777069373
199.78766057454112
22.03747612937605
-25.19280610011522
31.12995523580758
-37.96384363405162
-122.55768484405908
-9.577257099925395
34.573322437289434
724.46786429586
244.72796090760755
0.01744467166231641
-359.38893058083465
-712.0798805168179
-187.4426846798882
55.416680793816454
204.5314603766982
2380.6427451895656
509.2095002947633
-183.20532067730855
-60.252147137940696
112.50210916425819
-8.106190188929702
130.84354893954944
-213.98849174176576
-1622.3602087290374
-316.6199847737885
281.0599263282773
-91.17844809829762
100.9716091608849
0.28865587113055546
-28.904605527853505
-524.1107825355223
-244.889551752348
-0.37961157262181
-77.93363435298006
146.2052284716234
484.69145939165355
38.01016824533177
-68.87258947571527
61.847393439260074
-140.90480223891555
-194.8287070423294
68.20624416571816
3793.5636126210493
3157.0884021943193
1423.9988694901824
1622.418395558399
553.7768916701114
161.93500836422731
20.64514858666209
48.98884702159193
5.918011556086871
-109.22437247788878
-666.2857817882151
-1995.5777730998325
-2394.3419434633774
40.0369589719752
108.54126101230533
343.7771968179365
11.807263058680078
-380.58406664721497
-1147.658210733606
-1380.6156760457195
-118.22856982987629
-7.98527321194656
-956.0617229103018
-190.38433180794374
-31.084925496658446
-45.20089333876601
50.937236874368054
249.33676451516334
2.607620941020598
-267.6456482634502
419.44305679020914
-131.3413521300193
-5.899646262889535
144.9717236461679
362.66166519221173
-0.7937876093177643
-18.948497513216203
10.456872703169312
-11.101808588430782
-161.08438418446121
-863.047551349217
-41.61413039613643
710.0110886715661
91.99299665266165
204.17127848118017
153.57289057108238
46.79135901005183
-38.18435639901499
-47.83448178707037
69.56466697149088
1.7099245081345307
-32.0411452955008
-92.46454611505132
-20.678964976677747
11.630562621601669
-0.6607247823003158
14.867463852727527
14.892590745442359
-157.17426190014424
76.43698315913895
-2.5429358405729676
-1788.8948969493777
66.38719237280972
31.993159025418805
3.7303554911724097
40.41489552956058
-3.136304266235928
201.42242289942362
12.071937749345297
-752.1531420369331
-115.50844465561738
70.35364969469961
524.8933012432417
510.3556028659341
253.3338778203303
24.178177624482522
217.55461452399197
28.497583236272465
-162.38887047718197
-56.52168699426715
875.9196113587574
1261.7579425157294
6.963038992390222
62.282026935787755
-9.521444821989292
-56.91744955147639
3.30455186795584
27.70628643581483
-81.092866517023
654.0181199935604
490.5921602956682
89.48172149018959
-3.656267401558895
-237.39560536679576
-265.6510689412124
-242.2999563625888
-1355.7444087201227
-473.2345451458551
649.4085812920646
36.76607924415107
-61.117842440060514
-128.96738285759966
-184.22303871269793
-2401.64681592194
-275.0637654306138
-1.7526254023573777
209.8386574079764
145.38978356587972
392.339807133175
46.32799090290238
-325.16427559927604
-569.6914899508813
-42.34299284741905
33.5218583569004
193.93300272876294
1653.1040164782971
1210.618976879417
862.1631782212371
549.7150103283071
246.85464321190045
9.336342804305142
-2.225528525763546
-379.811602660726
-452.849277147458
-2.064265003683696
69.12768649855663
-3.0133917851231127
-164.77568684711997
-181.9953124876443
-554.1310666139555
-1023.9257871108184
-495.17048410886844
-1406.3410557911316
-89.20777444599383
151.64944493500136
1367.3011902292008
297.0576878517671
35.997992395785104
-87.33260778221603
-239.39363003761937
0.13885286107495493
-92.57617426276596
-20.536985654602912
-13.76435610993418
1160.6362333434454
3058.730658720622
2089.5645850020555
1803.7445577798358
1637.1921449335573
849.6984686909161
877.8990534853192
647.9382148632635
351.0055950976053
654.9184589829067
286.6395189345759
170.78185793326082
75.63648439200072
40.06818401524796
6.045452722726111
10.969534550203749
-87.88523871337227
-237.4260785920327
0.5546150055635878
-1.891666280625791
2.4959047611058662
-10.069347567307098
-25.58159554001415
-260.86569363506396
-126.04530677598343
130.5558729221292
116.2910095168783
411.84987840379625
360.8481835902384
209.93201532508954
182.8283192456355
139.20073699024758
67.52788075857116
133.97767933285263
-15.879403056483739
-79.5492029487623
-25.661555343520746
-45.70344281994794
-327.10234247798775
-370.3929163274077
-592.477061154372
-719.3744940570255
-1198.5482587632775
-1736.735817173645
-888.1609408153097
-60.733152457432794
251.63031136756655
905.5574516471839
569.6674638101289
244.8565884682004
53.20198659714727
8.283711684934934
-42.35377086066329
-42.245688259440016
-240.4513155438084
-386.50880771490506
-422.62133774860297
-242.283498431729
-1045.6987042807941
-1440.9885277507824
-1896.3313617111276
-9.395881495551922
3490.621491830858
3377.5345385667956
2121.0805298448795
1730.3833285232542
416.7095947285695
280.98066375418
20.843025227153472
190.3951667733661
47.24300378398269
44.93741332801189
66.56341166387719
190.56084058813525
173.18977801878373
60.85266302630821
36.24570246049798
-4.78121078566716
-2.0289998766933786
-33.51500745418832
-6.043900861903431
-49.99185701378362
-38.34554986957811
-35.55606646303607
-24.778098183540823
92.17958060172711
0.9453566763472053
-82.56877455177909
-555.4562732358443
-980.5733117361511
-2028.568770496282
-4089.495080819489
-3937.317830439915
-585.07660890992
-436.21721992729204
-419.28098471901177
-318.3722356632537
-350.53739836987006
1024.3837149324006
382.19148434150793
119.6055510891624
622.2752307283894
896.4885927065413
594.8151326362175
-132.38907373048434
2.313115394940173
110.3104471616539
-22.57027486704234
-36.84064611614299
-105.28349031421445
115.96948479988438
1983.067819331036
1030.8341120457806
533.0153645211648
711.1736257426151
166.07749586312002
141.7790392606677
-0.18040887454453874
-22.54070757212226
18.002467895736757
-14.047942743519803
-12.92103612119494
12.660838800880821
2.684159248793118
0.116466566945322
-56.41961410108693
-113.09880382037248
-214.57777839452183
-502.6190659710511
-1064.8817394732857
-1208.5606450156117
-1369.9853854145663
-2204.0010022991833
-501.22556083689443
1483.9030515497684
232.13847351142599
371.6981733586072
-0.2471925850712177
-132.82585796572857
540.2259820784748
1669.1903241174998
275.3794601920652
184.23322342368766
44.362507211579235
18.75609829928154
-0.6553746131779082
-42.693573184933186
-150.30361967417335
-233.03750814463518
-579.0520828272136
-965.4975291617527
-1820.0589943089599
-360.45384493759366
1250.469443688802
1908.5556002080089
1326.886856063344
1252.8601718188581
687.2102587898278
552.1502856358369
505.93296610553983
383.64150525464225
281.0532227456369
198.8295180722888
166.7742619963451
363.62045002712273
794.1132279001581
427.8139435604152
164.5859764870615
610.3471492547847
60.69935163364351
108.36652160472488
32.04953363983431
72.81497145246253
24.61344728581384
-0.418014148157263
0.025291224099086882
-25.504077669699292
-64.22850858914218
-123.90711824957525
-272.7031509402029
-276.3646634823884
-401.0837347791763
-461.9053522539538
-581.523486604533
-491.36142507804067
-424.5827723332173
-716.6687629092372
-600.8098480826557
-222.66946806484998
-837.1830645149166
-354.9611441170544
-1835.693175662309
-272.46571170845357
677.1051401285008
977.6245256766487
387.0981153249792
94.48034922472077
-0.44399582955676226
-123.62285633121408
-344.1283675096281
-110.39462253063137
-119.03612074526278
-77.53282243529607
-241.70274477607728
-116.50510519247784
-55.74011909542244
190.40357802387226
654.6013537156746
65.22187072057883
5.286795230583171
-28.928402685960517
-81.53668966835406
1672.3014011449268
2108.6639788829275
1324.6965175315243
702.2737708454255
224.52894985055406
352.38786639570975
144.5323811528106
-80.76918942090725
-416.8167533873383
-320.78561775931036
-391.12195230475044
-681.5595278955557
-2.589900216000801
89.88786117177632
30.815360446381796
-12.74441093479049
-177.57847320294974
-271.6930770595105
-1.017372252152365
-205.8191565341443
-105.41222136573218
-46.319751939333315
0.015913296262387522
62.353296589550155
29.428638950302165
0.5381736972450003
-15.5354852904455
39.99691017578131
251.43978461551615
378.56048207236324
141.70643062146863
55.59582090362852
90.34640142344136
10.87465958108773
-4.0114687757658585
-15.509794159226482
-23.500283703943182
-36.10646415809997
-138.92960568594665
-38.76055310350763
-172.20792403977939
-92.15833598254774
-225.33877369797278
-106.53309722922899
-3.5231827235149606
-171.52026622274073
-245.88272963619488
-195.29779249971574
-422.38371570368014
-469.3208865447379
-529.8503238751942
-161.749400366511
-602.4650836884304
-1140.595509474494
-404.65101901032733
1516.5231431550837
869.3204184569356
-9.338342320910026
-5.500085988342095
-33.34022167688108
-104.62149038879107
-207.40660002096433
-299.76630312272175
-151.51250523727504
-206.24239257645254
-339.56311039145885
-90.3443957159466
-242.14015091354395
-367.84539862758294
-451.47080663280536
-44.12314313548121
168.63629302226047
117.46450179735444
27.137228680810747
-13.109834447327179
-39.33359645456609
-0.836666212026937
-2.7519788899150583
269.2676581753084
2753.6051557518163
4299.782616852389
1070.1527274132707
181.65624290388274
-114.86159227057571
-990.7038599461972
-1023.2817053001338
-88.7217002538292
-0.0019537838241315882
51.13946723635717
-0.007351910168143211
468.62848445568295
72.91174745998143
-246.75589542118482
-687.8233511865578
-2018.3062343973934
-2336.0474374801315
884.4906286410198
664.4297198510299
1010.3403754333499
1068.0088635788566
833.8154587823736
762.201129993733
711.8030386811212
325.92831066667304
667.6775006078434
355.3839273907691
379.34451373185476
361.223613032139
584.793351378418
949.8127465265311
750.4684169717943
601.7027391854241
451.9863921864673
289.5310085646995
67.65045002810976
134.14069880667
200.326899879378
124.34243854480562
310.26564983384907
135.40501106623768
203.25344276307496
168.64081851224822
211.55796674011302
52.16009499686364
390.6643741851984
126.2248551345321
221.4178014052583
46.471454736849246
24.93777686648344
-25.5249674663698
-14.554364651786745
-20.197542810897218
-38.51280032213143
-93.63583607514106
-15.892311206330621
-28.65585548292988
-82.25223475602749
-62.32666536339036
-1.1019144801740963
-117.91164713665543
-107.30988740669262
-24.591014115221373
-164.77974402628683
-64.35797921959666
-77.98366913234423
-34.4764954995943
-196.96609146728989
-131.75441249320897
-83.92578439874856
-104.936154857658
-210.9538308124108
-190.96680873046674
-302.7566939259758
-78.37989679280206
-255.49421513049577
-226.60954397464582
-33.79307323860661
-10.082843307195574
0.6457692859755131
0.011831565670578446
1.4518412982120277
27.63810581797654
-14.76161168070021
-2.7967037795842233
39.196092399010524
-0.8091297982205086
411.4261035492696
649.2567545787192
371.917653117286
159.70344715756352
194.72737512677543
103.21439086934986
-6.389654797148292
4.100706614891471
-2.9682514189422955
29.606993413506768
-0.41297526035365284
-43.111432341270415
-6.55385527972769
-51.108815007798995
-41.28953055949832
-108.84856881444325
-257.76427642400057
-91.40329825092445
-305.30936391027757
-450.413258156721
-555.7744998303749
-679.2726590127642
-54.341916968215344
-49.30267066606007
235.1728825157172
251.66173560225442
288.04364680728054
124.35347256319325
264.41421144674723
220.95341345674683
139.13420579044944
201.36709672013822
426.6259207899371
192.02203658847515
368.34395165014104
196.4173442995842
426.135193723784
156.07897821918317
187.55603409319338
262.27720498097517
356.2131779376605
206.21282117098488
313.3179869688082
114.35418918752066
0.11258215271078469
-188.8554043461749
-747.0756390049187
-669.111258364249
-333.5966971405676
-264.3964920943823
-292.17697847694274
-387.67614721218854
-185.59148385300034
-261.8350036839066
-70.06651106447413
-84.13860867321817
-135.38355521790407
-145.38867872336317
-72.07913170492704
-50.26315100720001
57.54458527571708
90.87190225113274
123.86293185504535
54.389114231817246
176.69642223923518
66.2557960050676
11.988436879874504
26.59232095328153
-1.2226180398255364
-21.05092313286471
1.2738821445491586
0.7594152238445366
-70.12673759834817
0.005799207056006847
-48.30348831839063
-9.276236962803996
-44.87324717796992
-117.9800022456205
-45.00629659808673
2.4294801544025746
-0.2785614836004577
3.0374397134095243
-84.07015817524955
-0.15844996862772837
-124.36665049921893
-45.80187575771862
-28.799642959112976
-145.15661339841853
-151.31992647423186
-155.85546343322494
-125.96240628645162
-220.1947700784786
-283.73894130218474
-298.1070815781299
-929.23160003375
-912.8160882688219
-374.66586456552045
-123.22923575957702
83.44574342556497
452.77492365699015
323.3522630643921
368.35597829754374
127.45000411708193
-11.341506403954384
-36.164716086911085
38.13786290179978
28.043086675152335
15.53079884841976
-46.689945673952735
-15.108122792908894
-63.48056776578862
-344.2821872385198
-349.1510249697823
-512.5028736290303
-766.9334741460043
-895.7701528798264
-1410.743470282201
-856.2302396901504
-1303.2515138770927
-1750.3023891808048
-2972.530316746266
-4440.522808543774
-2643.839747258815
0.024912104181882194
15.127538096597592
2333.784232223783
583.1033548413362
-8.28230679144021
-51.122103901769734
137.75631036576388
244.4050563706112
45.885551873141154
3.330795558661719
668.404267505862
2062.143141286785
2167.8241451033045
606.7391334952265
1216.78107187459
702.4347167274852
69.84712981254991
-80.73400022166145
-262.01704113156256
-2306.223167527578
-1874.7357245176436
-826.1566243028876
-52.804070575102614
29.040446581905513
192.10473739988907
9.878597583897077
-167.7268507008675
-937.2769260589353
-2665.5501135097074
-326.69231568530944
324.8231235670452
22.657869068668308
824.0284490079292
93.69184652024603
12.82563260273998
3.6694581283050582
-86.12949360282617
-1407.770256228456
0.008777948600458576
40.04099593030657
152.02125224779616
-0.6474659450859408
-1910.2925182442393
21.88911764866159
341.6959739625932
161.46525389229387
90.21028823835297
-7.068467672166175
-347.00621594283643
547.7130487955196
344.0706605203345
566.56852276113
1385.1568907123194
304.48963049025906
41.75093879083282
-298.70091949777077
-788.4243374126047
48.42818341956949
2217.1629270449903
691.6191265582131
165.01747307024536
-17.25633770667963
-264.8056470925267
-1157.1416927420955
-414.371290834913
320.0311305413494
-17.558828034216475
-1293.91959879063
-2890.20345595876
-79.4637831492925
50.46005960369591
25.791793074925913
-34.119011771064336
0.41852858275938276
1139.2630354476019
942.9702765581437
1.9436489651138218
-90.2965331007164
-45.625226489737415
642.359227905976
86.44227653196651
15.436490376517433
0.19474536447558657
-89.05556228302513
-345.62645820759906
146.25516574089608
1505.5390334540016
1922.8155903189179
2201.9829799310387
2834.2553823485205
1798.4405307734041
1387.9371363911723
1217.8918988912587
975.1514322382228
536.7727544544686
621.8522095099885
240.43500825092244
181.5875736386584
37.04109340346596
-0.401809588709827
-14.986434040026374
2.706830093089606
-1.2053031568027524
-208.6148693119043
-245.54283601884623
-305.35432423715974
-175.2532234199594
-166.56511895438734
-269.08131284659714
-277.9745010161006
-446.8117524117088
-386.5110227887779
-721.7369319650281
-1586.7156290886737
-1932.4258754413
19.218665708877957
1895.9763499735188
2642.7547109707175
2520.016168832598
1529.8142517046667
1252.1384860040355
1051.0484603268687
780.4258337757755
452.5409795316561
470.9780102859461
276.1538676470104
194.3695357122544
116.36078663134637
173.8107409658008
40.90748090010183
35.050325082125546
16.778226460780417
3.8795825309938348
4.9148341449824
-8.017534376205631
0.25966181081969164
-4.17181299245847
-43.46026796357101
-138.06684910093608
-8.152475353500092
-24.41680128927749
-65.2756144576806
-169.56790946552283
-153.07469819298586
-182.20696669277115
-200.79404076672805
-244.85942681835277
-690.144020294869
-1068.8096666850533
-816.3373496696088
-1272.307381937918
-1384.7125932060167
-939.6853693781841
-428.85826316157454
16.041607988441662
32.9522473955878
-35.43569161662052
-46.86187408269503
-93.84516151502591
-152.2510626232283
-556.9584357748147
-522.3124749307899
-789.0485910311306
-1273.7891882198094
-1103.0518133834478
-1220.477973496016
-519.2597352652074
1121.9431056281903
19.453012733034633
-607.9177069242337
-20.345225202190896
159.02617465657045
-134.49245640703407
-199.13414177848037
-113.04644802891406
-2.6358931801255157
-279.2519402412357
-694.3719446623187
-1045.3257633451249
-568.9133309611155
-230.05821171804936
-56.03683024054354
239.0087036370358
451.8760396699811
865.0840441737801
677.9707658884535
1144.314708803347
205.67369321331012
-38.15577849872721
-656.7380880961819
-662.0559287520498
-2344.763325972196
521.7204510452627
589.0517410350508
217.5956935068354
6.61777873585851
-229.24283072454915
1058.8223626164656
1669.1528575105187
1386.752040365564
1431.9799773830764
3133.2916701264194
867.3188099663683
469.35195873053755
255.7277749503995
-5.646929768459115
-4.9763668990986085
-75.17875214251976
-334.29789736493
-1059.4658068170668
488.12897918208546
129.35224959486732
746.9169824155432
563.9300003955208
30.36073056982208
0.3079267751742283
403.0426981799492
392.17694106773723
72.44758851061707
-16.24190706914115
-70.52928651508924
-769.1310521865435
-411.03334039238234
-33.058983936820006
-238.48613689630173
-1342.8999517110312
-4301.778523174131
-730.4877082459236
837.4597033330318
524.7867187252007
403.2035977549614
310.92821969536925
314.5460420294408
15.6582458660569
6.535875537588107
-18.500036273276443
-103.06501995771183
-542.748460819838
-892.4690661447992
-756.0378962301553
-935.4505270294233
1086.6545425290947
349.0420235791836
5.105495034289594
6.170514352429237
-379.9668645648268
-669.5946312974538
-44.63747763344624
63.33318884745567
-6.677142721222243
-84.35042843766065
-781.4794835558271
-1377.2994171906594
-1109.6675746094804
-696.2671700284408
-16.394324429789762
-0.4797031929445962
-5.3884970200444595
-129.51751624695305
-278.8856135991027
-1967.041365258111
-240.41305402269666
-9.441460773468938
6.481531720940432
221.58094746356937
-2.810346232985601
-305.18416102568847
-2527.808465505741
-2939.700839576286
-842.2038515928674
-178.91224961671003
1048.9625471707664
997.303818742345
3210.765196113278
2107.0066405191155
2028.7492024591743
1229.753506872669
842.7353500991488
819.1253549228742
1494.3415036739004
1488.166712635752
1612.6737243323419
2002.418976480553
1532.3576334781637
1540.8377283384061
714.1781102851785
587.2429263177826
373.1977644198928
494.0861683280415
332.0905891866562
453.3135666668638
195.76563821283958
198.92328602049363
221.4913123055544
130.7521487692731
152.80986437870556
83.13348111155481
97.88915254492078
112.31048991489054
98.12209944775361
32.84976695183606
61.464360547190154
91.7886188186024
97.37241649595222
66.1709140834089
75.3784382240529
41.108918296375876
9.10486821636767
-16.496682052109335
2.943655500729326
-31.675391711592837
-0.8500575783664204
7.08444614857836
-0.03486307825654866
-8.118140902743106
7.5345998272442145
-0.06474882825102485
-3.0779659257212577
-7.297032426753555
-20.127043344765283
-21.83212699308732
-93.4274003255811
-41.034329354009316
-26.93099767762782
-201.2661382635389
-111.45160006415625
-136.42130848079336
-97.57572335085861
-59.42258493758753
-177.09577105866583
-38.772960175978014
-13.31844113493164
-67.83747271549086
-62.89847063422224
-114.14261215784909
28.043557398952416
15.730979914797391
92.41908357951596
23.37991909020254
100.34337752873884
37.446491125510605
76.3513404977897
39.90302966605216
15.564445137089196
103.63662416648478
86.72848515681696
7.669484818386181
23.50672505279603
25.627604655741834
0.04518727779945315
20.055358488336562
75.58513769723562
66.53921008835543
257.63215477917106
580.8731823889823
368.81338987893184
80.36627634825177
0.950403678168912
132.07468634220842
-9.48521684874256
-8.096946773218512
0.8254141106289259
-240.49727407741585
-142.0463256089203
-72.05179219432765
-49.16408598081236
-76.09417471315439
-328.9099302474473
-350.47963433350253
-643.5708412890313
-1494.2800973671942
-381.83394477204575
3.6343635785244306
1.3383287434539652
17.872527817033962
55.039170700401954
0.12125634678611298
35.54101550534943
-0.01854851416716217
5.755822890483219
10.077922232864509
-18.467722688262864
-4.134756363960468
-25.382733263911824
-21.47162555648802
-84.1243761112481
-399.74406686614157
-843.3287496903725
-982.8402102531026
-1350.179894763056
-2241.837131482719
-2545.991987493638
-3898.8271605032114
-736.8211447646651
293.6715437418701
764.3929745862906
1187.2907548682124
2094.3854705911517
1921.9822903811269
2725.1784539860123
2588.4786749665172
2289.080199140613
1530.910836681131
1207.4427679351193
587.4680576442846
508.88441832351225
343.4107426620202
74.92887537165939
2.7542487055518188
0.29880798332902747
-1.0743584091692755
34.23904089680422
0.8503220827975089
0.1146507113516536
-1.2446534604902286
-48.74391550209396
3.75407231269766
-42.08819226731406
-43.66653180171757
2.0709836351956543
-40.123817015549804
-8.98663174870808
-44.19272453424515
-11.950282105715711
-46.540956183401256
-6.55834710784363
-91.23216289551063
-261.12470482686945
-287.188999493336
-374.61469518741586
-499.34950058826513
-559.0608809632795
-954.5677483679301
-887.7897781148408
-1027.0375960838996
-389.9122449015725
-361.30592605157244
-630.0609351435818
-794.7102213339325
-1429.147516565579
-2217.162351237089
-2843.5101988179877
-3656.9411027013525
-875.2232685823802
292.1462337190761
824.2022118328467
1.9380639181596322
198.8514019772694
1876.151360512495
759.2294892622988
802.722616771146
856.8154105521692
351.18009258124147
1377.4567232740296
350.74639744902225
68.22559295953633
-109.0911491893037
-321.6734945450125
-0.011093222030407043
-127.03940342602945
120.10600780472082
3851.084228947264
2457.2814626251284
1066.4619791821674
378.77391346662785
143.0428205555817
-0.9900972587017036
61.23908321924252
15.722001466417078
-13.366873662805828
-54.04861678375021
-27.888269808414474
-303.3786033594767
-103.85032597264534
-346.51520905222856
-26.078050578332764
-30.23458865788186
11.292188436867207
-4.259339858961711
53.01844616967474
0.003359353637001848
-0.026342963912359463
5.015084843806868
-12.120987118571852
-316.7285683409209
-31.69054587462349
-570.3489468277321
-352.86717005918695
-1948.8767961905978
-2488.808765553151
-3320.6205447863917
-4102.860215814302
-1231.612816115593
-5.771052585431034
622.4755877300579
1348.6661383663281
28.138186399142683
-17.662320299473702
-3.302483934853053
236.7991310307758
1836.952091607021
1149.0808304725783
1258.695581962635
823.6123233691643
471.8284372177849
40.68463085023717
0.6955807344589219
-52.62396612462312
-338.09092813895506
-525.0187651345399
-508.21103217012364
-1521.4539762541967
-260.2330234942757
-126.81228825027043
-8.399125741000491
-8.051913687660772
-175.3164708447841
-250.98481109537153
94.43233199866611
21.13702897687267
55.40995627644918
93.32345448377309
-51.7142108554657
0.5128141063682163
-285.7449953798269
-670.5529283740517
-605.1107602534473
-584.6571825801586
1973.522992640713
619.9659082314179
31.016067635025706
-5.878721664440003
6.359809977976973
-129.15964591015083
-227.9729121538581
-104.4232424470732
245.63479485659653
1392.0695337618363
88.37110884602215
-189.1881393773975
-261.9151948826638
-1150.5640086786775
380.43463950113073
3906.550840944311
1029.317860871403
1204.4369695299401
231.6784621330039
-14.681740980543122
-402.558138721006
-1577.8008716213385
-846.1831080491095
-9.330454955900255
62.142763696843865
635.4925562535414
682.1298296714342
105.87836627232515
136.5942343520148
0.8722233952208875
6.988728668991975
-431.10255765304254
-311.79748241509856
-619.4808219020144
-523.1347461126418
-434.02118276312774
-300.9678234700833
11.238710539051961
-371.20115771937384
34.57219599756537
-246.5401164068279
-110.51216010201968
1027.6426004636069
100.5690007728519
882.5326115033195
2081.874277528225
1248.6482594535014
2265.9433485052828
1127.2204060255299
4328.884949171207
6569.443005937657
4166.661812230366
3511.2737913076116
2492.8417783389677
1101.2432703442391
3479.415885277631
10413.703179598879
8588.439485319948
3738.178296637555
8046.5065799900185
22611.89409812772
37690.80959391986
82566.4634609744
120020.884291332
158930.87146907934
397020.01272071886
-23655.51
-62167.96
-208596.31999999998
242030.01221445538
227700.816189349
-45331.259999999995
-11052.59
-2799.5699999999997
-9204.59
-5655.16
-4525.64
-1242.42
0
-85273.83
-80299.64000000001
-42199.020000000004
-26155.879999999997
-88494.4
-81784.57
-101356.62000000001
-65346.770000000004
-19329.88
-21006.67
-18748.239999999998
-45380.6
-31133.76
-20471.22
-67972.26
-9451.92
-16111.400000000001
-7636.47
-6271.620000000001
-16699.670000000002
-18163.62
-9406.85
-37669.380000000005
-9622.619999999999
-56702.07000000001
-105158.1
-176110.86999999997
-24843.859999999997
-3188.34
0
-2099.26
-1089.07
0
11480.529999999997
5229.313408569057
2652.4514221336212
3914.611971929621
2870.6816747466364
2821.009495456728
1389.270176352412
495.2376580796694
597.231913317366
1653.7215139455593
1991.1193565001975
1515.4926577167626
1351.7229855695741
838.91550378544
259.94719809808265
92.23942274095037
-0.1600155858071839
-43.94986435570451
-191.6503947487928
-39.2099530121822
258.5477240694695
828.3982867769943
341.1213163102716
-53.20385952179056
-556.2104395214087
-184.9506098564422
5368.520961773176
4482.414633670438
1486.6812345869344
732.5328923933146
487.39886779054007
109.88514601124771
69.15678140976758
1.1012446034752956
-42.694549250579314
21.198952854540956
142.410664999461
263.0182099450662
108.60121954467564
42.67511074406149
74.77797869616745
-2.1249603218464985
-13.091977960498683
-83.54032196192897
-522.3046487637031
-672.2559425244374
-1084.5711913135049
-1196.7142703154977
-424.9284736726663
-975.029115766196
-793.9163922540467
25.43365297271998
185.64860783513456
115.77376960096825
17.05917363220338
-1.0573398057301295
-68.4319287132607
-153.9309334964034
-307.0972179924531
-744.5435794365496
-1750.2527017350112
-1640.437629308365
-335.9691429185565
-623.9434730174828
-657.9114014818166
-653.9451044411737
-537.1608564842959
20.95463112984156
2734.084511189615
2773.7151365737363
920.9137598875838
204.20804581110812
4.816428213765288
-86.54947243338162
-495.11153305511795
-497.7321680935718
-198.40904681359984
-139.13390970858848
-62.346090232306494
-235.2172971310972
-124.07269644871897
-1104.8099970396702
95.21833501176229
362.00259262065606
-186.29995817601338
157.24974713456385
-44.50279318622666
-226.0738121909417
-1016.927740490666
-1195.3743601746805
-1152.4709244855458
89.39041551644364
402.47841479225724
-64.90496958045448
7.367539548716548
499.4076366015146
-29.878985855081034
-1.7384775807227348
1.310472162567313
-99.99049655331211
81.14796875534981
-10.935935310681849
198.76136193036695
2185.553975903437
3121.235185961465
1936.9393818252063
1041.4156753630568
735.3246812806929
168.1102514610853
60.69006093055417
60.345682509270425
159.91565424676548
19.858586357292108
-4.76142548323957
-176.66925324462738
-849.9987410920631
-2008.7507522025126
-2687.4562641546345
-134.6240753995226
-9.890540771277003
39.96577796330216
88.17107453242352
0.19773371235547016
1.5836937698292095
-77.92040088770676
-800.3636837723438
158.75587092710708
1696.4725521437736
1848.9080537997945
1322.409805464082
687.2341374802241
464.7859194426294
279.04224362300675
14.52393255477772
-7.476329672277006
-150.155710721972
-246.38796764328868
-477.7290032878989
-54.5207774204315
-125.43415855940484
-208.2640992105274
-43.27507120596546
-7.967883149823965
18.501309165748015
-6.377459332591941
-27.479372937733338
-136.9390947885979
-103.39346154360133
-578.2231550980022
-545.5377781164223
199.77043477957176
2652.5234061228766
1119.9867162296339
6.693371984869453
-8.932551258451733
-203.78840062407653
-915.9055575797316
120.48170444622217
524.8846490677141
-36.00753379378649
-719.2081661409974
-72.32250946281793
101.14683864844119
879.4866254614321
873.4860535677819
2710.8927244395486
3130.6869521690296
6487.426590204514
5100.2491369969875
3137.8208815027206
4666.822002291128
3844.715606195586
5492.589397039055
10484.871804700168
14229.308166905656
40850.54944755612
119298.9779527581
-320013.89
1655.1608673327955
203.53965396360064
-5.885205531347597
-312.0603762702069
-112.04400371521264
52.79090530467499
98.69552295675318
-22.222989592163106
-114.87367973733325
-434.61035972525127
-1301.681459828535
-3699.1489680011064
-3902.6929648968326
-519.8949544088273
1866.9290394051682
224.00521468229107
289.5696339281516
-55.54447202671655
-885.9446132212473
-146.40171237539005
26.95649916460243
-167.08327821371984
-1806.1211363513423
-3189.0328955956998
81.1824688890278
1083.5384337346954
917.589761914363
283.5863244386999
66.31467221511812
0.008538242680114947
-57.14964722951317
-65.5997189891298
-51.855347911657844
3.1984336701963403
-15.45046851868285
346.3335050791894
0.8801362002690145
3.5327608967494877
171.9311324606486
91.01677563151769
6.529589601787013
-626.5430907020319
13.827387521948177
900.2642066942557
239.5205914428029
485.29989796666933
2004.2821433984163
302.75092054654857
40.15726662535669
-240.49943221407304
-1073.1508303484911
-2914.9252673551746
-2102.351333147307
-226.39884630941543
-423.92247918626384
-586.039845915288
-1018.2363489857332
-357.43633591694856
161.98119859614684
-0.02955455274342548
-148.13532473706388
-118.45210725675616
-271.75730714959354
-821.2868410673209
1547.685931163135
43.08144173218682
100.01785038726973
70.03486933715087
-26.61167850993859
-3.16015871909989
492.2002019338082
-43.81757821046962
-222.21664283340542
-295.32354687894775
-94.89708120186324
-6.376947300474932
-170.90188692954675
-754.0696497098536
-1598.1569202859246
-563.8849907948124
0.07115032542246602
932.0730959380212
2171.388805146594
3159.9856651043947
2268.236121719327
1046.0579556250032
618.8013544838536
866.1870080367371
468.1837645277918
38.471434540077475
-0.03033832600298564
3.438925115112041
-853.0505896980253
-486.78013008154164
-525.2571660408905
-225.88498610480258
86.6333996127641
657.4503882331871
1295.5581034761826
419.766365267478
72.60987608244355
-37.98426306873993
-1169.9902370541631
-392.75424389674873
-518.2785085907559
-5083.406498914295
-6540.418407822223
-2026.7123620972575
-1333.2799223041725
-443.99836439352714
-313.06477245003794
-67.3275048318489
447.01314045197057
3236.8890232629574
239.54352349269345
803.3111882781254
788.768286951459
22.151593328209636
-291.6003245872341
347.67278328921753
-47.00194073399315
279.84875104692287
86.56384317074907
671.1697805613513
1476.1156184687964
1555.4343579819383
1038.6221808467812
261.4891248448248
-41.678039598911695
-431.20257893336907
-1113.796048106059
-1231.3484003126866
-297.21726172893347
57.350909651234346
3061.422650139424
2297.3294302707905
1281.6175685139842
792.3393691651904
427.89184343033077
205.51196524456518
339.55807984462996
293.45943251482976
56.50871502399504
12.206786680099086
25.15686530879322
-17.298495427556464
-203.72479571533322
-833.6077242143551
-2100.8861081706277
-2151.4284509011495
364.2340426396034
213.36469393615857
-71.22766734627207
0.0707977884908215
130.45632690211008
1739.2495274899638
902.4889644168708
462.91974201593075
123.31612463379179
0.591471066051892
-71.69317614906097
-273.78011648188084
-483.11869697954097
-29.5534041227285
-252.9468643657495
-1171.0606361266568
-3204.6337267179824
-1556.382683580513
15.36723427494256
-135.46745804034865
-367.71712585259166
10.051661211359605
216.55487284028123
2296.3122848790667
119.86483946974062
24.408007086895935
-395.4295601764024
-239.08533066047244
-129.88460485258273
-1822.1117967515975
-3203.594221903967
-7.475318606188077
-42.79470707271551
528.5632462753655
-58.29877846891845
64.56668697548224
-11.582449774056668
16.967026471612193
-17.816420037789378
167.2800584767044
223.81211783589444
2.1898531387325075
74.34506844033152
-7.442934435523522
-116.54957947850842
92.48719866563971
-287.61333861592925
-1011.5250995259844
29.660808757505873
120.0932170086467
614.0341907282618
2.1479183682136282
-101.20861868577782
-395.4555740869803
-230.17164012291568
558.4609869621084
2.4523287116227688
-682.2593158968926
-164.6737165229486
-32.964827324016866
-394.7168979761888
-184.58240977428085
-450.1629721139799
-13.735613534527694
-2133.9689183394953
-1283.4342890553535
-75.76931815418936
-0.21677325962246213
-109.17853948112554
1081.9640988965216
247.2216542498218
652.4234987202689
372.3489095081989
33.94551867404745
-0.027276707455371862
-22.38073158840611
179.5815672382179
2322.724998954002
3410.181022725986
2883.093220192161
2281.316736735379
1456.4078327622053
742.334289684523
248.75723684937964
4.530200611883924
-7.544961368045854
31.21741196290192
10.089863467837981
138.87878667848418
2.442116301330824
0.012711562110415558
-29.696143432725243
-259.17406856427783
-366.49407572720855
-702.6046747840187
-1221.2861958597905
-1458.233062387275
-536.0629346660542
972.9885566549501
328.5391337498867
1.194461044249437
-248.09917565137624
78.3774719443415
-69.23958024045861
-151.3946673808444
-123.85826577727609
1221.8979966672732
665.8123851758121
628.6133990123498
101.83143514425689
-26.42605436381463
-237.53799903506675
-647.510669888962
-384.86424398730145
-1756.6578621019705
-313.2612116990345
-9.511974103812314
-208.4297542052139
19.9230574527342
567.9965212315819
258.6949914827286
3435.797466786521
2925.124017397955
1318.5075842935785
391.2996813279498
30.760123501229558
-149.94160336760075
-152.96236902712423
-179.25877128011237
-1150.7118763474232
-2162.242735944476
142.38389194242666
834.6263116471849
2397.227778318786
1789.741674811012
1186.1227030256302
632.8003018314719
306.763062411654
218.24331997071522
76.43391871841662
3.8616695426181344
30.291419215181897
0.15685526656654286
-8.599590922410808
-183.19954341067114
-503.69036357574896
-776.9521261053771
-1023.886753310803
-1469.107711115982
-4713.520515964676
-1471.754775448771
1.6359182776080003
-0.5191560532957589
-259.7993344373844
-649.7764013596636
-1308.3843101273628
-2797.637720613684
-3784.044094743254
-26.70668899377482
51.650704413373376
89.26320345930827
2.0992892960967415
-143.54177977200573
-1270.0057976863043
-2328.300314204479
-170.07081798243468
1002.8372603880109
-112.72763048467417
361.0373930362038
13.288450665899122
-296.1242925066989
200.24704039452965
1592.8155919902968
92.80482552199061
10.970879620422169
8.856575139296545
-0.2792567225688029
-246.70341734847568
-239.6353193065057
0.44753412001006737
1651.8410005391722
154.72835787064417
-13.090467130832518
-633.0106511808689
-0.5455936716710188
9.072745231028334
50.75562771897071
1.7822256455775396
5.144059208875846
173.03419031065795
390.4450000991752
74.6260348090924
-0.8294883718929473
628.851879550774
651.1237544582775
22.938322899562795
-757.518083366987
-686.3543960162913
667.5322624783182
150.08821789376444
0.32139242109028465
146.37021771581027
-419.3478499712397
-151.65025140888963
1438.4340152549914
607.332460334448
756.2360298468477
-13.549447932351027
-606.0000458779159
-357.3763494508613
-639.7037913646886
-238.290282390021
11.730401827146608
-143.12589180513055
418.69412236173645
143.81435960591253
-386.9162547957302
215.94915753974226
-12.011608932137205
-269.90086724716707
75.73805995216986
534.5068601175687
283.66497411168007
376.9015685159802
-5.7116054231838795
-47.62792753344652
-119.93223055445459
-236.8588466696681
-129.7748532085382
-64.80684144086223
-0.27829137709249635
24.792200556862333
-13.386376144440217
-382.71203011283194
-346.02439288597304
-12.039031502813067
31.395818935655193
-2086.034497539782
1008.6740722905195
283.9083445360295
-388.1078483830017
-1246.518563764153
-592.7922490690071
48.66210343943089
0.0011302723288069557
-37.89546140588035
-858.8577652864589
11.844639788464132
696.7552470205067
0
116.50900571642765
325.7407715346902
-0.099532181902152
4.540085117805449
1991.8419392979472
222.68117604852193
1.1466680031089718
-77.41372130031759
-376.0404710266429
-1455.0890603633318
-2982.9427515439006
-2353.943393131688
-1415.3921811736036
-995.0545413954319
-2.898939265709793
-407.33323161426387
506.73674642992853
3306.6080650035774
3279.9124229284557
3177.0320718080266
3138.2666153741275
2517.7641733381674
1669.6584555943064
1582.9663652741601
1044.1632091272368
1294.2054357741752
693.5423223180308
600.6926475429224
331.1342768472033
237.73063024110832
145.2446325212184
21.013861693974384
69.78695904753636
5.508414684251349
46.30216564160444
74.83799771317248
0.3687972775433447
12.353764378397141
138.04910263811007
83.12345205985694
-0.2798002704872891
0.021049993184662892
-2.931458976713917
-38.864431789142046
-119.04163502060696
-45.22609815488893
-50.96863374181871
-169.95812635053264
-84.68159387323166
2.339168874664985
71.26960464169665
35.416807355371944
2.7251401785557734
-0.0002439225863665116
1.3546018555110237
50.21885849235046
350.9211844978056
417.4480967423882
470.85106079885963
171.66166811533972
62.829537564208195
334.8373953744527
176.2481386280882
176.95099816333325
3.3538666194593683
-2.5504864502803333
0.41038583926670763
-67.92301187659744
-108.03278757490288
-234.277531368053
-399.6144526486117
-583.3942612101123
-965.543180124921
-1690.1668078302127
-2486.7505331453335
-982.7879752578103
6.871599536354691
26.242751236740034
-137.09352342766977
-795.2806952976814
-637.0394165237726
-254.9720890632189
-97.15524982541442
-498.5947818325808
-790.7851094873624
52.11266262944401
3673.6085260467885
6467.684749974636
1768.356787629847
1852.0354556703917
2405.443882297807
422.668083175714
66.18807699577124
160.977518265989
338.2279333632278
-43.43855817705936
4517.002080631439
3144.7860557456943
14712.501608449687
10717.804057057925
20170.411568678544
83627.98879131407
-264378.83999999997
-6.6798315151853975
252.22214336478834
33.535228603545576
51.596200443204616
105.11548764943988
-793.2815327384715
-915.7943361685129
-1847.331718033143
161.79400386466887
892.2770953166356
2377.8132275395164
2351.188559986409
1294.1624678894234
929.254643377798
387.89831384797344
317.82708385868517
58.4636960909551
-3.793127752793138
-144.7248414864261
-972.7107099907614
-162.6274115488503
680.4056153556805
1486.680610575958
1753.7571646866327
1427.0609946524846
672.513628557686
454.84616737772456
156.54738242022276
12.1625340378318
-10.745377668154706
-133.41952375226782
-240.48578206645294
569.3825520098816
1548.9816790589136
812.4921733386674
653.5811192810932
581.008648797331
403.5573840300189
105.82239539538561
177.90070812823262
35.29105192641502
42.22045013009116
1.3228518227059811
-2.3988180387794564
19.495865911548048
254.4049362595852
246.73894454075162
493.119135409307
455.3435637344946
362.7079492278068
221.9566984356381
113.54703294317518
148.53711986210567
116.9356091032036
28.406926050100374
24.622624933075592
45.05611149516784
0.6755100098096978
1.211321137713465
-46.31855749174732
-66.2723734887286
-60.297412122074746
-129.5726165356601
-59.163428418670954
-104.47848342450251
-53.002242611453426
-197.99494454602794
-260.6414622198347
-438.67175009557764
-433.2276640401625
-640.9762235129674
-850.7363270649049
-879.9496307351471
-1058.4156012991568
-1637.2563770526099
-1753.3919454650047
-2171.935479616882
-2257.8923319906407
-3174.7424149537856
-3080.6245030182804
-3388.637044852169
-4287.470015923928
-4840.1312110265
-4798.774199856306
-1555.129281451918
-15.610808913678973
1947.0782465579027
1799.566019428726
116.78221531373487
-122.73829917252519
657.9207019724781
62.50368078098667
-271.26454823262173
887.6332353643265
17.27696673419307
-27.569939321371194
0.1537773292948242
54.50368801148012
685.1228689338726
124.06785750161741
-119.13859563216089
491.58911909932465
-12.363092816055364
90.53354349908544
-18.659628584552483
49.026044656899565
5.182901389372559
-2.0234789476667814
-195.28486814902865
-360.46181740610774
26.427904145963176
1431.7108005808795
36.55560072449181
47.40978111993658
64.80693292366027
679.879388331397
32.380330067746755
-818.3306209763559
-978.2381802343039
-208.8164410636619
-24.579094346867798
603.7684485590698
673.3980019589425
-5.728119585817544
-98.4044464255256
5.174447639138499
2.760524379357393
1569.6377195024675
2724.64875633413
1910.4232471551397
1661.6340094687762
691.3287608198887
57.73909580704097
-83.44150305849996
-172.31044629608743
-1326.6725177334379
-2249.8824588736707
-1912.3489746822086
-199.64532746298502
41.45910671375596
-387.42853102944423
543.8608854973057
286.84631009917865
502.4048742188752
3.1336007810016877
336.6943176233101
1752.5309590590937
-22.603189118416413
-252.62821240485374
12.431141863619612
-106.11911023607216
-250.7637572175234
-526.4529279920168
120.93041118936566
-213.5544896588836
-25.614796791234642
3.6358698146946375
-1004.338081046712
-321.7827387113851
1015.4081825902512
506.3326133464991
194.45851637674343
-2.2958616185448166
-241.33608446365832
-6.896799338759552
-629.4021916065952
-54.78156146743358
1095.6213993791366
755.2624784863383
1162.601714599609
92.3662827503476
78.97011512920311
43.2417319549122
-112.35472267914633
-681.2211561158199
-1085.1832652027508
-633.4896588860859
-122.11278912737147
0.011556016250641434
280.9749678342586
1814.2856854717693
146.99651217095638
-12.695560674010498
-133.81427625508832
-485.06432752999734
-622.9141887468151
-1438.513834859027
-333.8784642372965
21.17332443665721
0.5885853476652881
493.6829362752141
205.4352930216412
-100.92809314134895
26.752493330498854
70.23075511379915
-86.09813479576025
-712.3891028525056
-486.71798822829226
-102.14821621239835
1637.979460454369
2390.642878089583
822.6786922754457
522.8068596425069
243.25171936484335
33.90760916807752
-112.8634191984616
-123.9657842077909
-452.9414265046334
-1552.2087830105559
-421.27992464983856
-1257.860638516838
-582.9528071738891
132.76331777411343
-2.067011548534503
1.8509354738545756
-1065.5988927938624
-601.1811249420837
-138.63330945944293
195.01311950849612
336.9568298390309
2335.401644255413
1675.9338843529931
1526.799454806614
1845.841932485982
1854.7109070241665
2843.1258204794794
1633.3965386239377
1146.7932178639974
1213.192522456441
526.475702872194
404.375178804394
80.97671495725119
63.06698914057542
3.9409003206313487
22.410468129998875
1.3276296658711395
-24.129419556804343
23.44150842262239
-18.909088609728688
-192.35000979861246
-785.0286285827566
-1282.0456608311881
-878.7903085670623
-877.1035264101274
-920.9541589515991
-1565.8726549341723
-2470.9728098671126
-3113.3375960455405
-4876.85585196941
-3551.332463387484
-88.97593440901343
-944.9317600845261
262.7005094938573
235.60296438379518
355.40377939880125
-0.15374553729410864
-77.01154411146888
40.84389082368223
397.6126665288127
-351.83421932262297
-60.83564394788284
276.8466332876546
273.5301959263844
-232.15605845446862
-90.48104740083626
216.8799927816035
76.54170255847113
-23.425109026955255
-805.3453697278995
243.94657481297827
456.2860081134223
762.8693270526031
456.58521455067626
4.089741352058326
2264.8529981394713
465.12837487239074
-14.785546134596594
82.62364731538462
164.91151348629128
-477.1327320558227
-1009.4540074136675
-734.2498273821145
-1103.8067137606624
25.417921297972175
120.11132398232222
-309.8801049439229
-568.1029398530825
-2.323319745827013
590.9131389195602
42.51939127031686
356.73267319960235
941.5109556181808
182.1198486426386
258.3360599016438
97.08484588929414
-362.9127126763666
-1961.372131798054
-5409.359184454008
2.250112619498263
352.9042137432251
622.9248420894836
62.638286609893356
-794.2589414776949
-40.1000935296388
-580.8702329040261
36.377635935837226
965.0792356043089
2541.9628030234944
3373.0890783691893
6882.110202311583
7535.261570529587
9363.682161648365
4449.233069898255
3087.2520125341266
3588.5415970103795
4595.642029342591
2052.1147253690656
7645.6507435465555
2706.2869265229983
6033.385560576864
3554.0195029549923
1634.5522799401235
3980.199903175037
4960.083122364118
1745.4340576049885
7511.459787246042
68938.06601864654
14955.161275034841
6687.78211205788
30042.259962349734
31572.870344606243
26136.411534473522
69678.0061979294
-554245.5099999999
1.2922898593519216
-37.865740176718916
3302.738236293736
4855.660830446487
887.5489851411661
-0.009090359761549646
-43.85969523639791
2444.642386250433
1764.5719699838698
711.9471358697876
5.1460311700774195
3.055513661895402
-233.90769043494723
-1624.7126816442956
-2480.7864197485424
-679.244408955961
496.6741407777907
1739.7555917647037
502.8752779657332
-20.340722253876358
214.90549922889923
400.73648178747385
185.75855650488506
0.379394284385834
-105.83670544086242
-1042.6304676233929
-524.7222320865426
-230.37742617178455
245.7001732625876
7797.700341027196
14439.53048800596
24205.432735038426
34180.13832322651
29763.087820165543
42304.81033946566
53586.25562058052
75131.95007955118
66995.64124387797
79085.02696663848
83646.74814328045
102020.73734337231
89054.06598843036
120275.38048022332
118225.55907488853
135982.3723627282
161315.92981591195
182484.59412692813
199138.504734082
201151.81802266242
208839.76469439664
227831.82042430912
224752.57860197139
238723.08252068577
262078.42463369283
291150.9178848974
345228.17584513285
378949.73527670355
459337.1942694144
550608.721155474
590377.5565925181
641756.5007450907
771811.5767825446
1034774.8272336869
1110935.3696312404
1191043.9354612683
1288039.758355414
1444572.492200587
1479278.620016578
1761449.3875784054
-2374319.21
-1625597.3299999998
-1285269.0100000002
-874945.81
-671292.93
-674732.06
-738114.27
-698807.8200000001
-588391.73
-616217.62
-511678.7700000001
-581903.1
-484945.98999999993
-337505.19
-317002.67
-324794.65
-360943.36000000004
-334077.0799999999
-353418.36
-348437.73000000004
-287690.45
-311087.76
-265589.58999999997
-291880.60000000003
-278400.79
-234513.56
-229321.15
-194537.22
-209376.82
-131030.4
-139527.52
-153791.04
-120645.41
-96859.73
-69624.22
