8523.130000000001
3123.190982128308
1073.1382393372287
1857.2429530672575
3330.851822939673
1833.7838624472254
1095.8985985005233
557.9125982681312
1288.686525728136
2956.0693955455463
1633.1993774244088
330.83990311318706
118.81594414552247
-0.8163771830141966
-23.41857631117299
-329.0581471273665
-1787.5304502058357
416.3626168678227
5445.179046034193
3305.9834852049116
792.282213933481
111.67804618144986
-66.90948715068313
-282.45083560731547
-2301.7192920046828
-150.24042573518503
1627.112279662954
1623.2154178641206
601.0457444355312
461.38879456450957
633.1352474368275
1688.687621964093
1184.9062563512653
538.5908491342606
64.9658653177498
-20.604237375205354
-136.5410794655603
-735.6352095739802
-1202.165160865933
-2705.565354340516
-4611.969019321037
-3242.742878983121
-614.274932353236
-387.29403319560197
-326.4538310508103
-0.25013695587004964
39.094722992051295
484.82088265782335
544.0146013659489
626.7186764511093
1227.9673118807111
465.5661124843962
12.41016661377989
-133.2955066082049
27.222096834408788
1341.4105304845802
1505.695495963309
1850.7585766641653
2200.981206348576
1792.424188078053
932.5057108698535
480.81963422187005
192.7796362134406
4.6870633188904325
1.4240037107314047
-0.8561892576953124
-70.36203125312218
-132.49401832649778
-266.3808521431483
-671.5241018270457
-893.5008833327784
-1027.9724441487656
-1270.8179465505966
-658.6880761405957
-5.9916549553956315
132.9470472262267
372.41551695248825
-18.362176647983034
-66.14801089141902
-935.9918947445545
-230.33495330830445
138.89858453014034
-0.4906039574574853
5.728346221483699
384.1593780863788
645.0488694599105
958.4405373755629
8815.0288794001
-53100.42999999999
-62.67798676858951
-353.1248417470114
26.752844393148845
1.1709501254094377
11.730307704646627
2733.977073090073
3376.878877113746
2773.6090040888866
1407.0675963726835
366.3684786037426
0.9728051344609733
-258.2216147104044
-1212.788009707051
-424.4807447029187
530.8622582588453
415.05661191131446
4.7616562269466245
-24.280996573065952
-588.6552488612781
-833.3250593770449
-316.370567520289
-618.1544018582807
-1425.194472650769
-272.44445572824213
288.08498627665284
602.4866977678139
1.656514881805987
-482.1151678971662
-1332.9259801366943
103.24091212037803
266.5556454080198
682.8525736647268
813.1441637066688
730.8883374381844
533.4309534414717
305.6772785055383
129.68906348968198
38.118307661161666
32.37481151959142
0.10532031837719441
99.87151086424086
-138.5936185201198
-452.6442083758512
-66.23610728047129
1022.45659176654
3070.443781557721
1620.9346295858422
1051.53116948055
685.4629902758179
298.2445453755478
27.01945442203413
-80.60080905543863
-488.8470767271858
-837.0847764025955
-1401.4686184436066
-1323.2021007019744
1177.8774756668545
1698.260199639618
158.61149058894128
-208.42358130894138
-358.3730980670415
224.53751109738192
51.084493157814364
0.45711852160648736
-0.26454038681828784
-167.23704480728676
-114.32219002644376
-582.6738152168834
-658.3470422464198
-867.4624267373546
-1520.4978282667935
-1268.6295634701096
2.713882672447622
-9.99954558689737
-535.2661717019494
-236.48058884573337
4.735153033048174
259.703855262988
726.7904106164824
754.5606527814678
527.648871703525
202.0968695358212
32.12823169528305
4.534469333825689
-50.0670761543722
-40.684009055361216
-75.4945337101719
-65.5781954166271
-0.06607807150490073
288.74840586093245
-45.49299412803276
-220.24412142579757
-463.85905283694046
-350.14187237535225
-362.15083143083507
-378.2764052704695
-302.770660131207
33.58426371329641
54.950973119632565
-60.19166868404906
-357.6661452787524
-566.4265461317437
297.36815444365294
1006.3883479509904
805.1975047829206
53.67156268714567
-106.13729870873613
-514.3334918590792
-2192.1090102340195
3368.3388034530317
5150.566102961082
2442.6864838164265
763.7873555184742
377.5707800974559
14.933475868910918
-45.96206725296644
-641.4362707824536
-1481.816031100911
-11.631543990716741
71.40428902712594
3377.085702183669
2312.0429707893195
1180.0415541502425
686.1470717917134
275.4283919951565
29.219329852315674
7.000400419504388
-0.3032803123127801
-127.99657466559788
-852.578063438872
-1340.8939252988991
-1219.245934099911
-2310.5187650629414
-1999.9864000841008
-2196.8569856733093
-3593.752977212263
-1427.223353526125
564.8928229740055
1349.2240683690666
353.333689365522
4.927320730261933
-219.7033443072645
-2859.538529584839
-82.88858764770346
494.52165163452617
876.7742395288126
713.2491557916971
488.57533713234375
362.30097734538174
244.36854788464495
234.21174726251687
80.95545186311557
170.16884382867443
1751.8109224542945
3780.887637781263
5835.597895225744
2789.685419568347
2305.1586107599546
1134.0105559119822
706.957579677558
641.1903333713333
450.6679988126301
231.21746151611814
144.89049245771463
125.58107144659355
203.01090411063174
5.42487088315508
167.88992205983126
91.76443544562068
47.03302409943699
117.49218686187886
153.44379286462683
120.3152125351534
100.5898953084428
56.223649104180026
0.28576070954518745
-30.960055315426576
-26.68349632760331
-1.5522418763969594
-6.678756132894205
1.125777556264517
52.76298322615061
-2.493391900879143
6.623444292830582
1.6675487816690442
-48.096962203043944
-25.298002896483176
-9.890434394393525
-73.42676495670709
-34.00639843006719
-90.93507798535565
-466.7866496109544
-185.7191949874544
-491.1887309193608
-526.3266633341195
-527.0866020090764
-316.09907712790823
-384.2083320006304
-1225.7872688116117
-944.0969992458998
-1019.607933035815
-3199.9524705767153
-6419.936394818902
-3766.971082636388
9.261511830231349
-171.62282333906816
-704.0434894609241
-182.01925139886845
-180.35707316504406
-429.87265758253824
-214.49615906683147
-826.4460169054205
-3129.9536732538
-1549.8410197395892
-108.8131015234588
-174.6115535828507
-134.92521223273047
-7.685496638168141
28.278562216023982
-219.00879478159493
199.53655754157597
210.07548975039023
17.504956815969123
-8.926780822688013
72.80775247346931
602.6833028051701
122.84032412285593
2473.7639479788763
3203.3154632741544
2333.6687297367644
133.04954796267305
-1.1091161067361976
-656.2702231773618
464.82388230487027
1718.7098459061936
656.5954573908116
31.231854184614697
-128.49611849475042
-178.83258218075412
-41.4926526250097
-96.69284670425496
-313.6823424030804
-2329.3620719154515
81.71509193288755
-168.84212384115992
-293.21310787083274
-682.3452139612353
455.4454340858668
121.29328963170121
-398.6518301867454
-1523.3876390154692
-628.3868649362904
329.9630857023856
-1.4476683796820629
-145.1942144236039
137.18062499546983
5575.490894409522
4291.984769929608
2153.22923003671
951.6227130966272
789.2272146525207
313.59528788964275
181.69332591607218
124.3455162770436
0.3447868430922895
-720.3923309888222
-2061.8115131046034
-5423.324148987007
299.3109246363606
2190.6826518669877
1130.6366772007634
5.9834639315065274
-548.7808509338929
1.0380765925911937
-126.14830976836191
39.01987472183394
5371.572798690555
7869.146310088538
8557.555212756875
4304.894345092925
2210.7803323706316
1168.4103298765936
1712.3732247776043
211.4081810426739
160.39837130081733
23.5572293520251
-837.1916700654027
-1575.718194482373
-4027.721304189277
5115.769406213543
19209.73443230726
5752.85385283289
38925.150705538814
224213.4149948288
19844.395038787603
10118.829278970152
19074.59306342467
-558739.75
-14.56401661557829
215.03284897438309
41.81691005435651
3378.9831084770913
561.7828884007322
0.1349754414119369
71.72332456412106
479.9765771620331
762.5634941961852
470.8679553170019
165.0390089421977
1.673715216611072
-41.213009165684866
1226.8930577249319
1358.4857554194023
998.2252642226531
523.7361944638859
210.92407391988485
43.49865105594312
5.907784941661726
-40.57818997225199
-227.554572301794
-511.9172023724492
-1220.4426513742594
-632.0537222530772
-866.7196052938045
0.07426861460461334
2221.682475070175
292.6835314517109
-0.750883821391157
-23.388444096066788
-323.5026649661012
-2270.1462637433274
-2097.161862443998
-73.82820164429093
-223.0297267321796
-768.5144535168786
-27.870735840845786
177.71150282444395
-2.9347776094899926e-05
-47.10990896143207
-396.9526623044857
-980.804203258929
-23.3310722088185
200.3639298156308
3.7427854262974223
169.40761267426961
321.68839443516123
2398.5366662231327
2775.3827654940887
4134.3124973432905
1153.4668915308139
222.43499455624436
-161.1281670471252
-1137.3290628002726
-2243.6391629155996
2122.7587985200535
581.5068605469187
-268.4523530307537
-1061.7032522714767
-3317.636340034368
-27.92550166131328
140.76784635634814
8.88531368754309
655.7179187760364
1309.7868003172136
1018.8385050745803
637.2956559015311
233.27102397164586
0.1464531532005997
-133.92902677668815
-494.943835014322
-876.4948649428591
-1115.2923956029013
-363.9918586616004
-148.51757986078104
-200.8977439999479
6.245085330488106
1835.650167655606
1169.2734372670639
951.8646426550313
637.28543520472
100.60110324351233
-4.7848151428767585
-208.19483558175648
-7.47147833422065
-89.93821545665955
-1543.9639124053006
-3955.1176835560805
-324.9733767830149
-1382.2739913513847
-93.68164054755871
7.326802871514052
737.9402572281091
746.1047421032872
955.7431751584187
1202.4514972693978
407.15165547184023
354.3889936255505
142.0793944310354
113.7674793067442
14.540779688124818
6.41696799649485
-2.460721394440764
-53.584778383099135
-40.00835028462073
-55.579480801092565
90.34299850599325
55.82777291411185
98.919016778534
15.063812023557734
-1.2622334988937283
16.944654332559878
90.5873618355096
10.3563524481738
2.207691717827686
-0.566026105417978
8.23967205395222
-3.4892603625703837
-16.267569782838745
5.2671533466954985
0.7452850461985614
-191.26891223770468
-644.8542231014198
-1610.0688799346226
-2570.3567632221702
-1964.8227788179515
-1590.4073847862144
-396.8471522469086
-2.01611779325585
26.90816786935498
233.99742132476206
1140.860201361619
1065.950930202469
73.62054798897387
16.36325343842712
-22.812588054759164
-149.95070014125616
448.6922029325919
695.5823942184714
1300.6441468438807
1847.0856833691657
1355.1556576351054
1055.440652783406
590.8788972727104
363.39204798307964
249.77925958854672
258.35574273691134
172.9594088119349
163.0164857802705
150.2040438218397
24.571241202317516
47.457082126286494
23.777686297033448
40.67608742833943
14.969649441355424
-212.39999786555887
-308.9908493022655
-556.3735358507871
-493.1918908226193
-709.1995834862445
-447.030373827845
-82.91418348254643
627.6725257160748
77.75807669415292
-256.82055597206545
-1342.2086154145877
-320.9916667005615
254.47477881439627
67.05176061569354
1.5813022462091475
-1.0973912200470544
-102.92783581004595
-325.7442998512686
-547.5528069072179
-1450.9716884301188
-3226.855695545675
-2790.190913669486
-746.865776353338
-319.6682111598873
-39.784700910773296
17.381261201743357
23.606541836297694
59.6899321962399
243.47479144274496
827.3085575242146
1498.0221482184327
960.8979981301129
820.8006588788973
623.9717250029076
399.9754911300732
263.4644913899565
306.0091821492387
109.42216695320643
35.94627484331641
121.33313221875144
115.08040601102934
73.8728768032829
94.3268583331564
35.62355087541193
-0.27647674406040945
69.79441276173723
-7.902486951633731
-19.13540974153245
-23.64274450730136
-1.503492060631018
-113.45726401092449
-119.12458348549832
-162.59348033544578
-165.79060987335055
-77.24281160594973
-138.2851637933011
-161.07519266929913
-116.93371066654717
-223.9689793431368
-621.8399174902695
-196.08942291239572
-349.04586846918755
-431.3883538364956
-297.7888835974629
-754.4411534917172
-444.87296320164654
-631.2823697886319
-683.190986975301
-785.1933166147951
-134.92524959861458
-160.96294052361978
-77.30287884027307
-0.26850782162110187
494.18662983277716
1839.700926645443
3214.391381556391
1323.1088012217897
589.7751606533049
10.561077013691072
-964.5512542128662
-2430.0023950380937
-1423.755781055208
-156.4338253811729
189.61882855556783
787.9748422465536
833.5505382604965
758.2409601586343
1285.6189566361572
1382.634053030061
680.8541408900257
851.8771598243529
372.04112390946835
153.139336784625
168.85760444730167
113.73724672456396
95.41751061971725
23.176333344855664
36.09778972738363
2.530359828244302
18.0094565395083
-18.34040771834316
-1.2022669816135472
17.685398929376156
-22.852874864070394
-1.300742396003519
0.11437385491793078
-14.190112611118106
-19.10295537427851
-4.512203858869559
-19.28666820075335
-106.00368576264376
-49.81237635791493
-254.07584537258845
-259.0869086593557
-195.5462386973118
-406.86086606666436
-204.35485229388928
-697.4773678048185
-442.8463005048595
-418.42984506758967
-509.33030710650235
-444.8701170171105
-653.0455330692187
-428.19306278203857
-423.1966324151438
-20.243604116433033
-101.24998495324719
-102.35763974074392
-50.563338885178254
-49.94912329822092
-49.94599199225023
0.2449681639298137
119.04797470232722
42.64042119556138
387.399654963535
4608.415419310746
8975.248115085158
10358.776430443984
8463.83301195045
4122.185641660721
2379.2468679018402
951.4248984698074
639.3412512965692
505.4344647443112
158.68594368034928
50.56849642651009
6.565711188681466
-1.1021050468803877
-16.982712735860908
-0.33589768540424425
-214.49315191372
-10.477381549267466
21.07928885594991
-79.33614332593491
-56.859790422286196
-100.11344772020722
-130.52744783541644
-299.8081434170221
-359.8701687968675
-634.6104329222239
-700.6027585865953
-859.5365574631063
-897.1650954048458
-1209.3540105456268
-1533.697755257403
-1629.1263119294886
-2076.3264853288947
-2311.0382543476694
-2738.5172571899225
-3884.4718817629546
-4249.929610731508
-6057.336785422502
-247.26067224925313
-334.75774506182586
-458.9013461707621
-3633.1362763083166
-2010.2464325344488
375.5960708877881
6353.275243451758
3791.3205409687052
2500.2360646557217
588.8515781164265
112.06200324322187
-93.81708689754737
-407.4280871074232
-869.3431482995844
90.68729063533043
-37.31148854017658
11.616290738895781
-203.95403030337934
-279.09725342173715
-61.78222210115157
-27.91822953909073
62.71023972734395
175.245980712971
180.10182449365567
891.6487322700161
4.344859164915512
-560.6787177222145
-347.07960112214494
3719.055254597224
1846.0565480448204
874.403803979958
-5.7606916399901635
-694.5589118252152
-1538.8156192248844
779.9819210718487
1921.71579192411
4051.6622366881666
992.936441161498
361.70115788537026
0.0008692636658164912
-211.2974948353887
-0.09931504727674247
-0.6495785662778859
1110.318751810332
29.62558504350635
-119.13632813652725
-345.8215223697288
-679.0677409518241
-1191.25256000601
1.244704389180996
-165.598255451019
-33.86092086471779
28.918923421071682
1095.6410600748675
131.45588671467746
-281.34513030325945
-1296.532604328162
1.6293408772920555
176.51693254504528
852.8528767303336
710.4145109836084
176.54977227996255
989.7292952965144
1386.0413131496607
618.8214786524967
1.5642241469283427
-419.7417440094972
-1366.5191731830434
-5038.7719716693155
189.81287767449749
77.80716074144873
14.758366656800286
-203.73879475064922
-360.3032016692456
-804.9267906586
-1763.9842589834323
-668.7164371391399
-587.9375572575445
-287.8221823760959
84.33864545647836
127.50132709730346
-114.62700662573566
-113.1613481824987
172.19325527267307
221.59760335056131
9.51765258423756
1.1407346205583728
134.75194328657744
0.05119367714120689
-95.6894454193997
-855.0974972612717
-318.2610919059541
-0.6700701970701225
0.9393868723117773
4182.199539714015
1804.7972530403354
439.5603991476174
127.32700097091683
-18.12662499545752
-246.3450588103052
-1996.5437417500225
-1031.6639603967456
265.50694394731903
-10.529843581764444
-917.1983201459191
-394.1075592880132
-975.1838896851061
-221.0272500273003
2250.766626838331
6293.470345306345
2670.9130331436036
613.1700840498444
1784.9663939219565
764.1329532675995
599.5994534454877
104.5228524685687
-90.92885124640608
-365.88600136601644
-531.7134410303204
-559.3627639676245
-1985.2166962812432
-2193.088552829463
-5160.083157520562
-5431.238713493508
75.53358306198669
236.427779411953
346.7011259765373
-10.497462993619838
-749.7135529016589
-2331.9933636432725
-1250.4017432928074
310.96695950002515
68.01046568989747
89.39726145194714
50.422988900971305
-11.215361886017105
0.8432748259523943
0.05142242264312813
-172.2047126883054
-793.0603743182488
-854.7232990526929
-1224.1926506124996
258.43647742526423
1299.6507813817298
2363.401708716153
1949.530658660594
1950.7195657167867
1676.29660477301
1286.736840097456
1028.0976716695038
1025.134386051616
916.5606211439332
591.0134835659118
800.0778134300914
311.32815362670107
403.74535372728985
164.4797673774948
257.10442189558466
115.16115268683656
179.5338864148107
30.25233975715054
83.1004388033339
39.385555810106766
43.41479007966879
4.751617792585866
14.207368548617442
8.00522947033203
4.562322210941792
4.763241347037175
9.062660828291591
21.714447148258518
-0.4638935168931246
15.354585102611733
0.34498126519098204
1.3261565931345294
0.0307502650537732
14.433377539636007
-0.47815803910393573
0.7467867752831259
0.0978302341289454
-3.5697439076496504
-2.39203580291505
0.10912485648296268
-8.71218727290347
-0.17493486008320286
-0.1264124739650421
-4.244795387502251
-48.0980978344934
-4.6383884983579335
-9.617137836706483
-1.4839388249404042
-74.96368921898912
-4.663404377729497
5.712286848788601
-0.08052516015169651
-42.223674688948776
-0.7803540306222705
11.042432681435468
-16.33190231890091
3.7185134726621794
0.019585338244612296
-34.48975227575321
-12.056234343152088
-55.29013650378867
-32.875951788568265
-1.154567276560992
-15.406641519676821
-92.5033362950295
-145.79307102138256
-114.27217069793608
-198.57044708391732
-96.0583444298139
-71.94114095105658
-36.01376630109783
-237.31737172858516
-211.0971875797216
-191.35847122250766
-215.98226516996482
-73.21333838194579
-136.09799554596992
-176.24168118932135
-114.2616560221049
-159.89400368174125
-90.50160510720298
-160.11232331815813
-96.17482276083899
-184.28884829740605
-143.91583026252647
-130.530153597451
-262.64292755710954
-240.78103528841893
-144.745937905164
-138.45315472617506
-48.64905535314573
161.1778359120599
755.5426328525888
2460.473542422268
3415.5231417505997
1012.1972381045125
418.1134752003312
365.20592639370403
524.8889117531251
631.7669685752329
277.5294998601763
74.55103061649451
1.9832435013800973
-147.27364142474372
-537.1818679904914
-775.0562586796477
-583.5655734893627
-654.9079855044687
-185.65816991063198
-227.8253038706885
-468.2337577633511
7.849010249043012
-9.126504788540363
-280.59189172562753
-13.572808677217996
109.48203166226908
207.36653850356248
193.38350436897701
-0.07611034984632774
-39.503135122228365
-15.708238891104724
-2.170206778748729
25.415927294714727
2.858358410274436
312.57416836980906
-5.4089528048926665
-514.3506152272428
-987.8151113102354
-203.99522260081844
1.6966829691988925
115.22317315944022
47.01411125122938
-23.70444371629346
-35.8230172288237
-1.8078377978985551
8.66916131163055
-20.01194700043746
-41.706337102457866
-189.1865670842859
-178.55515453916485
-135.9932622839114
-84.97390044025092
17.40086467247032
-112.5005193026812
-339.19029921150604
-151.93382445324238
26.12052495757097
1862.8875225864704
10.397160023425013
-1236.5573022227316
-2569.2041470369795
-281.589402720285
3.9886220747870667
460.17958489883813
148.39571654555837
379.6258057412464
2136.481881682562
6332.611327777082
3436.4333061700404
1760.6867871017714
440.55253175244445
518.4747998000164
764.330411302884
816.3907868082993
680.8274917341646
369.0248368881045
242.55001944611533
417.67630477520913
247.8173526921396
240.11767303863314
180.08280767385997
221.03501074932106
355.5797950136687
75.57608288562129
122.32900167416147
70.43277250611716
46.43574786755789
45.398667480523144
33.69677195280267
1.5225054573608467
17.64516791568908
3.0654216639545337
-0.10800803772825371
-2.468587379273145
-29.86901551663508
-5.79563817622501
-138.19604850715518
-232.3624726358166
-182.25183935468348
-271.4257781850125
-236.56213787355424
-399.15734808641906
-675.9702932663968
-623.7907262608429
-918.2729116680575
-641.2003842790534
-440.15025731242247
-441.33737888935764
-210.62345093555348
-330.56060589099565
11.787372369486096
320.38984284125803
299.53691519538665
-1.0795839459254442
-425.7938774918827
-370.8127783393696
-1283.9816396863791
687.5647221910808
761.920420730653
201.76482516837893
252.60058824968252
84.00773431044242
-2.2367848988496073
-6.214374621205533
-2.3350601858316233
-284.2292410853914
-316.0197171029357
-478.1345541738551
-791.872025256713
-1452.9008207849267
-857.4789941508755
-967.1149455557697
-810.9787108152356
-790.1037654971333
-1128.2106997246292
-1857.4553471059448
-2345.4469297304313
-2618.5460880175315
-298.5984237593823
2307.479815756751
540.5831741760213
71.68797749702705
-1.7533702423816862
-484.2278322412348
-205.99681005529695
-3.762694497736845
-1456.2506586321329
-4092.394533437645
0
0
0
0
0
0
-605.1172716613095
1196.4374149640673
539.1811492991952
-14.559275710272972
-497.9324502873877
-979.9251406819302
-114.60694836435597
12.605439473602505
63.305218505046206
28.872167114282007
16.88864249027251
39.225593202118326
88.43705017647883
-1.7221343397167708
-98.26830170965418
-194.17916678201118
-563.282591644158
-360.7107208851381
154.88252800934782
1047.4119134592572
545.1496944956725
-85.2246995915486
1254.1602021954018
1020.2352160136224
992.2835002159416
1564.7170439553115
622.5697281493481
143.15680351753238
-22.283365224980074
-961.1377393569443
-1096.5799135341979
-2144.9042377025553
-3426.033837402544
-72.80394892359863
545.9174935010852
-85.6266683075724
111.31866593967143
11.67646689213576
151.93544385477765
489.6111989481991
-741.1682756619189
154.567008926103
3012.3642597623702
309.03426790819975
2140.4054996347695
2054.64032221472
1516.2944293402504
411.09494791770373
0.02189357500156168
-352.94368621304454
-904.3841897211722
-0.7549746513854818
455.9430145728485
228.6246405909339
-10.093281020758765
-707.1213920196947
-2226.0583268985924
-1933.2387155546935
-180.2025093429773
499.39200957076287
1073.436434477486
1.2867340842254973
-310.1669925603441
-239.05661348115328
-181.797961121634
324.4495957621365
85.13428564268104
-628.0090095381124
-773.8605909139599
-1001.6009500068917
-9.631790575470543
30.56205699798182
122.05292535457365
216.65562994031308
3.82374845292149
-21.610435616547957
-150.8994292563142
-268.99217700426186
-22.012031425561343
-342.70272331380295
-155.58696653210126
71.57231330295973
0.039235404374907634
-1431.762556325235
-861.370013345189
14.004869596651298
23.069508018091014
-9.882603377012408
607.3051879061509
191.29866995855963
-3.5569833568338223
-30.769366969097938
217.69806138189776
52.45804201927715
-41.381069734011994
-210.40793104351775
0.22516985654059293
-398.194772305171
-3.9408834602230196
15.060216715488874
-1057.4772760374035
-2584.5078872566683
-2513.5917417187284
-5098.844601734171
-216.00474040022345
396.4461737192086
1498.647025309995
1689.2157333739908
2146.394620550673
1464.9737805693912
916.3197472725753
1642.2032515100789
1031.083196233104
842.8436583667435
924.8421762049196
740.3092600261788
894.2721022780496
1554.2703372455424
1991.3217317930128
1933.2540647853782
1719.08993864502
997.1006388249145
793.6488673137474
510.91586902067826
507.7217805852189
363.12077823211007
292.7507140941884
177.3444680641495
218.01053949375233
242.00894429375268
365.949360210919
314.20615581933964
615.3821460202522
150.3140323588816
266.0209067566093
149.88953376848332
86.07632585299443
1.7873652216078504
30.287176052236077
6.939951320291475
4.8445886792002035
-13.309893297205903
-4.767158207758112
-6.825305442568509
-77.59363619740245
-70.98938400978392
-167.9938255569113
-185.71447380827757
-199.1651562492941
-115.58651977605152
-324.04002589636497
-278.60798506000566
-553.6572376278987
-396.91496648243594
-499.930152208069
-268.8246069227474
-363.536316407184
-544.9957005260983
-719.7129771834469
-834.6998973896214
-846.564424536693
-729.14369468734
-1002.2869119517997
-1272.4095032178893
-1602.9426078393512
-1877.7463041300114
-1641.4336161039369
-2420.789164863891
-2696.6534841480043
-2404.695555911501
-2966.95691533637
-2654.506729656508
140.89291499475746
6129.6018756900485
8771.330626848445
3022.2873195267453
1229.3837882715493
38.61422215624059
-20.03658382122649
-117.39603269452707
0.3777511603533463
507.3060147983748
3890.2525885349755
3044.1088793189033
828.270889442501
295.72667606404343
365.7402446949885
639.7464095834415
1.2734137103967802
-298.7924577415354
-1801.8258713029995
-1499.386575118786
-1782.0322173034842
-62.9637965967235
-287.8848781350768
-1218.359051939938
-9.50497542732904
-30.7871570393343
-229.50255706401867
5.398982465914656
-45.251710853783564
-771.8970817602833
301.66820615196264
801.789838932224
464.8528426060098
870.1578944229391
590.8096438963498
173.18893872580057
239.43786730271165
40.45544903463655
-19.571018394751825
-28.45548628188962
-110.78712860333152
-64.43073309585165
-0.13229295751416714
-66.99095634817706
-54.504296878871145
-33.339025753312214
-268.1560189065024
-3.8834029300412753
-53.457942746636846
-1532.8237728503523
-2387.159053122452
5.731143906450085
980.775652050582
1182.0914204673795
332.2712569225735
242.45925107189666
25.835122073930194
752.3104091730117
577.5781020875861
384.9696132259545
158.7601014544468
951.1638933590842
261.584653642414
169.78074961553924
560.2848560401851
66.24607988409326
-16.816664629495094
-420.3804407688305
-636.4676569710886
-2383.597154258226
-10.224593102363427
332.27160058261506
111.32270606049137
39.90659747164385
-1.9806085094572201
-35.89237761110015
86.54092305633411
76.47205242968029
-0.6253185237003318
-29.630726786270987
-41.374450420948065
-168.49101936274704
-168.15794995422672
-448.6037496742393
-137.57291580658998
-194.36354802973094
-310.586035042654
-396.71623771974987
-311.02436468874225
-0.08462532526385488
301.6227518380258
-383.6874441059442
102.7224172920539
1779.8883236543786
2003.1560102066323
1232.0999710188898
827.8283773425263
676.815307886797
631.7597198220282
321.3846074584888
254.60915322105336
481.03005549738543
210.5392994492228
168.0895156667353
336.8701440572752
167.52706697893203
202.3413193333181
53.61086506692166
26.106799341294895
31.300434782608917
4.501776903431053
-10.870753805963298
100.37603843094912
-0.24572801963223975
33.57155627603845
-4.554623804007002
-140.088892961925
-740.5401560016307
-301.4640318338561
-440.42423957291544
-518.7996867252554
-262.48571564394314
-591.3380426953895
-304.69294831414317
-169.82843301789225
-8.746223254663585
100.18286183416876
157.01886999915018
138.84472205730552
21.810913088889947
35.02095331525817
1.9214290681024147
0.7881854104178762
58.630370163299546
4.829217917425797
38.16951945035878
30.107737954474032
7.011569120449616
0.2355326492527309
-8.435274440673581
-52.989099841296216
-24.071798300660397
-147.9159751117593
-65.46814673171924
-239.26248334626004
-331.54441751523814
-696.8864572815004
-625.0819048547701
-865.4998738484566
-545.359424058127
-720.3905825460372
-954.832742613145
-1448.7123030844987
-1140.8407887578348
-571.355466678063
-798.7870225363233
-668.8677447569368
-445.1469160145244
-1149.2918738872295
-1471.6495952604273
-3139.5932541886787
-2122.17792292159
402.1499150196273
203.52972928245399
20.277702701025348
1625.835113767647
-68.69541864977163
155.92967600664772
1072.0591182960761
1349.5386318835874
640.5354578578839
-74.40516031075302
-1436.7191772967133
-981.8731150045406
3.8621509630453765
1974.5328525003997
1439.5582044485948
246.77581478795761
406.4418220386235
299.43249141863913
-600.5532781608229
-167.04790433314713
-1259.9216295522547
-181.20015301871956
18.23128925843352
428.746922163903
308.6900238840197
35.973861966535246
92.01488195881203
472.8856768423759
774.4865933733081
552.9434740875655
7.874585679355984
1.6459831172413546
-0.4945111767585073
380.18693903381353
333.05571510113214
5.262178485626559
-487.9307043080557
112.9562456913991
1243.095943077651
667.9923834977731
15.717036348280473
-235.2945000989608
-980.8092033150297
-310.50727665513114
272.6747127608065
110.5476526276347
-170.1918927349193
351.30277433596115
30.257998980100982
-10.19772405268548
-33.87909593983169
-631.7213687838638
109.42349104191422
-44.646324102379616
156.099054821934
281.32781190102764
2.1361289395145353
-200.88084634883108
-772.9577217796357
-1865.9386248271348
-742.7687164320369
-0.6866724312610708
593.1773798610673
86.2358301077009
-1219.4654299001736
-315.1644663183467
19.99407160038435
291.9448381765899
-86.81283590434106
-2486.360021120159
-1419.4153253176762
-57.08253122852493
222.66636536616247
69.05019750625709
434.36059702911814
767.6154389171232
340.8448641000841
1160.931166616231
838.9727095565468
622.2757204523797
157.92757325168208
-122.76650518093588
-84.59849365312266
-965.5536071683281
-1164.514938000642
-427.0981480704806
-550.2843768568063
-899.2275313952507
-1217.3756462150955
-1415.7369748314834
-2011.7244412809207
-2998.705924278977
-2280.85153388915
-201.76417749352402
-754.029543384783
-280.59653500437
1132.1736850391608
731.0410951943195
1406.2696723979022
1596.2762184811509
190.48809692717032
1850.6030540165953
658.3548919245497
125.20570298508152
-719.0637964144473
691.6833994815224
1.4778093366927831
649.531445175838
630.0174748955452
508.9832686444365
1145.192274928827
316.50420888168355
-571.8311150730568
155.68842518472843
65.95077960056977
-881.7731936848803
145.5566700837776
506.37336466681245
530.9954232420671
-10.386504806041502
169.64899064526918
-991.4055264166417
-255.64982785547406
-494.04602026442075
-973.3762834789585
-119.97352040633366
921.6749121688015
253.4441780610833
-67.4236598882091
288.8069561581448
363.52827126382084
769.8325432882536
2574.3578259315777
10920.41452786576
41671.67178788214
95478.67062406994
-27729.53
-42097.78
-20744.59
-62358.69
-26168.719999999998
-36901.42
5783.105419653903
86.74244733588478
183.78410839918618
-48.36392501125781
320.9753872396159
766.3597814741838
936.7148497046594
-2.8883353727720067
-3.8558701372345308
-156.03771588939443
-648.4984323029205
-281.94854174036345
5.106438598210286
391.5489521455925
70.4518402672033
337.3556478293016
736.4520255177001
-9.982600544142022
3730.468604271824
1899.3436924968983
790.1819045187331
246.03475858820892
5.540007438289614
-158.6762171485075
42.44030988733306
164.60024541043126
-0.6464294010420634
4.15170152098592
-87.54647659343021
-1801.9759976427713
-2984.032875376676
-27.590325426647173
-88.31845228590552
23.663477876432417
-35.830038191943586
22.851103790409468
3715.4648654828866
1399.886780904918
733.7939697186806
350.57741074176295
1021.0328111447902
454.9069561194872
168.81228558232735
145.5633821110786
-144.6478679567653
-778.999157398431
-2308.1244431659834
-3611.8672483294804
-6147.6562623469335
-2235.784221774591
-7.7580485686421055
-195.456998838939
-370.90670643453353
8.643626649267997
201.60807320144863
127.95804402017
44.0193456034482
-116.99260075146827
-710.0927846633798
-1357.699097791683
-1111.4849091980423
-424.1338565548274
-23.79847638130467
739.50277148132
3770.3156908538454
2113.5711869299503
779.0302810891767
544.0705685902041
166.50567229148595
39.405604799133584
-137.12691880424362
-680.9194809321621
-1717.9539140802153
-397.4711113938954
130.667398395443
-5.423531119517074
-51.82863655661112
107.6927523603411
71.26588249187566
2426.131036030572
1148.7807898486358
2061.822662386652
1167.2380043149835
166.1288120098352
-3.977910214432675
-789.9793062065577
-225.57860959595877
-465.9601944788959
-2530.266786386316
-2323.571214136357
-248.79350985521268
-154.69328423670459
-57.23259004467354
0.8357457389966028
68.54170691152879
-12.029986082830849
-68.4636844806306
12.551440974222977
-4.192531160333839
10.062186297381647
1677.6735583413324
1382.2067860221746
845.4015104539908
914.0357396117653
713.0100607265233
198.57196326010336
76.46799492758873
-3.581229357895664
-8.51916172304969
-298.9985035072252
66.78540808427448
1647.514922453286
1635.981810369498
1152.1341011375237
437.54298990827255
55.98902431502789
53.961613768304076
341.62033581849414
63.1201674655871
-59.72861703124137
-54.51625253544119
-158.5370607387324
-103.43005195811998
-424.65852096717055
-1572.696745298427
-3258.4941443523653
-3475.223892132528
224.75009582916104
0.6549649775860478
23.437931086853926
10.307699825054275
3.191157676484806
-286.57485651569635
-910.227619494619
-1510.4785170118764
-357.42659659540004
-74.23765021510945
123.30527664426842
119.29669761580959
52.55117282985475
19.28175799212303
25.48565646062878
-11.73563013554124
-9.244843682726886
18.519430373716705
-17.828765687980443
474.2295589430837
145.47660253213684
666.0112486014154
1497.0245359851274
49.802634354533566
-298.87024282646377
-1510.1952172937386
-376.3586684007247
-255.47776157098824
-521.0331686854732
-755.7125887607062
-157.82255763578843
-7.296757896120382
1.7802808328400082
62.03608848081923
612.5982022177802
836.0015446678483
888.8590244504192
368.6993036889137
319.16436619591144
40.39471692119116
0.04147431577782105
10.763080865972846
-20.53437343610622
-44.53499524316949
-163.01086803174152
-169.55946062646439
-297.65665648691254
897.7282358039265
731.1434688505879
185.2558106064099
5.211451106427396
-40.94617299534442
-68.60296374441705
-48.73586234690944
317.7124925509745
-348.90233064345904
-151.75063190393496
-196.4964558621657
818.9592512378226
2724.8159424616997
1795.9259497909075
1376.1244462190216
964.2001223479214
697.2751350143594
579.9917433488945
383.83269911255
217.82387047244939
121.51054220854721
80.11550084170916
24.05497181267129
5.920807064732742
-4.797538332859613
-29.34648247149711
-76.47887003650692
-160.93717285905325
-193.602954197384
-343.0230862104105
-451.98512453386047
-255.69514429110563
-117.08597137309016
-241.67552175634734
-725.7973024056619
-746.8364173653433
-1032.5398047556191
-1717.5842274925124
-1876.213180063759
-1029.7479826432318
-432.19808717950707
-2145.6505603392843
-2837.430842501444
-3543.7263861601687
-4430.646849334501
-6307.272034737978
-477.5267670948366
7132.562385239677
1959.758627610172
2464.4247087810095
291.6973088442619
159.81841016285767
358.8617392035687
-175.6227361064429
-249.26457216706535
-22.11737253275341
-71.55921391387318
0.01901451720085471
2878.5086450301956
458.92063105019054
-51.73802582571267
-1091.8423621018462
8.541086179097892
994.9945898062093
487.3382343100588
139.20185010420272
227.12527550203617
-52.02000462593597
-240.30584380190777
54.35439891800037
1453.7328748502352
928.9449871214892
294.21661328689765
233.10928691404635
544.0400193461633
-9.020944919050402
-64.83106334702228
-184.4144927907789
477.98307515561265
823.9850616371581
269.210576750085
-10.558919032775158
-7.287094823152694
-435.4473107311341
-1946.904652730311
-142.2729324740408
2260.518468189013
838.8888990083033
474.3416294863794
213.053541891929
-17.71000282138206
-273.2201789526858
-554.6948450812233
-2618.3091838599817
-4690.545617932052
-4546.506392294337
0.1677387365505978
5489.246593033064
1904.4666488068424
251.50434427638612
37.10746215077281
-145.5422828679316
-807.593011391266
-1167.9715784104537
-0.14048922749240134
-146.58310173840738
-807.441005493577
-3.5061451956416247
3576.3095947300967
3732.2793902482163
8951.087172459178
2996.4005489117685
940.4158710209584
1015.1010413646711
515.0958612073886
233.50960980856453
14.894161780015278
-213.9601096675663
-34.6334397155581
352.8967615610885
42.868534211708536
23.98180963461493
-79.27911035367136
-267.78682011116797
-740.4613668611794
-270.56222295985003
-421.84574125071236
-618.2361243458379
-1169.4541963550787
-2128.521394580905
-2213.5330250339866
-4908.227927433273
-6112.232382314789
642.2411015762035
1576.9508493392896
839.4342490184742
477.1245765091429
103.64299461200712
-18.670095294202724
-159.6150849774584
305.29620025087075
1029.8910137380087
929.874101184422
942.6694885952284
430.778433630703
249.4297186668378
186.0579410181934
31.143517736682487
4.6594803107473695
15.343119028100835
0.2892388699909825
21.243662510278575
-0.8172952084468234
564.5151696936342
280.10664082148713
1895.4280294522757
1525.8201509289113
1096.5973237069204
172.13599090273232
156.57676524691394
126.73702235609137
0.16953878263671834
-314.86833729056065
-593.5497941033302
-414.69620758371383
-1482.4108630821893
-1290.4316783768227
-1334.8169219656957
6.200658469040045
3789.4348018213173
4627.353145782566
1297.987609412079
1458.498223561775
144.94892364866212
-72.04189489475867
-287.86709343331006
-1733.5336920110444
-1794.9954005219993
652.7358571749069
9311.235293099702
8974.518997112533
12405.267200566279
9412.003084329293
7204.549072373553
7518.642146615221
3614.3623386548593
7232.297623536375
3767.9327686139723
2432.1799795029087
5571.889394638574
11175.838113918968
15395.13452402997
27417.52896352079
-320707.79000000004
-582.2596789838525
-577.6421265033846
28.949531295530136
97.6401190118346
2693.320942067974
3088.2794618556254
2900.0474558774736
3643.686466188888
2803.6147232102894
1725.5337770528436
1475.211443290871
1383.1652047266227
918.3469487017318
776.6648665517712
642.2381365044255
670.1730077866109
444.0370294378599
538.2228525180667
218.07025864782645
312.6752187689998
74.3730246765623
134.8010431995491
105.76039085096417
4.152090636894522
1.106573764961866
0.7641312599754192
-26.433208022587745
-56.285275925844786
-201.15585101956574
-123.7366745673248
-137.06310445091373
-393.5874273688606
-450.4990519425585
-583.5956071063242
-828.8771463685516
-658.5578939510833
-841.7433431277983
-890.0073518174493
-1704.5372213875207
-2596.76764495802
-3078.3936069876177
164.97604767674488
391.88611494265604
45.076326545395176
66.18617032030765
-27.690398778533478
-295.38625289844816
-283.2104661045616
-454.75413563265965
-27.02278367922965
-4.966032420159363
36.62610802650505
-1.3692024582487643
-238.53300641309067
-722.4793389902717
-744.901156705169
29.208142571529258
396.93581615632183
313.2214934494599
0.49537509568253396
306.4197608952667
1995.302828338567
1920.4870397393074
1120.9709389866812
1395.4963297318332
1605.709200554977
927.9571079866064
1838.7405321459432
1814.7644452865477
723.2759441058636
1451.7188294794855
2217.1245704561206
1918.6320455658808
1731.0548627761216
1526.1890632835195
-51964.6
802.8406452960876
339.8021473851587
290.01746217843527
240.1549983593992
159.71401004302663
45.87449506125624
104.99805201824498
76.59493104489485
38.35533808913134
44.72270956333846
1.4727370661774597
58.551461914150195
-25.598629021048435
-11.76341361901328
-0.02018414884219723
-62.085588061615255
-3.3383890745997777
-60.92636954666509
-51.296160044708195
-231.78099398190085
-217.23569378065366
-385.96116078468594
-605.6951875764818
-713.2991922291395
-1022.4207901177674
-1453.462184031586
-1542.5943884498747
-1851.5799267394104
-1719.4161980854149
-2110.081015991583
-1657.3412034663284
-850.6443736989992
-24.871300576209816
1073.1278703277926
1077.055043277197
574.8510871680047
381.1212114965326
111.48730801583774
149.66569261492884
26.792513929523896
-2.1792684927410013
-25.198003328340825
-70.50307200139198
-454.45781934876675
-280.36497502172585
-323.48292004684583
-931.8600495158132
-814.8987451297735
-24.706819061285497
2.2050669864478034
48.29207674439417
21.627160693031158
4.325562131916393
-9.532926756334287
95.9841441090688
34.01742567837273
48.63322441604919
-12.82760358545764
-3.063704454696599
-16.36758368059482
-9.769625071977526
0.004753873249944338
-88.58534498035702
-36.371613518557936
31.807299889860843
184.484727179593
-5.784818157300876
0.8504002688184467
-82.76344055377848
-127.5386838482671
-105.74305342920269
427.52833156742577
1326.7486073398932
2587.853647716385
1183.4774890190963
1386.6103648523076
343.44514802821413
15.112310199178026
-125.2618775887962
-668.4967460292523
-779.4974099631961
-452.60544167562307
33.37679098189025
-17.932450579032743
-683.5048207507812
-5.8280336880161405
132.2131272849587
335.64878475455816
351.59721568797806
363.3248036628427
632.419808948607
600.7639014158262
476.14403515675576
331.55556511222653
92.44105676282464
2.948594598150234
-25.83848853044982
-54.43174946656414
-158.47017021492672
-164.4100432044129
-234.28699994548003
-250.40231716213975
-487.81579151822496
-558.30388965601
-359.61797069014705
-795.7553938211578
-633.6442827228988
-626.4467958781262
-892.0797784771371
-1229.7551064072863
-738.5612630092852
-224.7575532987057
-372.53753916261275
-190.6142162100689
39.40367355879258
5.00977739855496
2.327245866847512
-103.15192078164532
2.7203746239164373
-4.582158276972285
-10.074662493316849
-16.5682457222916
-87.7399609567926
-83.72192660491645
-148.53705812971742
-144.13420950319383
-319.3756044308916
-492.9209084770669
-861.0615315537675
-864.0459738246248
130.04396318741703
1495.3092881430625
1237.5092456356595
241.33266314622796
223.9737595643706
644.3418314684528
315.1299636960537
-269.3659249951387
752.178350119862
629.7489979253854
1050.3319926207635
578.4014888540196
2044.3339820446386
207.161011644492
-211.38831443506243
-785.765482674484
1621.911984292109
175.9174993257753
24.811451277721897
0.6193464126998641
-9.618420817656677
-161.2251737228277
-467.03588767835754
-1971.3543409543986
-4334.905009377889
-623.8421019252513
105.74196672517265
-2.194759930223926
-437.1587356998699
1.422674523298105
347.29706789549505
295.0658273320659
633.1999331690424
469.52437852831076
158.00474496851996
126.30967139014663
83.43211401815415
-28.035279057958732
0.3686597418904296
-126.71244609936093
-104.14251864325516
-214.57270378877826
3.123114199777881
398.7486676311172
28.098332155670683
268.40133130887057
685.2468190966537
1227.8837715260447
1283.0852929982398
879.9486796189354
926.6847822168045
540.5419770726935
424.24659623349623
452.7688866206179
402.4352164909026
275.00527518169764
262.49728919576205
269.04911881808687
149.8723959922454
255.50276948616946
96.80376628581126
54.44242942994133
60.4502441532923
1.9285080367203618
0.016351270303269126
-21.52223209397517
-104.38409093489591
-27.651545064038444
-111.34482941240498
-101.55007258379867
-189.43668478355755
-183.7314142038904
-286.1365449402495
-166.84139791197117
-201.8422428489774
-173.4323260465523
-454.21502071703156
-302.4124200154784
-484.72726680250327
-393.9506857819244
-563.4294489455226
-558.0366105836998
-481.6443495926327
-565.3079143675361
-957.0323850946351
-1263.9591523226923
-1718.6475691148598
-1568.7926800240155
-722.0611156595407
355.61070717749664
1121.016201286236
424.26509248568766
1342.7879458739128
196.65695697796465
232.3272695183598
617.8946558635773
319.4218084535727
17.83929839957402
-0.02578786662777352
91.2992844514867
21.733246555885085
8.995374832351917
-42.56792720173034
-178.71989905624127
-398.1149316443795
-853.7233656340445
-878.0815952776258
-837.9083081537585
-1079.4139085383451
-713.2228899631683
-1.0564029747275692
-9.969288274812653
648.5224024362831
454.5199418412991
315.3773095927839
1434.2472426143868
2358.2000567387877
381.2057482892624
48.900176071520605
-227.18866036883338
-969.1270564891804
-2925.989021810467
-3750.786084502609
-2310.962880489059
-812.0477841229022
-67.40469051636849
-509.70518632674145
593.535545971591
0.08872107530760077
-440.2262384799364
-13.288321938993747
800.4063350218249
164.58047540894833
320.6252025896323
-31.764256363068384
1789.228457381388
443.77628079250076
-14.558040910093784
-1194.8806335833942
-1916.0497110631886
139.11346740279203
636.7697135398483
2030.8475689132188
3201.214699288996
738.0887647862319
67.76009288875265
0.8756712027396424
-463.7710327292284
-532.7018485342688
1962.842100494251
1115.3842614944738
1259.111268107055
-173.41197526740052
-10.078532705312703
2.302184310806292
-61.630679541788865
-812.1783183629962
515.2874717713652
2156.8149736110736
495.9527626629882
264.74494273853685
20.92306135477492
-69.30008660536649
-253.01031528876786
-320.07389536836007
-755.5107991752416
-1927.595046908458
-1134.897750892169
-298.8517938426904
-717.5355771597308
-255.93757626646286
-51.39062293138724
-57.33469400795714
-28.689845506833407
-44.464395043788336
-70.19494636809733
-41.37126231902511
-116.65776515807158
-83.78374988980119
5.489589358704887
37.776394610002356
92.25154526988972
172.51201685315957
15.895056238327724
-33.33026285381384
-376.15730783725024
-772.535775224375
-211.60815362472192
-69.92189250433319
105.69366140545499
307.2949362881572
1568.4186977646668
1991.2089384666565
1006.6672059131589
662.6346903230989
352.5191691184259
36.24383812782178
-0.6228958877050146
-0.469424935366481
-513.4595724711389
-483.3460541454454
-351.6329976365923
-1358.9683011942486
-1455.4260332024041
161.1398281293283
188.98098548398497
42.883073994169614
13.607328673133232
-154.5431186729247
-527.9707449779814
-2479.048928905049
-846.2868374975722
-192.78398640907005
589.0488546762347
617.4581457418655
-103.78087288077734
-805.9768571872705
-35.645126251687394
42.29070324974897
2368.092575606269
2202.796996352812
1056.1777596582167
207.78825216806692
61.52603475040722
1.1067738007800956
-501.78947251408636
-3843.4615765808103
-258.90839195600955
2616.19276651487
2171.543741364815
1000.5808334958116
540.6829124644639
204.21387639700083
-50.75412789680312
-188.44987150123148
-348.40500890605296
-305.9587353171494
317.10722247702057
98.91284997669011
1.8526066055362496
-26.26241350067838
0.615853455122918
2353.2523421310807
43.152042806200406
-183.1618622817978
-2647.714646913784
-912.3454880803057
-1945.9323353425684
-2091.695063389967
-1927.7951609115466
-10.234023626938477
1138.0498822402988
2377.1261090345693
2611.8063392257923
2508.8420332119367
1804.5382801300802
1657.06742332243
1249.4295826419973
891.108442316545
797.8940311116983
531.2254937925234
467.14762082918287
372.4361911709951
291.23961471004094
219.31368387801766
175.26967648512797
150.10231438741957
103.71768871949449
182.05345113773794
110.84498420870732
172.6238064464512
142.49846620423654
96.350837349455
114.00356121303365
64.8361713914048
21.29233683137415
13.075171502472173
-0.44585464617097864
47.221933624096444
7.348375608605887
0.05505014842002727
5.92256972680488
-36.23005915417996
-0.0929949586482093
0.15988292412957233
12.395679913325711
15.14686082034478
91.59847574860216
385.1929651556267
217.45540709887413
96.44009052319015
199.94498830759784
54.98699083359793
-88.94907403030837
-532.0464238186942
-684.6934172314872
-853.7076298727187
-524.3749155976162
-293.7465969403943
-165.99658229674083
-18.513078776429285
-1.1385537664634602
-7.647783064285488
-147.26495131565184
-195.06463135238153
-332.9977915286584
-474.57255396166136
-378.47997192837244
-744.4623067143264
-859.9395560157313
-1325.9652138975707
-1994.6479882131491
-2296.0681361508477
-1730.0556423297548
-2509.0401051372555
-2626.9802349931842
-4384.11830561983
-4023.902388459359
-3128.3580789837442
-2888.5488800376443
-3400.320091668748
-4183.126734130551
-2525.922717486929
-1458.4769537374386
3753.2138071240847
17.14740608897128
3.678359193302714
1067.2155947981846
2714.611845310822
1939.0433645889043
818.0634259040093
337.53103489334933
46.166767103257264
1340.2268871676397
433.59113344770975
124.25840159215926
300.9696812196826
448.319539375429
-17.318564602646415
751.2381720002347
1089.578269384245
1730.4800071626137
217.79933186885629
-92.23915642874525
-1392.0237628461382
-446.6028437139526
-268.34685650943766
168.11808575607216
331.81806154122086
-132.99984749264095
-0.061406928818090685
200.7518643981367
2018.8407062945955
2251.528547146029
2706.0367809946
1040.9973317414972
2691.697034295362
12114.31802047843
13415.8784019226
13950.311696636214
28126.00786630402
50384.70521410935
61522.774832947965
77318.51588106749
156406.03345802618
282333.64044124645
470261.2417621681
443267.79494277807
367770.50664889754
377184.9073157785
331847.6212984904
340403.65397269174
299636.66011595173
326034.0007184752
370692.57208849944
360255.8436113108
389916.7635861377
386329.3505592418
423291.57439123956
417144.42493014765
442447.6035290627
492218.903328437
504136.18484327104
630344.3718935023
781072.9222744528
1271480.985911982
-1847012.7800000005
-1654743.87
-1400399.8000000003
-1177812.3099999998
-860451.4999999999
-730323.0100000001
-542066.66
-686431.35
-525118.25
-484065.53
-512377.3200000001
-221423.02000000002
