10450.539999999997
5183.5370907500555
6243.227481332226
7953.456886289288
2835.3093557208795
2127.4349497467874
2184.0461315267808
1637.07791478955
1750.1107510334323
1175.3934666248338
316.1124409548514
446.4784885836275
250.6995116290941
140.29451871679186
5.453590476079345
-21.38907986786533
-197.77864553783178
-29.669557990315543
636.2264001701797
-0.682481028054698
218.90932085127793
229.71387103267676
519.4726769255825
516.0077833795092
297.74745103271107
231.7539640499278
199.3089115374768
124.36344923829849
15.268538386607492
2.454393872589195
-1.1323593111383883
-2.388279127398749
-37.93960092419854
-55.92243202059971
-115.40093684431888
-214.35891974230722
-651.0564878411597
-1573.0537763619072
-2291.7041274044686
-2606.485235557655
-626.4476029361417
613.8563947808755
2485.1272433532376
7729.533136670263
6611.235335387161
4102.107047306831
2589.2747725117706
1202.4783899225245
540.9428240953066
127.08697387955667
53.65761455886111
-0.0036073835078849117
-2.2264334135601334
-69.0707960784384
-305.69238603120084
-536.3562248830797
-1278.6414437465828
-1632.9500837850385
-1021.2733702709971
-1464.7961031095622
-2873.7354948289503
-1768.0832940094726
-2251.370587629999
2.386494003702783
604.0303760405207
25.362166774282553
-259.8943912642291
-933.0294684397892
-88.66893879520913
28.8526559743678
-470.5814396923888
-109.79121411209175
-281.38688143025297
-395.43370739225503
-164.7677482288626
392.5799448751984
510.7929523659634
2864.427212609272
772.8101790789847
102.57667877795093
-111.17712719029336
-1323.1229220752166
-2040.9152978055781
-4690.39790885369
-529.4360937096922
7.15033589363365
30.25509571258186
-10.946408795254573
601.7619377173452
167.04615835393375
142.10923572201938
0.9577817561448091
-10.785217317708792
-191.89503696007432
-403.4632192734247
-374.87826870370696
4.11278327334976
-43.49221700931314
-18.801704615769424
-235.98092652964647
-253.26942552859418
1216.0586507390335
1327.2389563431918
739.2764995377022
-8.54524969715388
-133.81466274777833
50.27050413043869
0.5609520016579578
650.5784674229193
-28.48904159711205
-1983.3757785572507
0.9312396319173273
425.11221843508974
178.38741337860975
76.6039412901328
-0.08603504829131926
-43.86478907974043
-31.488904508974542
-18.00601803376561
-15.295763330467611
549.0064897000026
1923.1230060345729
1265.3481126887457
1085.8504466176223
463.1016915600052
422.47652048421577
276.3426322308221
262.88281496628656
4282.916403541048
1522.6873438969599
944.9654610844616
766.5853767200161
352.3093125409332
399.99473566517014
790.1445825592937
95.55669590163065
-31.407381110823792
-105.56577179569004
-249.16477319965583
-692.4482488652006
-1187.3460982615816
-1087.7063135207488
-1036.716236172898
-1496.8315121849487
-2963.9521735499093
-2844.59615857711
-943.6562994046021
-792.8145846176647
0.0017204909378012883
1479.5184894373972
290.468481600458
587.5706677949447
130.47177530133735
7.444053912376595
-432.51224822195564
-2059.792227624246
-4024.56151784986
-347.4498967220128
-82.01947577675492
177.58024640466581
939.7664776904802
296.22339753103347
15.744821772673998
-62.763545590469754
-537.5005978137253
-1371.7620038370246
-459.38229706997527
1063.3838181298206
744.0553160905812
310.18420515006636
988.4942450245618
1071.0901209243507
207.44041076255934
-3.0180934026606336
-176.00649000457494
-985.2577075123745
-1554.5509899862714
-2214.6854284501737
-0.05574574119733547
30.06397463598939
-587.655295557111
-23.942289947080223
99.97502882226838
148.9018977578258
-5.593720810801267
-526.2171690849133
217.04385759092978
132.59670457198408
-293.1286684632273
-1013.0401488748499
-1167.137764924688
0.037354301112077784
-153.74729078496625
-933.6502181339524
-3400.1685132094417
-1326.741014129406
-244.36919533920712
-69.54951288942658
419.2827354765538
999.8365023619101
1499.1388494271414
2735.093234252492
2740.6183837734166
2615.5635333102937
2368.314729108188
1339.7735673391878
427.8008141080264
279.03103122635804
176.627349002676
136.27599733509066
87.34920157557644
56.563461826760495
8.083653718247056
32.3894022996
-0.8368925994255124
0.28034719860929574
0.5623051408444542
44.00181938992149
0.745099741664298
-0.15194194603213437
0.20229709935722773
21.379838447531327
0.6591455898875473
-2.1210537862847363
0.46504264297940645
-2.8220891479279224
0.8050230204141331
-0.07804651613565841
-21.27529686850302
2.291514229062611
-0.5952779747586842
71.59913259741768
46.09128311339374
63.023213005963825
-6.602634172782059
13.576932598956212
-99.9242164460684
16.21770636714415
-0.6917020429540305
-20.223284810260125
0.1359833393772423
-31.09951542209282
15.537448381026262
48.77825856867307
167.4342382618565
119.26706739834302
231.67540733699846
220.11163190312004
335.198399423811
187.87278288622045
430.6553586326751
138.78114232476443
334.5429682299403
216.75006918246544
199.50431010598697
245.2266487228557
170.18539234089258
63.17132437502147
17.497734689541996
-14.89000693719454
-17.42542937524947
4.82480743567543
-48.38158330979299
-40.693488442236664
-70.09190464688501
1.1773558807910232
-25.78960946480879
-96.30666335145358
-51.505837499380505
-3.9286323907455625
-43.738726036124504
-67.60192591413004
-23.499401089237804
-73.96729253068915
-80.3689272978755
-36.75162865693823
-141.6302233945721
-104.21172376455166
-10.20998588759877
-72.51940515775848
-7.044612147342136
0.12272979619056215
-7.524766912766527
-53.87670869637533
32.632751751261
-1.2661425598212803
0.11261195211646806
0.2171532191353004
-38.752286786127385
11.93687177048057
4.238825696930238
4.141201633577761
-27.62751191377344
10.117548263936422
-2.424391054206229
6.132440569148435
1.6141558714674566
7.200513123931973
-2.6693955425270306
-6.9712512899065855
-6.2516141096952715
-15.420038637432786
-4.414802480071801
-9.465585007359605
-38.718326129173754
-12.28287353984329
-21.953986340163254
-4.681279749797936
-58.339072442112226
-10.915010681665555
-96.22410639406938
-127.84059077976222
-70.8158572573235
-202.98060999625102
-67.93234908639404
3.4586305688407766
29.582924742851418
11.557338748928098
59.79777836574697
115.41593024352372
22.910565072064408
4.215982434396554
55.87671839639177
8.405884757420765
35.332681373857625
130.5955785607532
344.9116485984644
178.04232207499786
646.769256922424
586.0331432997896
504.7268675864767
56.373607850937226
90.32791255541004
197.13948410460446
96.31099376693568
113.79901592696356
23.00220654096226
-1.6952914591275092
-19.167578761436964
-14.927257675992776
0.8424467001227018
-139.4908780600834
-0.011500873437575974
-45.98457356437715
-6.096070746285671
-88.9640329872469
-103.21311744953424
-31.689825783298282
-1.2712370340051495
-7.95251338207689
-38.256799308845146
-32.06932711531781
-25.905840831971812
-0.6972501684114246
-8.591007181912055
-11.463830348615744
-94.53316518469309
-8.87088886527637
-9.586292536401139
-106.1085388362319
-71.9970576448801
-67.52821816727501
-180.02611251889886
-72.64317629505878
-211.327695901898
-264.94131887918513
-351.31194712767257
-796.011696348535
-285.1647661271736
-185.3559193002626
-1.882196682905517
3.275371648082677
49.36837812217086
26.331628808598484
26.871303599909325
128.4387835159852
179.83098988332858
122.40227813608445
129.85557832917823
164.9420219007602
325.5674252353372
110.30841750426809
107.29362989782513
89.0025252845154
33.46119777032124
142.18307778204925
24.331264301140383
15.334089543465915
22.882360026355315
17.842435319782375
68.99160167125373
92.78685231632625
5.10040998366353
51.57798449432519
7.224441196774573
0.0818987456624193
17.27046719658305
-10.698210537294232
-19.619385017527392
-33.456215379042995
-39.909832250197574
-63.89064582128452
-24.25796023072271
-42.43832731007535
-54.80599104143364
-226.39640829480012
-88.09677301046422
-235.92153541988648
-33.028555181038136
-178.97928377472866
-39.1369056385146
-3.978635055707017
-34.160734014370206
-9.86850472899518
-110.72573051807501
-81.98233655558127
-142.6375567758252
-102.70444075937246
-198.9128518213824
-103.87425232430952
-71.146653912512
-248.12890076662495
-136.59493547049317
-286.3747512578834
-268.08343977275484
-245.9663663792711
-256.95565389281245
-353.74537871427333
-65.88877938926686
52.05188501157327
1369.9170941534308
1663.3305706082008
707.6808240441198
296.3262274335178
104.94496120915686
53.674922762618735
-1.2081131817505546
-3.666305872500738
-42.68569979195355
-42.28400276944485
-8.663730018211151
-23.589165423238498
-46.72648981810332
-15.248642119190027
-7.349124529839736
-360.57856483695787
-892.6064144974428
-100.68858943253835
654.4439554657198
68.29176358431394
-18.060073173674844
-259.61434198529383
-858.5558441092726
-1277.8663647193714
-34.90343647081406
658.8725193218932
-41.790849018131176
-607.0402763607581
-914.8785689431113
77.50941656487143
80.85052064809692
26.7637644983008
7.4926386978495305
-81.51765747932768
-56.833384723617655
-238.54498917448458
-69.7793454480911
-33.53841440482457
-1.6319589181136462
0.18261345870208623
-11.628296916832245
-3.592933645951022
-2.0003480272922096
-24.947446392293266
-59.12814407810898
-111.23765844530038
-263.62239819118327
-64.91281308350071
-231.8937793865761
-229.49284621928513
-333.7868471184426
-308.9295557694294
-443.3028284125698
-168.9887900803891
102.60558206063632
2855.3693359453546
592.605498023667
222.3181020478521
185.0152730268132
-23.77631676278181
-125.3330139437411
142.25320013582967
806.679129671942
-81.00195451665131
-18.93586045994329
-632.2790641601811
-229.7192218675105
652.0209301787379
247.6469979442169
-23.670373129547976
-18.21960657550668
-435.8197932219276
-970.8157150391513
236.77002590019163
1067.4575774745592
1292.4111805032346
1376.924521392963
608.4761288376609
774.8216613897322
817.8605472192071
583.1207767268992
728.1594163788504
488.4829037835373
549.4320461573275
339.4318362914409
272.26542550655586
489.68945198224833
195.92534508618115
65.85527954426333
0.18361540182807107
-58.05860836716726
-18.371208605409045
-57.48529523959783
-119.0612441651525
-172.07807493638046
-107.94118186433764
-93.9131630266331
-193.95007970064844
-168.33166346299453
-322.9197263111989
-349.4161422282963
-461.3566306991304
-275.7280919945007
-530.602554723984
-595.3361520615256
-396.8601564764855
-566.6352776972593
-435.99258066821926
-504.50855611410697
-14.247839229917123
-87.67793342916782
-3.5627192831734233
-1.4893098434345797
-4.311580063533991
49.40189021825863
206.649818231353
719.3819399177646
3592.4062504017456
2673.0670447125676
1607.03797282304
291.8698527025535
11.51805437334907
-161.5828461110628
-1124.991914886886
-48.04251813644238
-5.329983147766667
-3.997051579320557
41.64907129020788
-2.3057643178927014
-13.388748444709679
-233.66234988983595
-415.32756624086215
-528.1626152471847
-289.595358425663
-375.27480652591
897.9279999900161
-26.419159283648412
-2203.799187806302
-27.985333633541345
-228.7861812966527
-4186.673556221629
1.0834084605564687
343.5311057941499
267.168164786034
130.97498754254448
192.72307557111492
133.66531053431703
155.60809244524086
118.25915555267652
144.38180700291673
105.55230213605029
30.93365944568333
20.02584329912247
21.752494967725625
43.419468923333255
25.602752694614733
13.384852937840302
-116.0975960012476
-15.735103356878946
-19.040306810585985
-229.3971707652187
-160.99603062952409
-264.62342284813207
-372.8475999783891
14.526597048531263
199.40729891398823
235.28733303850947
200.9589666687359
321.82573867536985
295.07063744310597
112.69444235957619
95.93416986236429
0.9090437179838979
-2.265544104219841
-85.9865712355121
-145.532645793427
-210.90382806831096
-336.75512989797915
-275.9509694049331
-289.47278388487223
-497.70780783647643
-575.7064162742962
-531.610274098454
-826.7280837077838
-825.106003111515
-1016.6317223973765
-1125.4476402062276
-672.953513272872
-272.1882926064982
1118.1758968900806
1292.4830942827139
131.83861748646981
-1.6200798741376983
-0.5817013351464725
-28.34438241996066
-88.69962176590847
-667.7191858538274
-1394.9629756785673
0.8735041049052126
2803.938306861034
3045.453630208245
1267.3954984683528
742.3248163882913
1856.059956680709
995.7594111168513
267.2540637581497
50.521642123106304
563.7408358783484
1720.990070185041
1670.2975161512704
1443.2047878815533
481.6159759257504
11.55469327527617
-68.2985146080573
157.45677074814841
1894.8958831189402
1249.8592804720486
787.3686889365675
253.64077847824007
81.26930249488636
322.1237138562526
236.58445308711853
4.204251400828271
-16.116412489254667
-323.2947435560832
-1245.1763791915766
-3012.6069377855974
-3332.6056980875856
-524.5729538463057
-1182.4963121455703
-2541.3162184913754
-4642.34865384226
124.81090931427744
23.30973016060692
-8.648566573439428
-19.552563308047272
-266.5340882177814
-793.9763052542083
-979.6675603025883
-3.663183477434626
-21.197375885544908
203.84701304018597
-567.3821253998558
14.821927470350042
626.3029522766997
622.6952173399502
-44.36167908087272
-666.4353839060996
-1267.5204203450273
-832.7293377664687
-632.7240145638335
635.8913077023473
321.67971845701265
25.097825463128817
-22.98024918117197
-1049.311932958003
77.41013236626894
515.8738514561884
640.7966954081805
366.42610727153937
102.14946239101366
2.6169226252601145
-22.5598543362872
-139.36302705845583
-352.7498853296729
-950.864267682404
-2255.7484944616826
-418.6166539180577
2689.1534602200963
1151.876004220875
1241.4878490114918
259.6580438401897
-106.4213705295198
-701.7635775993853
639.7416936730222
1704.3499485960015
-16.302773884725937
-858.5394860964968
-2755.4867582998927
162.1568146171943
-75.07373630370556
-1119.3857397167233
-1210.6633191115318
763.0488424853879
0
0
459.2445222926616
0.00946629619757472
21.81578772660468
-33.35285419820205
-364.99630952672646
-272.37364589206527
-155.67742860724917
-837.886398119563
-79.43538235170756
-58.27395593369684
3749.363778447084
2892.230039646132
1696.3456821374855
680.7505936205745
485.8520620288195
109.3094067644824
-36.18109052826904
-31.08683910048313
-649.580982360079
-801.5529478902023
762.5606761840096
90.69870007697529
-83.84131030051762
-387.7387075155841
-1417.555567918374
-2736.502414977549
-0.4166228825699467
528.6383080639673
474.70641525037433
391.91112319454294
355.7310624945003
178.44652340202146
260.3566300632586
45.82849965687368
43.39053790510525
-0.16120975874512591
-41.39351237093072
-76.9108350576511
-193.6219740748319
-219.0407531736836
-446.17932356320694
-862.6660260997049
-1046.304145099813
-1595.1463070841874
-739.5186374955615
207.40502805082292
3501.155237824667
1862.7019341012624
1179.7695024017776
3098.745372594385
1971.774653485029
1168.6893360714512
627.0075408566538
100.34135842415431
-0.1951609945271721
-141.691006891899
-495.7502956710811
-502.3570415069064
-497.0282322125294
5.569169730001201
25.75666146970157
52.9145838066247
401.671549407533
1923.014865917762
1623.9817125890372
1202.8627139389162
1056.9397258804856
1070.2661979779073
517.4681502880569
261.6142449929461
129.42190910328634
5.072048367887344
-5.032526366503234
-86.78166809754512
-1068.98694362871
-2853.2757946221445
-4935.849628835425
-2360.2083061604676
-955.6623086027648
-804.8735867902017
-1431.1373740465037
-987.3397759792877
1776.5973438402912
2225.1985709720484
1994.3129685968977
919.6173184128568
697.9302656703354
442.2226580035332
413.46233741690594
219.01692542389355
24.629667003194065
-208.74132340439326
-1278.6700652454442
-2855.2899564101344
-1077.844709500589
-404.2618822405656
-344.28628513465804
-1078.2678033649786
-550.694401291858
-2.563371290227434
-8.508219529293836
-3.8941066176291055
21.692420410690588
65.80153918181755
6.108651268264781
9.660412987828938
19.88131140654647
-74.626543159229
-2.2013422050142726
1.5782443240517603
2.690819580417954
173.35897780691994
427.96398647594043
145.2444989853768
-2.796860243687058
-304.5303443760895
-121.49849391501188
-654.6523699852775
-1242.4105923161896
-759.3200834558153
58.941309584566795
217.14997206190148
438.1911267708687
603.6065512369439
473.0815191773967
323.4358296420994
259.27222366900264
341.0415833586437
345.05796826042683
130.15707052019303
230.7302829567471
167.3190610410664
177.32809622161437
247.28842876380799
76.42586850008773
41.491079360885635
60.53347681753999
110.6403126993109
33.77808875035745
2.3827576002152964
76.589270910135
30.611790119817
1.374969774888806
21.206050835377603
1.6260497853040459
3.2734749147065547
13.486038401549255
34.948837608287896
1.4589825251119588
-0.5662290282107802
-24.089341220022817
-20.565933133979236
-10.548431784311694
7.214435806977468
-0.867649290470812
3.917645425526186
27.322023078078765
5.769541116774232
-12.851447027731709
18.752272345464185
-0.3030366361515594
-5.113418848005156
-0.03001682192728386
37.49104091585832
64.85008820601675
8.721734034664813
12.316682078745224
1.1939406089983962
14.580926457329667
15.155147052034279
14.371614345558196
-10.658485999504267
3.9306515571370495
-0.6462888406239505
4.566350409944644
4.397770262600092
-3.636011817605098
-7.864355064618924
-0.01041994238921029
-19.66983557777842
0.00034589134735522734
-6.719011768846224
-13.347829703691854
0.2563933395570662
1.0570002496002204
18.1435539194381
-3.3358295135786715
-38.86111225778404
-17.338276334315864
-77.3962441248401
-242.70474352899015
-125.86015338168545
-648.939120400948
-478.32358056913324
-464.90322118487336
-461.7507875324734
-386.91741402102815
-451.2334688925971
-519.288804413717
-206.0818804999265
-219.16199030303687
-66.66185512310739
-74.72993176744325
-20.995768421505673
-75.29366572543294
-0.6112812167428742
-17.378542761148807
-44.769615742062896
-11.073954281017723
-4.780175630754398
-51.006433809520686
1.783344764590844
-0.3688016592071472
-11.384501350318548
5.619811293066987
19.631814437636592
215.2213679549022
81.2928570836999
108.44467135337203
109.8376073086203
44.47104510506304
106.56028390439393
197.4276823011583
313.2686131589433
359.1315477657568
178.94256906437556
242.22269795603222
435.7050062641081
1130.0907819871377
2519.6093720641425
2990.389115365298
1775.712469985975
1671.5606523249007
1466.3904407975335
1281.4659993077175
787.4395693577994
1534.8388320499694
729.4403672922767
202.19995326694948
1.1947662488544726
-137.714675909028
-71.94920565867542
-115.5497841384648
-538.5640476655449
-465.7537492553263
-580.9517617221173
-783.3559013575575
-969.2994024220152
-1143.0474595663068
-888.932717996522
-1059.487655615167
-1061.254937469293
-1443.658311240907
-1665.0070339046981
-2070.6409048582454
-1312.5868787248837
-749.1135383248873
-122.79902358407932
-7.439955806321544
-315.6145771207922
-1146.857082220417
-49.82506025675962
-224.11332916589458
-25.61761334761431
-115.25040994268717
-308.729773129125
-565.2148674205881
-168.45515418841987
-76.55426897324217
-283.7063583521853
-348.924393173731
-281.35137194202787
12.458378634216809
3049.4344765666883
2557.8327801569408
1533.0764686246089
1589.9653563883403
1429.4805974610842
962.4465249613886
1570.1391998814606
1385.6843267726179
1174.1546017995524
548.5721871750457
59.46277534027914
22.770028880488713
70.29293119499778
94.73368781293415
7.615317531987648
-121.61763920092146
-808.9879374824618
-16.80397858209407
-8.204961222073367
-335.37539084529647
-848.7284359929428
-1755.209527723095
-3805.626644525598
-8795.185109949127
-2974.9247382168505
-3152.7116994580847
-719.2715155259407
-47.86797892901608
-14.907922973722505
24.08292459382264
30.963303395666617
496.34261522707624
442.4025764966376
96.27776277094935
43.200962599160746
3.272131601823844
0.011614165268751035
-14.518666730524837
-12.24624084653528
28.202293478268505
32.61567789045782
202.83643094844638
420.5848483238184
9.241770825831024
-52.885638677727755
-40.93293405500647
-8.841135630959652
-0.2509605801790396
-62.8193905911525
-138.28286334557754
26.81149685878171
675.3809695031806
2522.9891142475853
560.0186892771768
29.156497311004035
-281.59445408176555
334.7095204753026
223.8320263121863
17.24819448620065
-70.09986247292986
-580.5322310554343
7.906653083493395
165.3744628677571
91.58041226711165
220.85512862446765
53.99174972146561
-12.040246797614447
-137.5392862377612
-197.77640614474802
-519.2215929834707
-613.7943140718407
2.0622097814049214
70.26898235735142
251.99218392522423
205.24150438300228
147.07865074517895
255.92310308886087
187.3444676229955
66.5654785372563
128.83910950025628
15.808773706872017
-17.589208839805465
-16.619849319216954
-16.601627253128566
-24.52166930541458
-56.25486855555693
-89.67521967576985
-206.22655347026077
-133.95900756006034
-285.7558813933874
-415.7813883059128
-765.7120535771129
-947.3402206048515
-1225.7550859923833
-1507.5485161478214
-2143.2130494509624
-1968.649497728593
-2586.970307782695
-2143.294785574732
-2618.4852627458545
-1229.3423720517678
268.8172895682912
2685.366775840138
2462.4653842024286
2008.4016988333992
543.2195348149552
-14.192726558991275
-37.708102643638775
0.00812179961689602
-5.062918906312105
-472.49368313757077
8.392214442893545
172.76669700278802
2655.9410126316234
1287.657316295804
279.042956314526
-159.13496191151947
-18.379157128840184
0.15074116532470158
1803.630457608451
486.09110647410233
266.37066382803533
733.2078695566988
44.356801123937494
-28.66289107475425
-1118.053360520741
-2354.422798766343
-3647.551022842026
85.88560391899486
5552.361032987885
1472.2930507684446
128.84641609515214
62.01830426523958
-250.11454743207042
-959.6726958526745
-2970.4227868315907
-1102.208866986523
318.33712061284837
4056.1450173492967
1002.7449148342203
356.21936029171286
-2.171356753476413
-454.2027115618508
32.09692168257008
-363.93116049094215
-1239.9001725109445
-3128.4958182733335
62.84847444510612
2608.5603621283226
603.0555927444782
520.9418262507066
503.0289413360037
1321.3687900386167
639.6166531238874
736.6606998333738
671.7361991098368
509.08602352000764
410.4780684315823
175.65082710788266
75.64140541063662
-7.0602535723026945
-54.859733696928096
-103.86349022913197
-30.463050401555982
-82.95486927317178
-154.4407275233697
-348.38974905270413
-371.7922962944024
-698.588664154183
-478.6061906382529
-721.1954938153449
-498.32356666711576
503.78544450230794
2469.805940411285
1166.981787408898
539.9647851820971
245.65993062999132
358.28660581512463
586.0438046070649
492.0680920715039
209.16582939566774
53.98500687450438
105.30799923494726
36.07066153135061
13.412686211616421
6.36340229193042
-0.010589264297864321
7.8074174332191175
151.4030118442463
4205.813121894732
4405.473238941668
2208.785903795667
1446.0427585035368
775.4133932015231
617.6232447130315
557.9627528160152
475.1296132643032
177.89683575265667
151.91125317663767
23.427909273953034
-0.0004691613466027044
0.3036212293637467
-18.411173991650244
-59.5324232412171
-95.2943762204575
-325.4574654467589
-280.8024997727847
-62.531174062232
-57.67547713171619
-126.26728141325195
-106.74961139300899
-95.6091109757954
-148.70435535583147
-241.35658528100797
-526.9179637566888
-626.1117197684817
-1175.6528811775695
-1331.24524860836
-1574.464297079355
-2276.5760318821117
-2501.2155624282495
-4283.129810976782
-5704.9568010450785
-4050.475090517849
-3687.159838563224
-1100.1315559116351
-150.12981151769836
-8.816557583656243
512.9939389145882
35.53001224030587
-79.64882865605
-1231.4609004167812
-175.26084040147623
3038.12674107806
1078.9342246821448
26.19791885163715
-94.3342290950159
-430.621160049251
-81.78953220013435
-153.02026254969536
-529.5595048501284
-1746.9465269487914
-4106.74460558237
-56.78930802110947
381.64815743279894
835.1560627731825
885.242404493296
1251.1031043462428
1308.3714808047685
1168.4477448851176
732.7629428767834
784.6776978743442
298.4744201659711
405.5627041453473
179.81028411259425
74.75034281522568
1.2608891183465873
2.3733038825802097
-4.903136489193425
-68.42742840192534
-161.81559019571702
-418.487652110712
-336.7474270766012
-525.5474327177408
-436.17382008861193
-361.38335402516987
-1064.7651040856488
-654.3349520209073
-217.66737509626296
-23.31887498976285
176.24603013366323
590.6749739590739
196.00926199737182
22.024379828235183
-59.50242186539842
-51.103261423529666
-2.421462944146755
-283.68564414887095
-551.1125859277009
-3.516465338724619
145.6981738586619
314.8432337393791
737.7928419709888
6331.32840030879
2848.4668055748893
868.1725976875821
68.34707616682363
-239.44816960087002
1353.8586082780132
659.4411650656932
-76.39511605451762
-1535.3138821061953
21.690868369604516
895.244357503005
2189.4674234589756
1228.166530106611
444.2316736206175
139.43623088563382
-0.1301115620634474
-122.4737644205868
-42.42016695345515
-87.94927953046937
-37.64735833057934
-20.459544616818697
-120.16722835660666
-156.89200335888273
-284.48677482146013
-403.11087631145193
-585.1398718420738
-1487.6546953471122
-1741.6293221333408
-2027.412784799139
-1562.0215630308137
-1530.3037584456806
-2792.7804803274585
-83.94206111561684
-766.028523696509
-1417.9557113412625
-92.30429165934756
334.45290192037976
434.60839279899994
706.0887239615258
620.9387457712735
495.7424991448011
428.00823100241587
312.3062257527795
425.2871490354289
586.8122848995208
957.7564865403076
862.555940228825
511.552349513884
318.22352685502005
162.20001647666214
303.33869416995367
226.5848908407407
262.60428125283426
299.746567562524
327.925051208426
321.27114283123734
93.62652645837271
199.13505316254978
98.55311781440784
24.530570038409767
95.04337854170778
54.52984846803657
17.83863110324912
33.776463099080544
6.728490301911524
-0.5605251222655054
16.217889767771638
39.77388306485329
0.3085641696059437
21.948737668183547
25.26718212831728
0.9499273795956451
4.202768490539128
3.446293077896171
-15.95974317406877
-41.39301911203186
-0.21372738972042316
-95.2610845054346
-60.44813293498268
-81.73458314571612
-111.79776187248446
-82.19870428348153
-168.91041547598223
-255.03890489994487
-170.98949540999766
-642.0363265512013
-349.64089462242146
-128.97228557967134
-306.17445121509104
-151.38141176708268
-391.7238209376559
-291.21582897568567
-187.29920252157837
-225.3283431803297
-388.827523675371
-59.16187340475775
-14.922081068467659
-42.273464250211305
-557.0478923660883
-88.60060709000712
-132.89514212911183
-326.82972927652366
-531.4985296813594
-372.55722591892516
-179.8922345795496
127.18144205225391
5.313361935043274
-25.72653436093189
7.252402695477243
5.042433510215985
16.282795604744415
174.27729260588933
-1.327777126258482
-27.9351796660714
-163.56254994855118
-161.800509910651
-10.612010977191247
535.7786004472996
1141.3563591606985
596.3641526593232
259.00362419441757
130.30307374257478
41.70123709131323
157.2467758271483
-0.12161815349998076
-85.79872085337482
-756.0281530384484
-2381.8624184106807
418.52953081167914
98.30740561273365
-1252.2753723830751
3.243877581112615
230.6889066032127
1392.0632154987109
196.97871658987683
-7.3894831965217005
-114.4356080093748
-937.6361153062828
-223.91231528401593
-6.868209328642767
-590.3359210376666
-247.5550546900893
-225.6676710119745
280.4661675609468
371.01391213700697
249.37931536464797
322.8778621730836
256.2994719284029
51.42013665059226
13.335623855778037
-16.12856720770239
-73.8998475081655
-191.5581474975754
-354.0602362554405
-493.96047847377
-914.1828832123131
-904.617748045909
-468.98077869402556
-0.8154404376955088
9.712873246124092
-55.82784988062313
670.4919994240735
1412.6838064640287
330.5550589719508
224.35358706851522
612.6043989186147
32.928720547596974
-411.83855376310396
-304.6164282274557
-272.3314001847862
-281.1895400030985
-16.63438052003148
-190.5117003160722
-391.5052315087114
-435.65138113002735
-720.9300182494351
-337.67017709006075
-201.72590422493886
-66.9634149060642
-184.56444122690658
-558.4840584583233
1831.9197886472273
233.85046834199122
-6.107091355646773
0.5599813788566887
680.5966998902627
1330.8514674252556
359.5828196200393
573.5120761668691
-40.677163036355466
-20.38274125014334
788.1035996326407
95.37229622022525
-828.0797059003444
79.95064107371458
405.3220103080472
-3.8742786545435224
-2.4775339221091857
96.74820225812417
-527.7632225057346
-8.480215774491548
171.4493741564635
296.9830279095906
-541.8700291759736
-1488.5396160443456
-1031.8974905538325
536.2117343785404
513.5827028576291
670.3322091304967
197.7208996622713
17.809924995892608
88.6308913800088
29.491555615842056
-648.9221248083201
-1280.2425297544046
919.0025168562182
4662.182815679458
2314.233886943476
-81.53186989266432
-2680.747444294855
-6210.670442020662
-62.969927490094975
1937.5658894043324
568.0163654853328
-220.29409632414942
-694.6192480011445
-10.85627944044775
0.07933111300607051
-391.04170380796836
-762.9241460558094
234.94085434991555
168.98509495074293
438.16399561317456
-496.7799147270616
-321.011752181077
-62.15398478148044
22.750114541270992
-313.58081536258055
7.2700022567795335
1163.6250710678466
-16.301818150565005
-1550.9796710005646
-135.86260933261337
-578.3490848429717
-107.50626334690187
177.45939596656848
266.5711898149239
30.278686238915384
53.90576369146406
148.0977197056443
1021.2775122050436
3105.7569049743993
2351.9529427852576
316.19624998247025
75.5954287272454
-12.312640445013427
-162.8491519528667
-36.43999838669315
-52.39117353681002
-698.8612612593531
5.99002146131522
5.200678861937284
249.71062036873386
4.885595898714742
-138.77998721536215
-0.16814916218822254
434.08137799273584
-248.54463995932971
-453.38692974728394
436.11319302869606
323.87799850770614
14.588471366610186
2742.428732995999
3290.7987698365123
1660.2915086426478
317.8354282161822
10.142672569240919
-160.7807274681272
-446.60272642816824
-1276.872861323643
-3415.5023111566406
46.92724597653721
-1.2217655802196148
-306.7829386199057
-607.8538183787541
-708.7718734660378
-76.28533050395316
19.076317865240703
33.70557721543928
-176.67381081834128
-1415.1956639556834
-422.23106375032955
-1389.3472495632755
-715.3816730146316
35.473980430204335
615.3649099500078
1705.3223811053124
123.81980746188772
-866.2354996159464
-1194.660798498673
-1256.9357083705102
-68.74949506045067
-12.626668800110387
6.1941264914365775
-549.5232330996539
-262.92254146680307
-0.4806746616330311
-506.0259876709904
788.5551933474896
93.39779940903205
-39.15280358794539
-1228.7643524142377
3552.63062085431
1065.6397048283482
1753.061910006102
1038.7288649782229
1304.3741173282456
1042.5724076788988
209.3059396490709
98.77630627108711
10.86995979869327
-128.78900685683476
26.517946705898055
1818.8515736356853
769.1304065222164
236.09397959042514
-125.6760002104714
-1632.5025852489757
-1314.8192339931034
-91.56430131126994
211.38803094745873
144.08548832092208
-21.84596528226276
-371.16060989367384
47.118091343799406
-44.595883171165966
-2194.572048207665
-2399.366250882892
-1175.6537619805686
44.98051593029556
721.1373392118093
76.66139917220512
339.8023255854677
394.0903424568543
476.35752650053405
43.97234532915836
-2.6861738479519905
-182.06835387913708
42.18870248537789
890.0426067756792
846.9879535134386
2795.5512711400306
2133.164844821687
475.32618100748147
48.136377508553856
-39.791814270443446
-411.48237381873224
-827.7012340716537
-1799.4451220748858
-3717.004543256579
-478.54391504832074
-136.91798379259131
874.586405905703
204.2281552028777
-48.38668365111131
-28.193852333811876
-350.97397304610365
-159.6014619594537
-1023.3087032095184
-7.107390540545753
6.217037078676652
-0.002340670948543131
367.2586088722335
971.331749743433
61.029317343036794
-109.30536527057762
-290.68550574524977
-735.6807487801389
-956.5028459580135
1197.2422433398779
-150.5678009883643
-49.52468484762028
-145.42963185521864
-251.245376221521
-23.565354468063816
1049.8090702703698
-49.71687966091248
-1884.9044824163273
-18.80406040398722
-2565.9940121516092
-994.7055997862091
-173.80949469204606
1214.9592809254693
81.67084311543161
-67.47273722946805
-0.6319445621647983
28.890990119217836
1373.1781892015429
1502.2225599524052
1421.0955901029365
1703.4778868654448
1530.189792287806
1203.6977988936833
1009.1474710987436
652.9926764143969
512.0557620714036
454.25762415007335
277.3265969459716
68.28703473993127
34.842149465506054
39.27704543314487
15.77412088311124
2.172857295455958
-0.741309374919418
2.554071256090686
-3.842778238313464
-26.876074229665605
-8.763834008833307
-24.85773596032702
-7.331828616157735
-1.6267713280132978
-17.487768649025995
-48.266733155112064
-101.85887905806462
-138.6325271555219
-230.4081951847856
-343.8274623045196
-384.4799286187625
-645.0514728312528
-590.3338511540458
-628.6043544964361
-1261.7555148936385
-941.7097722755768
-807.0289274100822
-895.6604378414806
-1288.664719652766
-1162.2008878371194
-2109.448768696613
-2203.675544098257
-1918.5288463956535
-2.734100125105973
1724.701338627901
2028.2364636627508
3503.6064745899566
699.8200868721094
446.0476474331817
495.7208843912598
-19.243653688653037
-2.8366012737484123
342.8185446839645
-374.42803867062815
-574.9696328763744
-630.460420627041
-1616.1390530493327
-1142.9644522206809
-903.989153431078
-399.1735943250525
-0.005071516114753474
-8.753479923942706
1511.7880396346213
2187.371095199584
1982.0002193540215
1658.751420805582
997.4452706476304
940.99997270867
338.2739044614757
685.5233693098917
182.33775075425658
124.11998996361059
76.18921415320223
71.37762150069528
1158.7662760745498
2234.2165854261166
1469.5785098182469
729.4844404823284
531.5131868930832
386.98135845204246
230.89296630550973
74.42894605979592
-0.01699122419157619
6.105666478987269
35.77572691748487
-10.911160751963132
-64.13408294670826
-68.48276671562381
-112.9517118722459
-66.85098124504987
-7.852959046200031
-0.2569763155796232
-27.794898004205386
-39.25743027476287
-219.75262919495253
-549.1294385743997
-144.74598839829594
-52.27310221855592
-10.409918915683487
331.89744463012164
5.021484355314568
-8.854734407114135
232.87727006433306
-237.60879773448414
-1872.5795975425362
-690.4153829385816
-107.54173979574159
-120.35551632316539
76.20525856776787
-1.9630317898074008
2.792978665566127
2.3718428494133943
0.35484001189767755
-10.561635628857033
1.8820268008208025
550.0062334792783
437.6611405612562
323.5761752556931
580.7795926446859
432.261270477241
526.9433879026825
482.8002231367469
210.6052028851991
317.11667459907596
60.87869032457391
1.7128166575156871
0.5096840004434894
-13.8347381172188
-11.025476078454558
3.3410064099674277
-16.004051571700774
-41.26833135289538
-216.4529021192863
-566.6867118576888
-16.189363650886726
1065.1265688995215
52.84528997202352
7.716056247941857
-3.8095813458948804
-17.304244370369688
-204.86911622688916
-329.6758847761485
94.14136734366244
188.96652552881372
61.54291621649904
29.454977856010693
6.413221891501416
-5.667490761028718
-6.158325424307937
-39.17392211943124
-146.33390353802957
-263.79618426238244
-468.5984377202082
-441.1062135884687
-584.2331629690452
-106.03351723859004
-0.652734944960071
-19.826599374893927
-211.23722434103325
-938.9326406191805
-353.5642784202104
-77.25605721487133
-578.7032999035994
-257.565957208579
17.66021358633437
236.87334346895705
78.94075876068024
42.592213335737554
19.998169987913542
0.03781931195233823
-8.342982038734538
-39.277946333685804
-131.55079210478235
-187.73269390593654
-498.35833621864475
-500.67711933827957
-598.948264507309
-1195.1548383887105
-1355.8446480763364
-1618.7845215397585
-1890.0335464551972
-1302.0808419671841
-458.59037409429084
-58.13760564902672
939.5884728746146
7643.902815972726
2333.9348622832713
518.7844558016877
-3.981558779828936
0.9411031051326382
-0.08349188914679155
-207.37197034778234
-287.04329407608986
-522.2063869239922
-1047.9503240931945
-632.4821349965061
-70.56359936659982
-226.60134291503553
-68.1529039548676
1757.0425424833493
1894.395998427542
1541.4809256247445
-6.5689491803755775
-86.0476223247511
423.830103220761
49.14314880978645
1.8531248338781299
-89.5463218530391
-119.92030331138956
142.6606309848404
-0.3354956331598205
-101.60086426268268
-403.26692820265094
189.01662060036583
3451.0561916097467
2664.8256345014347
935.45154488723
371.19432264696195
30.23812523737786
-314.4214064523594
-1059.7152162533357
-2469.159307926795
-3166.662431847267
-278.82669844206663
360.24035674771363
-16.902414270569658
-49.73675859193541
17.935490464243387
-322.64905347832195
-77.16972855258167
1735.1295602616142
7383.344695952279
12656.230142464194
13061.404227333996
8871.315276083023
12505.442346927308
13027.272492159793
19951.61126095687
23851.46455307957
33724.873356432996
83399.30361926198
96047.72266767122
106720.10151749586
109990.33509148218
127900.64786265814
146668.2536263091
160632.36074252
183195.69767066493
182858.77670680964
186182.98393934747
243269.13529004203
276178.3177085009
287275.1725134383
312722.98489390075
325978.57180468197
334393.80153475894
354773.7994663934
379283.6562782215
418782.00331022026
482603.185554031
558889.2527062738
544334.3830877894
590330.0464749037
599878.7290002789
739889.6241409496
785844.6604705146
980259.1956722807
1066849.7731838175
1543815.1241950612
2603649.7582492884
-1552065.3800000001
-965262.9099999999
-1020785.0599999998
-1230197.2
-1071010.4200000002
-833494.1200000001
-653785.46
-834616.04
-796267.69
-652206.1400000001
-513086.11
-449610.18000000005
-408041.44000000006
-449690.2700000001
-381431.1
-319399.50999999995
-333707.7
-323079.88999999996
-327272.5800000001
-350126.94
-300083.38
-248634.5
-235239.90999999997
-197710.46999999997
-165697.03
-151534.78000000006
-104477.12999999999
-105068.33999999998
-98501.86
-95972.55
-95659.22
-73883.92
-64150.530000000006
-33292.92
-50018.060000000005
-43351.63
-28523.239999999998
-26158.39
-19236.56
-10507.9
0
0
0
0
0
0
0
0
0
0
0
0
0
0
0
0
0
0
0
0
0
0
0
0
0
0
0
0
0
0
0
0
0
0
0
0
0
0
0
