14969.870000000003
5455.201217025868
3827.5576466489556
6194.126739867481
22359.28839756097
24286.804759689127
10634.571365410868
8329.706099877221
8759.043405250639
6934.010889399988
7045.485969378172
34764.00693376108
73552.80305352743
92951.76375753018
216706.54641379282
-63966.94
-378856.05000000005
-129478.47
1256.7583953558292
1180.2174931793934
1521.7256081425016
435.06030070318167
114.24164098443512
380.44707019926125
202.63921715942632
-60.49770903447519
-195.05791453407468
-1794.074196457375
-1926.8714634223168
-1171.7191734584346
-150.4364540043066
1174.578481403155
98.58256418074768
26.756959516667138
-23.710055601225584
-1757.7842395542357
-483.1764111378669
-236.01348337194418
-789.6633136269844
-242.77208868165621
-1152.1197673593692
-1156.866896948073
-100.04802916233771
1202.1904864235873
907.2225152006287
736.7408422238523
765.8602029423516
643.2796875292526
2267.704122898873
2115.1060863693474
4074.6948272267186
721.6437635379777
2589.753011562426
5855.208865023726
5060.014342518821
2026.074839602426
4888.833090992397
4544.887308371171
2943.6052963271345
3638.884733008408
5149.67177201113
3837.119392850777
4148.942082660478
1005.4669081651197
4801.6833291385665
5163.152607423819
9727.844924376303
10209.271188672345
17940.797627851905
27476.49881365698
22504.091990848865
32516.92339840401
20688.07469148398
26771.417345114227
20047.41295303313
25277.353861959873
20616.271652453077
24578.585525749313
27896.72429260638
35754.73291415772
32007.249907377925
46656.21492065875
20949.322376797478
15462.524487131182
40595.64618031359
31290.509717939916
95484.19709452559
134823.5930243585
-130196.8
-105372.96000000002
-144139.27000000002
-63346.84999999999
-82714.52
-95351.84000000003
-57428.840000000026
-14133.259999999998
-5636.5199999999995
-5530.390000000001
-17924.98
-31259.329999999998
-14608.240000000002
-32812.46000000001
-24644.85
-13434.169999999996
-15303.260000000002
-45483.189999999995
-69258.98000000001
-59162.609999999986
-33803.06
-43171.99
-53578.71
-8575.369999999999
-7285.23
-7624.71
-990.11
-5262.87
-3525.5499999999997
-4157.85
-3590.0100000000007
-4071.26
-2875.35
-34588.0
-11940.599999999999
-8944.65
-2549.97
-6276.7699999999995
-5374.43
-2414.08
0
0
0
0
0
0
0
0
0
0
0
40071.63000000001
49007.30471319612
44989.660686649244
29814.587726570975
24072.471508857532
35294.97150832526
35098.61480560555
37351.65458881309
30489.828978557543
41153.06899308032
21198.66742585047
23552.61190789152
30423.223753465125
32204.61366700629
45830.94660815017
47863.37032771729
80581.54381519886
88548.9434873705
-181569.12
-133589.76
-136350.87
109210.28227671032
66206.76244031593
49590.81536263098
65819.78340118744
64993.364729360335
125200.30684963946
-352645.95999999996
-291649.33
-134744.02000000002
93559.01797868396
-271787.66000000003
-2.1281632446385728
-557.8378109365274
262.84838061232244
186.27825005015626
44.666701563979224
79.04762511922051
0.21068468520645323
73.69274942260344
25.80177509540366
115.20091933637197
125.42817629897364
-14.032044603059402
213.422635992581
41.463568718682595
79.84058722482635
77.14049682522034
103.0828040718553
473.92154737472026
565.9153186946967
254.98524398692558
-1.3928166025533935
-35.68940262911039
-1297.5522896565733
-634.4718682980201
-425.07971911344254
-42.24054087597862
-130.24982301992296
156.98003122364915
-207.70748724641683
-1813.1099412160138
3312.897555919703
4028.522440347297
4990.213153719584
3299.696539089543
2300.7173224828452
1310.1549186426762
2501.9228739118907
721.8389693692354
686.4260061624344
3073.469466873811
2512.1441708258467
4465.723760792167
5218.332240481136
2738.8049536754097
7390.8712499530975
4149.636091894772
5391.716117605841
3052.2000319140893
6940.987666076769
2640.073520979792
4968.813188092157
6189.334311468912
1894.096844681368
2302.274424191575
1219.908812117315
3190.491174204749
8846.6808033512
11979.311383018905
10660.071031672984
11753.979550486267
16106.760457254897
24888.588529649664
26350.254082959862
64023.97509971083
23541.695270078028
42434.42411082104
41860.61349681116
51225.78027881907
95563.54565148285
-241297.15999999997
-264563.95
14589.261923165386
-60246.780000000006
-19011.219999999998
31770.828831687242
41568.2491059076
70073.9921104965
33195.99955751732
-265614.97000000003
-303201.27
-4.794795976108098
204.10246133451193
164.98218576313283
-0.26487668076392423
-81.79286081767928
1.6773648505761207
-19.183714359381277
1675.3054358929903
4515.1863542132405
858.4688240002297
1145.6081735432713
489.92856282373015
279.9950766664461
3.718484855775822
0.21764144253529705
393.2497936072958
145.28515662812447
-48.571728413005076
-20.786615336517947
325.86216530179826
-17.86385489663339
-148.53647348013735
-21.446533544703364
-5.5451126092913565
-46.69655151246992
-64.55334963499539
-617.8746639629592
-1.544914193510978
881.93389085323
48.85835185305719
1412.5277714040026
14476.628572541918
17316.225946503164
15267.310497815522
19790.424420771124
29641.023635854464
22545.9643028484
85480.5632642663
-144930.87
-147444.0
2246.1132034065245
288.4909997478604
114.16283169107918
165.85882289797613
63.25149276607269
3.2214994899795615
26.662629919420652
-38.88815926166418
-18.34450429272891
-88.89133343190605
-86.4983984295754
-5.947553877140834
-60.05732745879741
65.49240011805679
-30.083508696026833
-0.7341518764606846
-258.86960638558634
-387.4926647694431
-80.52774133673216
-795.8433784545973
-969.8358528780425
-909.0942202850995
-944.362356276849
-40.518884014653395
-1.7692126602376788
-627.1910581620575
-21.307628642594533
429.3005097743304
0.00023440684704343807
854.9999065164476
851.465913975376
1086.370344463555
2965.443824306849
880.2837406039204
4.553871299606162
-107.13720238179135
253.44982417681464
1599.2773671306034
87.84340774940682
24.672695514601077
-613.7795612214315
-892.1326756297917
-283.7567847238311
-74.69765447108342
756.9287280700122
516.8145461542966
153.89753870074676
1791.4535251965376
3695.2397168644766
15823.282893052843
39286.74298494395
-26877.159999999996
-1398.5
-1183.06
-1953.98
-1606.49
0
-3057.2200000000003
-968.3599999999999
-2480.02
-965.4
-264.4
-374.8299999999999
-3092.3
-7564.639999999999
-17381.53
-8579.13
-3623.9300000000003
-4551.79
-2974.68
-13193.669999999998
-9663.5
-4593.08
-12141.06
-10941.11
-8473.029999999999
-2233.1000000000004
-5222.49
0
0
0
0
0
0
0
0
0
0
0
0
0
0
0
0
0
0
0
0
0
0
0
0
0
0
0
0
0
0
0
0
0
0
0
0
0
6998.290000000001
2106.972637189134
1350.7876870735072
666.4390264823691
479.47129344604696
425.19916517918426
128.41207979389526
6.884338469806376
-11.70514741499551
1.2982917547041057
-105.69321097470704
-25.90615155978759
61.2815290415125
909.0030620791215
28.14125517965686
462.2515207837568
172.9335373130139
125.77758800946525
-116.30079827780786
-959.2746244630364
61.641074689222236
68.78069998023389
817.5233299058117
618.4597932953466
445.9220934856792
204.90902685405916
575.8871269177746
52.363734432931736
401.79796713624626
166.56041338228366
789.7482206772199
248.45952825154905
-46.73041789213493
-473.85856176508173
488.9316380227244
192.57016528894894
1906.31354883321
-14.166647840721907
-11.8800086161636
-163.85447469808338
-531.2959347085495
-628.4655947322227
276.7530588321912
-7.989288399666228
-678.4238418042906
-2505.415200956624
-1635.9882287666005
-685.9800451499551
-421.5033755469279
164.59299673855634
-160.62187486645198
726.1468043307893
1317.8472571891316
2121.5084627027027
1423.3215965206334
2076.091480309242
540.2945176179932
943.0717165437454
609.3616433103139
245.36279482449743
385.8093752979879
48.8563208592394
19.904138485844413
-44.72841234114994
-10.662964148095353
-150.20928437553957
-242.20778321817167
-306.0097818794398
-292.04216518519377
-96.33868814707878
-713.0260848304158
-796.7354438960728
-868.4410365005555
-1685.9063902484072
-2377.3303830191826
-2813.2428078909365
-139.63500017905068
522.9872994127014
39.56784167010907
-0.46253675215519624
1177.8976829102937
146.63244991267214
537.9855422010302
380.5037642129609
18.71226669244963
-36.928153791131145
26.93444717419061
10.179390460249085
395.42023625607743
260.9687722917949
568.9038994462554
162.65011688742112
-343.09766005061783
0.7450270211177242
115.6798417033763
626.7573886128912
104.43702765727338
283.1364190073454
-11.701453031267633
-845.4548635154603
-336.32385669162306
300.3948034154918
1197.9311925763345
2605.069170958437
279.8628612187579
-63.74315227044927
2.0902159172866535
-75.94104939557081
-503.56418610125036
819.5414312051286
282.352980221908
-13.033949766363737
9.98581247756673
9.22662844054188
-384.5339584284069
768.5134171805337
683.0386016991372
5.119300196001879
-366.96009993660755
-366.2684733322291
118.8617460296022
594.7160332460242
120.01878298232126
-532.7801923690917
-1308.8143543930044
-1.5941818731025488
-0.9858365941076966
-1.2685098080004773
-165.48255497133604
-5.9677780593677285
-41.94941055797496
-5.509119225160266
-217.76339830279176
-74.16355545861285
-15.277979280766365
-191.14477373810234
-81.23190441542354
-78.08335386498257
-0.5729736839911046
624.5171215465263
1338.3614716082577
1453.6059475966254
75.94501331558692
-282.7012373773169
-2.9227538663735553
-0.10125969740933902
270.9809368463798
603.7771318512401
110.82042384260068
1402.0373129802208
2623.4920196360654
631.3118138763668
4.709876323025176
2.9897243608905417
52.42270249348198
203.66052663202595
4809.181519850748
15852.7533800155
49755.35156708775
67511.10303475594
75401.25631459148
91325.10841667473
107001.06270806334
122393.70650818796
131236.52550100142
166427.19074888824
201460.68392809076
439350.4849481198
370524.73882534454
-166116.05
-129587.42
-213188.45999999996
318559.3989327733
-225474.02000000002
-152386.54
-193478.47999999995
-125573.09999999999
-93682.25
-68161.70000000001
-127586.26000000001
345547.95970202965
-445971.95
-182404.24000000005
-94567.22
-48361.22
-121341.98
-128398.54
0
0
0
-1018.53
0
0
0
-709.81
-18738.690000000002
-96150.85999999999
-86351.19
3139.836908736961
-119.92255214661019
-87.29597245227397
35.42210790481155
42.97293392350896
72.93859159043991
35.235090178712966
3.39645086658546
0.4374330712824137
6.979729565660536
179.98836571180595
280.0733566928492
284.9866368303042
182.71003840242275
298.42903702718786
904.7790450886808
77.2894820666038
-4.02085204365045
237.36012508729576
848.4510981715251
828.0419473171138
1534.7905449129003
-54.876152497728214
-4.521513343879407
2284.0870327048597
901.8978680499612
139.03254623841585
2.0780095534593173
-35.12824862790404
-85.06958063429066
-0.7551616489840268
59.03337338914437
680.5952291230486
297.4078430471076
75.31687426709914
-38.893714650948404
324.8485921347442
30.280168979631725
-606.3744188150155
-2249.372699007782
-864.0017451142105
-43.126038099397555
-9.870796797597183
-678.1446490586906
-286.4994556112264
-241.50771829231974
-280.41305651388205
-427.43255621862795
-286.5094695087201
143.1100184053988
-72.2240699623981
-56.946829269669834
0.8750500156046734
932.4064527988302
2910.769097770015
1489.434266410394
1430.4833913693383
1332.399519794367
1142.2333619906758
761.5515585324936
860.2779167822738
748.7544736333987
689.797965454938
372.72037151889026
393.3771856905027
1090.724886470639
2676.6170160150614
2994.138556808495
3204.9979153483764
1861.366903371559
4285.156128175713
5096.912351131239
6735.686823485833
7901.975037303215
4643.6949300796205
3934.248611770923
2859.6259177811858
6344.812164310706
5310.170013955834
3867.4772940148423
4376.655498508062
666.6332029720699
1559.9237807283334
5693.053741357692
13159.558620349108
12297.210142626427
12195.583335082232
14799.771868498869
12165.830003316052
16123.645578988644
9169.052379121527
5737.699152036386
12888.88772206019
9881.134183399645
9380.418758069896
5651.296675985122
5528.49922355864
3681.5934848160227
1621.108019014197
5247.7835941843205
4342.116776825499
90191.99672707033
127348.95410982023
206765.29269611533
386772.0886793509
-151547.43000000005
-249563.75999999998
-180142.06
-37736.020000000004
-28265.97
-92346.73000000001
-78014.88999999998
-223043.49
-115763.04999999999
-6645.3099999999995
-4756.36
0
0
-31060.86
-154951.83
30776.973447240976
-6355.940000000001
-18451.82
-64138.229999999996
2294.983379411725
1490.8800709696584
185.25855948592493
0.4296651266387772
436.56085314668917
536.4564303798458
404.54563921402155
285.57348791169113
657.5480684442817
658.7618739023201
700.2586850980709
188.55617708281463
322.9600900202133
667.680459394118
387.76801889360155
288.7315759764811
306.6343547225678
259.7003550706695
273.47270786999024
499.92834366472533
522.5576006598637
404.09936406282355
437.58941689996107
317.4542359977493
206.515961743116
322.4947878236155
276.9142850539905
242.7264309867253
144.41154548279923
85.73780026570269
147.35172369441997
182.51190525685976
251.5611397220847
1282.0610701865432
364.41386676989026
1113.055811081002
775.9972563445388
567.2425118484259
525.1955129844812
1065.5030979755243
525.882701126173
-2.2843766445186997
-3.1144142368843815
-19.03566010880804
9.903764077284611
191.01710210986153
-84.5722216490951
665.5551699659625
175.0452316723212
3.3582068687618323
100.62093123278913
371.4508044016296
143.96050811580133
1073.3737875652803
23.86890898745938
11.181518382440801
70.01308035808323
174.0602837053728
-0.6648442715429175
879.670098201856
3898.6912244953282
3900.866062192041
1639.7823650904652
1097.6488445843233
2168.344887469324
1398.19978236506
4221.1172055681045
8576.938282578514
5735.461240452109
8191.671439850999
16336.069755997189
38641.91125848802
-304418.89
-1651.3878767487076
-2522.8429906580404
-2949.1411631632773
-1396.876296911526
169.30463215042724
301.440297311402
-26.037693627493503
6.199591594433512
32.50032222453235
160.13401536423265
17.101157502213205
-3.5816346803027335
-19.507526874349544
108.56741319413985
-87.09869427546559
-68.06683579029317
-52.59820035610819
29.640344734494604
93.72455393351369
17.3113092887332
-0.20663879642188893
12.674624966998579
-0.25602970124710495
-718.5994335020955
610.8411033553625
-100.094129915937
33.22004727407056
-55.94467759934835
-478.6407342776222
46.18820070436052
1.7436910531498313
-26.555928043722478
-7.960882645333314
763.6740655936067
38.03042518395095
-52.03214387024817
92.62918879175392
69.69402100262784
33.387723485354144
723.5461171176973
530.7109649378983
-0.04836951617703067
54.554078900784575
55.84767254426296
46.662651206493166
37.932549437686276
-516.5907623439006
-186.60858222390132
141.08958120385483
-46.08725575711272
-443.74368241450514
-48.346307785966864
-819.3324823183482
346.7616961899853
209.16585826710926
-20.62580605150637
-117.71475027383816
-618.8523512552139
-166.47713216103955
-669.5363277926622
1029.2906842570903
1566.7629846469872
24.32248299834615
-10.959517764270588
754.7772827196509
240.4778545148176
94.55460732056183
13.218537208985746
-86.65780766644245
-705.0910046611473
-2510.1870185552716
-923.1299125447291
-67.00648091867625
15.063621332862613
-504.22372023875613
-186.10145910134747
-363.0518695768051
-30.138703600265067
363.65079414347645
0.08800778733502425
-250.1767082438534
-999.3745807312087
-20.74562383370698
1316.1504045456718
1683.6466225042202
1921.7004414819176
1497.1169016287329
826.3076993119719
1479.9247798014262
1127.5719322639031
536.3683361854812
448.53983239279955
216.73698443394568
324.7541341311336
281.30313748959895
291.19655774726317
196.93696586388074
38.34166124824778
14.699306904301697
-12.155267387028635
-90.28327177842868
-218.72075795078547
-171.06481824898694
-34.92512964216084
3.967713587310824
-5.854847240348923
-91.13111803042236
-0.6232486801434496
-147.85715223325712
-105.65010842255235
-87.81756282384228
-292.97752768364967
-2.454178353422365
815.6482293789467
3223.485581041653
769.7890881625023
2.898476955135719
2.4648349167486687
0.0040902679468357486
-40.18992704278671
-265.95280979673805
-348.6564158634308
-0.1156772752984241
-284.3888602270018
-231.32295426439606
-172.6631665314634
-94.81526681422446
-162.44484915045035
780.8447124005031
90.49444026432916
-107.91283070390473
574.2400239758163
-35.11595707157182
-755.0314796483303
-225.23605075930436
-124.98745215770653
-286.5694548650146
-564.6751234802801
999.7240552073777
2647.4844239016006
2813.3225456209248
4162.2659361982205
2040.9109864075933
2324.6943692028785
1398.8031511175532
2363.790531481401
3806.4727224828484
3323.782229787169
2505.1005233877236
2620.20116042359
2333.2867814553265
1871.7450911153012
1696.2279069248025
3982.3535863510833
4370.110155439113
2244.8018633265165
3011.861764823242
6359.335299481657
-127207.44
562.9874860630756
23.250012258937428
28.333108665891878
-1.6441913038553557
-15.463016317424794
-4.197584048599772
-61.36595295722034
-143.41544521365313
-67.09209556127338
-11.46945574407616
2.6900385444408954
184.902810416461
1344.524771248303
353.60698951437206
241.81082098628315
-18.012428826535604
0.3595879551781371
-241.09640802807726
-717.2053503230406
-1720.522156905442
-0.48250565299074316
33.49878445063425
193.03608213067344
327.2995228862057
211.0092562911673
162.67132381428138
165.99515820290503
254.38276321086295
195.21477748287498
163.74263049487308
177.74980133508984
265.54716120565837
210.1763573860379
172.45520441904443
106.00605702911159
62.809592442702815
5.3631768137979545
112.95082701253517
18.71350015308809
62.6031494112527
104.42351242263435
83.01902361722526
8.517447171509236
54.15848188786715
9.285468993149323
1.1579631913449888
5.719875949879583
44.99312707780979
33.779176097981036
0.5567754203771645
2.3964241114007203
5.62819425470188
1.5121111444304542
1.143565530317867
14.511006327963711
-4.515237266339801
6.738828088656241
-12.907142148034039
-75.15088841958612
-0.0015319311995416
-6.514188338412778
-59.54434610097029
-47.41943849155018
-142.8389541742668
-25.00825950160377
-122.21350765067383
-30.14504017201522
-66.24888305216854
-174.08982797468883
-115.6474943756951
-165.31727649148593
-82.27704672558991
-97.4057636838724
-68.15336496733842
-24.377428462171046
-2.346720642367498
2.6649520444996058
48.42458373367424
-23.511616170407343
-62.83158592250402
-15.45510697401755
-72.96644414863357
-57.782341671065424
-181.74277763601955
-185.20844669520073
-334.2398167029256
-387.28910788859736
-518.360176436255
-773.7681130847807
-849.4736056183112
-1029.3838150618383
-1001.1679045765928
-841.5722345331491
-1354.1237059108028
-718.7484860185358
316.27527059682427
2868.2164376694304
725.0262203364125
139.64057887872553
116.84363843591873
-206.2950651861286
-351.32998471417443
-636.8335169257916
-2193.948426545066
-1145.910002012879
120.62532948494585
298.52727300409623
483.3423352100959
543.5933426087354
258.00847197118685
197.1414682626051
80.97097424667507
156.15786001719704
149.07267642434988
111.64956611105164
8.207883842703595
10.444851905990383
50.65798206462408
3.321618515592018
57.35882447548493
51.99654195747188
23.078183694565855
3.3919109169642043
-1.1515987570860151
-1.0295381221497104
-1.0685718818901826
-11.038530505840058
-20.194991563914176
-44.798025688979855
-3.555293365036886
1310.1910771177525
3286.19938550151
1238.8677157812695
2611.5817279953144
3598.8270754677
2474.150295217999
2970.621087408239
6499.288550969447
10966.843884325634
9884.130547006775
7467.016057282287
8513.30617340815
7535.990788112621
13405.690468830282
8971.515520413304
9518.421545317757
10855.81254153961
7471.160052174356
7382.459306984083
6108.1470569341
10312.762604753862
10959.89426805945
5041.34699519558
3618.662978596868
200.25272579959034
1295.8537085826026
1954.4640656904355
1027.1249014195344
5332.671090226917
8425.226548131493
8645.270189201035
8453.500316540489
11812.64351152542
12876.2170401824
5968.3730025644345
5882.573022895171
12915.620649698376
36289.51578815336
45018.058560643716
101834.11571016083
-435457.47
-134740.47000000003
7540.631300996002
9857.67323041188
23748.12497597979
32847.91924751981
-31963.009999999995
-307659.7300000001
663.1840864587682
100.59144318412407
44.958379219564655
23.961420224585716
56.723267408925295
42.84466937637936
318.2901011939877
281.0294903031474
197.0014254381159
622.6965089774291
883.3625140574276
950.1739887218483
588.5198238791331
812.8938304369464
1467.478905656984
1167.6496251601154
1034.1111146158805
952.0559254704815
599.4658664250078
420.7606551536763
540.1932933660288
210.27669752497783
233.97447323811252
133.6846026077843
193.4308730046183
1.1393079642890656
5.956861949906041
63.538044028937875
-19.958042482978556
105.82305445039239
-42.59935866988645
-8.436945238500368
0.018751111717302663
-122.17455129520428
-59.17297603965966
-136.10219578434462
-109.2114153739561
-116.32019864835249
-164.26293767908624
-318.0332665436189
-229.39239409354397
-438.5426194426252
-617.8809082898113
-804.4012326172099
-500.3252773945587
-609.2872267405039
-811.740663705978
-1398.2523628102053
-1679.811704039997
-1952.1388886846892
-939.5621350312225
-433.3795199659453
-183.86882698489524
-39.889479741835224
-67.35110881039077
-46.90712135758594
-121.3263933171444
-126.36665480664743
-69.97982771489266
30.82951419369473
25.081505972753583
35.2926661247416
-50.67050678989857
-7.11997129785306
-50.360754973424974
-53.4695355337151
-79.4504892247609
-111.28282779002618
1.6902044005041605
-0.02340305250555967
16.609644780208534
74.50914214593809
78.71656631753254
24.968367537238215
146.75269898442517
131.50653162364833
2596.0646351539103
4961.260034899582
2191.900143619104
1671.7300956228266
1016.8178246318196
136.71716482958232
83.18718073778643
2.4254090061838394
-175.17854389812186
-86.65922364876266
-80.70818652481258
-634.0069921443601
-1450.0587117013438
-1431.8197637139983
-1.8822288954688222
-99.5857372723414
16.958610720094267
-86.33235957263608
-75.33321366654681
-434.80107981128333
-839.7263377550316
-433.4856428716724
-56.804992565995185
-140.98426486845324
-119.97446605323267
-152.42953333802768
-212.45007329833817
-236.68391627749878
-168.12429741618274
-352.9036463685936
-77.50969988316001
0.0202555473433363
1515.4543462104511
461.2549930405839
13.587742592296582
-183.08956565329783
-392.6232785920585
-187.45421457208303
-4.748750081670835
131.43348717214667
433.0050996115009
65.78599783836916
-20.37872316698327
-102.92738201514554
-170.87596530652831
-536.2895510115354
-545.0456253955193
2158.4564291741326
5861.96947207914
1589.0950078588553
80.71045113063684
0.01013428366083105
67.27237058593926
-3.3763440169429835
783.7796111233458
623.8597525815891
69.20361077473599
-24.499027858223403
-698.6683585924151
-118.04442961718141
1164.5792456276336
208.1765871846385
104.27701559744618
737.3835490639076
336.3750772170488
52.77311465670153
12.03160835259931
-4.939204754410763
-129.76119461111455
-386.15585973573127
698.0707039886623
985.8674865108798
203.1201808999199
271.6891955674218
-205.2704466022142
-918.0701596364281
-3682.1879899396163
-5533.592857711757
-8784.962369581366
-273.21441337059946
-33.97734847940889
229.33413862946423
1345.049583063902
160.61247231612043
7.468714396440396
19.742942726211425
-88.67837946451007
-605.3148259283927
-1937.1613499009018
-911.5236598993024
-1343.1861863986903
-4094.2721907940268
-2744.8669273530086
-148.98482587003934
40.89933675594046
13.712195985272162
353.45968863809026
935.3388905056507
1096.3853604096528
849.0487062092602
478.1198725084077
98.14779163959535
122.51041802242682
604.453463592018
933.2620170947096
1199.7051570533563
1117.7037242812917
1022.0329354937312
911.0276208629293
761.3572460515104
553.4120811167768
378.411325107559
473.5745950837608
397.2315055145219
352.3414540306343
466.60716119418856
524.9113448910153
223.21877044698778
352.53433331520216
113.2144354903754
197.64223592332522
138.52041140513884
94.81343216549033
68.39221716093842
26.58412101286306
4.061445830857602
33.47067007128566
3.1711414663169757
-0.21515913055104455
-29.729049592685584
-13.145166246809511
-16.464005783319553
-37.52542880696112
0.0002995834278104702
4.304824478785804
5.267627841046044
26.689619614256785
0.13085027631737955
18.334497479692605
6.993090437529856
3.0747181316169675e-05
8.613715233312847
5.537317315891094
1.4517468359353585
10.201734252259337
-3.0337057384576163
10.399773248613052
-23.11224414568023
-15.767673993588657
-9.47363440331568
-2.2245380894772935
-33.71586721770413
-46.073105274652306
-0.2573352191557826
-28.11693976480781
0.7407619480863112
-37.66388359023134
-6.94776152481286
-71.29080522051241
-145.26123193519553
-179.7485009836013
-194.44140885292947
-244.58666530472976
-102.57233624151934
-129.82651221099536
-238.82555237190613
-263.2299104600822
-118.04795640110773
-268.83524610401815
-333.95899608488355
-4.593054663780753
258.2399494083255
-270.09619527590036
-18.907016174073682
1056.505223247344
470.60987054162035
376.84724345749885
424.05774699498306
120.40058995027316
145.81291552059383
10.964688422928486
11.744073288363905
-0.23443214953364808
-5.928246612138451
-39.8365826555943
-140.55219034726633
-98.601785069093
-183.61800665652532
-261.6133677645556
-289.7760064737282
-559.0967224913832
-609.8454669292001
-1185.722349496892
-1480.1293746411197
-55.01348603341157
78.15862333619184
86.56495213847343
-27.420275292733997
-4175.108740043385
-69.9361932497317
-44.04568998560731
-65.34762520601866
-37.56912141534772
-11.218198335609548
-0.02991999641564166
-8.280291615266302
67.74502957083683
19.070896453271516
0.1043848020407076
-0.0323124745539204
-107.70814690655443
-85.35367718418766
-144.18174230309802
15.985154238585464
110.2023251988592
215.21287863895094
207.00532574388586
165.6919293658691
90.68513562257814
2.0408861075687446
-244.2776462672889
-30.152328250129628
-12.315930973195707
-301.1097956546301
-207.64227363763524
-207.88850442173074
-218.75640649004507
-63.178028179740245
1855.607626242246
1159.0823129763717
76.8468164538963
-2.472881546956055
-265.61986737200806
1242.1898341396156
1072.987213727782
202.1361821875364
-162.2576722193082
123.118231364978
-64.67154386031987
-709.3772747234069
-718.1632938075774
-513.5298570887547
-1002.9116569156772
-2399.7014066869115
1196.894319400731
1517.7052623727332
1425.7858028152432
918.0949237241741
685.8809061568954
472.4486942382578
448.93734699621564
497.68932109314096
638.0268550779125
1455.9770529195061
1713.6665731686394
544.1271014584117
279.5485955858971
252.15047106891262
70.82350709554983
58.82582705644751
179.62408200761433
2.413572113380214
-41.2023732497902
-109.37527553479669
-319.03197243109906
-43.10824658289613
-0.2925094820631829
21.491048706906966
-0.07868526244587493
22.104974377435553
12.957297933116664
10.335902183853573
-32.21172860411315
-19.96523176551781
-82.000869743956
-11.635942799374558
-77.00359489872466
-87.80190973443396
-172.2322743174483
-98.98948604555855
-292.45936909700424
-271.54664302854746
-299.8317331400923
-493.5526588960027
-643.5143873923247
-589.297558788278
-876.3577957081468
-1024.7746073350447
-1119.0997629403214
-1238.104884779902
-836.5796187710826
-1029.6165970425463
-1121.6004253764513
-1493.1865013870943
-1747.852506275619
-1782.7198176121954
-1604.967387121887
-211.6521460488792
-265.42818816806414
-164.57744079444387
-200.7030258311524
128.39908359077194
14.849017374270971
-541.7897188391846
469.4706529687314
15.117569094044423
-102.14113147694334
-312.816246387751
153.47071328713884
22.91589054236141
34.008849302743656
1009.2559215791432
-560.7608054805195
-1.325768937678326
62.26917900834806
20.27310061138835
271.7478166303699
-26.234034620419337
19.23516955329369
135.13726603520354
-9.486519058876091
1478.3566879923428
1843.1326776112478
50.29311263103911
-22.48456776427168
16.309923436803437
867.1733065440949
-2.478267803183388
1013.8260070795166
829.8494300042948
-20.59515565539165
-68.95811116557023
65.34855106966117
1104.218828675354
1179.1472452295832
24.945272296939653
-458.6336650263545
-536.4088709752209
0.3121526499273372
-466.34705883806225
57.80881316730309
2.380120622810079
-801.8801786221965
243.3617479057342
265.75784338432993
-6.492451529584908
-737.9345007368645
-424.2026375499295
-356.32054875862906
50.90092151753724
-7.014140555292938
-993.7655955216071
-3498.4999693328414
870.8954425750986
969.9132758617072
446.3803387500345
22.20135459830097
80.43986083382909
102.6075948932278
256.36139091107066
-5.623780245000712
191.92216029877147
108.94438618392564
31.102088419585392
-120.59147476094535
172.9241687638889
92.44003242444043
-0.07440046051191135
-22.180183332138455
-0.007638061522546631
-451.7119048049074
-985.9852334492233
11.348727305872794
102.95745656629482
135.73620131910928
139.767301810484
644.4823442761938
359.90169511330345
646.1253233181574
2565.3023824463116
5868.592773552656
2266.4270526731834
493.5533251722927
627.9724278888207
587.4718903981651
152.73404262068982
3.368458643102089
1.36155442538041
-7.80023848580877
-94.52506883220336
-408.48110898324586
-638.3853612042908
-485.3656325949747
-710.2969057114411
-1015.6876542355558
-2499.6038755460568
-3150.535278715999
1.4871780162433668
0.423277421506527
-10.7159772917736
-0.12852525114131969
-622.0322833949705
-278.7443701445944
-1530.4709484690272
678.3202141372873
315.6569716903869
10.279561124031508
125.16266979586506
145.22378259125531
-273.4147366633875
-1513.770451109911
-3397.9550501871745
-1999.156014141532
-1551.2414516315573
-383.5043102738687
83.56418105868758
125.46212968547428
558.0729110189982
260.85488244838575
-360.1900753384488
-1113.7568240065027
-829.3392869731814
529.5881682195752
1631.1734680795744
1692.2095260290446
1496.5344225517629
1104.9110760665258
1200.526946957381
1028.1720529204724
603.1217460274116
662.2279307590352
262.93695615548
313.68488046266833
277.4532807721319
108.69501690269598
282.8704629425517
106.55530448035043
87.57231808344588
101.98137951821246
48.212996734792675
38.12801686469526
81.87540124242629
41.35509210919827
17.949981107078393
38.11228327097298
88.23467849217431
0.7497367862067563
1.1130301398092268
2.1684982543981683
-24.707410071102277
-45.22118286392598
-7.94660746230908
-0.3892737086693342
-84.78554239725895
-78.63960495790448
-48.60598946257033
-7.753735575144056
-35.69232078271556
-326.894850987579
-140.90738417477635
-189.31828713716902
-325.3107903558375
-248.5214256231317
-135.58806754213037
-124.19918349952448
-166.84230340038724
-29.904941954508857
42.45980323705801
629.1565253679211
137.49917728181703
80.70231071510825
75.85329463428475
79.40622049627842
6.476882053838175
7.9983747246673325
3.0530135450294438
5.5928584648552615
63.2068418825114
78.73224292755363
127.37068378709002
41.95278760441673
92.15180155631946
131.62181738625964
81.2372333992347
252.0860612493215
13.481390011467438
280.97392022837056
1612.9576807851868
3940.3036467344564
1234.219625196356
1388.3817898784862
-55.787969521659484
-166.41366156142226
-233.3208828379797
-179.2818082600068
-447.8604262016355
-1553.1850992897048
-749.8040997155838
-362.8887283831931
-230.09394400289142
-334.90556972065076
-452.0630913595643
-780.5911387185542
-665.4092694243394
-833.5288735437242
-1476.7753788430623
-675.2143191252314
-60.479991520142015
0.0005909720207262039
2586.957505584577
1095.0543145904621
55.6987350711224
-310.6985129573543
-1936.9775339968699
-1588.5382192129543
74.14610894009503
989.1729247198823
261.29667060370997
53.59808747505429
-0.001952597932792481
-25.626858218251613
-433.2488622921303
-869.4979139140142
-207.65992718954308
320.93807116723343
3579.774808307451
2989.835123766824
291.01857025271715
-1222.1097723492474
-639.6900941676848
-180.9084775913869
-21.679110754931177
-15.362365272350704
-1116.16835025902
-1981.4027173732488
-10.264350080230946
750.3323410470526
640.6121021527583
395.107666760164
163.32881639212684
289.4359421008374
293.5071545312744
134.16945385854768
89.56911765455008
25.46846260692764
2.1250775700726363
-6.990001352416495
-153.56124252125363
-160.510392636755
-514.2317825682617
-1248.4009514005984
-490.3043495603117
-137.6985555907347
-307.5409153997397
-281.47182335052787
345.8557502634618
585.5104763714884
386.8237936947031
584.1063441798954
384.42428035015575
73.52308655563559
0.7359271242826042
-13.44319015475626
-104.95134880876492
-272.5230334098073
-272.2495441011741
-363.102607114139
177.15930416406155
2013.6590206019696
1100.496737671914
366.35478986662946
114.27747778727012
42.46219483821757
16.065939679064414
-23.99589355056203
-232.95818386235206
-1353.7587642140534
-62.69698011449524
136.50646258118536
120.9434585604137
-402.73310553506315
-614.2003747167644
-1627.1717000654953
-1935.5182715748028
-2394.0768740071376
-1766.6212627720283
-117.54926947323982
-69.82578098966356
11.318359084392997
183.03914816834083
399.2684438091243
596.0660155806348
454.12981865948353
255.17071208553676
393.1367340303907
285.3275383453578
422.0929220307621
197.69827177159
188.69838802474698
109.92763955028757
56.45090703247038
126.14558809518445
34.4372641666307
49.133354493783926
47.863124925549904
44.519907392990646
2.305708215753687
116.80382838047026
27.36419044746554
59.65264224554015
53.444037276701366
1.6265172849243432
165.35606246831094
101.4308901789531
83.53934482078157
78.4870913332541
75.94816260142694
20.136717293390365
6.229485938079484
5.794639286038871
-8.314518161480938
-3.503286472027848
-12.788435974176764
-5.581181385762241
-42.06263197970406
-192.09187270512334
-201.8131876874687
-143.45225223370454
-99.38298997377342
-195.16389726607883
-91.21355276446843
-200.0863555423519
-141.9126594001914
-349.4164390110586
-128.26649714925554
-35.519121072548685
-103.17849300208789
-234.3256820544736
-179.41805376865955
-227.5182206999706
-334.69592930156426
-233.6380043484919
-271.416264669532
-251.0516485389545
-211.73173917121875
-191.10316605391608
-123.84175108386012
-53.2065228619364
0.6315084877239581
156.49113053695834
76.81651923946991
-47.94409931816831
-178.53595876349607
-224.70963075452053
-251.03367159516188
-256.90366922912676
-121.63474996063258
-497.7546790303214
-358.70754479742834
-443.4428983996235
-575.8028076266862
-144.39801568458904
-550.1048492499406
-1829.6166178411113
-1671.6231946163189
6670.012434931912
2272.7763070456194
1092.2958407200244
714.3989588800839
8.17379348500307
-527.4685261744963
-2630.6138937925116
-938.880986946863
5.053852168629837
2516.7495361811852
353.01216824186116
274.5950969739298
253.30888883974058
-0.01287072990970434
-469.2603957557119
705.3578966920534
2691.5949276377114
264.47067822243025
207.63212807220347
26.179954791468294
-348.0267788936925
-14.091228960025342
-0.060467810616926444
-0.281296361721181
343.8146105415068
90.6659346302483
300.92785160486085
75.63133552275352
203.13477240847928
-762.1762392770528
957.2585715357664
437.73991814348847
-231.11710162879217
-90.40589628735896
-1.2490871878908625
769.8843506421164
262.0387566827203
-5.401574790144015
35.79368161900001
52.200875865670035
-3.568383609937495
-794.9477084903631
-1629.6007815565672
-89.55437149164135
0.26422096521902527
-6.999622305996147
44.92661513732695
204.67200113948797
23.611604273824412
-261.13127526490797
18.145443602994476
953.8817511566762
0.17427271978551534
943.4049901400039
713.7668206902453
-27.30617591519531
-538.5859383821971
-205.4006215031666
-768.6663906765197
-1.7778497292285491
-208.75409183647133
-200.61423652672215
-273.62789043868463
212.2105592722558
23.14997580243231
-110.28562864240405
7.151848295562271
-60.55838747651499
-39.255512690284256
303.516577689182
28.64846941802496
461.12634911533337
105.90120549991319
-57.77160617105264
-90.1926540244433
9.771091120471176
-533.3720292297052
-707.3926321994416
-92.01871112477957
1717.5174650694842
1770.5661448217872
78.21495942718627
643.9721926611813
149.73590593396202
-201.7730626512063
-1777.410187012435
-1710.151682936649
-67.06285074548047
-994.3546853601081
27.902203577064647
-49.985767659366125
-1051.5419161780214
-457.6073042533983
-1107.032505488597
679.3971858739594
37.50011233119594
-312.3077297800529
-634.8460535608067
-812.3069512545856
-16.5468531010542
-517.0034259093369
-1432.0715193230224
-1493.8667046691692
-87.04593945670563
-63.559878841117225
-320.52807428568934
199.8932218804656
-27.310222165352876
-1342.4844407549804
-2890.684454165611
281.6361927906225
4219.2809075229015
1280.8061671968444
469.5849809675295
756.3219457229527
1585.2815068512662
1186.950232675159
1126.5042532154066
464.185098247329
135.81654581404558
961.2815572188849
1298.5858083772632
1213.4634569758723
1393.9243636854096
647.1260689477431
749.6112326427625
278.4897323845385
657.9224719744824
128.8422082642055
101.52832345290487
93.70501373633174
-0.10816837550246398
-2.1283942515457643
3.466446285077706
55.96580709835975
1035.79209459035
187.61914831566676
-0.896154087600308
-671.68973151299
-279.89873197703554
-2.9917285571124452
43.270148387873874
60.24859926787051
376.1748923741519
294.5686117884472
2869.606781964605
1559.9103624968698
578.6655796357295
751.7132752985603
257.37080174188395
678.4173906290105
21.138118252900735
-0.9158895971698235
-300.5312306863337
-2.7357208876257104
81.31089188816493
-2.176230165068122
-40.20057938968975
-19.051092971815912
-154.37256651581743
-1.8471331411670397
-282.07401796900535
-43.049365203780084
-210.3435027846873
308.8493657290047
1262.0510720997072
1717.80448398749
681.7479676570478
5014.5243547739165
2195.61794802534
1346.7925013625957
2232.4351069400377
9822.012739280583
6108.070563860913
13862.331631930869
23625.51335620477
13570.090227793113
33829.88677907653
-40805.34999999999
-10383.44
-4906.860000000001
-32092.630000000005
-160880.38
-18210.820000000003
-9997.029999999999
4047.7586219918303
321.8419710122744
6048.95767780368
4650.093994315574
2810.9771794292396
1074.8004969731833
494.95001710896327
177.16264123413586
0.7169027645761499
-1.8990859966190385
-786.9777003938527
-2337.254076417243
-1763.1794484282875
-1239.9019578909947
-1079.8313726675383
-2223.9114894630147
-2169.7325912263937
-595.2502058395486
12.875753174521758
189.87020786833273
313.68891748102584
582.5887875569598
339.9580098224166
131.207080837633
55.922092816035295
13.46750251217247
-28.129765353323663
10.868681934734783
10.164267464533992
88.49990055316813
-273.6875255523902
-110.60966042660964
36.88398677915598
438.5642415341016
495.4807446418117
694.9353581382185
168.0120750248484
158.32240101654202
49.90424531348434
66.14971352216942
7.736074140447997
-3.0903292547177497
3.5726516270264987
-44.487966356272
-48.96299980446067
-226.82184279669906
-163.14270058525284
-328.2150175611216
-508.2613151742187
-1100.5029420216267
-844.5888667876056
-879.3340355992892
-10.470663722228235
-597.3982477838423
-527.146494397502
-19.105181629882342
-520.8650258991755
0.16962335984544646
744.9306050164582
709.7147429247915
278.77336699836724
82.42334388210041
1.2897303785779877
-464.4258308147485
-876.5866056509522
0.1838470375365683
1112.2373359171593
116.09425552256471
-145.0410595500505
-17.026321077585905
217.86207482090893
352.1131413086769
169.21048052549764
98.18616004181231
455.49044114958406
1184.5968815286526
61.59040204218902
-0.9905245245629106
174.73179738966746
1870.8926498182752
220.8626600838346
797.6564006015897
1419.1745205578327
240.38788474823778
-9.876458117706214
-0.338774285187909
-150.0690589988916
-527.5183271517483
-2565.62364965373
-390.54546854099266
321.80097297877523
-40.18634385581608
365.2907582632197
-15.203998090950195
-2171.4588676054896
-1203.0621924201655
-1080.76304424226
-0.0009507881533363606
-190.92978705904807
-40.06914017200199
-7.879189635373232
68.10775980203317
161.39675859689032
252.4851783192779
199.8507312477419
191.90866634426345
164.01782083060064
113.16004510177459
71.69365825739584
18.574377395859337
12.908079547752896
248.2334367718157
32.739158663345336
3.381540710558756
-1.4077935994952635
-38.767516036149004
141.99337654561154
-6.84260762725901
-48.67749181593614
-5.5981518976516575
9.104619538409603
-75.62683912818397
-248.16195273807068
28.099741515279828
599.8759083618032
1154.9683933167523
411.57236638005827
87.25682179599518
18.582206049759225
32.476716111722425
-43.59950711908909
-266.44259403396194
-521.2878101831936
-843.3375149389644
274.59199994441025
56.373879683341414
-22.87281847353869
-176.00235625467448
99.57248308635351
1084.5756098142908
-2.799806348096056
-0.107360892378664
120.36729694379791
2380.202621584332
1413.584909986767
164.59230393257624
-146.74949170225065
-1060.8754823783606
-0.7720383248415265
-15.936168187179387
-43.69759743883319
136.40642880916806
3.290679937380096
-149.56321112394187
-435.3718890414484
-1459.3777633672582
-541.7549235608994
1516.2761663467986
13.500593953747927
-497.3472256962005
-33.58437754069684
2087.7866166390495
959.7782990611915
42.251100871637135
-150.91357407166845
-1095.9311011395644
-950.0083584801972
-242.280829360319
-383.4561367106169
-720.2744434101687
-445.1704943847675
-365.3745462144569
-452.0875487396913
265.30263932148455
1332.6540499291164
680.3371010852541
299.6141768847136
222.45144066368402
135.74313721771483
225.6532804595507
1055.7769670467987
330.1547775871354
222.32420697790195
493.9505487677326
412.4926760860871
461.4120688605839
543.8482672122457
99.90814689552143
56.841233962380684
-25.955845310865833
-55.57219321196195
-180.15668982975802
-702.2791338374467
-1386.0168150343188
-2064.6149033908264
-3050.949247892368
-5072.698868193813
-1863.2215839418084
-0.6188246924280004
107.58815172421585
116.10815068538906
5.379895955371392
1.4772619846381625
536.0621018342031
0.04945299058432848
-10.4890526803523
-63.33968396112718
-49.47757748655488
-271.1369689062883
805.9102407592095
1311.9694047722833
866.6606180348932
627.3998737068855
425.14987891245374
278.476832937612
317.45431180924834
250.62521250241102
109.30255626478043
17.912141817934135
14.11680476652363
79.02167789591908
267.366825986611
318.80874546413645
968.0414026563885
592.6983962973297
18.151291415335375
-112.56398335653807
-553.6385019011593
-1468.348811789484
-344.7862720957276
-209.00798116002795
-155.29305612950782
-304.2363945016742
-530.5754997485433
-352.21263632440275
-430.92718061285734
-625.9188775793758
-553.9411053706282
1068.6103895459516
740.9130680273083
54.33920771483648
-390.5791542256815
181.79221439610185
-1.3021068082287073
-13.315545430711083
-2.1033451500120304
-554.5108802537806
-328.68851820398754
-181.7962722079978
-1036.764627716543
113.88356298600978
1323.7316235851536
-1.8429861111645236
-41.78515464481455
-427.8763668778203
-3425.637374656519
-350.1999296754733
417.42196957982856
326.7692047156575
137.07222594947484
120.04778962508962
12.770437644426675
-1.8267525448006912
-38.054577129785216
-192.05840354767204
-381.57340904589717
-108.74106963058478
-12.564588264185247
143.30115849708827
1578.6409695538314
2582.3688138554107
1762.893151528152
2213.4589691670735
1233.344647529671
561.6533578165732
5.847942580308511
-42.278271714219
-163.73441331903666
56.83653672459598
-3.6557828237886594
-38.48311940594651
-17.885723770497236
-135.47959659535059
-289.6544937675819
-669.1749416673857
-683.4933113973632
-940.8475089553219
-1193.622786768069
-24.099668472099346
498.80737747300145
-114.72136333098852
-691.786535787883
3.8920192585742313
230.24568541823047
40.896269011134514
219.84845642488528
-130.86091143655034
-310.3913256103418
-329.79366872650235
91.03011730812392
141.85466626923989
285.70391862216053
8.664235846487788
-15.75369647413773
-46.30060774449741
-266.2245123518089
-780.5746361147617
-1281.346862555271
-511.9838984050085
-9.505120532124083
194.75954738643182
1.5493424982294122
-36.93796254254376
-260.5549061200869
-606.4437922635836
-338.84046321565415
56.77202786214822
337.273940350197
769.6206934813958
1395.7971426484537
3633.8119009539564
4299.608165752132
1444.027790518583
29.726861289578338
-557.6429112118778
1900.1573508302972
2125.780410709115
122.49684186791396
41.35165046852128
9.210576418622594
-10.806497322709886
-401.39938242865026
-1175.9630951671097
-4858.885935137407
-5244.790115735832
-1882.2736012454575
0.0011925946077374241
-8.551946354883098
-800.5319249148338
-893.779958970013
6.593202104290254
-121.20797386893673
-484.7649586004119
-2217.5447337157807
-2110.861767742742
-2968.4201528534013
205.2278661517753
1377.0120642511713
2689.1993996293777
1665.4406836723251
1806.069096695247
1456.016674904095
1090.371222504243
986.592438031771
781.6075211854544
785.4624376436291
737.8388746324954
580.7755038464556
591.1807848210155
463.0058895204217
346.2981437204503
167.7816996462725
118.68876500373817
125.38507304086488
5.772004477752609
12.011073338418111
-106.1895663183299
-80.32711246278839
-152.7359628175965
-249.37538168002467
-258.97711074229244
-608.2826609626927
-325.6766953208728
-843.9901388863698
-709.9554396817432
-1252.6149493340545
-992.5215889081717
-1604.562899268638
-1270.986992816213
-1580.903324051086
-1626.5253746931917
-2056.8621794708265
-2053.631592066691
-2103.9627361051475
252.10902564636444
2643.8060834119324
335.97630785707594
-201.4332325510299
-1014.5757056533288
9.45086342411961
652.5134286934465
1726.5760421225245
1290.726859263123
195.7709354888142
9.926912049118187
-209.52912854100177
-1474.8825499364732
-1629.0198492731413
4.115752313359702
13.304621901407977
118.38139323154422
360.4803152788899
93.39296173852975
37.862429099892296
1247.643786451587
390.49780001272086
67.24993745771533
588.9792664872896
4.640220159668868
-52.723835058383926
382.7611733019636
528.0517390954906
4013.079119923679
1716.3444993099552
370.0361510299225
-18.563163018861975
-17.7444535805416
-1194.9490389576467
-389.73853521822286
-1161.5731010034808
-328.25700490981404
273.6067496105004
1085.6250482224614
354.9187023687874
1.4090104013589422
-775.6033094336943
-235.895141816619
-289.7765743243841
-10.949376801502574
100.57974566159606
-239.88815612623245
-49.291450985029726
-127.21213811444402
-967.0499914510714
-674.4859314866346
12.757812435036039
497.82065734478255
-34.1473438561233
73.07563689406946
-713.6740713912886
-784.296503732237
75.07833130798403
-131.79710333239814
197.89890856850246
97.17437507868219
241.2849025804219
-141.54913773268348
-1298.5542670598193
-2648.315352127912
-8667.23968389942
-5075.1226917579015
56.02431450207117
1899.478284953933
2620.2016809836223
2144.5114163316084
1541.457499410877
1270.943109941818
726.102833489722
632.9643260829721
310.0763329023722
215.11174635655777
219.152230873882
81.15562364994582
74.84874211801304
5.186071300980918
2.099201979373061
229.3878461595737
962.4081562069748
2726.684417919259
5671.611992318716
2364.699734462115
1237.055691827754
242.72559099414832
56.342948168756315
-0.8610091470565246
15.675105372474095
-5.979264217760411
-110.4990752149493
-220.07941314113097
-402.0710895203727
-765.4510140902564
-672.2842302813858
-597.4233483094297
-117.85880702111484
-35.18557531414286
-428.70110956965027
450.95167272643084
146.94608164876502
31.258517169040342
-92.81638460752778
-117.07416064948485
69.17480063364624
101.35490483757164
-348.67053286882475
-1019.719266015074
-173.29198991323827
-22.345545477538582
-0.0010745321186121533
109.66615107577653
179.00235424814286
100.73467320865302
124.31988144160292
275.33915406393595
799.2978401948534
349.78994516199555
450.4026751332571
820.9525500377388
511.8783172422005
253.47650653217315
12.54754243298462
-29.452289636075008
-162.52322052378196
-376.25139811502765
-181.63978947051697
13.976418558383859
25.204560899693142
0.19652276082617057
-29.317894752128907
-38.24908562623705
-11.835922390346244
1212.042737525155
1341.2537908886566
483.0417823629875
7.776252745502213
-480.3275060175803
-1556.8040362365039
-1688.5945586870807
-4.209820270342762
161.99416673829901
2097.693299460916
159.15300973027342
-114.06685226430093
-1400.0538997597614
-1683.5090443317536
-706.5787819467268
-1266.9367807664037
-71.78802478801698
-15.244754276775087
-977.1225000113297
-9.86204500265113
35.73725959005613
95.70543787455824
9.109583700684075
0.47351565846871646
-77.39163132050686
-187.26112071714226
-411.31863385361294
-879.2082494956935
-984.4748239117253
3.9297446351763226
-185.23198560283564
-155.54045405060015
338.2114144704669
1996.5599537314276
1167.0315790933028
1019.8938393149357
991.4168019614383
416.72649552074336
615.7364685371379
186.1472870707458
171.2471595151154
262.2354656100984
203.93427083944871
164.18787402950406
214.54394936723872
104.80187156446709
57.45282071874669
83.45647128986133
30.619126976309442
10.741441298901908
-45.44325910989182
-60.066115749604066
-89.21269519327467
-95.15991013087766
-73.69528797380909
-0.6042349637234272
-28.76121977282523
-13.219043131479008
-147.02776196662037
-194.84076991399488
-102.42032413347462
-181.13335065208096
-119.85629090706128
-0.01990325593677715
12.050122275740137
-22.410583414678605
1737.741853733714
49.58593264412336
-729.2365262395552
-330.6784695243651
-625.7317692268027
155.99998590359928
915.6131116405707
1022.178746734498
560.3287853063699
213.13035266359682
190.513251267366
6.678442790129817
-83.65930154196779
14.58359966870293
4.596155136602841
5.561281658687353
48.8926098187779
38.03337895508132
137.29132861320699
81.17075475450832
183.3456036629369
150.11230960638034
88.42612529709398
34.81511969160123
11.149930466937981
2.9965772401346427
7.012447259758718
6.5894107436867335
-15.56333382041926
-48.13156787317005
-69.45138422959504
-161.3677934348639
-141.6187169689738
-323.6370717685323
-36.531346762082215
-21.199677678315794
0.3025900578258667
6.879242731709524
5.381102406477732
561.253280500278
1136.1179613056229
271.06926173800684
223.54372428795503
147.08937996261545
16.504939226276907
-71.69680441878687
4.597163599782245
-1.0041839897479292
8.625351587950494
-28.46692949680141
-2.9041764917168784
668.2722333199549
1903.9363436373417
6401.610858094505
8830.575806253066
17909.418524568413
26205.694779505757
43849.09129617809
55210.88558502591
58972.906314799664
82211.21359914543
80937.46247068254
98725.37671945774
117924.91601510622
97686.50787988327
98727.12155101425
107077.86343016411
155968.1782074323
167868.83016595815
243222.425377842
251826.38456974138
285114.73283550446
297795.3408358458
293482.8634886497
289544.0476852454
319844.9328445493
329261.45429855044
361331.9602075775
361386.19188280765
365888.2483671437
479828.0850017053
583944.09464363
738911.2504655967
922727.7667565774
913889.4340234558
991399.8993921261
1099073.8702958117
1567310.305754249
2141216.9821708156
2984775.8934081034
-1484829.9100000001
-1859404.79
-1120379.33
-1247436.4400000002
-920966.52
-832359.98
-749761.09
-744011.1499999999
-593220.2000000001
-617333.7300000002
-538228.3099999999
-425886.86
-546458.9
-607429.85
-643317.31
-858800.8200000002
-725962.64
-391879.50999999995
-335038.8300000001
-235369.1
-210630.15999999997
-212825.53999999995
-204908.24000000002
-178787.18
-166652.85
-136254.32
-131601.97999999998
-125335.67000000001
-76968.98999999999
-85850.2
-88178.24
-109934.73999999999
-88462.48
-131337.82
-32041.559999999998
-100254.1
-78170.15
-43347.77
-34130.67
-12587.59
0
0
0
0
0
0
0
0
0
0
0
0
0
0
0
0
0
0
0
0
0
0
0
0
0
0
0
0
0
0
0
0
0
0
0
0
0
0
0
0
0
0
0
0
0
0
0
0
0
0
0
0
0
0
0
0
0
0
0
0
0
0
0
0
0
0
0
