566.25
12908.44194073667
4688.88932879203
4705.432145416487
2625.574514712689
2182.3709884713167
2715.9040649316985
2050.8350096745035
1919.2947699046185
1620.0278052349809
2354.056198738663
2383.5901800655297
2277.5222407205492
1792.9289181894098
1215.1956202758126
1127.5528216680964
1086.6148794042492
702.3024471910667
462.99433010725267
505.08929395853704
302.798789680265
100.76591016090171
149.02447544216665
2.1173031871741044
-15.989935780529578
-6.94004187877872
-4.330376491108906
-152.91133902615354
-28.499106459093113
44.64199890293219
540.5826206154462
647.7676578166391
783.4237347320427
708.9647450615529
414.27863470672196
407.26089837812697
316.62996476345097
424.44964377680844
310.26851963716393
215.66404860860587
181.9024966640788
184.7641968418364
70.3781122303752
90.22316571194185
0.2584675996391685
32.38271179036664
-3.7668205757858786
-3.1579249626994166
-151.38142585735702
-210.43280165408711
-327.03853769466485
-283.3156003739142
-312.6546138510223
-337.4968256690539
-209.00164423132873
-188.97237781116525
-248.26381198714364
-183.94663929734023
-471.5645782947714
-309.2811481328628
-353.03778863036234
-209.76225966445756
-339.8703710044481
-198.06913717484767
-262.5748851113282
-366.479281708931
-331.8150962432191
-260.6151383443062
-396.2361485138573
-541.8060758383855
-777.6630742082873
-878.1917262678041
-1010.7532662467919
-758.6017932465267
-426.51897979992987
-424.8439051156721
-180.14258398702515
-167.36047774739149
-35.873331937754955
93.98932956930592
238.7810191417692
341.73559119423464
264.12172007589794
602.3122726427519
5276.031926922051
3048.281151966825
1097.9387425653717
413.3413147388125
111.30085035540174
-7.582600425405541
-73.84538442321761
-87.96085272457036
1206.917790012685
314.9795136666156
865.4358468972355
7.071381422956787
-473.86967418954396
-889.6691094058275
1.0235419175011353
17.991289279397673
-82.68137678145348
-70.19005610272183
-54.28502447866369
-45.4502818138904
279.3739211354716
1256.2003492297283
437.18588823585026
229.14940226337302
72.5512027773676
-38.540146221136894
-180.08954870160045
-197.94724983663667
-507.46838736901407
-1455.5249474422153
-158.95374083890812
-124.81656774111966
-138.984324742241
-936.425346956552
-2203.892938639212
-2161.0781975627606
-238.52459263882218
351.05451515002574
126.93010935288916
2.592066132865655
-357.79620000589887
-138.61199606277606
-228.83392235784606
-956.1401620322092
276.24134749365885
486.4483840980112
416.5744820200035
492.6860555254969
238.10054359742105
77.97114702935362
84.99731168002823
35.60572511712933
58.44259884311904
96.88756342647756
18.878703594227108
44.34889427385731
23.137231133437677
-12.453357488484528
-0.08683410095515351
-44.78483543000033
-2.377868622619834
-9.330617142598156
61.405128034673886
135.36478570957098
93.09066624232972
20.340384698274722
13.594979694196896
67.94757854276861
9.857326673938495
-0.12737983804712635
26.12461559523273
4.681553226639688
31.220164739655633
313.5453932717991
1664.066250330942
1635.3719505848085
1446.5862787503702
1241.7267533537106
1046.4585878430594
1037.170204991408
1138.5728744247822
722.5790208830438
540.6170862082049
304.7412131662451
330.48293590451385
65.09308321582614
161.99190919833225
24.849917023797968
-5.095098179571362
-0.8116212563461758
-20.069884620136534
-177.7101597478752
-143.70889390658385
-294.37880714219546
-395.6681594763169
-458.5046664273844
-510.68661198222014
-442.4290601168222
-798.4941216983891
-379.56332746711337
-600.9578220431728
-684.9304805289894
-738.6282321972853
-673.5500157829016
-855.6756827749143
-904.9278442269945
-1169.4786289829103
-1125.0576421946025
-1384.6185355080984
-1342.7797405370711
-1578.7215714771369
-1663.8700445604838
-2234.8962039123217
-2214.0037606824917
-1372.4186985667707
-1935.3863139496434
-1643.9171560250488
-2041.9484182792023
-2165.592048596519
-1716.5226643541732
2913.0885370642363
6893.170890565115
4927.152157274478
0
1274.9998497494798
300.43306788631605
8.756231177083677
-21.069441557057694
-427.29261910646073
-834.685566806166
-657.8192994513554
-35.28303848649941
368.60670871905234
5870.13375549874
3916.0557276908858
1973.4253248579025
1045.7330138739715
437.4181208943659
46.71852979499376
-92.34791332720854
-691.4129225636439
-1706.7673621890767
-1843.1591522492054
-109.55936657387039
-110.08860713509584
-574.9566644235371
14.687993640237785
-20.129392608625718
-645.4404563981803
-1961.9111159519223
-946.805668819323
9.175242252771262
942.1289427744543
746.3625310847567
37.86699755186166
-217.17845619316736
-345.93412671638447
1.366805457970127
-12.045653781744965
-215.52948288920967
-287.4558553606872
-653.4951150719934
-90.97099409869702
1393.7534460183142
2239.409849713132
1027.6599238437905
166.40961038961038
98.34676023376069
9.393994519834912
2.139108872418138
275.6302404964514
1055.4136895095805
1031.865607259644
390.7309567386809
2250.5708812668954
2210.619550764008
2219.8982471449217
1563.0442002439454
1049.2592372793483
719.3460059248989
254.4739892008078
36.373249647104466
-20.816717608878765
4.8460233757932585
0.40585264423035705
-0.5762576305819656
0.12217171046704281
30.80968352531542
67.20950273530332
24.624575899391203
55.477133285164854
23.022892900300015
-0.0075841125482302135
35.910977114953056
6.194303906420598
-0.39055479337991633
12.831627223274719
6.830538424395581
0.363375966065555
-43.53941399429603
23.275531283850228
-28.58287549918076
-29.8840263875271
-16.930938744242127
-2.8329649588992583
-23.655773865393233
-43.47187688977063
-111.95682146875208
-127.13557990841866
-180.49052398024867
-88.70375252213955
-143.68008476372918
-233.71617622303998
-266.6368079787438
-414.0003349531324
-366.05581269449624
-439.155177473713
-613.0766236660935
-820.8480531721683
-1027.3559639934977
-1089.133983951
-187.5271625224825
96.40991814934944
271.5985934161031
162.8710875128815
95.41725239087421
179.00891936284518
31.13293244634417
6.346549876181246
1.238905996385416
-5.156204421038689
-0.10099680868352642
159.55570973531673
131.12054780552802
90.35602622020832
33.96886605225708
26.58570980283876
36.54492223177888
23.93674969942328
8.570965552788522
-3.713957534518908
-12.174033534518015
-7.0843638410298695
-0.3800326489378692
-4.967854652968328
-49.2886476269555
-117.63339922099641
-34.714743802015036
90.14355099558469
-62.495500268696986
-173.43276264142517
-326.99649694290434
-497.35702499692786
-665.997628088589
-946.1968264215225
-847.952084216259
-1374.1666216559272
-1259.7784141004163
-1447.1813169711816
-1705.8550859826075
-2150.598636793574
-1863.282893752778
-2254.177149247662
-486.15738161345985
-535.7193713302373
820.4838888567074
185.77979462256906
-5.077220201435865
-8.610407433440196
-164.68803601154016
-627.9933982149123
-560.985563978226
-937.8986490085546
1594.8194839778064
4785.9158159170975
849.255871060532
990.2530323800767
347.0589807333902
1.3370591015630788
798.3107268681059
758.3961336758849
443.76690352500145
7.257945420405759
-83.94580059355965
-20.04848319969742
-76.43092351525749
-24.708510373677562
301.7525079885583
732.9031341091259
188.19546662900257
-1.290779254355205
-32.20304713475017
-0.09536346661652234
8.202587291982583
28.729694846321593
205.91065392826482
-56.51280617429325
-43.049324498091714
-815.8272091575634
-584.3359186535916
-215.95812990269582
-326.14317364207164
-2134.180528073597
-1360.4018396585438
-387.19665798393817
-318.61306265441095
870.6649727675195
1811.3903202385486
1133.2376432693627
328.00550609554267
1783.015369411365
1918.9189562319127
956.5449561663856
822.6638571241598
432.6671468334172
105.01128101449169
180.29266585556383
7.931477893659586
-407.46427569524286
-837.6627015704066
-1414.726711293616
-100.26202629143526
119.99689683716454
114.79142271630744
329.8980790495202
647.2275527984185
649.493486451679
1070.3625850338956
1182.3260335172677
937.9768564096446
688.8771364816394
710.7840840550024
375.23454092090503
259.6179688141107
246.0059200864079
79.85786683859303
58.55917377272682
34.882119637247705
79.39452164556674
72.90572141326781
0.18501750746999618
-4.5515291831883875
-109.75851146906437
-247.86969347129818
-309.5567866198862
-815.0843278491266
-630.1206115900532
-45.65542566070114
-53.62274026058133
-5.127018409036285
56.03841752891059
45.14474489728304
-19.497141042746133
-36.902030500484166
-280.2273921898598
-489.15008331416703
-828.2352670953608
-164.77402599869941
64.57329451432221
1380.2211013219194
17.408516546447395
-122.86334499432638
1.3157181909387035
54.143184750651116
-0.927473054961351
-186.50071026747364
-508.46988648895405
-1584.4686720554273
-134.79344269655428
153.32376934955764
323.4289927729933
514.6598840920223
267.4645319566388
491.35005711401874
207.01238188484237
227.9848955370048
124.95511245644776
25.20022569695281
47.819249060301246
45.5661309965526
1.7019137683930943
15.058898382444708
-4.96706175906338
-59.61624687112531
-0.07068082324087784
-117.70229698189141
-120.02725975376887
-195.16015694433335
-306.31076058603924
-576.053537928482
-403.5563307291168
-690.6665065496504
-310.2947712875049
-282.70256964512464
-404.3257846016842
-286.90334938962485
-675.844506582555
-648.3232643714863
-424.61366679629793
-613.9946169231644
-173.8776309938368
-253.43594433796264
-149.63065424201926
31.89367073111
527.7464054849916
521.4576520356368
411.7620178868933
401.7984512470469
304.3428704179836
125.2318025484881
103.89573946480222
132.3075549976037
71.43203194468208
6.970560896768913
33.904323389960254
17.940384645484023
0.00471395180551447
-0.39398940418170997
2.6656753161772553
0.015071553052605111
92.80427319020612
408.0335077776317
546.1125176841242
517.8433059333724
538.834815403746
470.74542543060306
488.12329760207837
239.89223514942103
133.32647681757126
100.46871786152856
94.26142542713839
24.909232760761565
44.697361238266474
17.37477442722433
-0.014026852415291939
-5.25957237547677
-12.3735337917497
-41.87853006940857
-45.158512647463134
-122.92183202112567
-126.94518468945857
-253.05026616627464
-349.1809231125448
-328.94119006969123
-568.7788640717457
-479.70731586296694
-499.87833981661345
-818.3038644562483
-657.5699997988312
-41.124490291911094
-85.97235413049509
-57.42248937379258
-90.07615612592352
-79.04118954002767
-158.1783598321723
-206.22955977629817
-260.98754548019826
-432.98009298044565
-525.282959825182
-678.2945026565476
-808.3807626618781
-740.1687960227948
-475.6377411729261
-95.76700061746084
1119.709380198075
3369.116846481265
964.6083565004858
264.6433727431678
1.0023096973163221
-11.187769296353128
-66.62089309281447
-213.05177984854691
-205.56091411583978
-333.340230332928
-121.10447675511445
7.612905326139261
145.09124281325168
1.1070318373233528
843.6446015791757
2252.0972354957466
752.4259696563566
-4.3053409843301695
-391.6356503262974
-653.1737421131373
-159.58275098060398
-5.40020536871403
-56.5548847505716
1284.303767115528
403.0819061058677
110.73619522878627
3.2404305788189656
-38.13199370444297
-3.405379586764125
-86.41434143670193
-0.21390709800273056
169.2010234810686
9.656784509453015
-13.835776380620706
-209.11597622204096
-232.38144295104655
24.38888508341215
663.1334127446404
74.92850755785153
874.2152427919666
3059.5377332841763
1738.3252779971979
348.84034569836217
105.75950686961899
1191.6711413736837
-9.38387157031675
-127.31573223235819
21.90914451489354
-86.18228965542609
-197.0775912335676
-1562.698021936735
-308.5991571922394
-721.1031320743277
-2510.0554164119703
-618.8737583111131
-19.83475418867954
-66.96709691995424
2001.3187943676012
2376.9346403679347
953.2610288232681
651.5874661833691
-0.06324270372515994
13.009555172392897
1.601858707503832
5.9757778598100835
0.290313257904679
1.6381804020361312
0.5105448061710279
47.229384881124105
34.8810135937336
41.703177940960316
24.61906044922527
0.5979737130873707
6.424307682365798
-0.4069780429802333
-3.9203128295887355
-1.1326957723915874
-112.32830697050039
-147.6654465385991
-108.38173934749871
-231.17751348351402
-55.59083511712772
11.546180709702085
-46.99760643720431
-140.54491146252414
-181.67679627538473
-445.87635692808294
-320.98229107535417
-223.62591721714136
-48.61493495609086
-114.51343843822829
-2.715426389478127
18.545331100444994
32.651177728545676
-6.492086032285587
-191.533591108969
-51.920373044141364
17.133667039718205
33.733107435404435
54.932694311949795
-27.240361744618205
-472.4872821027596
-2363.834534254419
-195.1676488923696
-3.7967495638906277
4.013943221201179
41.932386958762436
182.7203954842509
110.24584604621106
35.99070839685335
38.43033418187924
42.14708800115217
32.244302717275616
-16.161434549257052
-5.343356216452868
-36.16975009746507
-42.712060005555486
-59.84935034954119
-86.39891261234321
-386.0610641824784
-148.0504068295574
-302.2653139870315
-422.3067019061241
-678.2905892130623
-894.1194424227745
-453.56525345298945
2.9425605260321577
6.7325551974819176
393.56461594520925
719.4156684781913
1970.467603334334
2074.8234420960716
1046.5084265261962
194.75195855738005
29.829438179421956
155.77298296728964
-12.51063187262244
-71.01066666426361
-1269.3694686384824
-35.92337508885299
92.79727325101823
40.60467654550655
-316.01108842591515
-1426.027821899027
-2838.034500800022
-162.80528775005408
96.19503326818486
148.9226341077921
82.58047858258749
0.5801042820359557
-122.22815642792679
264.0828580848736
1145.62898158528
940.0704395417897
1055.0410491458265
951.604252025843
619.507803097122
758.488228277675
420.7186271061947
439.6493429684583
511.16711047702387
331.3916668300574
348.96246573384997
152.6437654685673
112.22284423314004
45.750416354375915
95.98434969583329
16.685854421573055
29.507545042906028
1.8279884172033944
0.6239659530407693
30.703723420618317
-13.306807823859195
-41.87099278494797
-59.52820816831567
-164.57941673887996
-141.49662369818125
-375.6179599711686
-438.7557049557298
-285.6546818535563
-396.8805938843194
-36.35879476580264
239.43320104353367
0.02112253081354947
0.03183876356355866
0.44123961303642406
5.04195336305086
-11.799922235309825
-65.05870559384081
-44.53798079877252
-4.034356262069107
-77.82785537891378
-399.2607863820369
-651.7552849635754
-635.6954080980427
-1447.7527329500326
-477.7269695433456
-696.8295327027688
-813.8221744871041
-30.950381011978426
517.7872066233045
25.445041550716844
-18.220840253021933
-136.8556418303649
87.09679044895881
1.4543194171601304
-726.6256670865657
-157.16493066707403
430.1034839446884
515.5678304487722
64.07858735672994
4.000156020602528
48.347570794950926
184.76028995498976
-330.7063195713185
-2319.477606167492
1231.4114461111124
2289.927683828017
1195.2800306678287
717.0558229788289
225.04423435341673
343.6748238352233
348.33219486815375
281.4602568488375
139.91980785301394
66.78386922346364
0.0014845585491460882
-36.93150485833985
-183.09888781362707
-449.23787910668096
-852.5276585187967
81.97825470910598
1537.2982460601386
285.96144522011355
0.00216152374890822
-124.74832320621535
-987.4068830262913
-679.0970589910476
144.7382736312497
483.0584308307522
225.97391446064563
4.483177090084888
42.730540863768425
138.69548315835857
30.983826858854215
5.620096641316217
-59.286442927013724
-133.18154665633105
-277.3471307635832
-1012.8681928246928
-2758.3456171687067
-435.2615649497783
-105.31268105326677
-267.0474185873083
-131.08905805166512
-229.17346413558903
-341.15138537592907
-751.6004389084145
12.582563843739607
31.023905609261384
-3.321888286227182
-48.30839275228319
-96.16488151921038
-183.3139054169845
-384.0102484999801
-555.0366753243441
-110.66693918426547
-476.48221056324303
-1239.7972093944027
-747.5035628647333
-202.5342896859677
31.799846122946345
362.67828404410363
120.93750975011554
1156.4569113487917
1200.705651751998
299.1764795711078
5.169415960055128
-8.619297188571181
-36.51460555880324
497.58820952417
1606.6410360148732
768.6197607131733
-38.714390679417725
-758.8024641910633
172.32378160593026
23.388401454872003
275.50462878211806
499.6913239932046
210.8546965770829
5.6679292013866736
94.12409326742684
444.26186604662473
21.434214054910647
-159.88193644881733
-3.092809233038809e-05
31.57453508128828
-304.25952630382227
-215.17805998352185
-2995.991616350929
250.2736140680019
856.0209197580334
190.068935579242
-0.013004767772003606
-26.793887992071063
-421.0285288533698
-1646.223950468634
-1210.2178868857407
-1094.433266918696
-2293.200916994713
-598.0286807966705
0.061660747115525195
246.66095561922447
-1.0951621612406124
-426.66339163622496
-1742.6816841569607
-2751.034874806143
-2931.675121148728
-3.963454174930219
2226.9121576105804
2504.686459114249
1397.9947911012168
1433.4447608899504
1141.5801886821464
994.6054589275284
1210.0644687962567
1159.915931659063
999.1450264059179
647.1614420930998
1334.7686043303083
1002.1941103858505
794.996525273024
580.5519807156213
345.6962345739561
162.38731531030203
205.70925840412144
327.13098633017864
87.06005043828289
48.332947344624465
9.176358720130334
1.0468651370018422
-0.12088449970393822
21.1948026177013
-1.174323656195119
-41.69943693851028
-175.88428762335616
-33.04017634572028
-9.063544559278178
-50.94688430610884
-171.69279622507128
-366.00534793403665
-278.9354367631645
-288.14271210060934
-371.6543010997262
-261.5812674945222
-69.80291942606962
1.7904541604273767
500.7780079930015
58.77387396300698
39.7568244147083
-7.932311458950961
41.14385357949627
-294.8572961803474
-645.4662409530918
10.975121357498704
950.1816371832356
168.79712313498425
-18.315962385250828
-347.45816220067786
-720.8559954738216
-560.3306906804604
-297.3110710529134
-103.14411949693037
-13.044599362020804
51.690381467453626
45.073892432963824
26.1626470440049
13.74896782915831
-10.88317593449778
-49.22118656786569
-154.7463261360768
-253.39111266610138
125.16437170892306
130.55506227445852
121.711224657757
161.1177740058077
24.83692061145213
27.56558788972314
-0.120863499391635
-27.50254416997263
-39.81549035287015
-120.2386349411043
-196.5987032731846
-530.0614782783488
-438.45446288914655
-548.8816739965225
-436.81853797735846
-420.88137680619167
-10.790099400703124
-71.02826500613668
102.92680725587411
3196.9092821881422
1452.0917627779672
169.99792152517924
358.55319672512036
358.7402534618474
353.48869285636914
270.57804188353293
1402.0498157326817
723.9711219538101
61.75833178417282
-430.31338020313484
-379.3200952935867
-95.36381363547177
-170.575666149994
505.6220737571201
-23.048177310851642
-636.682694568997
97.94559545785864
620.6022970120523
445.3682655204507
369.904768292873
220.99217231476064
75.36289573937842
1.9536221030582426
-46.23862596034393
-32.491640948725816
-72.94480714544905
-221.78857914038883
-592.8643546046039
-629.017636076799
191.09742832330897
181.5478501993419
-6.853654412363422
-1.7061306711746007
14.014946228311102
-75.44958992717412
-456.8565792851399
178.32717456470453
169.19408077659068
408.1422337650348
487.43933610080126
264.49901855554214
136.98983521484385
63.419036497408726
3.9378968598702953
-11.358033012609084
-3.732510848505073
-52.28026906210836
-342.6631696616657
-303.9818395505134
-870.8354198630977
-603.3575928840121
-1026.4423837407226
-467.54970657871877
-244.7526501442693
-24.530438761434663
136.61978706625547
-34.0380708912817
-251.38314397836027
-142.6274158065749
-85.56465516883762
-50.39629373816948
8.977439536098512
-110.52065328269468
-90.86287436899289
27.753332951934688
41.705616205162215
66.78103199547421
272.6169890144881
77.60154907000029
99.89183064611042
515.4021267897277
62.28518430941054
-23.54475859169248
51.85789142972182
0.006146026338592332
-131.6180669856464
-271.92682634625305
-93.80162291342462
-6.363545664441764
0.4591629246317577
-7.25875281315561
24.438046037648288
-54.143622329532946
-237.34271547111624
333.0314898749974
340.04728134914734
81.2978686255529
207.8933620153405
291.8841001447853
169.90354331192856
545.4623182884642
36.825927858529454
-18.67799715206335
42.76676951531268
-222.25758708418905
-519.8431964108402
-823.0966276191609
-893.873854692871
611.1606447973628
1169.0702564738237
374.7263793825949
439.60019967337473
211.1707711158121
149.49852332880852
41.55189594619538
-3.0430315213741856
-255.59688424137073
-438.3978672222653
-444.23648539375745
27.1708029231374
31.951607806252547
142.3066402243912
4.813196296470705
84.35925090931666
929.0231077786428
219.11164756293473
3.005177494325147
-64.73459483690013
-75.98455617064724
-925.097641864344
-2126.3962031579376
-1714.98581687193
-930.406495281279
-644.1249319727684
-873.599503709241
-1265.0899991596386
-1493.9298471741438
31.21015908499669
2814.14042607191
1596.247296945034
178.9158848295107
385.3134477039399
54.63810742340751
173.07446674797006
781.6931769563084
913.0922828173449
-48.620501021420715
-470.65292472170836
-1209.703230939667
-12.73898204368157
29.88890678248184
219.04198961975388
-6.520893728888231
77.22612565197686
-479.9913294984485
297.2292727442484
160.00608583163768
59.108955025991065
-370.4539194544534
-2571.8006230977658
122.94407587741006
1156.0960987995281
133.25067784201977
-266.6873463641173
-358.1868302706915
-718.3698733375559
9.937467154273644
-14.9528176031212
102.46844276712835
35.45139830245971
108.01890348466583
449.4673813734824
24.300439909817857
18.07793303044668
560.0489810889269
285.3190997696979
43.91601808448282
11.890826561200658
273.7748488240397
707.6992399822614
724.8620385493026
273.45927041695177
36.760689218887684
-6.551680176686137
-215.31233365206947
-60.82642274591052
386.8283396914442
183.04141653133667
-5.822228400148564
-264.1792678383121
-681.0556722419273
-870.7865074874535
-602.895272703417
-621.3843225811936
-0.11633347201997395
-46.29390903162994
-90.61682557186579
-431.9669713158813
-885.3569912001448
-1015.7746337535336
-303.2573930869257
-157.61201663986753
-147.34108817028934
-20.25905417258968
506.3376196130971
902.1904371202637
102.67946397133946
-3.5208365783549382
-108.02113206760353
-508.56550402384613
-569.2770181959381
-346.23938034473656
-208.96450813400918
4.13875637936145
900.7456255696937
1209.8207153550509
302.34469990386253
1245.2719417221065
3496.172231362042
3587.759593987642
5331.215014474366
3666.8678360472973
1432.2772769663102
765.1340099604549
146.9870972113552
49.15313113233926
-6.528404370679695
4.714750200036786
212.3499765701254
0.3693381321309984
-105.03466634459718
-471.45542050589563
-1062.4931849502636
-2750.3307718843216
-1887.1852631405093
-2868.8686826407784
-6001.335338113771
-7611.280376269655
-143.74884514051644
326.48245985211383
254.99166228299086
60.141707312143026
-2.2899049918922563
-87.61338278829336
-872.3655505676275
347.8320288747501
739.2116333689223
3.7279334014451626
-24.07620797482103
-16.65738756267221
-1439.7523855987542
-278.64752532561556
532.881569083889
204.46629402358465
293.59085459072327
382.47056981240894
1232.4303138432902
1721.3939348792321
421.1413466380887
92.65251262450965
2.1208897240584608
-155.3916443392406
-9.567754198898188
907.2518671703547
462.94502841764955
86.44515345589969
9.290020945740176
23.53119093828327
-0.6222907591900853
-132.29536670244383
-73.55928019280887
-148.50899599519107
2.5955001721811715
-50.108890072781094
-565.5104348312791
-2257.489782060733
-6460.291643350096
-1887.051788138128
342.777508892611
299.14958639506267
0.25268679023066487
-965.3153671654228
33.55295681568134
594.1127240625351
-0.08125864891553129
141.40803426569425
1764.136862149549
2634.9613349844567
1099.8183719813962
211.07419857386853
9.407275891826199
-152.62062273267958
-374.36134738314445
-211.37572351435858
-1.3516573196641755
128.19348060427126
-198.27442648071315
-1459.8593632982274
-1844.169900011644
-833.8960602467224
-204.86296013422987
-421.9463628773189
-372.0341196335932
-764.5843512408138
57.86826295679866
-372.6056186749396
13.192718820093463
394.10738690555763
323.9519612538339
466.04925040022715
150.9386193451781
-85.68451868762948
1352.9611995179534
645.3760720648105
414.83747624155455
48.93493293852671
-560.9677798306541
-117.9757906353723
43.92143602318133
-46.454395968761304
-35.2233282025245
-0.32673372108401416
605.2394990230948
4091.238123305582
1174.660700478292
540.9508083278445
21.101212250662172
-90.19101826463985
-88.79594032317927
17.272811411998667
224.78139345151044
14.032337055024065
-84.26709345877727
-580.595278279782
-1237.8243257652362
-2972.0471282948174
-2480.361916973264
-1672.4489254975167
-4464.554434072026
-3700.5833116859067
-698.752938082895
581.5076917132297
414.71741260900114
91.5637141387343
-0.38780073482113037
-105.43224085460795
389.6815669705937
407.85094088065574
189.9495275589313
143.28286458528297
11.678923165072893
-2.392980403055156
-164.9543374528008
12.60199409859703
61.587337423240996
40.39143522093917
71.28948982782185
17.118424546020336
-51.12291949288221
-59.206459181655696
1940.5609415521299
2578.467906923804
1700.093142644712
1365.172673592885
1050.9029827355166
545.5046239297196
350.0153073377801
333.5959281473386
112.25780256244445
34.24911132187356
-0.00017331026700347218
-17.282949254077415
-52.0807396591289
-39.00141230421049
-29.16946080526618
-1.0950716962062332
5.329376261042182
0.263225662634346
-122.96819204095375
-208.49911053005675
-544.4084930761926
-642.9416762718265
-814.7207308694271
-1344.9228351287281
-1560.003602760287
-1439.4585383154651
-727.8391520310242
66.72832869238974
-9.340239661830124
-827.1329042699433
120.44170298241674
188.68429993193752
407.09007544663524
56.26495031654045
-11.345124040590719
-85.10283143195615
-278.80005470905724
-398.3555398358574
-54.22262116390503
97.48253584927971
2484.4172604637865
1067.8465554963946
2500.04476892809
1401.4820319111598
1147.8867062253444
156.141482866254
-27.553722688258535
-92.30680644586567
1242.3591152578413
1505.4412765236316
554.5057853486592
413.70252993857173
332.9457622598943
1146.0871320168321
613.0254362455219
140.58109576238564
20.851173236564456
-68.00167820750406
-565.7381679010127
-754.4786488370066
-1857.2378488486138
-6642.666973721938
-1645.9050680444755
-1300.0194522936554
5.214387978232345
1.3593273607111493
-15.444557706995635
-14.443482477420512
-249.81996781606878
-277.6862134700341
-44.65923646197331
-122.58389157149323
79.85325821225007
1232.75508321171
72.24090756692831
-4.827168585603624
1861.303035257594
2316.2613053942096
1064.2049975177601
513.5308336866092
15.454174792077524
-358.31783587835423
-249.41861702061274
-1024.524605915949
-754.8941732743647
-792.3214035103622
-1055.9329632910958
-2492.0305195986884
-1551.6180603438302
139.28213135925103
-194.59179105645381
-788.6757549351902
-1275.3154389582087
-2022.7589702721104
-202.66399921309295
329.55658930936335
-9.92790871372786
-846.1806536962395
-111.70219730248135
87.75884963762651
-35.0414328159255
-901.6846213972909
-48.688847093655376
2403.7705774950973
2216.3850465415007
1110.2312691355319
1298.492989759061
950.9657075451246
923.7405584967873
514.5396463048186
318.6324678975823
431.05701076694373
398.26879008063537
245.54393806442204
129.05940658177292
14.09281102646706
-14.525145234396838
-103.45867694671978
-176.54337412718144
-647.9053147672531
-272.2500894034908
-2.053952039148034
666.4538610922685
593.8773559157152
207.67986047424426
133.22887370416208
30.768066740534344
4.566778096425557
-2.068085537222612
-95.59069696623554
-17.176830938656845
-80.66870537045517
-351.4155524303079
-454.49203048053596
-567.4528243904426
-747.1167086352882
-537.911795017464
-5.538460740852547
1983.3785469846134
905.0311727393383
417.21376569986637
1288.2977319773133
68.39735137329507
-92.40283342369054
-437.2544318080158
-326.63043160959444
42.80127294602303
31.99057206002163
-464.5466119263846
-186.64817293939115
-222.19917972285407
-700.2679595994321
-73.63447492516158
676.7369336405787
1856.5507967479762
2809.678110280703
1622.2397308986315
852.8407054443869
317.3796037290414
19.80963796634699
-11.515308569246816
-661.4575558946067
-941.4391399311855
-119.84741529269812
-687.8341329810114
63.421604381205576
245.9257216536765
594.5237143761864
531.999914750327
410.85813259337425
183.05699597402793
88.01255437937105
13.537781188761958
-6.742349608750853
51.36558553528248
-1.2813307703671826
-2.777201006767943
-80.53997435557213
-73.36391791908585
-178.32241055474896
-172.7634127806918
-396.1098786981652
-528.7058372697068
-1018.6168566824474
-995.9697262293273
-1449.482473533161
-1784.9452956371344
-1216.0967058351566
-0.17063334779361855
-5.502505138448763
-24.10822755929223
-15.596699687091451
429.62695367440625
390.89244828515143
-1.4336121620668394
4.744740734511669
1022.0841280311574
2.798424341821068
-25.014205186953475
-1410.7921517509947
-3287.0144320150293
-704.1997871689239
-7.819589633803414
-335.5008216724798
-275.175183869729
-0.0008619089962680535
669.9386057380342
1091.9593427130467
255.7726007035168
0.3014165492712995
-293.2574230343371
-39.45401783846592
401.32418384970043
781.2448899378479
1105.0552977408252
2321.302369605234
2517.0178047039935
1713.2104261954134
1414.982214548716
1090.9793670120862
667.7696657792051
458.5591039789293
677.243777776586
255.28758047651783
187.5564008719367
63.84697420114742
1.354803902893269
-13.943410351468462
-21.944466801682736
-130.39798352809186
-415.2564991571359
-564.3189938688972
-734.2113877533536
-1311.980657042278
-411.928889848514
90.34096536492109
469.31064313478134
6.599402128714166
-73.24379643936663
-1461.0941732038912
-1266.0463388049484
-25.30571603388387
-54.985758294223594
0.02115604384640675
45.31353719904988
151.74665721017547
998.2797010108759
2155.4064479200306
1198.321741701956
924.1033144124067
904.156104291053
406.28199798953983
614.6235956909993
359.7749321935536
394.82832211397
260.43914277212133
353.2986876469173
149.7002066258789
289.49703084324494
510.90387801739877
315.3781268617669
217.11438861249894
322.8473393911846
150.8736849168434
11.432147531429665
41.937614783558715
20.037111231855924
-24.4928269773176
-89.38762506669892
-260.3774277766951
-299.8136198357484
-381.000685194275
-21.92990815862771
684.0764304960907
340.19649818518735
174.28380839524655
88.86655917179648
53.32717603984952
68.29971161058937
-2.8606294561810697
-17.287125276743204
-148.60966104437023
-415.9921599178532
-518.0431064452159
-525.5763069406271
-342.1117513637022
-503.35871647943213
-495.71081942688346
-906.4230599543428
-743.3458164408112
-1188.8336303483125
-1448.0333637797048
-1898.9045411047437
-805.1439426755859
-1073.6629074323564
-1245.4909080826556
-192.71455673363283
1364.2872463623319
2849.8151658455245
3448.862561560627
1403.311012725565
358.5891929556725
201.22741527321668
30.903164642792717
-54.68301584382982
-368.06033350761254
-1234.457176078615
-725.1308047882028
-84.03633782601841
-198.7734720060804
-1019.7063984078977
-2854.733497287508
-2471.959714368348
-3236.10964684164
-2040.9375256404664
-52.02543737063713
-51.92279620953778
-45.557557525903036
113.62421764972567
3390.5354967449102
2316.645301164497
1532.6959734661036
1526.013520563552
1405.8321669280942
845.415748249226
786.256990371007
1071.659538669613
1274.1217936033643
1495.4310439807068
1000.4458959608708
1138.1348008908922
939.9643015153181
503.74660068637104
547.5416592187689
297.4872280996764
290.5424457170701
157.99367347827996
83.8826616547605
30.78588498179374
0.8646228199338536
-20.24383339005793
-72.602161907518
-148.37213868695898
-223.58749850778744
-724.9398137463581
-1021.6741998023481
-1170.1787484619933
-521.2498071523228
-725.258509878711
-917.0668511947341
-1529.2943202163726
-2449.6251911022696
-1845.953821471434
-1666.8589300440876
-111.68443010665732
519.5564723702693
302.9362607610491
184.12042502707465
300.6319908388802
29.369003324079074
-4.063808161237233
-14.16967492888104
-89.14139419960111
-287.29928928882407
-264.20945264492144
-665.715946305849
-819.5369350671347
-888.2234256069343
-1216.0220431172174
54.69649785920706
0.9186038467893165
21.75274221568735
842.0513320139709
381.7305147484757
26.571897795517256
22.01427421839611
80.55784284426238
226.92913230412975
80.46524744558579
172.4642534836476
737.4427912813354
565.3984984978109
204.7796357088064
-29.52484745977509
-575.938744449068
-0.14225280926758685
322.55726333921103
545.30371632192
667.1406415741782
309.9458735832688
332.6580022082643
29.276131154886706
38.85056136698613
19.043269101609127
59.19123439371752
33.20001487248312
85.71559043151342
-3.1419678330671896
-72.69540443099423
-34.16156568029095
-134.47130999887293
-303.2652506516748
-177.09925740788398
-324.8565509331131
19.584791662328584
155.20228991532284
-0.2929183611221027
-42.82592074206376
13.046000395366912
8.586159748497316
-337.63522664325296
12.55343679606678
16.08369982665838
-313.28089145311657
-617.1768017100485
-38.333070350599854
77.55022153034902
6.151562882523404
146.781555653944
195.75381867290417
52.24436195489032
0.004787829081233193
-39.085514982574495
132.01629725945352
420.11721996808353
189.84676454749317
7.767667347725566
-15.036052449826563
-89.4308291980894
-195.43187142554967
-414.3117875294286
-1056.7786972106778
-1749.1334202606893
-2118.090197655313
-173.4047155629632
-290.1666060107174
394.6345951044007
38.37929847833783
-43.4284270991733
-373.1800621332599
-488.9924256022929
-939.3833619172028
-12.885626687016632
6.938684410836359
262.4980800342327
2.6852315233914386
64.79378585446547
5.875720050701371
-89.11973024233674
108.09572374307552
231.77612952153643
396.12687982763924
388.1303128467961
594.8619448824506
870.0707148951831
582.5036328609418
482.51767766885047
418.99207277481304
165.20872968684654
231.7344734435708
244.50866948175874
150.96522207264127
65.39472263020365
51.15157487740723
0.004348505102111119
19.973579796289865
3.154894338520311
-2.605706848541073
-4.492751778009421
11.009123363396666
10.518639483942023
0.0002141243121669336
-108.28581252724993
-5.943271497563088
-79.49215612601782
-113.77314624526211
-122.54933112075052
-104.50060004120874
-258.2772099156449
-202.0316200727952
-212.94768165768062
-94.6367414521639
46.90308347723429
443.15828937098456
864.4504771443364
656.52626875812
231.15801026950078
26.812561480605243
-31.9891107721187
24.651141315466525
50.04903797762391
-10.71449035510451
-23.304340620169064
379.5816402066349
140.9129265243479
126.60862083042772
31.050003613495747
29.42369821467254
269.3385764864756
359.6631668888598
312.1474312406657
186.03339379575817
205.0071166577235
148.32715154737167
112.37905689102172
34.52364084178372
21.671533940450377
8.794546801381632
7.364070480898131
4.0941852845014175
-6.074790341973544
-12.181912268419286
-52.52410540472898
-63.86041793989272
-62.49074457662281
-95.40593846805275
-171.55503588310165
-134.92118908020294
-126.73876385859188
-182.74754146959543
-265.75823441822865
-292.76873125608665
-302.55389103941354
-356.59893921119397
-563.2023750957534
-547.7077577103813
-603.6450461664692
-683.9730887299093
-363.7111675735399
-602.8745596311546
-188.5096878320481
-505.1456881633477
-1677.3583757300648
-900.0383077112829
-6.218950893912721
651.1101946291142
262.4737509790912
284.94343494326256
355.2233391624238
154.92474072427308
24.996008189576667
-11.137436728178928
-100.62844552760822
-276.8231191314407
-504.60293557197156
-820.4574172058827
-1280.480175544168
-2128.1683784372626
-1422.862567624236
-1.4267365130618637
655.0976645506461
98.94493438783067
-101.19425610211863
-589.7570209707002
-670.5999659152192
-940.3656725947292
-2419.8910559610295
-358.27231980790316
3.634703500682002
479.7760591832732
569.3764955889658
277.16243935608765
114.03308935523529
34.601854328251704
264.3498074094232
1255.9863919003571
1149.9196639328725
995.513515095614
-7.711760403120908
-1153.4446864523802
-1034.142952081216
-0.6245117134043636
-316.21221666479516
-206.5961083634652
-686.1996993082407
-3258.521541148755
-3503.1651880758836
-1384.1567398911243
345.8730644415484
108.74877566241511
-172.53879691766065
-1242.701886554314
-489.27559768097296
0.008415538650189508
912.7762097667313
1126.5760586019742
531.5941469919394
1413.822373455892
1340.330342467053
1158.4697543546731
949.5188454590242
623.0127224149387
444.87861632270193
378.45109396051305
94.51736883070342
99.41027945151926
26.83748915828618
0.09095922273813259
-9.623945005099324
-9.124214286721557
1.0154545744487218
11.568353956047106
-4.429828765265753
-9.99597725051407
-30.436864140405945
31.970482514435446
47.392909870404246
-15.06387118729111
179.80359037664076
0.8947074503970149
-509.2727131151829
-0.7522696106082369
1005.0622729651377
321.1144669205095
33.98199187354028
-43.912605606769944
-243.40512395202177
-248.6377622899446
-194.04226297871404
83.5527767739281
459.5791170727452
1011.5029181811731
266.96112138500865
14.082685941452873
-101.05979114418925
-49.30922601860371
-272.19719875728316
-848.4525084104957
-342.0722450704452
-6.570921944140117
-247.26210543117674
-653.2990553518184
-259.9336372378249
-42.40792322028659
122.35072528997227
522.2522832445601
716.2812466752031
618.0968701921363
504.8691918372534
321.19723180631007
188.12965888898646
93.0165275369933
5.784928499192452
-26.192153040356533
-105.14480252740469
-130.26807228420893
-235.87781907268464
-157.63640160307102
316.3010112265561
3262.3371624430083
3032.1725853702396
1369.082639870132
471.2261688358666
1720.8070756640209
438.1030128431761
51.082521000877634
-76.62703001037444
-326.87885093584805
-531.100579798145
-413.76525849455754
-274.28127526540936
-1512.4628977208981
-2067.8060083046057
-241.05381278591395
-0.6363856903813586
143.65956934984217
986.2377957985907
636.1855131267604
352.43479073898845
222.52799996389462
109.21721884535899
62.363853119096895
77.2605628031152
107.79530892609431
41.32532026948216
1.2549764310871399
-22.325105104088152
-40.09645548969058
-106.76541486003222
-127.29450243896268
-338.5775932168133
-466.4866816474676
-447.32392585133164
-978.7658052333326
-1065.2993140606377
-1557.3634505756575
-1670.583397234881
-624.5716962214319
-126.84864742236364
-86.43241440640304
-298.3821870305864
-530.2227260695824
116.49186795931507
87.43110930915284
-35.11132465330192
-952.1014507187931
-1125.7859986423243
-853.5750483308493
-1.0475354695256658
32.90459711833697
181.36334965709574
954.251898268471
1900.4020409757572
397.8428357532556
1160.86977697337
34.14681176352204
1394.927173537724
2134.99935835743
506.2814912090739
702.8169710971974
1183.0265743232749
222.84518855503444
213.90222073874315
7.6800075594687245
-666.1658839138785
-574.5609648225325
-263.1045691079802
-611.7214260660393
-1585.099445569197
-4408.928506975171
-108.06739791987005
-88.16477936320226
-42.89022570852165
-1.3793162590926775
38.88891511393128
-25.888415173614607
-147.95200970360094
-191.2412791588075
1500.1924632580058
1694.7218905515676
2518.3392556887316
4374.731886214549
3561.4671717876404
2054.1339058834274
1502.1062835363932
705.384828122566
366.59639882299746
94.19358825146338
17.136796885346005
-7.607960466347017
18.521926162011486
43.429089515256464
-5.052329605335413
-44.835167129082066
-368.5679422630713
-750.5447764559259
-1095.626152906731
-664.6894007910464
208.83642005169708
390.55711181794567
490.082419229309
1.9885805103406482
3.6685484624732076
75.12711060328499
40.015552493172315
-77.27379496905172
-765.6528189718615
-1519.6905676017818
-2029.5519878793318
-3053.433198454817
-3636.6102091688153
-2430.0535293147204
-2985.3731344929065
-27.039631438215853
-50.85256908404357
-85.02130985307318
96.08383394547053
-123.55556531571034
-1458.6772573393775
-1518.778995231306
90.91231976733997
252.01101424942937
69.62300934270343
1310.161334765631
841.7742516624926
25.322428773390893
58.00305077521968
299.88870429123
1534.8947506861027
780.6777760209573
135.13527369716587
1.2975155101166205
-213.97112850458433
-443.32224561961993
-255.47023967900083
-265.99163709929053
-208.8454201303698
-92.78875526756022
-662.0157373438858
-1581.2106944354682
-795.8339732032424
18.597832852253596
-5.589715724392947
-193.79813611206868
-61.45856055963006
837.5888956367255
256.2523410208032
516.6989831599714
966.1856408119778
94.3647660445077
-459.31324120880254
-303.647236955709
412.7984071003302
-161.36303504312966
-242.89888856664493
-427.08750420921575
10.491134548886375
95.69665507083859
-118.03208094714329
-626.3280893130569
-422.9193710133625
-65.29677422389975
-24.11780415349105
-10.263486902126273
57.32704808399357
181.2575404983789
451.7912858354398
81.13667615671613
-63.81126613109967
27.92066776481145
1500.9984937672157
67.11077043704034
107.40268578249429
1040.5321925721007
942.6177906924937
722.6917383623306
590.9088824408218
483.9908983105899
11.77923626408895
6.5442899940084995
-113.17535644907403
-257.6308587339964
-560.1325785731425
-585.6402628933176
-981.9799901468267
-1604.7475578139045
-1557.1086528084663
-12.837844357782483
326.5167600522993
111.08481670711774
-12.504714272041106
-418.52221266764354
-17.889055683607673
221.36813094795673
6.905947538164811
-61.064104621032655
150.27796619631457
156.6704135575432
1858.3519406517876
519.0382026011093
-4.028288378612508
-130.03837628464373
-171.4182984397948
-371.18170163426385
-323.0910034073955
-1147.9532465330576
-404.6999302116907
-945.3915845646134
-205.00666294067767
-56.76095460581329
-21.88761246166186
-211.8907600611143
-58.355848496336705
-523.470378648961
-1524.0523661845718
-2360.7985660219465
-74.34760364939973
338.4415529128442
416.8892019670135
936.2399169246473
4300.403262280765
3167.8714759925106
2757.6645661983703
2258.326199978798
1536.5971304971795
960.4417232604695
863.1659543258328
480.6311310159663
889.9046257731477
4352.826362981715
2562.5873541773567
2335.225740183909
1788.6138428671568
1112.074366186829
480.02737858850656
722.3629292087205
440.2881941247117
294.83755541564994
96.52028610561538
27.563533247429017
-18.218046272538174
-5.925048581031456
-16.96346789477574
-42.47844285564308
-160.62548827015777
-311.75352500674956
-359.81564899979315
-89.39702907465984
-120.99987285754003
-125.78571742029804
-316.33274440967807
-485.9292281791254
-671.8957941372803
-755.0722051977136
-1043.4874581074919
-1613.634239164971
-1834.1648121325957
-2715.854304065777
-2926.712514474265
-1922.3645955218374
-2216.1448395089274
-2280.878588657073
-1969.7630268000717
68.93322880736065
1132.4574780152445
401.4051648832483
26.213188704890406
-131.57013695001268
-232.90022436885454
-53.65608846776925
-28.37949904229437
-339.4234839890308
-627.1004825692785
-192.60023212536743
-866.6938598215585
-562.6077134574435
62.60839471646345
-102.43778736104481
300.19580250988776
-17.43215220362477
13.21023995849602
-0.5049151473012691
952.9188894380464
2296.2452071479547
1425.189476601623
1702.6780059277203
962.6934853263785
12.296584359792929
39.75223437460197
408.06066230767635
944.604166721747
1755.8359963431294
1242.1119241319077
2093.7516808597293
841.1266943543607
529.4215867556879
1113.9736923039509
774.6334677620799
242.22938403264948
1.3795478958566179
-0.11375783075988245
-153.33880248403767
-626.2058784436801
-1329.7530834634267
-46.37809484231262
-1.2884582679182837
-114.28489220886786
-67.05560975903894
37.65734209893311
0.01574558824392735
-172.00947211038587
752.3282764987811
934.6518371895824
284.88451780956075
16.46948759433124
-306.9759546743617
-1723.1564943949486
-3135.104310284145
-824.8821194459281
-723.7347735833807
-990.8578432503884
-118.49290619854324
148.61491803206036
206.54727243144083
304.7293064465402
414.8480709853868
285.496651421235
186.88297620994618
139.43480173353802
128.2661535001939
94.68199038487137
198.33833193777463
76.17811186997307
30.1828468436222
-4.509412306334308
-4.0834699772274075
-18.680863342635284
-181.28448310812487
-377.2274233429059
-453.2574251462063
-333.485426959707
-397.9114344109239
-657.1560685759421
-520.5473017748487
-842.9727813212487
-1163.5157272136212
-1189.1406195846007
-343.3659644109961
-423.6746277247126
-878.4879944890155
547.8359658202132
23697.265647258406
37986.04527973564
29603.343382443567
30386.400849032932
32685.809023424452
42905.57212553545
57112.978679963875
73169.88433347254
75516.64985028772
113456.37438356897
116327.81209367765
143093.4730633996
138087.15861964622
122137.53492871438
151163.9200899612
152596.63953181697
156216.3473205496
206275.94264738873
261835.64415682072
226709.25630787486
286429.064987862
438853.4586163994
475186.8602867543
442855.6845333828
444013.25419510435
444135.22384870006
529996.6435830967
622558.0683173811
913994.4940110673
931334.6273533539
949113.7110553753
1052604.0132140887
1059445.8033494211
1018339.980783349
1185494.3198159186
1226916.5464613535
1423443.5627728386
2128761.0095385467
2640521.589864536
-2415302.9499999997
-2225182.64
-1695203.9199999995
-1882502.5600000003
-1066672.1600000001
-924906.76
-995661.74
-1003928.0800000001
-955374.31
-831047.3999999999
-615969.9299999999
-531107.6699999999
-395847.96
-404060.38
-394668.11999999994
-374041.72
-404917.94999999995
-350958.6
-348801.80000000005
-341873.03
-315353.83999999997
-330095.43000000005
-253468.81999999998
-268652.13999999996
-121990.29
-183042.85
-174372.85
-197912.93
-153736.56999999998
-161862.02
-157924.35000000003
-152790.14999999997
-120550.32999999999
-97453.56999999999
-69161.01999999999
-70977.74
-50664.88
-36540.049999999996
-36764.229999999996
-12188.22
0
0
0
0
0
0
0
0
0
0
0
0
0
0
0
0
0
0
0
0
0
0
0
0
0
0
0
0
0
0
0
0
0
0
0
0
0
0
0
0
0
0
0
0
0
0
0
0
0
0
