18662.699999999993
6663.983958252458
4387.236033404417
7212.743990818072
3709.0482745864356
2632.702426755679
3015.646456621756
2845.847332973858
2972.0493960761246
1420.2324858332952
656.0749465042821
1105.4566647341621
512.0118723228928
114.07553291933002
-23.498703684291808
-94.14047620975987
-399.1910768473535
-360.40850728974453
410.391485837405
599.758500912443
1904.7684635010353
1651.3740879981922
1951.4276569741005
1254.546669564584
958.3707656190697
216.78956116182147
16.151395250649735
-29.642876558889064
-162.01054364158395
-76.3495315877382
-95.25513888916343
-90.04975352496585
-349.2832096542709
-227.605112896494
-225.11772861686453
-407.085828856106
-178.87319701524413
-1048.7638050012476
-1831.933229645513
-2646.066123474844
-1532.8365047696063
89.26223743339614
1054.2222554029447
3295.170517554408
3498.2930286514606
1947.5925493667776
823.4376445292038
449.82557678309803
374.24749598832966
105.62497051688217
139.6894864759393
128.7845590671369
5.444659152663219
0.11149683578323756
-105.0240538331556
-287.21614727251153
-762.1884273835915
-745.7678239306623
-746.4715008093469
-1764.743417317192
-4620.759125255606
-2876.6354616157714
-4024.342281170909
-907.6462852353286
25.24063009958168
-5.092127860085135
-80.9007723911286
-525.3310696441613
-458.1259686921597
-266.6091669673302
137.77734852121063
1089.5742905219995
157.92821157077861
35.10608717730394
24.836896947584737
570.6654210495578
151.24046587880022
3524.481391804825
1365.5068192291812
166.7685952536216
-4.9284428609020665
-565.1764488636215
-1141.4834743735794
-2166.2569069921974
-377.57738783087683
-6.437056144873994
-26.332518313229915
-223.0886841892745
1081.0753257628376
265.82776522542923
97.81523696655445
-35.79021539137319
-108.45431853642943
-611.7144006515739
-1741.2183486034692
-1686.2231735920698
-423.1311070292419
-353.4762320131367
-42.57721495822595
-355.06758162413877
-760.6128756629003
487.2179450535016
267.16706555688694
606.8556853854991
113.14293349186202
8.208584452554515
8.114143990727529
-19.15594279380057
158.1008776844528
-200.61081816627612
-1400.48289813747
977.9791795316764
738.8389948212846
184.19946421505023
78.5243105091194
110.35619813629191
-78.79047909434918
0.4987976481710492
0.01571697372597706
-32.96793859882975
508.0588622952938
1523.7965981602856
1401.9165441830505
1999.207584626191
979.4376439161488
330.1243150246247
926.4910856010879
671.1881881932259
1728.1498249684146
549.5747524605495
112.53160822833043
69.03307947666555
69.71898985105855
6.852584413364094
400.7357803537692
259.24461527667074
20.05451805081346
-27.043684136172885
-130.38857269026016
-314.4706448821103
-682.9592486683428
-402.6943149840542
-709.5494560294129
-1389.4023521319373
-2479.913446965995
-3089.6735652878906
-1563.2613150615487
-684.6834640013337
508.10261906573015
3571.885106711924
525.8736643949453
1104.4175811929426
1.4900907826362622
9.54441370702638
-261.4129378896266
-1162.348662362149
-1800.4279533391923
40.08129200461826
-51.64259479956663
112.02608865047614
523.0304498498608
4.833177060247701
-177.2885774279086
-1234.79419476363
-2806.4969008221756
-4587.018702768337
-2136.538290980814
1182.912339299693
997.2465066573685
90.44172105968644
661.3099864444719
953.4558222519063
91.03282899959481
-0.7240558551494052
-40.741437474975655
-598.0099950202314
-1924.3151747347395
-2246.204674819173
-82.67031278967538
67.86621554971467
-1342.916355985204
1.9624964399955807
87.17052021118378
4.605459249487385
-14.546779021482825
-53.44693178820191
990.3344711936714
598.1706248386831
-3.736325516910034
-461.196755384078
-118.98630041106586
44.45988394727882
-181.08592909089725
-1603.6700121158215
-6385.792452839005
-1966.602233584254
-208.16885685021796
56.22604709901009
793.5134340972336
1855.443555004411
2518.5561518849736
6719.508439784754
4685.367445371112
2698.2703558273033
2170.326836967416
1445.208184457041
743.1493521028267
356.9655980397242
484.7720845833515
572.0573926885274
484.8176393562729
423.2645834758954
294.92701998284764
124.63702645960478
5.2154588768162995
8.22904442632177
8.641488104752334
6.448940951229689
-20.852064913136154
-178.75177652740234
54.10278119613575
447.7444716159997
13.963541274567998
-1.316302764496609
-133.70836192878824
-245.38338847072202
-1504.345029093702
-820.858593499723
15.508465086932581
214.46207672767096
523.4848453608229
3649.4648771619186
2155.6215030181384
717.8375098320882
3.754802253914504
2.077409605150103
-300.5836874966887
-17.447650573375025
-492.425499940271
-1179.7792142646877
-2917.0843152445777
-1426.128519486631
-577.0206433755354
-64.90090022645538
1252.5609108838144
2030.5232252202536
2072.7523599901324
1807.7065260131396
1887.716348136812
1821.7610212223126
1063.2540022173612
64.04490863186888
67.154472007778
9.658853758442802
78.0217317013308
118.80174182308421
101.3957975216392
85.3782667819966
18.508920835580156
17.914190329848932
19.9958500243577
-0.13337934124488238
-337.306707880852
-59.65339581342999
-28.896318287164743
81.96914093734735
95.59658393306857
44.19019453055347
96.0109747513631
20.718863351477832
30.56070972905458
13.282475859531923
1.1716171785395442
-67.15364871505169
-82.73000111029351
1.5853343525623855
-50.53162145564543
-118.51919232388079
-1031.760961523363
-1129.587806601296
-951.308515488539
1.3289805336445286
-36.31992337835061
0.7342727473208736
354.2567506313137
257.9109379866271
207.28750715720028
412.64013157807887
335.77998416876517
137.2525905679507
224.26476114916534
110.43452344901097
136.03737981628703
57.99282415815493
68.73635366800349
36.750178829733606
-11.919001090827257
1.6928424192084415
2.876998010321738
16.738355465808624
-8.35751670038004
-4.473814293332447
2.554240615637541
27.694894215911713
-25.97527301718704
-22.980420578506898
-396.56221765806146
-160.46375733340972
-319.6078063408976
-183.04278498858673
-320.6713146120013
-661.7834312721727
-704.3942807646185
-1570.9754969779433
-1791.7668537770758
-2046.0341339479291
-3.4929083042774853
158.46793021793385
624.7575104080347
459.70230617034804
106.32428616949677
171.14890059892636
152.97427446891172
54.619380800727214
146.16974167847712
701.2638699924357
1773.7368151831279
366.11608147686053
1682.6532178438235
2167.2116925181194
956.5430896362814
225.00585341482235
134.94308329293295
147.21360694651383
285.41355340118935
145.61757969956852
3.958686276698419
-131.21141915578917
-351.3580795685875
-792.998146220694
-378.40533548071784
-1374.4059209867685
-140.92208612083857
-256.7628384969654
-19.64903873097441
-133.32972088770657
-163.96717443685804
-2.426332696720398
168.21089193669766
5.4374208232618795
-1.702506400377104
5.517806928593846
-3.494615950517314
13.062569632816597
0.7386821172155055
8.846680307713473
-90.71075292458407
-32.14869950234345
-17.653102826314
-181.9597313349685
-15.919898640625199
113.30411477201862
-11.433329778697471
-93.04257631776471
-854.5146000133773
-2289.4921187085424
-4911.009992081981
-4053.566584999111
-724.7494220398501
-281.1928194911038
124.93567588754586
66.53406856897547
240.45951058073555
601.5331523435194
274.5552646590494
678.8371823298938
2165.153356470482
1341.2801808311165
925.4064310828901
562.276727990155
187.63586381321488
55.01090560782472
8.644918482014578
29.775291603372352
1.385089836261944
12.781810011142717
3.5374435105421185
-18.323791717790975
0.5019115840117334
140.90912926525544
149.234487604324
406.52546980053137
45.94134363752733
85.2401293323181
-36.902094016636596
-60.89212411469728
-47.61820604662093
-311.28360000390455
-217.44034492627614
-123.02244752322432
-50.824308099911846
-169.53195039841697
-147.38538319197468
-219.49838079084043
-301.7143022235645
-535.113427448424
-1278.3426804299088
-1900.7870144364729
-361.0886973467749
-49.41735350312285
-1.7634421753218223
71.09125091660297
0.7934922079267419
45.323730543069736
-27.65391756862834
4.260549556106082
-81.01052676233947
-12.317691802364156
-85.62335561916481
-78.1367176022251
-102.11548105142425
-272.2116463840414
-163.56977801553765
-324.9539083524613
-470.7739051654752
-554.7703837017054
-2626.9577359249342
-4118.545167110901
-1042.823836524083
-550.7824631954113
308.88066824848045
1765.5359811684993
1018.548461284337
1238.175022192977
499.9303461188944
287.935763723879
20.773404246142743
-1.3002863820085393
-4.958227218332012
5.082277095403025
-132.2069019090103
-155.54232335034695
-274.96834780173566
-268.7479386275684
-119.02074577612771
-230.39214436853257
-1768.334366830077
-667.758999814137
897.6956347017779
98.63046046338563
-110.00825684931341
-294.3261937044757
-908.0500404731299
-1467.944660307406
-1099.7802172952988
238.0293872254118
-157.93728479643676
-1277.2605295104972
-765.7309477282791
1037.5736857808379
856.0197732623778
368.8268299287564
491.6385715083252
58.29018865952354
-131.2936649067933
-655.4889305340968
-69.63414902244719
52.54422953177601
642.320360808111
393.02873129688874
289.0923782243216
614.8550114074973
765.710165434084
324.35802250369386
46.51569028833968
0.09117517570103917
-140.21153562008797
-68.51139102792578
-44.50461988794348
-182.3440740996342
-693.141374232137
-1051.5412943250117
-3191.617975836282
-2693.970886735284
-275.58076419825056
2624.3345655992975
260.6567763540289
172.24958135749625
133.6574160645816
-110.33256284477935
-1272.835219114835
-174.09431616945443
1121.20629355219
80.80090800299648
9.06642427212399
-442.38958956341133
0.5928885093385056
1500.3910385797801
351.7045766808823
-25.07104043470428
-66.10528319111503
-467.14259394156204
-497.23013104454213
453.00626958929786
1317.1827156822064
2340.132832592444
1959.2430528947289
1333.683058865101
861.6855707274201
945.7298380669847
452.53679934636347
310.5531621034078
211.22776933265627
53.00895578762826
13.656630205102232
0.0005524152284300998
11.708221429139964
-0.0037421333335181145
-5.554646312107746
0.03952153185108681
-59.954298961093656
-9.485242464746776
-24.842831170325297
11.059987876237061
138.31065027144368
61.629094534852875
31.724779730389937
-0.09783969529361791
-8.216695701757592
-318.23227393255024
-503.098562172491
-626.12185553783
-631.5078763761868
-315.60466797667647
-197.4223622708832
-181.17486431764823
-245.89662727613663
-603.6093698646658
-284.55770042769745
1002.4946306856144
1942.7135910383486
645.3740815574394
53.15120749750212
-5.3059375325633775
101.66059698891266
715.5381615258523
54.47091822253809
376.2520114383636
497.433768121964
131.11762947088556
1.1958196464451247
-24.941848087235552
-419.586719921626
-2964.5445140696356
-788.7608763260154
-175.7503507199539
-140.82822030462762
87.95198703474952
24.714070741555872
-10.083558237970333
-238.35549235877053
-1123.0229532733026
-1027.3396730159204
-1785.84555969679
-1210.1070314420263
1330.3346495288738
-8.00241601684829
-1429.7250497408613
-1.0310160609052137
-738.1766990620276
-3127.85150004031
580.4202185575447
2151.6195618757197
1680.596252611816
1506.085759255535
2456.9509483287115
1449.5381723128553
1042.8304292858168
501.68302890590905
1075.7118739529965
493.6848673378879
273.05764449533194
36.25380000013872
144.10699469221998
232.8985697328162
30.335980042838678
-35.77797500786011
-819.7026273065671
-116.89722681345798
-204.62527961722424
-868.1660609263271
-920.3620706161462
-1621.2558267961808
-2602.7467046520287
91.58973903804927
874.373169085656
483.6429716550772
433.40135938923913
420.2349401306676
139.2620050882997
3.9908510152749743
137.22537669532502
25.392401333434055
35.56686651722251
19.29052678745135
0.7287047476050393
-1.1445477524932932
-2.9918992955926322
-3.0765263285574984
-7.399153892899136
-117.33566677767891
-78.09905391602067
-235.3393601885549
-806.4698203994006
-2337.5929684202174
-2671.987244901855
-3331.441719669988
-6542.757110674765
-7845.563686417355
-524.5031107503474
362.4371470522143
43.37016592132184
-32.839689026796826
-86.85239318469087
-176.87256524815075
-55.68034069833826
-1675.5074048075946
-4234.0558191868495
388.98386232806115
6211.618478378435
7004.894439587957
2824.86335181488
1318.2517126841856
2326.319514473984
1044.6606024101857
332.7256833500681
-5.998299050132873
309.1725234590826
1637.1070676761724
930.9009898236359
1648.9417991473465
475.02991882466813
27.52042265524855
-37.43992492361284
-19.644647680041015
-0.028789360631903023
17.718557899225004
34.67674229298787
0.6676412158730043
-103.18363715674423
-71.29547899627862
-103.47118894288214
-156.06190363773405
-154.20305111793672
-469.25889557334887
-751.0950916991243
-1178.908646969181
-893.7628310995257
-119.46176051850276
-1166.8514911281422
-2914.406998646711
-6959.933611171451
108.44997416693045
322.933233518419
19.939037052383114
30.331771978958496
6.682672171822539
-248.78853268324332
-758.9190491672757
-130.4699338864065
-83.3958657053479
269.1732796756713
-140.43540982162878
1.5643420260065315
894.2962597835925
1398.5973211674047
0.3940286693838737
-49.334616196900754
-129.44895256250803
-428.2523117116443
-1632.3449360218635
1039.789227030515
537.3540749969
111.45977604909486
-57.666351547532955
-905.6390596542051
1957.1764197093871
1614.293624924079
1322.0217278698722
335.85665675272054
158.94674049416585
18.663361774529097
-97.02590008890647
-247.61019686076474
-633.3573487373856
-1347.38553464054
-4934.365329585686
-3451.028497769864
676.6220797040442
379.0104601719225
488.55258773216656
95.58747743541052
-68.5156415960694
-397.7104254795029
691.9500436735331
1488.1221491581714
-14.253759830066992
-574.0523486963148
-2202.8101668274057
207.15496533341638
164.07176757819545
-8.417124066078278
141.07319777965853
2928.3829810209
0
0
862.8911601482193
10.12398724378015
53.45236488009372
13.360384664527095
-29.68844273464954
33.77029458789765
-351.22429717950115
-866.2568175183544
-109.10282621853311
-0.18001348656177021
3418.102745874812
1693.5721740003353
1135.0001399429784
1256.5494312584538
68.54156048649988
56.52938931407164
-274.46858314284924
-805.577031323191
-3014.5305317680154
-6527.455682809154
454.00340831059617
459.494910085468
35.84993317839932
-202.95127302054365
-1321.1553018218424
-2567.2528665759896
2762.150692903044
5025.324752174493
3133.6986676833494
2374.733743025612
855.8797855564139
288.71300307078843
378.0533004879831
129.9256290103582
369.15697923117165
18.120596135380282
54.07381741052859
2.6906402952917157
-5.946582237604013
-95.42401397109323
-325.9356906300949
-1390.9257105269642
-2248.903313895987
-5325.520788277114
-2904.776425363381
51.735769905653164
7147.149381951124
4236.935450253028
617.6078579437705
1901.4427238099995
1916.685985132655
176.47105620170146
103.29521041142097
36.57799924606154
-198.7336459640199
-1005.2031387490999
-1468.306569985011
-2407.937158546481
-1011.4199518133623
-21.32262726610819
-170.377257576852
-1257.8016960964017
-182.0398469368174
2142.574996029381
1656.2404308337077
1664.6122972314513
983.0111326602952
421.08629589401096
343.33890329836225
276.31771867592437
178.1845581473807
7.721237778074037
21.566108624173182
-28.068337645336605
-132.65410188465944
-566.3610112249878
-842.6508246065873
-833.805612335481
-1117.2167888390586
-866.5862715009622
-1738.8585421703215
-1108.3534524926347
1875.1147551602262
4124.414910155858
2717.2541827760633
1165.2993653654385
1883.3116258798113
876.2609628850655
245.10271325317632
167.86337076028383
26.80793749452219
-19.942668934071875
-210.98993971176606
-1006.4570205548068
-790.5109594399271
-952.7964492825774
-1271.6112260979603
-3389.8074835209914
-560.1140156088076
187.71475427022432
68.70306413520258
97.40236618291955
641.8764880491369
980.3235868202653
257.0839430094154
31.236557409804504
305.70346350580996
-4.725089773116215
-150.15104996235152
-267.9907520881682
-637.2983181186041
-1.4913294652207862
706.852260874387
129.09300020578775
-5.945655719288471
3.844690186502836
-61.441137797187295
-1197.694339725729
-2747.1487044188616
-5.532254117038681
2187.7766611511374
1055.177813514965
614.438574338445
510.57056998478924
54.58496526158523
4.003201540679583
289.90097071162626
781.5136886475246
799.9689618705369
323.8394699312181
288.6091520999274
148.05330891202254
193.31347363193922
290.97284434464063
176.35637973598995
4.020341344380334
-36.37869825007556
-67.62003176011869
-227.2424981146734
-114.72872639812024
-15.592163094402931
3.1022909871535145
-66.11942301662364
-38.625195495339355
-26.358556089776343
-33.995285408892784
-1.4199951614403188
40.472815858144344
-0.968150320073128
3.399477357006419
-0.3222034938014448
-83.33238150448173
-347.4402070428702
-18.446555711117778
31.741621841101516
109.54527467853853
84.52621903429456
113.5957104921396
3.8205399664528032
143.3969513056811
9.66116496560236
-13.708795285842363
-0.16647326273898133
700.2047494824284
1359.928155936349
842.9050362540993
348.46152681666484
95.68932876087425
0.675010035805356
7.485093305481915
0.42983188891664253
-58.17850032922218
-4.686734547871166
-42.69578941500612
-52.535708031802244
-31.206195612755455
-52.31011158113509
-2.396361933970322
-8.162550702745765
-110.2394743776564
-178.06146488350578
-347.60176666198765
-1114.7067810413732
-434.9530472849826
-143.14145508841375
115.58015878962254
-4.280770236933223
-42.637994971952544
-10.95289024642139
-108.93256623676766
-212.38244802999193
-94.89658080532138
-857.0959396594195
-986.0140863052063
-2183.068277895847
-727.7190188485431
-633.180534192097
-1275.6760326065191
-2509.7578801245454
-0.0009576468048733544
301.25010899755637
2297.5450817048436
1194.7676003381298
813.9710025826431
248.60755626378628
263.16718426906004
12.217074477250744
-463.67057922699246
-1167.8858916707024
-215.4977094644837
-648.0880012805256
-90.61057042310583
-155.89897585937766
-231.14222593642097
0.5931398753480168
39.04860086580684
203.1939723427932
110.5696954808347
104.92473504344338
9.726995900419396
-5.068059624580716
-1.4098224046558356
-51.32437510231543
0.25103283040100005
-4.303296042468228
-206.70730181618757
-280.4430905587561
-669.7746120603766
-265.042120547196
141.6956987566409
543.693312805714
301.95222155064573
443.3580195028837
397.88541778647107
1462.8533698048363
398.9374647775096
1444.9434582710483
1202.2099682966452
1005.29840435285
700.1400070023631
241.56215807854738
33.27925593305706
-0.07538599724154851
-231.88478503771927
-117.76806171357646
-276.87523591178575
-294.81842450880265
-396.3431371558097
-662.4297547094426
-374.4580924332063
-543.8790813685839
-600.3783332285108
-912.7450156199855
-847.5776456308168
-1126.9615895242164
-787.8874842320624
-191.95669776268966
33.03703464758967
357.58748259681136
-3.0915408717444137
-456.8248124417932
68.56903656223399
2.6148484946709116
-148.0482571761629
-322.1654012838199
-2686.5821536842113
-1418.454915099388
5.031308986099109
54.20012504104928
-63.60195072110166
-176.8471512422204
-1020.850230429069
-350.494539808489
2502.560997673784
3015.5920840033336
1916.9788443383127
1015.0224290871247
1032.8125664795234
335.7640218565268
327.37668405987165
422.2429484624239
725.6360601549286
807.6940585689381
143.77116584362795
128.00783042189838
307.1218144134498
591.6259974947876
177.6977763563673
-159.01492788699173
-1677.772046869977
-505.2222342091774
0.005836260499740381
-64.8207247119195
-28.59675247356491
-120.46214436795121
-558.1192582668466
-1358.7414006986382
-182.92273031893657
-168.17089179193815
-3.066873938070667
-10.167073724252635
-126.49307493344045
-396.7765156608225
-469.93350051757864
674.4623792482719
368.8361383020116
26.076780055132343
-148.42527273505397
-567.2560434816012
-503.2410297738553
-917.7244018209444
-774.0682966396168
-282.0793498942527
-178.45677661000997
-6.357528175587865
10.84873202160664
-232.68145294284636
-194.2750299294486
61.518761630665466
0.6013587696734985
-99.45571909584768
-261.6434792920376
-984.48189478584
-0.847917881675323
1492.5974893838836
4760.940943172629
397.0884818403218
-15.43189292173329
-822.6452285630064
410.1372428375919
74.95683539534136
-178.20994198578904
-627.1509411238588
-785.8661599193765
197.22609256429433
1087.1193787252648
515.1791006115714
1323.9084272379328
330.00030184994273
150.9502500843191
-115.16880996340743
-139.6527985537537
-1052.6362124602167
-1362.1041001521426
551.1804495244601
1096.2684915829234
838.1155874787407
161.35596870596453
399.12201487819584
3474.61625736636
3770.411881185025
1380.568922363655
616.2083340317436
159.16087499986332
52.18657205968876
0.2817795545586685
-11.284480064871412
-34.83237375703165
-141.7503548581181
-405.2498432083422
-489.91409111731747
0.425472468412229
-11.78236897122063
-64.51996475664484
-399.38601551219404
-345.7894530504114
-1251.7972459525233
-1026.2087568833088
-2079.9911985480494
-1661.4294431878777
-3731.961729912954
-4108.533940179589
-5402.3878836933945
-4360.758173524431
-326.96344773466984
1538.44517414672
1413.8775316253123
851.5381404415984
87.9324204782952
-246.7949542253673
-565.2844649171254
-102.24218347148255
-555.3184641584782
-1182.707582171753
33.28562662221844
447.48978773533673
1091.4858404339138
730.275802580636
66.24762186218524
-124.09174244584437
-43.21018094408514
-14.54796706071715
878.1384774707342
65.9419313870362
18.56885758261406
289.43931512868676
-0.230775795819679
-47.911558403169096
-674.4817129047185
-1434.2475164943717
-1897.8618567603112
502.93269596973767
4545.869062817785
1156.9821149122495
183.9022857399547
23.353358660263762
-615.6412940539014
-1020.4260746448958
-2334.1989349747723
-1711.589309028846
301.76064055937354
4440.2723556100445
1533.9006208493693
537.9920537750974
15.057965261951376
-320.926522782847
-45.140432614881625
-150.80729437449816
-654.0563827120978
-2395.3641136336455
83.60154485407912
2623.435750375921
1861.692246283873
964.3283764124469
1233.5047382351522
1441.0246967893383
2509.393156788576
731.921550303842
982.5892536834185
799.3287551111144
485.88971826739106
120.66967131421794
41.22965967552317
-0.12435757135210423
-18.690581200814535
-154.35744360094208
-94.92284571265844
-61.425334335319164
-155.90118387257326
-501.706533511459
-366.7891149473053
-840.9890367728727
-964.5439541807685
-1170.3453701320823
-767.5141712729609
246.2376048362941
1614.8651297460442
739.2861765009183
205.5944071805627
284.69824026319804
268.3215713660725
397.7717732553642
381.0298534903801
94.47096221899291
20.07475696117026
108.81916215483508
196.77425507116175
248.25671251085117
184.6564063520324
340.7207363915199
214.2175256289133
416.8126157618903
3129.807697810474
3112.88845392173
988.5886566404045
295.5787212988786
20.112620586362553
-0.06397511528524262
-10.907093520010555
-1.5169993705291727
-43.074833911636546
40.85804009135975
-1.7744094856635046
-71.40464118061264
-72.27107288064056
-125.1519722813994
-329.39221632878804
-425.7791818787081
-664.4346304304984
-129.4493143631244
117.18580317599813
2.347788822921554
-112.18700018464746
-208.16904091576384
-169.25560167792733
-308.31395345572093
-272.6185155594093
-349.10619861041846
-248.0737393071911
-350.2480659356422
-483.52521971946203
-416.2142748893542
-971.7756006344855
-1163.8365954310825
-2651.4357495817276
-4793.237669651629
-4352.066213627259
-3562.3204141051183
-1830.8034614261032
17.18256742009472
1643.521191010739
2239.5598179515814
489.07273699989236
18.565424593989118
-68.67247153243878
17.306897788037972
1337.604210891616
445.6536845165603
20.43617558265298
-52.26566341262637
-183.7131692906255
-37.290039587968394
-69.28238503220992
-183.8179826551409
-784.0391272850667
-1153.3176895212184
790.8192530503175
2054.1642767411045
2269.466788065343
1149.6093916952125
1037.1693942216757
2437.1752815017308
1781.452859251247
888.6641346950228
817.798848764936
174.21986692946837
386.01557212177295
275.6893332106836
-8.788929316542719
-168.2283152504545
-95.6618389191085
-17.810788278473744
-326.2704739474297
-630.6061838794899
-1207.646236754408
-1945.53867167944
-1563.1022789986673
-932.5626242086464
-414.9480610136165
-556.915487836198
-172.31342603108848
78.07267756898885
-0.5817659608203429
12.74577900098014
176.34889778267237
19.59481348832484
-16.57333415685524
-203.57657912612228
-317.46851576048766
2.034426941169597
-389.3660163302793
-1591.658290165561
-1691.0207866350881
-259.4495262021213
-39.30879124720922
210.11932268418747
3571.546565757122
2040.0178932637486
650.6841588167521
128.05360945316585
18.563610022437857
1862.6322705733735
436.3568176808721
-130.29044560003155
-2132.0597908898217
12.315150441200537
1741.263373126122
1677.734754186984
1276.0945350653767
393.17399249773047
186.97165389249434
35.806982947750036
0.3148756140847091
11.210525958653676
-20.34483451710234
-7.514379295673273
2.266766024564796
-18.483433038060916
-13.65692559669171
-143.75931145141735
-58.827844299185045
-367.4697269268196
-885.0535718755282
-883.4831009579218
-912.3520581797114
-756.5743482204574
-1309.1644867688553
-2756.9482106758273
-21.40794081091138
-106.69668185959888
0.18869685458875932
1850.0004955102345
2432.1327553260603
1597.076370086864
1491.3603963100654
864.0648204565939
464.9884599399338
483.5012694768822
270.5205571176997
204.98090159071677
235.30542807998606
1510.0565344146876
1101.115524972922
166.76298213041713
14.712393444811966
46.55364459262961
176.0731398865286
95.29236834911289
56.897994936141956
92.25088130433247
32.952425567569705
69.81775341172938
33.396705162357804
73.39320898910478
76.51093687492828
42.69477803487119
366.7831146433811
227.3563888749709
155.92434850921512
166.3901615331572
199.29316894811805
129.67782053319502
112.6767328787164
64.52602447737647
-0.7024681564954979
11.84426110807793
37.090876548005234
18.115783528171466
-24.937188793276565
17.94065994391193
-3.888084725327907
-33.737757884133615
-129.85158489983746
-147.76700555241115
-185.03275707883424
-177.63149472003863
-397.05991304818815
-723.2669208398422
-870.787446766691
-1330.1443447060294
-2254.5550865796226
-3163.3026931801896
-931.7057037890477
-369.24893862440456
-817.3663598818948
-775.163998356729
-1572.8455102289745
-1891.6222597443175
-729.3290219447531
-229.51447146123783
-808.6249258189591
0.49655804440099494
2220.761740484212
1275.933843521801
47.1815505383792
-17.38399503852563
-20.189374702688134
-271.97132465183125
-569.7533642939093
-1197.0131476682366
-1821.5151657396495
30.678329395868438
19.023969387518996
-137.98174144467146
523.8540026029489
592.4094813721449
372.67524147031384
718.1591077783173
99.9361714226432
-0.7764170516494158
-56.81634717684796
-304.8245684551468
-474.7126815624784
-53.099911611546304
474.1482033788333
97.40744312550926
14.006557248015827
-1.857950729980165
-115.51590298802606
-407.3813141725245
-317.4232789537178
-909.2017619483861
-2628.4094186075176
-4475.4119430874325
83.56645552068953
60.87615958410078
-1227.5459537716945
1.9763269771834804
66.91538387923643
348.7070200873906
1.947129713986462
-127.92047046586858
-19.01568237203088
-263.54123787136893
-19.535104822348124
76.41379068663743
-128.6654768305116
36.63184717607274
410.27973404606496
2997.3981405739037
1684.8379454981114
1152.2335980503658
1263.0483802096778
1521.2315352999951
395.2789225013802
59.03538964248971
1.9569516358677541
3.1232513263703665
-46.93927723098864
-232.48195247724712
-1191.7836800132982
-2675.5388930019817
-2579.1601108779373
-1697.7487100206358
10.232411678692733
437.96422762692396
-202.49633024074134
-239.31078293309008
452.6787047737798
244.53243077298208
338.7158954705966
401.3407342406919
-46.22976766479272
-1048.4967516037786
-773.0416599469403
-118.78242743066747
-2.283621707661604
49.77545404115467
-8.67753692303041
-6.618735730339306
-147.39078165884322
-514.6740516697888
-375.0974318865796
-477.42220178261175
-59.91666793453193
-283.7186009227969
-1036.246461695552
866.1343007227659
58.76005791005724
-474.656877902548
-283.3270253113248
78.61605886312165
191.0709765506362
3.929771687188175
19.09218484972113
-233.3009468754682
-430.78809990490765
438.2501609995519
109.26829575381782
-650.2871668282644
26.911096671823408
515.0650461406702
131.9917421522286
176.6664680742983
935.5964792962582
-0.8488375042732628
54.9000519624948
332.1054657759622
235.27453144307947
-414.7789819209976
-727.3653128784666
-221.5363691189703
1307.2120617225703
380.33717652486666
1054.601639955395
417.98889767120954
1.9117284407322288
66.70027895343651
-0.6023447529126582
-1432.7890427940577
-1479.6119995671881
615.2379501055864
1223.2644743627416
976.1919328720707
370.34522883209877
-63.63304192887939
-772.2673970538492
-38.28930657078196
1618.5312974498493
494.93411580407405
-280.2891922873446
-873.7529029134053
380.45128102495147
397.7310485403973
-8.265465561531702
-286.78628935821587
-102.35282139389446
-321.6240097438637
0.01677785509985024
-744.9919642462189
-112.65084314203962
-63.834599610952964
-4.252427232921207
-529.7182004381631
-41.986290818902674
262.41352720897294
-433.4366581401725
-2917.6882416813505
-172.49505735985144
-53.28539654102676
-22.84046707904471
273.1423783512901
47.7217307840988
-37.484503912721436
-42.55564023655725
-52.287630802560585
201.15902162942882
2114.7276059206206
1811.3644167079622
223.19237636780338
58.17452863195242
-0.21990363531871987
-99.66769631915156
-148.74834381551437
-71.80790866354991
-2038.5240859394207
-170.24441654272653
233.4142112828271
362.08142555898723
532.0635347639547
-1.2859603533234216
-461.5028544499349
-8.337777085445541
-2188.281306931718
-1624.4243158885351
329.5135771445471
152.42778289064495
-230.83130181393008
2726.9472588056556
4156.2086215022355
2281.6308377431023
734.0843767929342
70.25520733490247
0.886021721605046
-101.9335356400412
-511.5225949041095
-2868.6716968557917
27.063072754618968
14.469422952430877
-55.01273758240003
-205.18098606491844
-590.7592765285361
-84.03566940639288
16.66438346987613
37.17239863392811
-243.76677307055326
-1445.8700367028134
-488.0814391114272
-1226.5952791573125
-975.3478802435798
50.77875666022135
913.1408802327517
2219.6497265991397
495.62658896293794
-784.1751224569416
-1437.5457460993096
-982.2543144898234
63.56264582400836
153.88940931729778
173.32043597397495
-162.88794600795342
-218.99497760046236
4.33318668287537e-06
-34.55847076153622
1635.2569513952658
460.93492681530734
19.291353720945345
-722.5377255532864
2752.8539268217964
2800.721606879106
3583.9088073678236
2859.043104745083
1467.8549177241907
773.37163725771
-1.2333888699301272
-109.1696544717206
-318.4069727079628
-948.3210632691478
-623.5612925557865
603.3064805718786
130.45734412540386
26.06195694679075
-423.5593978322971
-2966.622501871536
-2625.8951809056734
-1.8153615826451541
64.47203904677264
87.1144582053149
-52.526635794769966
-808.9361564319488
397.6673263166657
11.098699326327553
-1097.5355567465006
-549.6240100851902
-1.214100529677063
774.2777530155463
1275.827019015479
1.8657696486435715
646.564273935449
873.2430339916612
925.72301847078
46.28972851834386
-116.14632415738274
-1143.2799790809374
-25.559090784549046
1183.1072785440185
59.29381177091197
488.6046584240014
130.72996418110137
172.68146750606186
133.91269054361857
-5.446008997276348
-310.261896707967
-689.0037351427817
-2338.4905622237666
-4948.039072385341
3.3472162948593827
61.62186199545124
1072.8106210838473
130.96611679432954
-74.92051337784405
-253.52667077492399
-70.82740804425427
-35.513728456115246
-337.88261754516117
64.27435939723435
161.01837974331949
-190.3838120274555
42.83884133063993
869.4354411720486
80.0765531542904
-172.04883331543337
-46.78376790486345
-232.40661065002163
-1815.2072071762857
956.8367160524908
-202.92389976741734
8.068541926533648
34.52680596442907
-76.43499759023982
-26.20303596327952
1237.7850819224582
-77.34076053461953
-1645.5522260849075
-249.22729749414262
-3586.073888800048
-880.1875227512905
313.51840165955946
2711.7822555542352
924.8590538652935
221.28228828917952
623.4603012544073
926.0955569374278
1741.4472977467094
686.8617874243022
875.0917615200591
877.3455403516937
835.8202235692875
683.8045776902558
301.31718451074653
130.11346445143047
28.45470752406257
0.2629220838935612
144.19439310119552
130.23316430897356
17.23117984991407
15.297148231619428
5.1085429707398164
-156.99174048439102
-6.018660720922981
412.1997177108877
88.69563938165945
-3.561206671904752
-100.93011055482596
4.813225738209282
496.543475248779
603.0395748476033
18.40349590164675
-0.00012987132505115162
-129.41469199206594
-288.69888114107573
-1380.482935345585
-978.5137452340626
-353.8714713752812
-493.28707368004854
-163.64591569336898
-318.88536906136875
-1699.6091657187999
-705.9634020738292
-10.227675282475271
-239.28058221560784
-618.9339559043879
-1601.6646109716323
-2306.6598156661694
-2533.8320063056744
-3093.55171653328
-71.94991580343884
569.5358267695813
1178.8214832952633
2501.0291787380606
351.2509788445208
17.067668535174654
110.56735964171378
-312.4286644184785
-189.47071495530804
-14.72793516279268
-254.09304683988185
-212.13179784791427
-367.52235970392377
-439.74396507482373
-1.4651404450983498
-14.257025211742404
-194.0376705562926
-52.66553075008808
134.3241982325378
5445.720936219191
4269.4993616450465
3409.4666773834197
2702.993537473592
1502.4595672661083
988.4384903281277
362.71533091067965
363.3128212175135
0.41279856498352796
-35.101738246652026
-11.53231763239129
-710.6325868414765
-0.8231401634684822
3854.329208271407
2515.5477429466873
1436.4112460420702
759.6997174700057
471.6867948579695
325.4428280226988
81.89656354928728
3.7003577842231032
22.100009299572015
62.53573859212262
-62.699786115016266
-686.0043891246931
-197.31537581257825
-198.99459685962142
411.92717919642274
312.4618021652331
125.30312503109548
-170.32719397053737
-751.2140262603709
-690.8228275870945
-783.1277279754574
-124.60143300020155
-0.14435443760329292
-10.332249646919223
189.34287094139455
16.18684062963066
-96.68293547112114
11.739535301194104
-82.73314959143195
-574.9144421728828
21.049480167791035
61.24862991909637
-135.389691876854
218.62798572655538
137.9156246017399
0.1555367859492455
-16.38850284271095
-248.2725050323955
-1018.9910505668009
-481.42665286906936
1918.2317616059568
623.5820995256807
256.258139270072
897.7889273395258
977.5796484892926
1635.504209445787
763.3838606474656
296.57682618506
68.90519732869795
-27.105168365516892
-74.47260649950576
-243.0067240290573
-452.8176645884333
-169.4410587690927
-7.458749238730311
-0.07173764442384145
-202.48850176595988
-659.4138236446989
-2377.642461390499
-2863.2116013962195
43.16272806160848
8.797117645533351
146.49474612712046
184.5928447090789
76.13487495607203
-12.337925618117598
-169.28266644725448
568.6253693682698
275.18279291632825
200.39304760050643
57.900992494865406
3.2570237354482883
-4.546670277584068
-65.3677152076462
-123.07054346397265
-315.9059481161564
-549.6627827896439
-899.9542001798955
-2282.625028850565
-3637.6169559551686
-116.76150569508984
123.77446414506653
275.2956011206616
123.64930090325659
-100.88336420693474
-49.0227196098437
519.891845033522
-103.04644982871099
-112.95862305490019
1768.978295792169
3559.4331545454843
1175.5950641873224
897.1833024719332
430.9513734268617
121.74824794001442
1.6570673059884669
-65.44003096100488
-418.51075924456217
-773.9091155980909
-328.9387341193702
-270.79070719219334
-416.9582254696926
-1118.9146726294614
-1928.4521876719323
-3092.354005398367
-3833.3998121949626
-3690.810878856538
-579.4389077230667
-201.8436060257101
99.43863132787519
3029.8525756865647
719.2283083058344
16.659908386884858
-273.0224517173414
-171.71490338397282
-52.604470594070634
-24.324055822132777
296.0880658500372
114.88860333434461
-6.970982250175954
-1331.4598656082555
-1230.9355650029315
-2058.439958233537
-974.0839328874922
929.4004436560833
3637.4552831048463
2243.088431548522
8.952906977023538
1.9370784568987511
552.7554162193472
51.07345681973854
19.106595264550684
-1.1788006881050443
-31.174548023885198
1292.056702615447
220.25364512098184
-65.80838201855417
-1675.618786478253
110.18314746870718
1951.502102570561
2222.0005527296057
1632.7124494886157
499.36252626314894
-61.04532349839516
-967.7931118403744
-1924.3292104228485
-1564.9133697134623
-1420.722695354307
-275.7333959794475
617.7438914654084
2.0783464712021282
-65.89827706644398
71.38122895020531
-185.76371502609402
-80.32858381654565
1849.0890777316768
6087.252833459579
8973.673295844897
10139.80933525387
17333.093437871656
22024.544036508898
14017.81364950208
17110.367748065146
29201.167197933653
33857.3108840194
80048.85944648819
107615.63748999112
102899.5115758437
104725.25585177894
120401.11148515325
142369.68779935726
154325.41591226723
170520.5209883266
180773.97857881588
211232.9722763435
247698.7399057577
287921.4920984183
322267.41632688825
348699.2620963062
351740.66942665854
384786.2566628753
390684.6969846498
443573.7679094609
626446.3935776623
706064.4332947828
851030.448595232
930018.5679603583
931807.6989564904
933716.2617679007
1088349.099102314
1110737.9595903878
1219946.6350201978
1307194.0344033977
1916222.4926652159
3627333.5745327445
-2532975.5700000003
-1548921.9900000005
-1560639.85
-1399231.87
-1229787.2499999998
-1006043.6400000001
-908125.24
-966162.55
-1024683.9000000001
-788834.7
-660008.51
-528272.61
-664092.63
-678706.0900000001
-579184.3200000001
-475080.76
-377405.48
-364490.9
-339729.46
-322440.36
-304287.65
-320476.57999999996
-307291.17000000004
-280321.53
-220320.01999999996
-233196.27
-122569.21
-121354.20999999999
-98334.47000000002
-81800.59
-61840.51
-47456.33
-44248.89
-34717.47
-42341.14
-40801.899999999994
-24341.53
-27157.02
-20318.3
-8131.03
0
0
0
0
0
0
0
0
0
0
0
0
0
0
0
0
0
0
0
0
0
0
0
0
0
0
0
0
0
0
0
0
0
0
0
0
0
0
0
