6379.150000000003
9093.340155894135
2585.994454715751
2508.174955866602
1084.105063053216
3567.4573201729754
262.6287656778234
30.32757918032669
285.88637190298437
910.4410153740777
1770.1708627442763
2260.2798685729485
1221.162226334491
27.108568688340927
-301.1142307248069
37.3824565631312
16.903324760145246
5.598338324696368
2972.1173080898316
2877.0869556403622
1917.0818035173966
1943.0683474730922
2665.9078684730243
856.9626914214286
59.816147315254895
178.97378043845742
270.9577161290943
174.87631457946375
278.23153467825495
27.092910189321593
46.127499746168716
-147.96988978871778
-76.09696264107164
-93.40625276610415
395.77453750380624
423.78864979026855
68.01010257465056
236.63472986933814
92.5708778663398
68.12809132821084
8.557400785218222
-12.470966462670132
2.0754951296759856
10.427516015657247
17.142671682473086
10.50748705445464
114.72305742905223
84.57734401449228
47.45274805917274
5.918316142721529
18.95617684833059
61.82632794926923
84.282768819616
-13.76330118923028
-280.9858535177171
-464.77241888129834
-787.5952440964678
-888.5703423228285
-1002.6475245952502
-1177.5643181688117
-1146.3904821272313
-1480.3023192604069
-963.0885943189722
130.8759765677276
-22.65489751448976
-5.950283711640579
-99.35240548094191
-201.7220035145778
-37.99744880264437
120.32297526409222
2409.3033878909037
1735.5880454973098
2276.77787118407
1514.35588948916
1184.2572774428145
895.7700962754905
663.157004923333
318.44716775545294
52.45466300878336
121.37013766131386
78.0688536960408
101.66161469627122
6.037273696374673
-0.04987602082742145
-52.301825322446476
-0.9864851133032962
-4.837371720711568
-58.54476604252265
-63.492907944329
-128.2634278546788
-123.55673586138037
-345.3416963896617
-162.26215878459465
-972.8835352538482
-886.1022769842118
-1832.745351892207
-1839.6493638059899
-527.6615932569543
-284.5051533831162
-347.756639714485
-384.57801579277816
-99.35470708990273
-82.43350379139684
-125.57858272362607
-424.9596426380011
-691.5006113678871
-132.1479361514334
1088.6730580528324
410.8946239917419
787.4412839008693
249.2808461941425
255.80713554962796
1849.9557967835412
1113.88034380437
334.04617998401505
34.32045447713787
-6.459834977433586
-204.3331766260573
-756.4728340188242
-2084.7662828706343
-2124.563503916077
-95.72017156620616
479.63729816186697
125.10201727654719
19.263753799746528
-8.951435319612
-196.9129273014123
-229.46299220122563
-672.4851140101752
-653.5418564909832
-211.62725455639665
26.638732505332097
-174.42842615837628
-73.9024238161787
-169.32547405963922
762.746602183361
999.530886484383
683.5011323968318
260.6801324852466
62.91398816724921
-0.9351931011024228
-61.79490989900839
-15.015479013116519
-44.35798248318877
21.163886276724007
145.36532847212686
23.599883724076875
79.77818086146996
-154.9183599492877
-566.6852410771298
-823.7277115521949
-1085.1692808902515
-801.3686180536963
-1520.8598422057833
-2018.2427518235193
-2876.086402172737
-7.8472090465619635
2711.5240332201042
274.18209732803314
20.270066888846888
148.9698790507914
-105.84900566084895
-835.2866874935264
-22.10479891103293
0.7508325001381824
391.2778684617133
3.7110650080066723
-563.6420311355121
-728.0668079457743
-404.1707146924474
-7.445258275613877
1234.9865956622566
2311.751239257075
1025.050315445459
454.58894682001113
68.22923962766319
8.404863708551954
115.2850761708454
5.432642920835857e-05
-241.8960981406164
-39.94104377954483
-3.2906313775472453
121.5554476181258
1141.5903668449052
2308.0912307920225
1615.8649371034962
1020.3036338650038
600.67362082875
690.1698391316497
1433.714748324106
2067.6858180102317
1479.6745525054519
1173.5457112356014
900.1625118962754
844.0339005649798
394.4466537658265
618.5685530159817
341.45779220708954
363.19315596921024
209.13860852931785
68.34910456325642
95.3742180784629
28.64115528044907
51.293538832122564
-3.969547495682158
-16.819051333545616
-12.798132846407269
-41.45193116536455
-112.57635275448605
-217.4823416896578
-226.64888757735255
-418.32625475656175
-383.7433271978893
-644.5411459585382
-745.4257204081363
-148.93314148141158
-368.79857778326084
-361.86789572738724
-431.4327786164522
-485.50403983267483
-548.298849514671
-577.0337448042608
-763.4463524807629
-874.4811909166993
-1180.1278495173406
-880.1421429240376
-1714.0257743600616
-1808.637696034507
-126.76192960498147
564.4269613150187
213.71469551208108
-6.098412453047396
-0.6438525204447008
-22.528159027106426
-9.545453949807026
279.81412182919587
-3.4059667827853186
-139.05042278109806
1440.4415327377992
824.4859860184861
435.7686865478488
27.729099378831613
-64.26828787241573
-182.46460829159332
-694.1803253381548
-106.77266513605582
252.23819728410857
251.45549460641524
103.47363414273477
0.2196334068979059
-2.338278726438393
0.014169538061890646
-1.8114761010111045
-1.9264543881387237
-16.573492066466414
-45.47647825913628
-6.557879454027875
23.46670770690175
895.4477236286542
422.3567550262203
37.014701675091594
0.17029704817658856
-8.174903611233404
116.09174606211138
717.344872077145
1347.0750994827968
818.9164240598271
956.6629241002788
640.129260231343
352.94457056425097
737.68579001847
250.71573868281996
118.79262180018323
78.7411986152585
13.233913827639764
144.31496086296704
107.63158653835953
118.36492306760005
88.29630365879746
175.29096216064096
19.658164432561808
5.398889716413031
-40.159558427761375
-140.8287146942395
-103.74747645685977
-30.804511761862074
-23.67681015918825
-84.86978016159807
36.94625214866723
-6.787622779616891
4.604016924369
-20.360808952748627
-25.918761014884442
-65.0846427128342
-55.234310606661566
-0.33579793923138934
16.29839383124675
33.98952298167068
1.127549445091349
0.4430294367002683
9.981621425086397
20.980892787285914
-3.781657413362975
0.05667608070986086
-0.13923450819522915
-44.69038658528894
3.5668408649126917
-40.376336606432005
-41.334945216793514
-119.32862748303376
-360.9674213950264
-246.1067144167018
-57.850722239549356
-11.900284578640438
-107.46663228936183
-40.940377938419054
-139.6561657037489
-206.10861886307845
-131.55476687707073
-119.20712198010165
-178.68046688792992
-524.8119254917196
-1107.1908159785953
-1717.068245326755
-3634.5680426008303
-3569.417624892855
-2085.0257711396216
-1369.618488970235
-710.5381888422793
134.08612985359622
2190.244024880638
1789.5098231098468
1183.801848631792
505.2403452795795
368.79553660766106
-7.335403264671665
-335.8824841650323
-449.266875015337
0.45015887360307694
503.543487055677
958.6694898591044
2498.2443508297074
1886.1713171637848
1418.5244383200927
618.8262786120606
464.33352650433795
407.23143578017584
157.58108634172703
120.07675617437106
185.42344124165018
2.5583714948346628
-20.830091293496512
-106.8170329367521
-89.45631158098695
-87.5783317477115
1.6893764004051992
-159.22105829367985
-260.4121472986883
-147.53098411296796
-544.6804075904045
-820.045359193281
-917.5077826507344
-2044.7314738516352
-1774.0660119899812
-1820.914068058404
-2618.4660459493384
-3850.100927197973
-41.09055998137015
-52.393403080388865
199.84415038965648
13.703759081387968
-30.225186002294112
-1.4068283797452341
170.20337776768196
51.12551763259089
-95.15407839291241
-11.87566263703936
-589.6128218788117
-275.9566436508372
3012.2434251700893
1819.4165862145046
3312.05592253384
2395.7189509874283
878.7497332929981
366.2709222587721
18.884024807296665
-0.7631876279985093
14.172154866469524
296.5695386405557
1196.736406528743
920.3482694017113
975.8100970055184
908.6864733807251
588.7864480202193
539.5126797897308
382.35398489660713
376.90072870290425
320.2225158781957
171.14282213266534
244.8505742752733
41.44443923666288
212.99074431727453
77.60162905677731
36.28210154600121
-16.373248075873327
28.485570200791457
26.19330306350159
0.07139109481939074
3.5980039395053587
-0.938682854906433
1.8437284681166344
-3.3272226163200838
-17.2198909997609
-126.20780838488184
-294.15101768547214
-346.2524995323207
-257.69990398466155
-763.6039112437355
-477.9748801724166
-434.81884015468916
-927.0361419218843
-1108.80355474421
-1347.1609846999334
-35.23663626346736
0.62762566372789
21.23215519558478
-85.21601657189497
-184.45633553889772
-439.45885907255786
-48.49125660968895
-625.794147211785
-770.5407534880507
-368.7468378289337
81.50880633731583
6.148280776511752
-23.75020020174992
-636.3409265895357
0.913947515615652
62.572640576542526
319.26285083392077
443.780506864206
268.6200391231484
69.68639189457537
177.1365988171588
115.83534531396788
629.5768312148123
397.1378325314092
317.9051070253466
125.19304870637853
231.70919208656898
59.85053297108637
47.06202152200433
-0.29365577055959724
4.281314741616789
2.607124353199259
-60.259910094485775
-10.975861003277497
-139.2072766902013
-152.8602813061692
-193.2392159226975
-73.73032676028288
-250.34258980520025
-361.05831111070734
-56.648962013065734
12.401258171298084
-180.33655808769245
-334.869972404176
-1308.9718472693414
-3249.556183548398
-3679.941238477388
-729.4902469525691
-16.101113411860467
48.18622899833328
112.68932169884894
263.3751463656091
709.6637367147888
1728.7891813223673
3032.555936240792
2772.350442546709
1878.3624716189784
809.7783630868252
604.2168989788192
329.5979330955239
233.73374794094923
162.54185370654352
240.3219222712523
28.607421114494404
1.5042047788027944
-13.073318978448333
-23.29237747957754
-71.66927589092629
13.142862040218803
1.8371464634906627
37.67054642469002
-7.378068973689444
33.539393826508686
4.987948205113219
-6.118819934579739
3.6714661589490865
1.2720779469459769
-1.7954270641690242
-1.0116334426188063
2.995768837319348
-0.12317571628596205
0.568596956154449
0.05251500868585753
1.1194218874436475
17.664523316629936
10.89908999503113
40.92850122652214
32.25777815823168
24.001795492363797
-13.47498004006356
-94.5493042517741
-123.53618807615292
-45.25406317499982
2.4485191011780065
3.4766966442435305
3.615858083983362
-11.905674728587014
-4.115787495960642
-100.19455180980404
-173.1212748042348
-221.5993474409326
-91.10633060040551
-68.69700553043117
-13.764102246811422
-22.364918044371123
69.60573544937061
203.62119476656554
35.503814712840956
138.0456159809318
8.50139523187428
8.931564786913759
18.56688203899225
7.37460074553922
18.722927001717704
12.609525583333266
0.5244522591504766
12.873501781180652
4.339744745807205
-0.21820622904860817
-0.48941180545334917
-11.345720913824472
6.5532495236574135
0.07585022279974121
0.06395676998783714
-13.725253706663619
1.2418646905478001
-0.6170373671456533
6.56065610501739
-58.689739680859645
-25.127505483229456
3.0388369060898275
0.743177797709696
-62.03966529750456
-47.39225968791847
-59.80517528852204
-207.2229471159845
-64.71709634395629
-397.35877879087025
-494.69785542168677
-765.1598185405176
-939.4271157909084
-1309.9079409604205
-1174.4937204797766
-1505.4806272388062
-1425.797786515723
-1076.1561069966644
-1085.863661525186
-735.1745507043645
-299.33236671005784
-273.574422466898
-496.9227558496809
-626.1076530847154
-420.52966660429985
-959.0950332673349
-822.7669361655112
456.01923183970075
853.2270092423124
2489.221561620703
1428.541395879736
723.931423704362
76.96621027506777
181.95392158092787
24.57034690735243
0.6143470239729768
-123.11938771056639
-501.081333525878
-1571.7690487000414
1.7649384489930449
2176.890990248783
1410.4698673374082
410.8864255613611
36.57373992850462
386.4743375459905
0.07292987958338662
-279.1324174520075
-374.41508152439894
-584.8408903252262
-613.2596120873447
-714.405441236153
-179.00610411353233
-506.47411171874523
-1826.058416106584
-55.16804622723542
467.2258280291106
1178.2675967699365
342.6868531193834
539.4155702703813
442.85073206064305
216.9889181403788
20.893759918403475
153.5484675136136
388.9267105788524
481.6354296534598
115.20463917840029
78.34362415624656
71.26072111116451
136.5095494093438
-0.5844634814428015
-0.2302207297325797
-43.85117678826823
-213.72330393718818
-10.776505133594062
-185.84412687537767
-163.4217991663856
-347.7986522319801
-317.2269945780674
-326.71842459005245
98.34543958538181
107.31363895022835
4.009630070179583
26.68150949813094
-45.015241743130964
-143.7937149129053
-1346.4565440803624
-714.106249711631
1992.0921292084477
281.2391420544169
55.68653981440374
-112.2560752094494
-486.7534801953262
-154.68903841571986
97.70978839723658
633.634153513615
1567.1131077979421
2975.217668740066
2146.0922664151444
953.0604052272226
528.4127262258389
283.3420654333856
401.3417363487968
221.0891416380368
126.77139708239639
167.2777931917966
53.03391311808938
209.35594553469184
42.108653023639455
57.336787517416354
25.56327286419792
25.014053487846493
10.587613763385315
61.67207150589583
79.27860731658238
-0.10098085510863664
15.034006340414829
0.13847927821879996
0.18819205160038543
19.857249275784547
1.8815576484740109
1.533831594515033
-2.5643554043275376
-10.312361304701719
7.47549869638211
-26.68227462605651
-7.639193824124351
-0.22983951504633127
1.966759348147025
1.0273512434516743
22.313586196248835
-0.0017361302839937018
-0.024498764087910446
-31.935143296194486
-84.28793036756966
-307.86353071087115
-237.21403964034377
-151.70851546371782
-16.53642261346455
11.629540128108136
328.3944252059483
402.6439837411577
190.9826079031308
91.4747250680399
85.03466970391322
16.149509816781887
53.95731373821092
3.8273222044569803
8.803228204703185
-33.05625940278116
-70.28128744648313
-55.625242271882016
-72.90499040413326
-4.897071824932019
24.983250211194886
3.5033899330861558
1.1721567289164687
51.81493845758278
17.712093950007763
136.75219680029457
98.75764353024987
8.177250854378384
4.307480154867481
-77.86394937455229
1.7909276390558335
-8.681377219871667
17.76790744531003
0.11107875393278213
-20.490206735305797
-68.01054193354004
0.5431439575865009
-94.04704986667505
-40.42397839579043
-143.02107376403632
-65.72469383252412
-62.89851446059689
-206.72726023802036
-235.4629882790896
-422.1686830620695
-615.631365189952
-1105.7610283757838
-1544.1467173800866
-2608.0418656297948
-1964.655750722584
-1465.4604035046154
-1456.6908317715688
-1502.8124181127998
-1995.0052852133263
-2819.136846553749
-3069.733704772294
-744.6689928488265
193.10570906174632
1100.9998735027116
546.3000235850221
-16.02435464643191
215.7234814081794
-38.60637833513563
-347.8504052016583
-367.11225818451965
-702.5159872021304
-2306.4013040783448
-3256.8516158436287
-2778.947634573958
44.43752706236883
3577.456796161865
1306.9661208124865
40.47052318691997
0.7384797455224545
219.6664688549622
538.2251420956464
2008.0221965701153
679.5781937752699
94.97131548670235
208.86822989912798
27.23330893481826
2.557525390242088
-20.45216791843009
67.22774780756218
711.323172606141
2481.8304955037484
2979.6512122997774
126.22683220853975
134.13807543409877
158.41297766690752
10422.744003725853
18679.320714543122
-59388.83
-1318.38
-236.99
0
0
-1312.92
0
-3080.99
-474.72
0
0
0
-2512.95
-1799.6100000000001
0
-1326.43
0
-50856.98999999998
5390.765602664221
1143.4602296278795
1776.5161897199941
8.664892998741012
26.123073712210875
1662.543773234413
3310.492531842411
1895.0489700567994
531.5120993105603
233.99661519296185
49.145732113399276
-4.507427969802666
-36.94863048773772
-49.53725056177984
9.681121958273588
103.66412815624136
36.597065827779964
178.17688676328976
3.8794326117080367
9.276668203804709
705.4671632442753
-1.5557944316489265
-65.08920483809484
625.8535868786929
-12.548027188196643
27.645819225482626
261.70550469342595
-27.304569611367786
86.69850172392877
79.02784366001406
-72.55111681648962
27.1090152735211
283.61015430917155
209.0168647738118
108.8307076443998
30.929121606500864
3.0160483474307664
-176.21349001314553
-255.0682354651676
-17.551202652511453
15.850413607859895
-70.7597867771298
-286.1035442761381
-336.0360148623914
243.31244981910288
1397.422846745927
848.5092536220918
1188.540859799989
388.6808526957455
-0.7801801124690014
-206.83853152302393
9.901042409602363
51.882527695201716
1042.4559299927062
111.16791823561027
-69.67602257634742
-8.523774807625099
-98.09017262874707
-135.20231218176332
-545.8294959236858
-1672.291523468624
-1459.1483103197502
-410.9886352037601
3.2079243638205828
2.066137049508838
-107.83639021161672
-176.2881989280127
-235.1563314953463
-51.34699376196795
188.43937492489206
-2.0494657870489434
-138.87499143947292
-18.720625051531613
-66.38143386943537
-110.45845379649657
55.01267634962792
49.35096138281969
10.036237576156182
40.986649362466395
1147.1553540848538
613.7386286967094
156.57414015955857
47.329330786907335
-18.64304471171761
-455.4664963430651
-1209.7148278761383
3.492313064804649
597.2197824515124
95.18213427507912
-5.915053608448011
23.847563881604948
-6.176734918623638
106.16571315965693
2289.0202908543597
1796.329168860112
1646.1522180053641
733.338251075824
499.9439348662344
317.47940696002814
122.92024689113622
27.21838516244211
-1.0413308851262046
-52.44854828956208
-136.0004186562135
-163.27019332472048
-117.53159853719902
-88.24191906346641
-106.49126473793432
-114.96793778177452
-196.0091865910916
-341.93870826732194
-1392.700408163384
-3464.9577666925784
-644.3034252100356
11.59921745843294
0.03049479296427217
-115.42441061957558
-67.35526055492751
-143.84831700257413
961.9119958592028
1610.9587201669547
1562.3473591452807
1061.2449140018994
238.39207368205683
264.47814374261367
8.018182473071501
0.004614079704150259
-68.99028412650394
-72.30721702232424
-338.56328946676086
-763.2394186875147
-1983.9371714731892
-221.89230828580054
-148.94532873659884
-185.97932760072538
-190.01889198717035
-111.58671756669432
-513.0118724099397
776.7027871924574
2260.206860126363
1760.6722812050953
1113.486512117881
886.9963984745598
537.8474390370466
330.7586370843401
517.5547706109699
500.19035579916005
587.7500221387872
891.8835374306814
613.8619822305444
665.8240302329341
592.6417990683352
268.8324246369196
318.3368656744574
95.97155481555072
43.312649637411525
153.82202782967013
19.354462410611518
-49.20796561567018
93.38181093910094
4.509179132282476
-1.4160391303263289
92.28317614765763
100.6438712901518
37.62557969094336
122.90647146087122
15.310558085885418
47.98640852600401
10.485254106247016
0.10462555635891581
-4.821033850628024
19.59432363314424
2.645196991223873
-0.01292226040662434
-34.93537254335209
-16.771323259286923
-50.00120003855926
-133.31008602867766
-41.54474302080121
-196.32180113537868
-141.08078907381147
-3.256980257535736
-192.75703209808347
-116.58858453462804
-198.51383825680418
-252.0623396678636
-263.31664439235067
-119.60840298475608
-456.60583387959497
-512.9302255198455
-622.293363143333
-435.3527095391878
-648.4655438449325
-87.20595848969795
-173.46483392413322
-229.2455136398033
-380.51655738384824
-720.7964297346715
-1167.369218829943
-1633.2045349807995
-955.6567025647323
-923.4122530790476
-753.9366891105897
-1070.6845105606012
-1592.953259282419
110.37403191867625
1074.5232037485773
2317.1432857564123
2011.9535094059586
742.3706983958808
76.24145998155613
-4.005229888344606
10.442281388708889
87.68496768838584
-98.53572314642186
-448.1233646548852
-1098.5304464642713
2.185982201482086
-0.020814330472359657
101.51073432040414
120.46371951786718
-73.02260390083836
139.18080313190532
790.1704002340674
2431.9890360316194
1475.5700984899458
661.1794018209177
570.9358861997334
511.6100001124095
214.8556249231989
352.66421278515736
453.340267452155
498.55273137973523
223.57056812441854
171.2219193418328
27.075178026519126
-0.05343970118234855
-5.142628830564811
-9.00031250911043
-65.78582589577177
-32.930709447513955
-94.44974623141127
-93.95298616943018
-0.12459664045297161
17.543358533840067
-68.32171798079935
-447.1783138741014
-622.6085934593483
-968.7127927453812
-1639.7505802462792
-119.37347416856163
54.128012382014404
-12.783017476806473
-0.44354149237624674
216.12757620866327
1253.213668251918
1226.872727982785
555.433587970132
385.3273870372378
266.48417064571436
44.15945795158375
17.229794790898897
23.350136620458663
-0.7883229574319034
-14.8683996090193
-125.29235603448261
-120.54105491162751
-233.24618614553415
-404.3651916944866
-724.9325671633402
-592.9057567672435
-685.3515516114998
-1347.5218877244688
-1537.6887342465457
-2375.817661552055
-1931.0838295264107
-1954.9129395201362
-3080.990550153951
-4116.522140798325
-524.9120737776365
131.96651474946532
98.1013596459062
313.97331375653147
68.31113437217292
357.3596094582125
801.4774047593161
388.6244153073975
-9.896741141174356
-206.6205427504069
-90.17203428866577
-72.80130352953307
-55.58726029301085
575.5007490028987
871.746933333673
1163.1747451399808
359.929589177523
1.825516231612256
18.012141668199327
1180.5554711425639
383.49959363110884
50.333555590436006
-180.67372531346302
-857.7322055588653
23.142176131094132
318.04530630815213
8.526538470177458
-0.9725958847847687
178.43457306567203
42.50899177110641
-57.279825766854714
465.9062184240367
538.9459998124288
624.528804768433
2907.1961277841747
1977.6044573200159
316.6676727903204
493.9795878139471
184.67244853645053
984.61697932462
107.00893462732117
347.1183425489241
1366.7182081090466
886.9094165278947
746.0777525672694
519.6944180277453
2428.564272846318
3164.761707160691
5276.328086786148
3678.0139706527752
1493.5880806338441
174.7946423619166
28.56553451379253
7145.547502864831
3189.9430554718665
4056.4071452070943
3725.6014627632594
552.5167734330959
6092.985611097991
10006.443765373298
11227.833023738785
10898.023516798688
10731.8190354178
19224.54216866379
53072.803369368296
77129.10601797866
134868.8737178296
174766.46693901956
168043.6157503177
276737.8435458391
-218631.00999999998
-185647.77000000002
-18007.96
-94571.54000000001
134446.195492126
156686.91504909014
-69459.06000000001
-65744.22
-178963.3
-105677.49999999999
-29397.07
-35031.68
-186211.83000000002
0
0
0
0
0
-414.41
-25767.409999999996
-28620.700000000004
-28500.540000000005
-27776.03
-3060.29
-66912.52
-10186.85
-97286.94
29007.752176999384
-76558.47
-91438.62999999998
612.2539130744748
906.6894202750093
32.14287897186157
730.091701861794
273.4305344293771
355.186307134474
-52.810537803344346
29.242758572573756
15.762838097207938
0.6632799527837872
2.3139888074663033
93.96044766844969
1093.4274136115073
211.9540689184744
51.8672528069405
179.0605895797962
67.07059401606253
1697.983763368553
208.8641865729414
-268.72713712178404
-90.86499119076464
-47.68957261409224
972.7392500271094
926.1858581046222
627.1001872412821
305.44834439110906
57.60542469365208
-1.8846357819943669
-141.65632920920112
318.45319154085894
262.41241107702444
-0.1885757428140879
-14.6071422352598
659.4878033518478
1517.1690431116685
424.10877083970996
224.13131611594955
38.11710537886574
195.90277601417182
454.78804606418106
304.3820007209425
33.88594482137937
-6.189952507152396
-19.304961722181798
-367.23231193399795
-9.489078904456708
167.13663050869053
468.30078043330036
625.1195264743699
472.41833058525776
241.09924275991426
185.18920062976989
215.3346492572651
71.40923755153504
-5.792895144726372
15.188853777861041
492.3492516841163
542.397805890946
323.32017972292306
278.3978668146173
105.485452361128
85.40216947245544
261.7652612626043
466.7340071250894
92.63245525816531
-0.010653875773909641
-1.5553834877559516
-4.770766225192654
4.8322644052943575
-12.45090828218997
-62.66393419925997
-200.01986768696676
-791.3184334243078
-944.740456929894
-1818.6811716881434
-2581.0299771624796
-2392.9821160385263
-1950.262952334655
-16.616289552710814
307.91461623456337
246.87862831154146
105.91852690403354
126.31447351337073
50.00603036225193
91.91272878077427
65.77861187922508
5.204154927887983
13.384501474416815
0.7914494339792707
11.780834644467951
-3.1167769942349137
-6.012441598135757
-48.87083339396308
-15.059911553695281
-52.15051595950722
38.931105180732445
997.8629142208232
584.5973701356337
560.7714445061246
441.54652827519243
398.7038001871955
743.334582831968
391.0065123284344
111.21675836507046
302.8098567350331
407.5033579325402
173.9034165907758
141.34625383651488
35.94257072666004
3.410230262381096
0.6946662141744704
-6.462082543731211
-5.1951883460607124
3.1272289488218465
3.3146793694170196
80.25112408447636
103.68474537287734
15.013823478622069
6.741536482958801
-19.293532680957973
-24.422236034582703
-59.665142477493454
-171.4523009308649
6.08365325060635
-2.5404367658376
22.16949961349264
102.5044827026203
185.77094407097232
21.741052195015804
-0.4578605283084255
44.594671455850104
-3.452304046314601
-3.7727894238261523
-10.885997635580871
-45.431085832456944
-68.5537579383658
-47.21625825495294
-138.92589707494506
-147.81687729615732
-255.47228454836105
-348.5887746430874
-645.9571449779509
-1084.1846676951375
-915.1667100218739
-637.0189400218792
-161.23650093344926
-7.788926859888992
-5.141190425659268
-2.992594367338454
39.114659324004236
33.436065868275044
-19.79410426834349
17.271741524250675
0.712809984933949
7.382622658490352
-8.488579307340386
-3.943714623777531
-31.057385732425466
-79.63215536736037
-134.0162837560378
-80.04805404698527
-188.1560025729345
-20.60198030602603
-149.26047407159808
-552.4582814136635
-485.2889072003562
-475.9547471879839
-438.3645476691512
-436.83805456639845
-475.5996153874828
-3.7406644684514014
135.4150661794995
-62.3557141926049
-83.80224463383108
24.139987265114613
194.66524982199672
-50.37396343703362
-233.03586937531318
401.40523725950425
808.9520772517736
835.1921905113383
949.125500243413
643.2274652828082
621.78969382621
707.3534622726569
647.0760655187662
553.6933302431194
440.510489855154
430.18002130785
325.08093696418814
296.1748647129524
237.4722052515325
160.81520945446758
444.9684238133401
119.56534170343718
252.34618772684314
182.86445576765138
100.1797266651467
668.5968774840445
1460.9414101706257
1464.593112443888
340.13184157535204
766.389400090054
530.4960621381296
377.3489638501881
361.00050834066354
439.6017963388128
219.55498552380368
49.44675840530199
-58.553366759735724
200.8648238113515
333.70258300663784
578.7937171618605
160.33519595839982
283.00038504707067
215.380278861826
596.5448945583312
535.2744769992455
427.53827294450616
227.9638282582343
33.21467555442618
112.16531497884449
857.1693366591137
99.80243681830189
846.394541481194
496.47717238978134
514.9838886509468
1531.5296477389397
3062.3319433764855
2161.8111976200153
4885.384872064749
1211.7449987899686
1256.8415819333102
350.18293440201677
4990.734593912152
6359.847858326948
7603.353749520957
42981.37803445751
-295634.06000000006
443.1217850802044
6.698824402045853
82.65819481424417
2.5912839676864197
-349.63015800376365
-0.5129426034221899
-497.51842200526755
-216.24996104200918
-230.8669581531937
-493.4606228324251
-441.2283452518376
-10.995603768343859
428.40658922534493
75.83487371802511
-202.38533036929618
-54.847325237637044
-0.34547655189981646
639.2103379215084
1163.5839456799274
565.6285202430004
768.7282537852233
357.1653467107569
195.74237996014398
120.74701343101927
341.5637176526639
136.52587801931347
322.13136658060193
482.4902652094971
1401.2053308222464
531.6803502175995
280.7835504728496
418.148730795894
179.51176964128436
28.87214259027999
90.39800594351377
9.57928565714966
-8.15413250155018
142.7842489596918
-5.616386617116824
12.537710385162836
52.72413006112137
507.63127607909473
301.4578014179925
95.60500274196579
52.774309367453625
-89.51051207649013
-106.9118468307289
-408.06339322670226
-141.98210124736246
-47.382733311222054
-40.764581578636154
-13.02488072596136
-107.7923430957542
-157.0722652863171
-187.8709410962992
-41.24886182863601
-76.67918723865608
-15.912491663672606
-14.416056730789172
-25.56755002015681
0.07536941340268052
-149.58132893771867
-89.68985220367945
-121.91195875116634
-134.12873990189837
-149.98570106388567
-64.08893020826702
26.095428617563904
76.71628410119452
31.951211484919952
8.813133165574772
-4.390386270807291
-83.64775596647011
-162.45208359892723
-323.0681449710772
-912.6679158522827
-1580.6695496452865
-1570.4780416947149
-971.5173718148814
-10.71173348216818
219.1565631774505
381.5760014101681
224.96920978378856
254.775816722483
295.758195443322
905.3484816390113
442.62725306272705
547.1480125473242
194.89998950028235
273.04178091538733
214.67159976960676
154.1700242609522
119.0735697739757
119.36011007293018
65.6879634320754
76.83564003167203
146.14388550000265
65.19849133136978
68.19858531173709
61.512523698203644
63.45134499351868
14.104969506932484
54.78474579677861
53.14285124696252
26.012441921108067
23.138824963063428
100.7893032041971
96.09360808003764
113.62893230523412
3.7632519321889135
143.6590976686748
87.58982024863913
13.536162066559168
19.928148211773788
2.0185934869686637
40.0495535914404
-17.139518932391425
-12.516302619744
0.046525490551429266
-6.789269144875246
-60.66599214114445
-21.836664799007114
-21.533097402044525
-21.077177375929907
-114.20673258758228
-211.24267370835145
-219.0815013522796
-279.4016327872087
-294.33147532653317
-282.87800460750105
-326.01425470727054
-541.4837763336473
-390.6669010832157
-621.4674360886336
-930.3462015356896
-1282.6157373864837
-1579.859080100828
-1279.5191558877777
-634.552905761551
-315.56715730482813
-368.1812742906073
-693.6226852357939
-595.3458902052461
198.448568273641
1601.271781272716
810.8327029175704
148.67225237341702
5.6437637860683285
-28.633410321411063
-32.10258498411487
211.127870046851
279.9403208829385
228.3971015126315
174.26788517871591
207.52921274391576
261.6478666966302
207.42133831455737
469.24639642498244
1909.5760722581883
755.4508260205871
255.9535098247009
335.0279218865503
53.02855312104684
10.472781917116768
-35.87309120697994
4.110641350501557
0.09570569834505496
5.089196206429352
-24.406470323629055
-13.836748112166912
-41.523414354607624
-128.0893036550404
-18.750049667423276
-4.093048345885887
-24.957084727739424
-157.9471057667328
-811.9164953005977
-1183.6284526679606
-1867.1402470192238
-604.0940122123561
-71.59355118945109
-50.044841189809276
-145.75334549640644
-51.15857812860642
-306.53614096252954
-1746.9670338542705
-335.65818517032136
-179.84560759858465
-211.56903313492884
-394.5109760035692
-332.4051367138948
160.15259808636262
562.3946056776131
24.75550758880857
-88.65806054108883
-501.81498258642335
-645.9937610416948
-1026.1580221291563
-1007.0198320389071
-18.66343844963265
349.8438780869754
765.4667448053283
1443.7364088056459
1393.581067726881
897.4398338479618
707.8353004107014
595.309559564088
549.6903604277928
1268.698577544162
1012.7973884383955
497.61827725477076
212.87963028954275
69.4858377379613
113.92039844172845
32.50282990002898
1.4453070486269464
27.461090293977815
-2.2786183675930607
-6.746565848776868
-79.36607358346174
-108.45284204800036
-319.32524643358477
-315.48509537593657
-284.4931810680732
-412.55474258903166
-181.14840928959046
-301.73651643109497
-745.0925406642907
-1375.5667534275321
1.3488285883036562
2068.593456317776
851.5762273917974
63.81221656680278
0.04316747434029956
1.676661839723215
631.7709090509568
173.9626799859616
14.474128927654185
-46.05715909032783
-111.78485590965857
-472.835083434001
-1016.9453766648192
-1211.0593702082851
-0.8765794454561543
12.170993328238861
23.053459188404958
-8.50091338377399
7.617246312899901
105.78912623107608
-0.9810853345426391
2.211553794846232
-135.96951702427404
-190.8412453017258
-500.6263126147746
-872.4345380232609
-695.0606733943234
-795.8651442563403
-1633.820654325342
-75.48587629527768
92.10474159780722
-335.9221931228794
-133.95969408196515
97.66046800962118
56.17206210096826
444.6071262527296
1.7555948719720735
1820.6658562131527
3202.7675741332414
2192.9579148190496
1378.4084265452693
1391.5100456452492
615.6874071172571
1540.693334086884
2042.8177778204213
7899.463296695372
7049.268465877064
3108.6968321133268
2584.79208141027
1825.6829995714418
1862.248116221623
1296.1727873714299
610.1842211085719
1423.8083980841363
1166.689471310007
1543.3329932475065
440.8313561872809
533.1947743752747
258.5658952180426
2442.9558024506096
451.92576034131696
458.1989846966858
33.034377122981766
-15.958212425484797
3.1757266008497194
-9.04751141531565
259.07551554739723
223.99781579905124
476.01617846471567
5641.924190665334
9464.889567382059
30320.98111281758
82157.99385692149
-337393.8
-45.41192998656749
132.91439088563078
500.9450192250573
313.123835539188
23.54741484097492
3.6251972401344155
609.3809650250685
2711.250935818349
824.0050824086943
263.00728895036565
0.1137981858893676
-29.229312949174115
-454.15957725413534
-1242.3303657598449
-1206.96620415408
427.00541960204345
513.0887686613721
2.16840278667265
698.6653346210389
432.6848489439156
611.1558112921637
647.2904263528852
602.3144317484204
713.994524425258
308.3331998005378
507.89156880877067
413.84806311042524
906.2521735505065
324.32462948713425
141.19743288361786
59.14829283650946
2.4504059188797678
111.72573292436618
0.07307620403338383
21.023054146382687
-0.16092615125738652
8.165137149504474
-23.80518117265217
-27.14337015762598
-17.693070657929695
-13.045621004541346
14.802910138633768
296.2347892705193
129.56799008125364
142.75860463116646
428.50625618885135
381.98078966279917
141.76484867006693
118.93917907768069
39.64233893005911
4.384388789466806
-2.728394448958695
-0.9328235197526632
-3.641230580406992
-41.60312718797027
-1.7180163157902935
-39.1432245545503
-33.208798534730875
-61.81091855187758
-1.121597847368783
-0.0036426157715656916
8.873184002294611
14.602046998731188
-4.2502289938739715
45.19989393310601
28.505329247243473
50.46267308505758
29.17708459520555
17.14104418959497
-0.3521839282395289
-15.585111516023384
-98.60591515316906
3.0176311242128424
0.38715901010277787
-63.68775413000037
41.179617007948316
-4.46544414285318
22.461843542365536
107.83491485433672
34.48358640082637
55.028208677242546
37.30101833143277
19.130741093099306
3.6498579631194357
-22.535003456864473
0.5304223417870968
-7.39233985108487
-0.1290625533762086
-25.699635973148286
-64.73383118405239
-53.11068959770249
-34.09922179443065
-20.273287321019918
-65.78569685832315
-192.5551522069139
-211.4535102097199
-147.43001032768632
-418.8650569311801
-164.76696586831963
-854.2136397367516
-1025.7477226130388
-1344.4652504103278
-1599.534546315232
-1503.9304117883576
-1359.0823796831808
-371.163446179298
-31.818034891161933
-56.724904901438265
-156.8818685900702
-470.1870625277977
-682.2194743154607
-542.0390055747985
-817.5304249336907
-1074.4909211546255
-924.5698615894293
274.5309273533063
717.9332064739428
1292.676759874341
757.2294631956748
1.156796735711431
-34.5475078363386
-256.5090916365775
-128.7982923777215
518.6560558434253
4399.408610847836
4279.186176780312
1308.6856772027247
577.6090490316046
350.52314513985544
362.0379003500014
131.34921255625014
45.750814064621636
15.924580980590456
-9.511014854434324
-146.51350566645198
-145.92785099056022
-226.96415753461432
-539.3768980844663
-1026.1327331887915
-1318.7090806263336
-2701.1185551030944
-3780.273354749559
-1189.9385152122102
-18.185539770384125
89.5007761619695
825.1829862730895
703.1213130729889
451.390826765562
581.0910365254442
792.5305172360669
210.32499870071393
-0.07229208156563706
-28.23383772193592
-238.02680812025346
-429.2936884204166
-388.91213083458854
-856.7239009600812
-764.4586787904963
289.4625729797316
539.6304871096443
411.8264774392361
488.22152771814683
97.21438082992539
159.21513099674425
464.2962448222186
215.48967632115082
36.75637639015727
16.735486391103247
0.0006008463329466199
-68.06276006332905
-107.44432638938162
-183.17266158159623
-308.44583781625875
-169.21058240726393
-21.742130979168405
536.2705884912293
280.6902559943196
67.75934745450114
45.885355450925694
1255.827319237733
401.51528287211346
44.65695405163386
2.1157206888417015
-103.52754138501376
-240.46216382372884
-697.7089005330592
-615.4587796666647
-815.1375589664794
-1049.356273243083
-582.9730077485503
-386.9246417223897
33.65933006697323
0.40067204559848885
-51.31098819846619
0.514945817119447
-61.926297393881
-445.82186603746175
-1027.0258801681773
246.04073081640135
674.5534098671562
3.346540230110292
-401.6588648700908
-118.62576967560709
119.87368092080584
-43.359841350793324
-274.68891299571874
-666.2235878689495
-2059.507242791942
-9.739955618772324
294.0885389398925
1301.6553532662715
1951.229044862851
915.696313432023
350.73208410039206
202.4790106314182
267.3569811344097
-1.7693085263224135
-52.930987721384106
-125.47771129662155
-141.89472531992274
-370.5891685747547
-391.38726082926115
1.9334379834748243
211.18598947067517
736.9393433806955
626.5703502504385
384.9385424729976
284.68253257164224
91.35521303324086
22.471579507317234
-46.51859783864271
-260.362346431652
-368.87175198587295
-279.07849256427255
-880.7230102092119
284.57409284126805
348.6164077726885
323.2662533445967
365.91453824461496
308.2442151076852
29.444054770699424
5.511905300071162
-59.44849605417284
-90.62621359492711
-16.275169240376904
-44.497200022795
-495.8618604096075
109.69638923351076
10.713960365483223
-49.43942386045769
-41.345738010195824
276.40233326679936
107.61722435095066
12.57890236693255
163.77334570761008
-12.873321946254059
-111.91577864962703
84.44280825861082
143.65556166564855
34.26264403964619
2.5676990813873246
16.78449917239585
-202.77125795069435
-3303.902104846438
-652.0974008835561
-41.48679540649391
-0.0031760835572117105
6.449265255398403
461.1390343492699
335.1595935355367
51.925901121569225
20.423243948381806
-20.48317494253629
53.014918251816596
213.36250610804964
-7.933818112536468
-409.4509073613449
-335.9093396621163
4.369169253014773
51.12726036742576
39.65900685415788
106.89225882813898
85.29346330332822
333.9104463477817
353.83309779271485
61.897696958050716
-4.698356237301674
-76.36084796476723
-34.765384663489925
4.721556856758491
-37.32494709428841
96.49914835226292
203.3193502718264
278.9082485629077
138.13506060405027
95.44741837259414
182.53102243962846
139.02987248043374
149.21151900592702
89.7434252792882
41.13437099574418
36.34559506032544
2.3784800459661115
1.0506835998317983
-0.0295092132939819
-116.64315165497186
-57.737382191317096
-66.09418684583984
-150.84916502220136
-142.13787246822818
-363.89976006823207
-120.95654466118492
-261.46090805904964
-81.23729304630993
-67.75097962660611
-190.1231015315896
-232.16174759932227
-152.94685291464415
-135.31758409075536
-524.9390537609089
-769.0088910774939
-1125.1355995314148
3.097680380701255
122.95442250424595
695.046893199971
585.0715827243748
563.5392120369518
3205.141646812016
1039.6069531694368
286.91550934530835
321.30005980755345
248.01759637748802
62.452342225702864
1.4574901568781804
-39.2006941883105
-45.7550686118519
-78.98384388146856
-146.3020947599663
-645.7276863982866
-613.6244704661076
-670.2782800070213
-1052.2433414294374
-1387.9313019752908
-975.3801330990841
-1116.4254465333217
-1853.222483077875
-1504.2495908366259
-1934.9691451208128
-807.8644248092255
-188.88375386225906
-64.42296077439214
-302.6945802978417
-218.25828788762817
59.38887776735126
-38.7388231967891
418.9361678855573
2253.764942646559
282.9238996037634
184.43812063801155
558.7914023536676
2130.8003293855872
940.7275517010908
142.1549348270629
-1.41348169724571
-30.109936472837216
-52.177341297609146
-607.9180218781362
-227.57953999210616
192.15876100830263
117.57704552300896
-248.42843609845903
-19.51584552316351
74.47622821386253
249.7357835507653
2.68208656015014
-158.61363330243182
-1063.1394867251279
-820.0827063025013
20.15396196859741
0.3844024094710897
-451.94149908667663
48.47540272559764
1060.598816831783
259.31425172224533
9.899673471846988
13.601816000222723
-38.062168073691424
5.294271996463339
-16.086017368080835
-54.59712150057161
-1.0944092377826986
213.23538683970256
-40.16094540338596
-198.604076554002
-258.0730177968949
-690.6213859414609
-295.6316584754121
431.7933266899365
568.97999082619
-0.3537462796599682
30.196414689751304
291.5709090732509
-0.452794840951126
-567.3321146995156
-30.902522704235565
1.0121230101616767
-548.2589706234403
-720.1463010827298
-0.0014568656148585969
0.0037815549747340018
3.7754332701725795
1.4476429712600225
56.45203539228067
563.0350952638684
731.0610922738475
445.27287445953476
-0.42210345079670786
-198.299685027318
-323.8256738252904
56.46490906611158
3.8665597655388972
-98.86744250350691
-462.6214662604699
-733.3303111245576
-4.954733396228132
4729.023144405484
4023.057175578577
2531.501569960617
1952.9050894989487
1430.6613086641073
1316.0539293412708
799.4373833619973
937.514777264882
258.3065036654184
691.1339806316223
554.1624219064222
234.78849050531602
39.63944214903018
65.77458487254226
80.86429131073584
0.8359323358600516
3.8356755036240564
-80.0441236215429
-8.293194699878276
-139.28281337659445
-146.3865470471039
-66.05763623004376
-273.39366112823967
-1118.8559500833685
-1078.0581046919015
-787.1846211655422
-221.02113894775448
-308.59824795691566
-579.9816124230457
-515.6879203542223
-1066.5978208982908
-2637.0148380318788
-356.66864205803756
0.9432702887385683
-13.8656300446509
-27.219353132078997
2484.264764532698
3887.187957196131
2965.7965026718603
1758.2052043243366
1266.0194471679358
591.9318310454768
255.88599530319476
175.56467907596118
43.76402421969243
3.383517295538482
-17.27869963530295
7.2757654210699565
34.43778587474091
12.696616778620585
0.11590598137703949
29.403635177299417
19.867505828796304
223.8100346280081
387.5479382457394
835.2646204084967
600.1239318681111
256.0339773228322
211.0471003109026
86.70121332883352
30.90812073389823
2.8632955546725225
3.9206209083954286
-1.9839325942279917
-76.69161405635339
-73.50008633553078
-64.31968817321605
-255.5056913980032
-244.68256678984454
-120.47240024042884
-85.76281954483716
-152.81581222898885
-105.62263556815797
-278.00355577606604
-300.3464022240416
-648.9444248125906
-515.6445993557182
-1125.0886200229834
-1024.8519309634557
-1675.8337314380967
-2498.063172609443
-2529.820462986663
-2186.7650517143434
-2094.9514944888324
-1520.9932645077029
-4.498045935988914
242.51300306633624
207.64270647848747
75.09901096216628
-2.11313953367841
-97.2295375751177
-92.63389492152817
614.0949188093854
67.13314306030381
-2.381891442945937
-136.22134155975436
-842.3262970926606
-557.7338781036926
-0.039976514802428836
172.3118658317158
29.50491541416253
349.19647740947573
329.24139679859854
78.79407722228713
-2.3361853061417506
-3.4643288861447985
5.671097978871357
-133.03332383826188
-5.935260005580004
-99.99361777185601
-655.5616319709607
-1723.9472449304174
-2883.9208528249064
-167.0592193690354
144.61402910606438
6.013279348249061
-212.06492055970062
-283.99023460746514
-2266.4775174441297
-844.3305598346434
202.1205773405603
1351.4789347996632
1867.6461319329173
692.0024772950435
385.6748495867734
60.61199497073054
-0.5445383371604866
-111.30776112952799
-117.75105813416566
-440.65229960756034
-87.16642336157176
-173.86406490202197
-42.903837703764424
757.147731818968
-45.89676819207776
674.1320034798657
669.0810158467543
-16.442617544472206
-490.1047827369456
56.52557473455416
-170.86798600019154
-701.6216296176669
-245.05742906709486
175.89534063629043
1806.813362583383
1872.9005392823185
931.3638260028831
186.8544454642245
-114.8029404096426
-112.8429867547997
12.65400871433474
-7.910122924699758
-271.6347569035769
14.098889725867203
-172.46973084540514
700.8236645633303
352.29132843698187
418.9818226701675
173.20564469334093
-56.82184464398699
-233.31555040934086
68.58257005704799
-16.721767737678874
0.05644582367055675
-880.939049790815
-130.60012827222803
0.2994564053889485
-7.133780644167342
-6.084356738282113
-492.3694545201353
-32.92107022913449
1061.725149093361
1564.1140847918205
518.6825459218818
373.362027351297
-1.7025791134698776
-22.09747946262596
-439.460764567094
-384.1602460840336
1145.4863119355248
-0.04949587257469662
-520.4728105394531
-723.5773927078958
5.0558829139175545
368.9032830327641
170.2909838644406
146.79255610569658
232.79496840246262
105.02478565386824
-0.06410658441131348
-61.20349937891332
-285.94880288055583
-98.32170678136448
46.645031916588124
107.65235924392363
0.41598499525006466
11.07588333012851
157.21451405925006
-1.8015391039049917
-117.58030411199432
-378.0907315490567
-394.44237534894705
3.239879516679112
907.1862028702527
136.27427226784917
-11.813211881091284
-39.21537562717237
549.3559183659434
14.549080780342205
125.97896210016492
707.1746731309211
1641.0323892805586
246.50569844840933
5.8155325035839525
284.7754259692632
202.6876587004099
151.86321313227856
71.11400550888584
3931.3529031614007
5779.792538745811
6634.725108668823
5602.881868704514
6117.234109857487
7963.896383600117
28166.587738986815
22372.37214579479
17025.716158667652
13066.750052479998
16670.680906046528
20509.913923910182
15176.280814704249
19795.711900529484
27918.093746349597
29789.40614866085
-4860.22
-1579.3400000000001
-11288.800000000001
-12269.159999999996
143319.41800073624
187545.86551868453
-340453.57999999996
-9814.79
-50262.61
-211242.91999999998
-7840.429999999999
-19613.68
-10546.49
-27427.270000000004
-66991.98999999999
-0.02529742461504555
-820.7136599003355
-668.5215536004703
-1542.3649323770946
-1865.6800918367803
-1758.6521932332762
-119.74796621620709
7.894222159552342
254.76485568339697
0.4561262255857555
50.22065036317328
-368.7466536501353
157.7907593268289
394.0025105387369
370.97281800724573
279.9433111821012
1123.4857755125347
575.4047314697989
114.19783076720006
-10.85663785292017
202.0762249105167
210.32620410362279
18.107725536716615
-190.53768766581715
-0.2923959585597822
95.53315149947386
-8.33358477879552
-349.89043981513527
579.5414498384531
2241.856633815588
921.0357318425259
317.926848886477
461.3071833394157
575.2306180883298
1006.1801399328397
403.6294690958413
39.77713991845742
-0.9227986875535606
-56.51142287818415
-73.14634624807132
-453.12775929552936
-831.2497186438884
-1514.4000420499156
-1532.8282022302633
47.291966333000225
-18.877962331495823
-314.10446460994507
-94.42891433237219
49.69832270209508
100.71091970026258
-183.58630303265244
-504.2699164227542
168.19374466268133
1606.526523197247
1297.8131997340581
1253.6097865104698
624.7528752457423
263.14233084669974
64.32772448346117
71.44529602750049
53.88071050628241
-8.93404220793813
-89.61270154827407
-347.89024828962357
-515.3342424571176
-1080.6781093635332
-1863.9365046980165
-2715.6372247679406
-3273.605186210375
-1607.6571912636346
-58.88268818698697
85.33409293657101
-0.2631550299877007
16.51678754646907
444.2280776035512
-8.195392157599533
108.0141132549011
474.09097497989467
15.113940358397057
-56.55664533155184
3.494570926586161
1768.410586140412
1399.9628492025045
248.18694149752523
-42.51191423007898
-6.917230889057968
-256.26316705301906
-214.65413051883195
-294.9139767765412
-554.7189151668521
-11.641596075699795
9.559260743019538
-0.8452220913094873
-12.522291478665139
-477.4663944145457
-37.182906713989894
-633.2110937240053
103.7509606684761
415.2916519602501
990.9517875951508
1328.9448611867967
903.1678214161118
563.0620693730997
925.84076068035
644.4722647731296
443.4055717657585
409.3240803190149
111.92257308736879
99.16596185362812
38.8230901322438
3.4778659982585207
-6.277790651940957
-135.60308920191574
-341.7699678425088
-564.5479690561594
-592.0468314256303
-713.6073666306627
-1171.342816870639
-1757.3082029796938
-2110.139177290051
-2789.868237750835
-831.8502064891239
4.723933022253314
4.164865552350988
352.6334591050488
-6.640841721134947
-117.82159759275166
-335.67016424664024
42.28151500122013
969.6010730083487
55.018419831803136
-587.2229152638087
-32.35443984828386
96.38981828344346
682.0030029679538
-49.554662803485165
16.865905275435754
61.73341079646892
-723.0903522615686
-148.42276116283097
24.229682929213016
37.01498305244841
-9.146795472370881
187.33200911554607
495.26033194377584
1314.1603025334011
153.93433705927993
3.2537450735016353
-42.01610624346929
445.9484747250749
67.02956951122768
-279.60415019900665
3.2947255972833256
-257.4084700182073
-4.0306627847190795
-13.105353932315818
591.171544423936
201.19191008591736
0
0
250.82581185982053
-1435.2559282533325
-2.064114662326057
-806.4429851966465
-243.69329962978665
100.23910054788169
260.63702515427116
-414.7295018389043
-3.101505772399281
1843.12226039989
1455.1847708599223
910.0604105589048
304.3941289772521
169.6170717707396
285.5552702071561
466.4121915448434
93.32311489167736
-8.459558632143537
-8.371121850662183
-77.78871014854626
-119.31556771330388
-393.8567936946555
-612.4954622716315
-1368.5288623512208
-1077.092539474396
-1803.4447258551104
-1993.8014320478228
180.9721090873844
221.5438929478021
0.31055395858250584
-92.18007888983051
-544.5977611834174
-137.18715589811703
-189.19279366973115
126.37982444853519
51.634088069949755
-5.10469345800753
175.8334124092868
70.35301187023231
6.290961939540008
-6.088034229809525
826.2835528608706
-0.8152218966879949
-3.7015562238256465
0.0052874224738453
41.98317381639002
-100.11714423291829
-2.8905417414912273
-0.4287929816333233
501.7923902409642
1429.8027366200904
414.21123147167066
-9.247738294785961
-156.965803342312
32.6370233258693
-189.83131511131074
-10.552841620067063
-0.31206825507063407
-404.0750458787914
-132.23335720847086
-139.08395575856306
314.4979107443393
282.5904568197185
1314.8217133349883
3.180286052467681
-172.2012308937464
-1526.0057792067882
-38.71310097747833
13.583864448292342
41.69095578805534
299.9522683685156
-11.101532640534716
-6.360646323483529
38.21345054082778
106.1796800720583
-7.056739300654069
11.669282057649198
-621.8403723178911
3.809895115886155
-595.4556431051672
150.83102015219143
1053.5694002424234
172.68309592242102
-196.22961706931565
-146.87625985000997
-113.62538956457563
-46.72412578078328
-70.12093401609754
165.73940697295592
1822.101685383277
823.6509477340064
150.3158865024006
-84.64140065874348
-521.3682603713467
21.349229716121183
-21.857893801314738
-526.6543384275818
178.35233109805358
15.905141762077253
2.318147621206636
876.5189917574068
0.2956537480062737
-531.1889830372497
-931.1732367174667
-42.938780657284184
-112.96957490990152
30.213952796255075
-25.370861584626418
-318.1591441571387
-32.537849718825846
-138.32114552609977
291.7974136651067
-188.78874948818566
-58.67617241985613
353.3257844047389
269.99211779586875
36.643963980249424
747.1094327858909
367.24283120045504
132.16073514385823
-157.95338520995557
-1093.9876208543742
-608.4782238604653
2451.124146757536
1104.1674718711774
153.95704402235356
-0.6215403016677057
172.18756550878288
340.76097105518147
-13.118021852669433
-111.18661056824692
25.75526951013623
11.399318653885327
-7.475664932280473
-305.5290595551105
-1314.104607261822
-120.10956570573774
-47.1213609052998
-21.55564722589746
58.57540315592117
-245.31319454118383
-398.87713032360324
-82.41431222970373
53.9793214131336
704.0682174508038
80.27026925384118
-9.385514544188721
22.26326841140351
-570.655530167606
267.00583244612244
239.0840905286106
-20.39277065369653
-255.1436184704728
-165.2245932504296
-308.98422126023434
-348.71171659185586
59.224588636771784
-53.91730024167664
-37.24657545863759
2122.2222278428217
1287.0053257631914
530.4161023620256
281.06984490588536
0.09146840645472339
17.640567262191233
-24.05401385484631
-712.2533453220985
-278.67918975940495
175.27012689942413
64.1978469663617
16.37617071141862
319.230006104297
724.2292520147084
27.12376017342187
-111.14167499894062
-289.1926985026919
-0.03427797020750459
411.97013660456554
112.4091825082901
-219.0764988147382
221.44196598010583
-66.5480683427318
-463.3485078455466
25.71141219016747
366.35135619142966
5.504362608941656
-221.79622219985646
196.25723765270232
507.0309581523969
124.2708962842456
63.25632462339139
10.949768374659303
21.624558233676606
-14.541396119661773
-112.9784547070906
-67.94072808516222
-602.9510668365515
-1219.8888923662546
-1716.790601739381
-2543.148613667395
-1309.1145805981032
22.690089900432547
-1.7042050015073589
-447.0279405153034
-149.93461409969532
118.99635146742499
43.06762322915732
-834.2237964695797
-1017.2008308311553
-101.1527184146038
-723.1209592303705
-220.8282749137014
139.57374652985243
685.325690905288
65.85932054065063
328.39616427467223
-53.08524897833596
92.71333576700248
1652.6542582169177
244.1048422231142
-45.32719071331479
-601.3093730169699
123.88327222931484
25.167466676213564
-109.36287484216592
-155.32382025017435
9.237030403739753
153.75097473455335
-15.619931180138575
137.4606399620869
640.6291527413239
-23.496320784671802
311.27017867515235
698.4933357096392
-81.17576279982873
586.827456612909
110.59015373976709
353.61618905921694
737.5905299001595
928.2000339292442
920.3295040092949
691.6755308008658
733.3731055226256
523.3395855817396
275.05473476963095
23.626911165150197
1.7257635460876548
-61.58066253920836
-12.087263372638956
-35.20065957246181
174.5920296996982
101.30574828073442
214.76715726124232
-0.11670288480719215
-805.626733970718
-486.7512803339043
-364.36873885205495
-195.3501313208493
131.9800986194463
927.0342485021685
0.28609213050625576
1082.3079416293301
173.47965891696109
272.2855222797717
113.07729098298158
14.448925241999646
-0.029543626375014613
-26.354061825465752
-165.7141925677103
-153.34737741198256
195.87959768137682
1066.7298596302285
819.4171350200319
29.161016257329205
45.72292368189485
184.27654171812728
1631.5198811046162
1199.3885767356967
564.6188562675889
430.1511063171422
274.7773819210503
1662.6161242371124
1926.2055193432473
1738.3070789484998
1906.6716363092157
2551.350923818549
652.9847992693018
1643.251546616999
3012.5094349256806
1155.45886754119
3518.189484946278
840.0342365922531
473.6161919803024
2962.532106979069
3510.7668656350806
754.7482258295349
8434.734347948128
9045.263984248482
42479.83353507959
19907.214157100538
42289.7010606246
46784.000256080595
36316.653535015015
127276.8646957869
-118351.90000000001
-82837.95
71170.82554264044
100327.0290091211
0
0
-1873.5200000000002
94204.21419057647
-186263.92
191436.99704753404
-148985.36
-85412.62
0
0
45200.392356837634
59422.10548934137
51371.18559153946
-56614.44
-61935.09000000001
-23104.079999999998
68447.37024548813
-13957.81
-395.46
-106462.40999999997
108761.32850986421
-184834.64
-267370.3
14471.522936081552
9533.914169438169
2782.459392278052
3692.4946171049282
5344.856590574072
15656.477449979899
11764.855824029728
5158.945043782376
12011.416685508128
8024.1021530814605
10785.50816944883
13814.124883104409
-367122.26999999996
-515.1706898872349
-1264.1210942788166
30.157681366659737
428.63065947551735
425.190967803443
1112.9372759384003
2387.7744798989984
16420.27188067222
22144.50607311215
37150.8070665049
31197.60150565254
35237.638946748055
37618.849622241076
42187.68945508009
59292.179478828984
69909.50055780952
79441.94599979799
94324.15641557312
124627.63284719408
151915.8244353535
160097.44306371975
179352.05531156
182504.69517286745
192932.76995259497
174762.1933834081
194851.31553444726
215994.41304064775
212001.68525084143
301784.72020402877
294613.6217119011
286123.6851716386
331110.51019653014
332385.44063198013
351146.39476410084
375144.20180475374
423252.1705434481
439409.9631688844
577418.6382573514
641374.9796794715
797776.6737833088
1069593.7415843413
1259082.2922273576
1513652.2918655565
1272120.3405756953
1253013.3393283007
1768754.0738933568
-2310730.2500000005
-2125379.7199999997
-1902760.52
-1186215.51
-969546.6499999999
-537201.05
-533153.0599999999
-452702.42000000004
-442931.63999999996
-450656.64999999997
-403875.5
-441318.0299999999
-371897.25
-388560.32000000007
-340223.4000000001
-328632.81999999995
-329622.2799999999
-318305.89
-329920.74999999994
-286980.01999999996
-258753.88
-218863.37000000002
-207331.11
-127323.51
-112023.78000000001
-105487.40000000001
-99805.73
-101141.43000000002
-74765.12000000001
-76225.85999999999
-56001.0
-51173.78999999999
-49432.73000000001
-51964.439999999995
-47805.36
-34914.25
-29759.48
-31809.06
-15569.419999999998
-13607.82
0
0
0
0
0
0
0
0
0
0
0
0
0
0
0
0
0
0
0
0
0
0
0
0
0
0
0
0
0
0
0
0
0
0
0
0
0
0
0
0
0
0
0
0
0
0
0
0
0
0
0
0
0
0
0
0
0
0
0
0
0
0
0
0
0
0
0
0
0
0
0
0
0
0
0
0
0
0
0
0
0
0
0
0
0
0
0
0
