365919.6100000002
-147134.75
387600.63999414805
-211032.4
-25920.42
-51121.780000000006
-25776.61
-17696.14
-28174.690000000002
-29181.369999999995
-28318.510000000002
-23930.42
-16856.63
-15010.439999999999
-13020.439999999999
-13451.869999999999
-15849.96
-11893.3
0
0
0
0
0
0
0
0
0
0
-1414.76
0
0
-4675.71
409321.859741785
566029.757792857
-347891.04
-107671.72
-81609.46
-74739.56
-60875.869999999995
-41751.83
-44332.32
-26142.34
-7810.139999999999
-19373.07
402497.4404287678
-165731.68
-76923.26000000001
-48285.380000000005
-37517.880000000005
-37004.96
-38365.43
-68303.7
-40831.94
193726.78939133976
214181.86783846337
-204964.25
-75036.03
-4524.31
-18363.11
-27856.629999999997
-43789.43
-34667.350000000006
-31727.68
-28419.11
-34837.009999999995
-20984.07
-18096.5
-14147.670000000002
6943.537982590704
998.1367820079564
2442.6903037317456
4225.980971358489
1563.4615587824062
45.5815233198335
1232.7515886431327
173.96813604614607
436.9213237692198
16.536683591026478
-248.90925934309067
6.87105625638196
63.19361170098523
-13.73727792471103
2033.0958219592653
2391.75446268948
3400.7928026143104
2097.894543742221
1362.0043384523503
2064.0755522937698
1658.485365370254
336.4751798961322
583.4287549955795
142.4642355037132
152.10976834646706
445.75256886597384
350.7492434899786
119.71944355707156
47.749598496078434
17.55555581804071
-2.480299288390711
-0.11730015471426178
6.60411251753545
184.602742939861
1323.9533434037212
1583.0543020841167
992.2196202567906
907.9398589868833
639.8067066916897
403.02211945719836
224.93243098389004
43.25310446682811
51.88737198757434
18.965875818768872
1.5872686071334405
-3.0648568559007527
-10.608161120413323
27.59551488774502
107.31834088961827
152.6500601564529
4.379982115818763
33.93375350674244
26.050401535159768
-1.810765276491567
-5.499253043651315
-16.561285934846385
-211.2972927592269
-115.70850515952623
-337.8046782789364
-299.2813561979599
-714.3299095868291
-943.3671614843788
-813.3587938479994
-405.8334811782667
-220.97184750223204
-217.6008480538814
-123.81456482352866
-227.70494875321816
-209.84873842473436
-243.17022621798284
-304.409290433632
-403.14324805042475
-737.3224406424355
-681.585060519042
-22.26043346777929
13.143672334783393
23.132820822904648
60.37279296904474
319.0877436317391
157.95442167693452
25.524324680366426
-0.07686566777529386
-7.182769598409771
-10.67754651111602
-55.864966300155025
-96.05514339532044
-197.80937733893475
-283.3373800367429
-870.8140118358752
-1576.8390064005944
40.17996760203998
272.46866045853426
327.36676168697244
41.85805523185327
2.002235618346366
-1.2302029079105428
-91.26215397857634
-280.4712254409755
1266.6428582686856
1908.682922932809
721.8082525354331
469.98433655648864
316.41415619711586
125.16009876438498
42.44704634626035
-2.9348294705687348
-22.22200485904453
-153.83101790713675
-244.36104966148585
-684.98946662863
-924.049375372186
-1272.3399403104038
-37.3007339383598
682.1467852263249
1875.0101049938403
497.38202569086906
316.4588524669024
73.38632215662925
-1.1035005913994733
-45.527231735667264
-189.93134478308457
-309.2438603588065
-796.0169777361815
-1615.1824940860515
-3892.560548968202
-1292.6794726955497
-2.888360904199701
-33.43220718274276
-991.9913782832155
-151.7069348942201
299.6839947372602
243.00678857367416
137.05557696756682
130.9415767422542
666.8658811461312
384.21193501685264
737.4406450645586
736.4879463765031
972.3705923684734
227.43651091046846
-37.79058736030696
-156.43809676660112
-774.6282231107409
-573.4144985612718
-150.38449332804277
-175.43819813663768
-29.024034733040445
53.01868931471485
159.21809391026642
149.50956060110812
207.2696400172921
306.2964150223937
1155.4409900255555
1582.5634766980872
2006.8493417091156
1013.9779585493948
997.8837758045921
629.4147674377773
549.6971844760361
88.32480028762645
140.8346568534212
14.706827970913192
-0.027432147396950636
-92.99872115871331
-16.95122437389115
1.0599023924686781
0.0018753877514837718
-247.56558997905657
-636.3989798617505
-1451.1887650141043
-2052.7672057628924
-661.747376677989
-18.722929706674897
-1048.6067839274344
-2760.038447279335
127.29587272671682
1705.307659974008
1010.8888833440718
473.0624224229425
365.2669139903704
414.92464660246014
109.35717541433733
27.529731733422395
-2.6462083223486967
-30.721630201759126
-19.076086799682283
-152.4010043875869
-235.44336649092642
-246.17679190504577
-404.31030704519645
-237.03971055696582
-540.1292352276735
-531.4964251126138
-482.1754546257716
-3.253806871932398
783.0778276664087
506.0158731922561
285.476032095536
513.6001706751347
525.9963818470417
1509.4609722388332
304.6195195005297
38.0676860683813
-168.64445088736272
-753.8421984533297
-1185.2521787539752
-1450.0669819261786
-414.9347625742274
-1170.4366614685089
-1714.251383836298
-2111.2253788848525
-4.849290134519365
-11.435969352846291
326.4473052364371
1390.4998230614124
848.712863223423
690.6654896761124
1263.9849599368135
417.61836289752773
119.68957056593084
2.0599530911199038
-41.83770020605337
-391.6960950261998
-484.73223733682266
-1257.0629756067383
-1265.4230899882334
-2217.046661066159
-3871.493808166785
-600.3051480316238
-263.2918875481795
-486.66966747032984
-397.69598291796177
-1535.7126431546146
-2670.713258505975
-8272.743177279246
-2513.982239355661
-4060.3300000000004
-8095.290000000001
-22017.46
8075.769899082047
3222.358856291542
5487.58240345474
1487.6319371026038
1357.36204939713
1463.042124469181
129.41206195594464
-20.635008708808545
-792.9276099643853
-71.20387656580519
1875.1657000643331
516.6435695150881
-581.5652938320218
-2021.9416975828153
24.063249487983672
508.97218957260947
483.7196382521734
978.8821285184089
102.04726930066101
224.24580422041026
-204.73335325047216
-907.4733771570974
627.4805054855525
681.5616000957612
773.9910888400636
-69.62940757356755
11.840807944295282
-75.7324619426752
-284.3696925265727
286.2315998366116
2430.4158946615635
3891.079124700893
1699.1614239758278
937.0369648030578
287.61387976644664
82.03390346920506
8.936036107281307
-70.86344509202684
-44.1338532557223
-966.2334683592326
-1783.4037849203714
-1846.4254532570471
-3141.9438170075387
-742.9959014643443
-1109.1634374409582
217.53899691364524
2204.0364036281667
3279.8923796447675
2978.9908151890077
2146.8543155440443
1916.7967905265637
1565.6051708581304
987.4430498310481
482.9608040542424
478.8049152047077
437.9631319494982
332.4685508224278
263.42837515868246
94.52503182892521
10.935063546450586
302.58290698989913
312.00439747704047
129.80724462365632
4.802151765167407
1.560969193185232
79.49279411186053
-0.5010281945674786
-20.06604681546458
-108.67063493537279
-3.164313379552719
-14.838208898353765
-172.3421361547225
-500.67506239727334
-575.1177487947685
-1305.79363576652
-3275.358099878252
-3412.4712671054413
-1920.0814091855887
-1922.542732893613
1.9524979204463955
37.919712294613774
7.467207931764158
3.3147424145865045
-18.652408103472926
-19.859884222011267
-112.63076371334418
-300.7762527040579
-823.3092971834601
-880.6068767843958
-187.6913051511894
-195.14169145479482
-8.269851170790886
-336.889829085899
-32.846014583025905
511.83553706490784
117.19562009428975
37.55306581191415
432.62979360502504
4926.475950090817
2723.9397326685207
2410.062443985149
1176.419637457898
478.50073655829755
405.325405850176
462.9153574326365
1.392621753448753
203.92674122923216
1424.9418570651137
1158.7986923157985
472.5983016935792
437.6418862796794
209.69562723442516
589.1012615767629
0.042695472879599225
490.6825912818418
-3.865678067498431
-33.08904839112502
-27.79387769188255
-467.7322933385226
0.6400626419482406
683.2468564204337
7736.031181466293
8845.134397906288
6866.646403239411
15372.019792417648
11403.049481145265
-3501.75
-2965.6499999999996
0
-228.76
0
0
0
-194357.07000000004
3704.3582844018747
1005.5363565397404
478.21007408854445
1794.2118038003446
725.1884605210598
-88.66382995048745
-930.9945534007562
14.159410264302753
1528.6712109313644
338.1981180159444
33.46268120088557
-13.290400846911849
-44.359769690662645
-51.223625692797356
-126.84949203507155
-226.02089155725383
19.809975087520918
258.8791305041529
553.3318141474246
100.24080711920494
-309.5322015667889
-1563.4616263975122
-3339.164780840826
-626.1696762668842
105.4882036132679
665.9022427525705
1176.8579954549589
140.7654603325537
-8.003198267843153
1002.116450086393
3903.9220899670186
3393.061081089499
2813.9810816066365
2332.438985363353
2030.851573717784
1814.4616776471426
1517.144454877613
899.6415568276539
581.6525481457273
573.5267842656062
429.79356709279887
134.65775221786456
39.663626594256456
14.758486096934812
96.34825267901056
48.36768332654945
-4.9559082587093535
-41.29286194784944
-67.13946851963578
-279.86017998776924
-218.6438825205342
-274.45131265995883
-439.7927290650575
-623.892678567554
-828.2905706786213
-1830.732407842722
-339.7522472469824
-44.104274997997535
-152.70983503919553
-215.22978563524262
-178.25031723526013
-719.6601159085785
-1790.4831044344653
-347.95659681998643
-250.707430153561
-181.01772805108686
-414.8332911938028
-737.5851562954762
-169.3113273942521
-197.628168435132
-659.272754400183
-845.3684376927417
-2740.249650954811
18.173224379246854
636.3809129344714
431.1051537449782
1085.1605603961482
641.3824886643774
96.63932133273636
-10.959291924076872
-263.88773427691376
-692.7238478920316
-1532.6935987472348
-944.9896913717901
-32.25188804212155
281.2548144058336
121.01858847314121
-119.18749683665878
-0.531073874152842
8.901257986279873
-110.88261217267224
-156.59579543829886
-355.706625133382
18.84629215618956
437.15108065644625
69.78470587795772
151.7483969545119
-5.514291145742516
41.69048752976574
621.8822129124065
174.07216104481347
213.20571700488688
-202.54937774262376
-853.8446463616883
247.08043655150647
42.43860585255029
299.4037048468916
1692.4724421096419
56.020023977914946
-1.691071215300579
818.3472782346495
26.897158834507835
-372.97170030202676
-165.62102359753553
-2409.50474234941
-2573.5538179081873
-16.127948191394662
-349.71059747896686
265.72111785362256
120.32573535621746
463.72005837147174
55.946746394861165
-83.87633308491485
-1332.129307260567
13.45665227987099
498.94353300052495
2148.5669913994448
1370.9754737805372
765.734762218103
766.8751730588531
158.81128707787002
13.118925907874345
-39.959786373933625
-13.987862735979006
-30.079562985514407
-27.414568582616567
-263.38664316962206
-504.0022177624356
43.665968509390275
-465.63833945299643
-732.4293768183406
-214.3591927903631
-68.69528374295344
80.60912307906338
12.55298706087916
12.170896773193967
213.75504405167746
780.3059302407271
697.9356656817006
22.784369235984794
-77.41455875388885
-587.1045640596436
-604.7681171366632
4.8518615363006745
0.5861096544567834
383.113364004876
99.36345488861406
12.242659199314405
-0.003936117147233107
389.9197941295867
-1.5562555317279658
-379.52012178034
0.20916504363125735
45.69577809920891
-352.68298650860027
-501.1128576294688
1096.9993410537495
-12.514177912065392
-1189.077602388261
-1767.0585296381655
3412.372535442787
2392.0534837705086
1846.5374886512975
1328.525666411063
1094.429566330638
949.8300433648237
862.7059908406083
1389.3751981684577
1768.3474885080172
1734.712225201629
1221.81061778344
1456.7995276160646
603.9602697879543
560.8670071400619
159.251086813019
113.99421264319415
1.3738165579405186
0.2443563214904542
-31.370018055899255
-18.65062707622137
-53.060771928534685
-22.669579223720163
-205.5703010958822
-44.32110491205051
-163.15948077250565
-144.03789293981598
-156.70547429607655
-74.74502432477023
-49.702825255153805
2.193321780170842
-34.28276738111936
-8.903414206639793
-88.26020488506587
-408.0460871573252
-592.3296048180888
-878.0381605502042
-1328.5933059853364
-1637.0812940392034
-1138.728620446686
-1385.3955628370427
-1252.5866431326908
172.65665889299518
-338.89807092951344
-325.0108825684788
-1119.1789268401658
-184.29596134617847
-151.17374551277106
922.0377766263473
1269.515663656612
1782.9947504539696
2589.448708395393
2911.383970085118
2355.5197952825533
1663.8868987961382
1482.9027478650596
856.0495270407578
669.1376446337241
460.24896178142393
351.5366407857142
12.672230053347313
35.22506730776913
32.65963984838177
3.707255716104005
104.5363450602984
162.89526805142583
124.07541566531526
381.67537005103327
155.61756476676328
154.2593699957382
-1.2618254836043974
-49.27553885563171
-248.28816188928369
-553.1499113270888
-497.32137702145917
-561.9004191336707
-738.4825266240838
-489.61865456703543
-172.14746431649516
-134.85324249670913
-74.86667156691877
-75.71294840983171
-99.74402954608516
-76.404729403614
5.729563325721014
0.6412999809363529
2.3129614447378914
-2.574703480649462
-1.729384833511981
-3.8908865637046075
-1.738891285882817
-41.39122830648094
176.40837038022133
697.6340376905393
561.7604564380154
2203.754742283776
6461.763620831132
4359.91182984547
3811.547769804475
3905.74866828187
8881.940583310396
6017.992214122545
3480.7803565257145
6614.87264765922
6578.5960295975165
3740.467454184159
4065.5576056652526
8175.138812598293
6800.54785387351
9196.272279392548
9016.10970715726
10967.8332423979
18800.013098099444
12358.928976438476
15702.649727958387
9653.819001129958
12570.42834545163
10774.411509695525
9832.970563312609
11938.822711469005
7556.92633111144
15349.981858598314
10772.470594576258
16725.50601203709
9817.000099889565
9538.602373118141
38783.962236067055
66149.79005706371
78475.47701756327
131892.1937989797
219348.6738794803
274401.5419915144
-262088.69
-221282.36000000002
356900.4960843516
-289695.25
-142954.18
255887.305748482
-180928.95
-115266.53000000001
-80249.93
0
-11665.430000000002
-95477.79999999999
288592.0975979616
-115888.15
-93722.47
-103816.64999999998
-125967.64000000001
-69015.90000000001
-64799.56
-37361.03999999999
-40139.939999999995
-65032.409999999996
-84663.85
-56840.82
-50088.710000000014
-46020.71
-26010.690000000002
-37291.46
-33145.93
-28429.35
-4678.05
0
-17994.370000000003
-46515.92
27471.29613404114
14931.252646972314
29084.786855818627
9535.740605723282
57823.78806651803
63716.42011700371
72310.85435983697
-75269.62
-31786.92
197379.0316683061
-301705.07
-170107.5
7099.267832670819
2368.3093053569933
924.3149841431959
789.870368650083
1192.6443229466286
6179.0507124233645
1429.1853190373965
785.0916503055
1175.8160190100716
231.04672330998312
536.5974335244271
0.8626896077714559
-1183.4466669251065
-621.888450649754
-1240.549586452877
-29.169104723768648
-2.6401383458677192
-52.82720053903465
4.258699106449819
-210.8066212081908
-749.2346415994393
-626.4676012541163
-490.39450132717116
-71.03272506999974
-131.92322206149646
-148.50112582895764
270.59430762230545
96.25005465865237
-259.7204693147337
-1308.514117236939
-671.3044057125614
-345.3389577627258
-110.21263879282651
610.5005875495758
902.486766939347
1542.627926697426
573.7147250358768
-117.14269093384672
201.09950618067444
99.62094755989088
-72.62196518719014
-978.5676116147985
-366.5517224573626
600.0896935631333
1494.780707289801
509.98357886364994
1315.5785425998179
1637.00722633075
1418.5175081479435
699.0865274727684
229.7074553703355
2.42068547664162
-45.19826617911228
-132.9650992425865
-38.42872385472966
-545.7587074432657
-1137.1452465746331
-2077.511238114108
-2362.6449861110277
-2330.5097510331216
-2996.915256410789
-4175.701367218943
-35.594911010202345
479.75732193215947
1124.5766010319142
168.63160485992537
-152.5812183460394
-564.0753071412405
-951.3134962493925
-183.37944397704428
-371.1145269309769
-365.9858131937569
50.67291819217436
1001.3930175548473
-58.180216982497
12.122288872854181
37.43747152566592
-398.59964483394845
405.8563691654864
359.38963485519537
439.9015261115125
1271.5817892004345
6638.578556416353
2438.1802486422503
1334.3960876167198
493.26641544138175
206.08278368524643
-16.26312334895035
-16.858211601311154
-258.30464497545944
-6.636936388498253
-84.55576824056561
-333.36008840587317
-1054.601534991204
0.010688967844502696
179.35017878219816
114.59978503826717
380.7583871696377
797.4733004698844
928.5249223891785
189.48114832937435
-120.82402204932822
-282.6867239488987
-474.28668343389427
-833.7426695590171
-1559.1633883996433
-1804.6815930117937
-788.309103265916
-1450.6413633621946
-2313.3764532188484
-551.6932795381238
123.72706894495218
1699.3156751598704
1254.7114346652065
1114.7002953650508
821.8530503145539
392.04130882729896
129.78967968344602
109.25874539844651
-10.401729678647428
-322.38177547104414
-546.14666435858
-108.21089396049055
1252.2527966850262
4297.103770984996
2440.2957977270144
1230.6106332581921
763.5884989065302
291.2068102321386
122.55464871037368
5.053069460566062
-8.878147613384883
-15.307026037882725
-176.6694723944051
-89.02802327151292
-154.63171974288315
-173.56133747797065
-734.3006954667475
-857.9173880195692
-1643.0022650677615
-2247.870517600688
-2976.0393253967586
-210.6426132512776
4030.579037881902
1041.9274662033595
112.09349493093515
223.03242115623019
13.633468880465216
-507.514142841771
981.9593705583055
1820.4067076027022
283.0315387276619
1285.3413351542113
3449.97132358019
3110.753830177736
1635.694703170297
149.5718840473118
4397.937842653132
2305.23399341238
5245.11629226711
3827.803745518225
1050.5215017615874
1785.689040763142
921.9829463960247
1721.8612855101242
3629.0946348895623
1666.112844953474
2575.733452833252
908.157026615376
1358.6804024227292
3246.852437584996
402.16886248908395
779.9826801888901
1533.0308559188552
9795.15682080818
12151.532025494755
21043.985775172398
17461.366335136023
13153.65624852615
32703.03213477063
27656.627680344474
52990.73856130884
118631.67437610116
-373921.31
-25579.62
-18206.16
-18890.59
-98669.98999999999
46341.52945066086
36800.1676544965
-31023.95
-19111.449999999997
-18960.52
-128131.76999999997
1542.964564824149
206.2809179339677
-1309.8897492225524
-149.04540047318423
-126.53729096274407
-65.14552676912902
-38.68901287158612
-63.124472253057064
-117.88114874799548
89.702012857341
113.5600678421871
-1.3034586034079152
-279.8922119975032
-205.8815855025824
708.4291398332238
-157.12719021895535
-221.38113021487055
649.4837874016342
372.31558958726237
-220.03839739740647
-116.55615574949019
-424.7511583628102
-232.5804534634009
-70.54176298783558
95.98209496301746
-121.79939304180905
-26.589717071038447
927.2738163550925
-9.031396448446664
8.156575101818763
141.25748445337948
255.0062667119701
-7.726175959107414
319.11635026174275
-145.81585690874752
516.3047220014519
720.7956814671343
309.17297988054406
962.846100747556
45.50938139357376
-153.1245620695786
-1837.866447374567
-415.76123803843564
-459.5693774876954
14.160393571695302
148.3527582436975
156.25369868519917
-463.51684063508014
-65.87095969973089
0.48853826180743365
-739.9448291351166
-605.1798664797151
421.10314536923397
199.28757375840541
40.914211974327415
131.86572664378275
167.94807192003793
583.2534153702022
8.819561711855133
33.17082994725927
865.6538242586904
115.18163774737121
19.89971799520342
117.54817551411243
293.0018388531896
104.94571546838513
-21.19244970577927
-88.63544250596075
-256.5262408800824
-22.2072161957361
-145.7709014453594
-51.569608053133905
-6.3912152575937515
-159.59491624786548
-182.8079898157083
771.9331946866059
173.8419739793148
-4.7963442698287695
-244.6137276386862
-580.9480006289373
59.19483552589695
22.595240893230113
-64.1830889948474
-73.00941757891599
-65.00700194888378
-623.7887187521111
792.1080276209484
341.33649708317716
-231.74028563705096
-103.59102775286591
-1189.773455331652
-57.68486464008263
614.2239220513206
3954.44698947472
2753.69519886485
2013.8269942170405
1537.3657337978616
1361.0705602378584
1134.2113223442254
567.9726773989278
399.8246533897259
342.15485961220224
156.39887693100732
166.5865716844153
8.368216941886915
-34.54689174939017
-291.52270502751537
-159.85702499182514
-79.46972248348605
-222.4946826045908
-512.0009202805895
-530.9187684265639
-624.067858884134
-1294.5394810435985
-2041.1264203932178
-1214.7134007551263
-7.2296238260294965
37.67953462924825
39.87778802083104
383.1445632347932
272.54603178301033
22.00180532155573
205.5894788564106
-329.2577696132229
-690.2564154565723
1858.7425145944778
971.6037225881455
510.1494182225781
133.37982568551496
-27.726781629903087
-340.4370490216078
-922.9016455828976
-1495.36543636233
-1420.9042196466078
-139.36796004736743
-39.78914372804882
-0.7032337513553348
-0.6805369500093641
65.60748278833962
7.624737277787657
-6.494480057483596
-131.17484643676096
-0.4041516641103162
1802.2901822984973
443.63970479302327
-0.0459045868801459
-1156.5982039097148
-126.85727926362874
-7.209567101424638
1576.144628140192
441.6158080493153
72.70229769600456
-31.552796945003138
-325.93882666618197
-1412.894157676542
-1228.1481202179375
-198.65481696987135
-317.71204026173405
-462.6436775140152
754.9029623825769
1151.0061305976806
215.3505841284857
1.148981432982799
237.38038768224934
3441.18022246089
2471.152657683272
2563.3665561592697
1690.0780294772603
402.94962227349527
261.1395533287701
153.1059024762379
65.83895094146158
-0.3144359179487614
-406.02213765993747
-38.81325304514982
-111.1449004594921
-337.84966593235526
-1042.9489000588837
-544.0587423063444
-757.4928995664729
-578.4448630037987
-1592.2272336708309
-303.7910670351995
379.37521447154415
248.74654107152674
0.08045902171617897
1.8321488411636921
0.6737137280224462
-27.577910052797286
-605.1408016768333
-670.1804020986016
-2212.7905177331086
-1317.8838050651173
-15.54793710083538
1749.923690589923
188.17280854179916
-0.527362771504907
282.12224401088
-3.5572317607805264
-138.08273671208215
-10.139112994496754
45.959958362262284
-175.0359139633209
-10.72627825554279
338.3150991312143
-0.18465675867362766
-30.78523571856599
-530.3066229802237
-1559.4745896527745
-678.3125705402198
266.25655311785647
132.77917417117968
-19.750394135799432
-991.7197453554472
-190.38720090055247
689.5664415792401
2034.1916680277182
1466.163194295409
371.23481342413515
132.07753328579724
2.3732260373034366
-437.1775237933633
-1103.4313291803967
-1422.768843607922
-634.609377510231
773.5374719652892
292.19692476929094
4.767604799711597
-31.269709066008687
-6.097695208178119
167.70616052414977
-62.187392495810585
-388.40413212822966
-25.351295205205655
10.569505245604807
-845.657148449357
8.695254556354335
-23.874803783741555
-42.97487390300752
120.45926794403412
-11.344671275916092
450.8246537021159
-1.8394202713330097
-569.8464566463554
-141.16012971906935
129.35560013711685
372.93166064435144
-259.7374012608715
-1080.4161678615972
-453.606803624766
254.1080923778129
-0.40872688373347016
-35.12302765188329
198.53528389392312
213.2952682461706
12.912241437387152
303.38061573320635
110.6467364035662
-341.02686785596853
135.23721368044727
1458.5885281294818
1780.0916143572335
772.3083406181872
356.9859840473454
87.14063134521466
-1.6133492301246273
-141.97641497398632
-548.5186438978733
-764.0825616513775
317.04147556084786
-7.875016236345535
-89.85847418817053
1.4897880106140633
270.6825282508558
185.06087596538217
-4.011254661687803
-666.5047873633048
301.48560401098155
809.3202319574082
529.6278322186027
189.77232896743504
81.24128898893741
-8.441313795405556
-87.9843793706823
-190.32037770966247
-347.055569706449
26.888975531877595
956.042504782089
1429.6555701313537
989.1318195155695
263.04842759406796
-1328.8320472362711
335.52941419206957
1237.9983857094976
1558.8073717677787
319.6897757897899
1044.3617115243892
1048.8680112582178
503.6804838873604
419.77024575215836
259.8287803838941
-21.555506388820934
-161.89526441838868
1208.5332188603847
2843.6281139577336
2068.6561715216953
938.272369061868
3784.627997400791
1751.643802990826
940.8761761313069
41.44759828028166
59.83924864351371
48.881359782131554
246.011276550701
81.35550981932573
7984.5648628878225
33530.10531644436
59173.78324485109
-301044.73
0
-568.6700000000001
0
0
0
0
0
5295.042254775558
335.49887757733296
499.3005872614632
703.6655113580179
4178.13516957484
1248.5026099200045
66.78524428510319
-6.7348242878245745
-789.4012467602174
-1052.956976818581
65.02350622663408
167.08203104590714
-155.05301528377632
-78.32196606399151
-87.558138091608
-655.8315244618956
11.510749630314479
-364.33520377409184
-74.40214840784925
-361.71002536448486
682.7717245184976
142.47776824172584
1356.4457820027644
5529.932291972356
4947.08414925855
4896.3676286098
2385.3507002843876
1459.4450732423663
1044.3192415444723
961.6095225468373
804.1711214626188
764.2132964417991
901.0705866896012
499.84031274933466
230.57065690604657
362.27906769377466
329.2259199398328
134.2471497165298
46.84616022044136
7.821219510133961
-32.81214605247905
1.5700257061872125
-8.606966673320533
-58.99082995545925
-107.07358375373956
-186.93000618416906
-405.3422079903031
-708.6650592176766
-972.9511137661673
-1185.199414245568
-1779.9949425241912
-1993.1439572934764
-3122.3523846064486
-1487.0030537326284
-90.96791311150761
-24.03523306653778
-0.2001457814006051
684.8048186133899
2294.2594606161633
1653.973749738304
570.9770519769531
616.4907213485217
98.94978700352713
-0.2170992598858806
-233.48265474894106
-1484.6068881197307
-3487.0744538271306
-2216.718447287063
-1636.7585172027098
1108.0899217131227
25.556762613430177
-319.5716009644827
-1414.1164004434959
-76.05636418152683
117.85814968230127
-158.19911463383534
-1422.4321102681624
-103.29954410368403
273.10974789558514
518.4142847147823
1592.2918085498245
1669.6618350935987
1939.7466587925187
1438.7085709557512
1092.3130855029835
608.1265822097893
457.98510945670364
387.45341286363134
435.6683419545327
31.438586775617573
13.705578300962346
-1.8872965285744505
-208.99490960192023
-315.5295647209747
-400.85976148031307
-692.7338285006668
-765.7793913615624
-1486.1544411140092
-2937.7843494351205
-2070.3504935788233
-2435.3576804946715
-264.3118055634246
1662.0023320394575
554.0453060428063
73.34894082224744
-375.4241421999767
-2854.0971991049555
-415.30623690314854
753.8075621110543
192.89167671774754
68.4421278289317
597.2536426059855
412.666678859614
137.12620386162388
93.19791796577744
-119.36316123667943
-229.51153566377872
-617.1227711393748
-1124.856571681095
-1901.0285299013362
-1573.6559020503732
-357.09714289710166
-12.361714717817087
-51.95825321367365
3698.930775575236
1385.5672422820226
285.9702251845788
-19.860305166193914
-380.8770343447005
69.72648902625374
1368.6920990501658
1247.199393200817
731.758756050694
268.1413214119128
3.2170708859644757
-236.9292018765151
121.39065681382156
4117.856511984977
1760.9389281774984
485.1121272061953
63.56837149909028
-129.93963100320445
-23.67622558888479
-208.77509647892256
-784.3060550066008
-474.72816592898425
-1599.0087480259679
-976.0020721824658
1313.5010265777319
2945.637301947563
2864.8742168379385
1411.1569754789225
546.6519079898451
629.3409322414492
65.42032074745094
59.35057260914202
-24.10037115604839
-416.2685011433012
-396.8378160214895
-422.9428906170434
-337.15987665696343
-69.10657311545884
-38.522322967441426
-66.09914317126169
-182.18475848033336
-607.4198135729931
-180.1868314743087
-95.87153563173885
0.10182245325515742
-93.82365195415291
-202.94325285684417
-589.5740411258976
-1242.7542940472872
-102.8811133192578
-131.29078299458234
-662.8533347501922
-1556.2440338777467
-295.70136733167067
195.40419085877755
1191.6946103244761
4522.353227688858
1713.5223489541668
275.4404939784489
77.88200888102364
7.115988054583845
-116.26523180404125
-613.5478203292002
-836.2868644351239
-1767.888481251003
-362.95739706979344
-68.07311045364355
-638.7601121483766
-1708.6793392872441
-2252.847072617772
155.76836375309287
40.425230428230435
-181.31034719101086
-10.862946805873275
-821.3065287370276
-3.34536629107911
4.3968793496991045
34.725380697274545
610.9064503208003
1057.8841370760424
630.3621401556966
328.55849406359107
292.36401507982885
177.06148277965593
19.292657741635146
19.58431985164664
-6.775920308517885
4.672191757231942
2163.9403863377083
2272.6793433340226
1802.5138858380265
1392.3797306236056
980.3320676589634
871.489909483341
605.1925227430821
398.8129490979188
305.6825136423681
393.65205522636785
425.80704176090353
1524.01062889687
2209.827036391425
1299.0140058984366
881.0417050842459
252.07318359010983
114.87715847697675
81.85764126511378
99.78541859825468
40.813308380448575
63.019314022356085
107.86078855352841
56.59055702563148
21.74763143965975
0.9266604432792803
32.0216780503737
-1.324624111056207
17.057923948093492
-11.338208635413896
6.392406833240127
-71.84507536418175
3.25200373785685
0.6300837631260707
6.621380273275989
1.9062038169219844
1.2657230129283685
-4.423279733843081
4.422488437378477
5.585441134150397
-2.8151982839443868
2.8141022990785687
0.2710414191943715
-0.45315214829479356
-2.737131192250558
-38.51471849089347
-7.876120940561608
-16.772034185599182
0.16184360373076528
-26.376107464174527
1.3581931581924795
22.014217777001686
31.841625032792976
45.98975743164631
9.34208833195832
-19.05594953241708
-90.28763661317069
-93.56342340799526
-77.96090733413452
-121.1084306238665
-148.12302894646052
-149.85215453986868
-164.22217948452345
-123.26843625047712
-138.08355390920616
-89.15919742237872
-32.51422744615388
-81.2364673122873
-71.50170362324769
-72.60135606410657
-37.47226223397387
-197.97655572084162
-50.0861359515345
-32.33582992893193
-35.67380352416017
-0.013310420589292691
10.043392449315665
5.913858551338173
27.80173149743594
-9.319688540669413
-415.5434139489348
-382.56544125706404
-282.19772044803835
-9.42916292791614
717.2540074247465
1490.0145664701035
993.2492789524154
930.183589052492
529.1418215948113
328.92093455379205
183.41555103961537
40.492284217178224
22.96933027596768
33.94623358397117
54.43288614841011
1.5983872900868832
2.572410427246928
15.698736509342064
2.6218696704712547
-18.608048466135603
-3.4463910036347354
8.997901463878053
-21.178058949871165
-2.008326588258117
-27.775167326124986
0.5107435893464248
-51.46913319787265
-37.745592209217506
-61.89064475778625
-38.21469408894865
-120.53144810905144
-57.393339299694865
-17.353555901970125
-241.29802289221533
-35.103192868708305
-12.12188799159832
-46.767355029607415
-17.0889404500671
-46.71034921552872
-14.61274749379908
-47.73764595104958
-21.811532623318975
-10.1974085164545
-38.37761983884859
-180.2596193864523
-508.24288872683144
-785.080360672905
-671.7771053111048
-44.9281757149073
0.3980332489921213
-12.380218610182839
-54.651881821193655
428.86293535386307
517.1296758553008
81.85016663586842
59.254220153755846
8.303185274412945
-139.48446948789174
-941.0848742712978
-1771.1392202287218
-1268.9787056086425
-834.0697973200807
-730.8439329019448
-195.90804721652987
-1926.1074318873134
76.28980312296969
305.2324504116199
1919.200795234628
1986.884225143719
1811.9295114300335
895.3602553161904
671.8578224057378
652.0394279894447
375.60858645077076
261.43097760007964
98.30803712163204
83.2167911993161
28.381038867202317
0.7475155147851137
-2.925417935945553
-9.466186628048614
-158.81920068584787
-31.762568889930506
-60.44245287058997
-489.1526155861454
-267.2697603951268
-50.787894927788145
-88.73056899853069
-69.67817467394339
-185.5139963150308
-260.156356955055
-294.2200004165508
-830.6879748345893
-670.0289213228463
-2271.6099577362097
-2413.8618216464756
-8.683638622479958
280.5474398836714
941.8634449983131
2997.391981070985
2151.9501221999903
1353.2430406863095
1701.9415330024517
1181.9877519289328
701.6333659396055
417.2210787913736
261.1518594565142
157.073495899835
136.54336614633337
5.800661623710692
21.545738234810713
8.498411964548113
-27.81395749118263
-61.27347821027507
-225.27641071439638
-0.0021328028605226493
-66.52707104959568
-59.11152534991507
-102.08296353139843
-202.1180677913556
-160.39387125001716
-283.8385972187242
-164.75103698798702
0.5897107563138706
926.6705878778839
900.5147597019125
707.0975476013788
376.45039874611905
269.98694322758354
134.23350899806528
235.4848025272306
174.6792007090075
217.05452259324542
134.67899149458185
192.24139297052574
169.98066190401113
209.44000850606798
281.96908243581254
173.01872094321004
69.61343399268321
177.05628894988718
39.93846614134563
171.73038285723254
110.49790863580851
60.75031595214386
46.7898047405142
14.620781432372494
-31.300313942205474
-105.84487244576482
-100.49738279379338
-108.25734200397562
-165.4892154747708
-345.4250156719419
-234.56376418838462
-173.4468147750951
-98.99781055077344
-203.8109023878123
-244.14799906972448
-20.81255297466247
-4.41858300186104
-12.21374909875551
-3.8722137276856214
3.6836873821603078
0.4920679080445285
-43.51170627621217
-10.141447896958274
-76.59409695729283
-47.28752929121208
-38.74607134724045
-67.53991414040607
-152.61725717606305
-30.716328802517285
85.43265535985458
32.200289580027935
-5.31754118640036
-22.902471322625136
-40.26911734006904
0.08551072400715506
-17.937270786042934
-9.832061948290285
-50.9661407552477
-61.52897438639203
22.342805709028067
0.05950255886071763
-0.2732284817526816
-25.27786754847585
-7.266610965630587
-79.74269687701255
-289.6170964304737
-328.2973518613417
-758.4676023429798
-1470.3906707407568
-2589.148294468294
-3431.3732418585078
-445.38626670954716
33.40436535638583
491.4674730515173
776.7140693060953
470.03965720993034
557.8778984467747
524.5746921323613
634.6324414622877
497.76475456155407
504.9692159869901
538.4136627043413
830.838469583299
407.4482376220895
324.56963404674855
328.05799652439316
465.74206613972586
465.1064158287332
326.1176902691309
62.920262467769646
63.97970788177343
2.6834176893723063
1.3904840831287004
0.0914742318581387
-11.577302877534583
-12.664078862674923
-48.95845420862827
-50.633688671663876
-161.95820287645813
-48.17681540857353
-118.78668130546488
-80.32271906403254
-84.75592115453904
-103.46406660782029
-102.9814560228759
-419.92408744763657
-712.8932914713038
-714.7347264941354
-1129.5910435949484
-450.4518094124128
-697.93645616306
-0.33988148506469285
467.68301429104014
344.8288454562105
516.4872768957215
187.3998366753213
23.359214737665155
0.8761054653520515
-1.1154717593177659
0.16698913590762882
-4.759151467187803
-73.53665595550149
-91.7002167616866
-53.89958750689967
-213.64254586529563
-152.10603187851626
-677.3607837393874
-742.149518505694
-1314.9818546601566
-1534.883880370233
-1715.2460133883424
-439.64673562930784
1234.3366637644465
1624.1872521970056
866.9958672394097
633.7338523190842
389.2738622059194
230.36739429455594
229.62090989653814
416.3155855099115
145.3178358098702
69.15456229008377
80.47875427171917
197.4139078694552
538.2956365204586
284.3646855164455
213.78038715631948
126.03260289353199
10.01063627327123
0.4252373396781459
70.50142303875359
21.18573885842791
14.99288466887599
-10.154183805436382
-80.788456058355
-276.1218947317342
-156.00702516780575
-197.7352609986711
-289.06998889143745
-318.578944472028
-302.4526849527055
-228.25266650617004
-292.68038851722065
-526.0501217119369
-824.241011730745
-764.6398225137802
-1196.391051089843
-1346.5643319693236
-1688.6081080030335
-1891.2498092657656
-2758.964663634735
-2145.367914716281
-2864.9791674196076
-1623.7833252569228
113.49766392424053
2627.3726248111125
2889.5748053622356
1189.900004812033
764.2456081183047
356.701166781456
194.06244745638156
197.34658517604282
74.6151770273439
15.446750468425964
-0.014144620027418474
-117.42641434419843
-19.209377678282934
-86.31318200762993
-186.0003974457066
-369.8040747226846
-880.1814267042325
1570.30068850213
2801.4911750575184
2939.0789583723613
1695.80711155558
1203.8248285264544
744.7774233555708
258.02512018499345
290.12845432223673
299.72880642453
24.02310700554001
-0.7027279903216221
-3.507053958076823
5.663402753878121
16.778773570161082
-39.585279657992686
-75.82729456064374
-854.9386413085779
-370.45703621729865
-23.63183566313822
-59.8083645276072
-27.519566371624038
-74.77144857448704
-122.5028515973195
-238.6712251892914
-574.4942227013347
-787.443387746075
-1555.8467266470343
-2552.539582956275
-3425.61409125984
-4318.999847680479
-1648.8591135339298
173.4559885446094
902.6578778045352
96.84050543896298
3.3713057896826975
89.70395021763821
56.943919582930086
939.2039986391836
702.1528301779977
244.10623272074227
364.1637139416814
1934.0974836157325
1181.7088501806554
1035.7303907596274
302.9464168591504
353.198675534245
167.83955379640773
14.111921879803534
-48.7469119478041
-135.75828349139366
-404.3744292615617
-1105.9813844865685
-662.4541902277673
-13.068495387236693
-32.53325751691984
-45.244637779543126
-57.29415268344295
-21.209039724079826
-75.57020113247316
-316.4137185491385
-1028.3400657402121
-2538.4178802896517
6.368355619822396
535.4583567244993
626.9951408170757
834.1983507876091
374.1318621993353
139.33623334930869
3.269580213887119
-41.543233798857045
-925.0058184246569
-2495.3914934430964
-1603.616057132747
282.0365711004849
90.27405707874865
-231.04920069921008
1515.4497907922232
1887.0694103111111
690.8884513208466
153.0551506323261
-2.03530988558304
-118.06353343326623
275.14131337446247
1495.724247762671
769.350768623385
296.61834333805615
290.70791564543146
243.55503477289915
17.734174850853208
-0.11872419144774592
-27.18194404076926
-69.51878545342069
-347.79903084386143
-316.32556388119536
-187.7370948169178
-355.54819732707995
-440.24615468390925
-1233.359360099876
-1250.647744207994
-325.67061648595666
-216.04092942410904
-600.2515566467952
-472.0077884456879
-645.5548882466203
82.16377554253953
221.65325081742185
423.77731559965184
-263.2444002289281
486.7940229019324
1956.1051599020175
3152.486901491665
1957.2582844202482
1219.8528015306902
877.0998131054528
320.9637236281831
26.417849177984642
-21.88550870547663
-337.3534037410338
-1217.1443229479462
-3392.93436560688
-856.2262993388421
135.60178266318508
50.859160993135774
24.520479986514427
0.18878280037613496
-127.96828072018813
-177.17311857734657
-401.49769933938666
-522.2434499242535
-510.42336404045756
-171.28406428863315
-165.5064420533862
27.80730369749778
1601.7356733878582
2817.0784266874152
2145.304427428867
1367.788150383014
1724.0566817053714
1238.424856970299
774.6531009023081
738.9009160260675
454.6226865389352
420.1281012103165
165.0932525557235
150.116368704467
657.4861160483047
187.76612956236593
58.8175833198046
74.74003711519865
50.46030798403379
122.1890450808132
2.1196351429333578
-16.149970699615444
15.743666383643054
-0.664381992321288
47.62764066281048
0.14544035875094913
10.510984320796817
-0.190504920067741
0.01441057955392255
-1.6678128065555753
9.936552671712242
-0.07453370663689177
25.806069367376008
-0.923317882017104
0.32974167897309414
-34.810430058657374
-82.63229796776555
-32.30514090776141
-137.54064706997505
-24.96010962588156
-121.08072703494592
-44.27471231933346
-51.78471836446453
-64.88821071320973
-30.204883875403688
-35.5441427413606
-58.362857386902206
-73.24052538169599
-65.2604151446218
-165.69885866695716
-20.284260784135938
-44.23198109139127
-14.227349535695787
-152.2118932731279
-240.34884357815858
-267.48952457206474
-490.1226268001048
-592.291464705566
-429.6090768925265
-720.4833368321795
-828.7562545790015
-682.8318535642122
-851.6872917036518
-971.9668729787186
-676.778108648623
-671.6932002190262
-24.71402746744031
774.4802270505911
4654.224767043612
3764.9457767741587
2444.4341428578864
1722.3166275110943
1111.651361530604
694.976605084891
366.7498820742933
125.5273710252882
4.855278567175944
6.413594574543954
39.310518824152076
-39.26267424685668
-172.146920152552
-201.03583597247902
-494.1853652826185
-922.372368908658
-1401.1980649434138
-2231.092753213287
-2046.475816688087
-5.468831713416144
44.42883838338207
0.8923140645790129
407.1569652215192
1353.7108295224912
1159.7549701195708
1976.4256357814152
1739.0252096869533
892.2230875378056
356.79902669993237
327.2109922049158
98.32528287652136
109.36454385284098
-4.818159902053935
0.08341166528954928
-45.46528285112055
-0.2815906848869212
-102.33056789418217
21.819712309376744
1.9183040635884354
39.23529887806035
-0.4066701492970987
136.85012068494956
163.01823313408056
71.16332439447719
101.39008406815711
126.0085539391186
2.816865437587198
32.094986042702956
10.613303717928408
7.992209970498846
-16.3408206387372
-189.7240440248936
-289.73967648491373
-446.8532375255884
-272.88367858842446
-304.51639550317503
-163.96743968165592
-165.5790535205208
-88.6801039139958
-298.81558279047323
-239.37598236263148
-6.920264575536875
82.66867385027678
221.49864787623795
330.72722239644804
259.25196476882826
231.23680722899965
160.02507274966484
110.58196397732435
162.28774636784
194.36116970560641
182.92888412448252
68.21099852986725
113.73218293262659
91.59725348941957
156.71417819120083
153.83605688724404
200.16258576582297
58.267322215002935
95.81654439541177
-0.565946022365024
9.647855500680595
5.472716783730586
-48.2128239149712
-241.7842292120736
-142.60913341493796
-354.6232996169325
-238.32391960742208
-549.1329057894629
-592.891771840623
-1278.7572298516825
-1757.3304459905921
-2844.7962558369572
-4106.440701784166
-4641.96495814812
-1677.7508887938525
-1821.1876151766967
-1648.8358892262195
-1939.1532003806487
-178.6402864010156
415.31236687606236
142.81918459394873
21.99399225849153
80.53811261506783
408.77290995348926
403.87382450731513
33.005464605115435
-21.82865757417805
-188.79574467015044
-778.532061915638
-1017.3535791736786
-201.75002316104937
13.172106894903893
110.72588283443966
301.0968406469302
305.49241586126357
298.95644185536844
167.7898833016751
407.55389720925837
2111.3693191902594
1934.9469481892816
1258.8580028667138
659.083470330002
538.2991980518245
216.50081318109218
320.8371545239499
341.0368300287887
537.5275659070151
323.76601447082965
169.2222545682058
88.66883476200326
43.79760402673837
107.92506227797752
94.75779117494585
286.1046149942736
5.9755024074930745
0.10970795963705472
7.066402112369158
-49.71297369290906
9.29894986208661
5.986810534727226
89.52969504979697
15.657084424824468
-21.40365861837952
-2.354912957577601
-149.27671789494985
-328.00093654652005
-195.09204533162574
-247.02470362976044
-453.51819056447823
-119.36060714609985
-231.95240924816164
-319.6701194796851
-325.4717927673051
-339.28114808070063
-159.7267459962892
-846.1861331082708
-1769.769683254841
-2133.586214260564
-3863.32418047827
-5067.638152586313
-4728.0882575325795
-2066.3036477894366
3753.5931800571398
17073.741214508744
29119.414615721515
41422.121037975405
63931.033769830334
75914.49158974065
87266.96362281131
102176.35193477628
102636.04596662715
114713.95590433427
117992.28800656802
138482.49304819657
145708.76188664598
167070.58419605388
178384.64847987794
186370.55502021092
309302.11162860465
410752.10973676795
524299.310363149
620091.0798055434
843763.5201814893
841654.3414404014
843068.3576149859
810676.7692054698
727476.87492427
776884.0190298605
732078.2966412128
658288.0725997256
695349.2814381003
659198.4327639267
716341.5482067409
734422.0077077748
777271.150127315
848746.4519426818
965546.9679586397
1062234.3930535605
1149470.7688525354
1428261.3851710795
1546636.8671006197
2306174.1462087333
-3437811.639999999
-2137777.95
-1590197.4799999997
-998355.8899999999
-1058700.89
-861816.88
-758416.5799999998
-879892.1299999998
-972403.47
-970516.9500000001
-1178017.47
-1069230.6999999997
-999471.9400000001
-1103291.7100000002
-867887.6600000001
-664463.6100000001
-517686.92
-406086.54000000004
-346104.45000000007
-365627.67000000004
-337900.89999999997
-338742.94999999995
-327902.45
-296022.81999999995
-172300.11000000002
-114003.07
-84013.35
-74845.81
-68828.76999999999
-87217.70000000001
-84154.50000000001
-66326.37
-58143.17999999999
-52832.229999999996
-35183.82
-29097.910000000003
-20809.08
-16908.33
-8044.610000000001
-6117.42
0
0
0
0
0
0
0
0
0
0
0
0
0
0
0
0
0
0
0
0
0
0
0
0
0
0
0
0
0
0
0
0
0
0
0
0
0
0
0
0
0
0
0
0
0
0
0
0
0
0
0
0
0
0
0
0
0
