11022.900000000001
6653.6347272578005
8468.06595420569
9753.531152066935
5106.188644560504
4890.0677144096035
4779.346333709441
2752.3287330781104
2616.970445217676
1370.486301632524
1022.3785020289927
949.9597883031324
464.5380108182193
311.4644569872777
2.007854657466872
0.17112729465186827
-61.89332561313273
-22.173806843898006
496.8590597066163
179.6783599817755
813.2533401756228
733.6186474597544
756.6387784953376
472.66082810093934
170.38902026226353
220.99346950573067
49.82491495033576
20.382950012322524
0.187217420704534
-2.6848122055945804
-75.98834468190756
-106.50942769794797
-234.4683231391951
-296.0182207369432
-349.41767446374143
-344.60576264137524
-623.8140495026
-1665.9076924762626
-2531.9405579278864
-3234.160649872278
-1084.1670520146763
656.1196328599979
2536.739651510995
6272.354820359442
5304.1827593137805
3493.8518849795682
1544.4196703596585
931.7651489613619
669.5421774417209
170.06329217309843
138.831445950459
7.076537879089141
-4.3984290418507905
-59.43453244626113
-278.2525539333508
-475.0162616010939
-886.7624451540364
-956.219075556625
-849.3303480683369
-1450.0698190593457
-2302.5926524164556
-697.6221741050512
-1342.5559109499416
-49.47735445642033
167.88407157312102
-4.729914001348956
-211.9598707033058
-429.80390529282715
-339.30806220109724
-309.2589215086604
-428.6464116370074
-273.5166419116317
-58.28401844179998
-7.1107475825205535
-0.022349519717450462
186.83424369270827
102.09808644922987
1837.674175946147
1080.98995774155
284.97681353442226
1.0555112008243763
-291.82293813948615
-363.4336064923384
-1499.3432427525108
-285.54792425379344
8.476518452297736
0.11271303909181805
-69.30411072486606
598.1069069981509
143.69188556541943
149.43776515813624
3.3301937219024302
-69.50847708300131
-321.10713641714665
-729.6222589623742
-300.7624641143718
-142.5073360642083
-327.1293150181773
-358.6591182679673
-813.1545996458468
-641.0794270341884
595.4963601665493
741.2463421809066
469.141721737569
37.13891105948289
-3.524336184461168
6.178625282473774
-1.7600035267676317
60.254830003648216
-437.23107404770604
-3255.50479999912
-636.7486431844229
45.47483591639863
31.480179072414714
35.357418789396874
-6.8063961665125206
-101.78901405971861
-35.484666001993986
-9.57358171176736
9.211084730988798
797.609851441042
2328.7235876223795
3079.2891522452383
3601.7844938428047
2221.268391547763
1701.6172591943641
1949.6296943932794
1823.373550271257
4501.882516655563
2503.4164140501316
1553.2973236643943
1065.9672602340406
558.6457046530645
279.96222721788024
416.7573120543998
166.51147320698766
11.587508817269901
-9.950489238735873
-107.9239087656768
-224.65875389251664
-504.802943951394
-1005.0716022661958
-1169.223593032431
-1770.0578675968652
-2897.168594967836
-2888.587496057652
-1693.699445646213
-2498.327317488704
-1224.1612518128932
71.1496876312516
-122.45525166202194
-8.50567320065743
-130.1171356702141
-260.5798598197513
-621.5183861526242
-1007.7873368477548
-2051.685315832264
-216.2418067332074
-63.59064641558524
216.7195372140987
580.8752521650664
305.8326843097462
8.843046061754306
-93.01017143750865
-486.20805378240334
-1128.6889710105108
-690.2586124415611
1701.964569208701
1254.9972182369706
986.251160273948
388.3924412786066
327.56055153673276
53.89717559140872
-18.451272656489877
-126.70475768859072
-384.23423238535327
-1124.0498275204195
-1775.4019536623741
36.42285375787027
208.24484197567622
-160.70662068517635
-56.349762527006504
39.11012093983054
19.342735706995086
-31.85735557890191
-178.50847048217372
102.7524531787819
33.600128850562136
-46.246296846599456
-588.0850104819311
-839.4886244884827
-23.205204931731032
-185.45517258345103
-978.9310694899768
-3517.5626988969098
-2183.2817806656194
-291.0119539102136
-6.606659920284267
469.49390783425224
490.88145519387535
526.706993120956
993.5957869188022
1077.641921715594
1282.7117148204536
1291.1865929265095
805.3281082767078
561.8327220278364
404.54562439938843
549.9104623520032
316.72331077626154
318.0799096618066
221.3754539066721
92.35165967138258
137.18840418365812
29.33156797769619
64.06101865856007
27.7280964137267
88.78563121748593
11.330907851864993
62.20724607903715
6.206421137939851
41.89279205536751
5.272290157502715
12.217726773400235
4.821126493161937
-0.439391803254925
7.9427367616030855
0.18038811072784736
-75.32037347009513
0.7893260914823541
-31.766805424144234
18.323935464849473
20.592773808632863
0.061667542282650034
-1.051144615500221
22.378490051988273
-23.97500350162636
-1.9775771070357775
-53.74303194857983
-19.023580334235984
-18.451235554665224
-20.935374857908986
-0.9206783901568433
8.779400216008352
109.82761978210377
53.08987062966256
129.79542621959087
128.23225464320103
188.90658155824755
119.29100877606011
238.49652998267703
59.87294752956427
170.2695456887746
41.82746116436867
89.27910401841297
101.63885986200343
64.85237074982578
31.09518590719022
6.93079684851557
-0.4459381374647631
-4.237253799073404
-2.3080567287242477
-38.49540759837397
-23.152862598170504
-34.88260689384545
0.694691030935922
-46.6636686519433
-17.01369383572539
-13.00143157946539
-40.4125196747535
-48.03509650191341
-50.001108632682225
-32.690256575057276
-36.56502744421946
-57.177432918967504
-2.151754634103838
-21.584826581042314
-26.916055602351456
-1.7202551443324396
-7.742672974914861
-0.40779385842936533
11.720231508558086
-28.111687036419
-24.03295600171757
18.356094178985856
-2.4110493089708065
38.38072165640763
-4.520657855688414
-17.75152460102784
12.635572213185696
-0.0029865202164132566
0.07951859901493771
-29.199642814926918
3.436638083870813
-0.012626010251313869
-4.561288369422744
-9.907258707496759
-0.4222724719694487
-14.295211380756543
-45.953873681532336
-1.173940365151379
-91.51349143704067
-15.95551699197869
-7.433153708259499
-108.44053083195992
-39.98053989929974
-140.10929369637637
-77.83095709698291
-100.70198430397829
-55.51665579815631
-82.04027139224834
-110.05511243588478
-51.29123473365509
-137.07759410463865
-52.5873139552237
0.4716259204230705
94.01832650845725
64.36087737799693
73.78734498485939
154.9368094629262
102.57797315524499
24.67216072779164
121.9896928855099
11.651940603254832
98.31611357380464
177.9416957094904
456.8943511199268
156.2251322302488
613.1444644909676
562.3967793713365
511.1420839654723
79.0108477111641
87.78140835828383
122.4128370743309
53.62230360369051
64.71658202970988
22.96751223601708
6.189653906665203
6.604868007748056
-7.300781698640474
8.391801075095442
-90.39780832674845
3.6437749012374474
-18.8556396985713
-21.872050026793403
-81.60812360231311
-50.98672775854538
-52.02549559202335
-4.954648025296404
-27.414913055194624
-84.00479644788848
-12.488273727877463
-73.74637308482522
-21.124349902544992
-6.140498089559408
-19.441438281118664
-144.87438083952395
-75.6485333758229
-21.509007086289994
-223.23394307159964
-90.2677819721977
-125.27298206734065
-188.26699402558546
-223.4905618289099
-219.5204276813543
-333.9188842736878
-386.5237289166549
-229.82282878845962
-215.91267427472818
-156.4798618486466
-7.1820271170493815
0.14175775922651188
44.01891134959942
39.30188743293465
90.88445543478774
159.8517763372417
240.09730362689066
247.79925738355482
247.58169916680316
212.646750932704
376.4604779703046
374.73203447869963
110.03677422666698
298.4495028067213
106.62299372900557
136.24852979623432
193.68107907399005
50.060661420604085
121.72508858540135
69.66697896260966
45.75964996780216
95.27075901407221
4.58686788764305
-3.008257114271874
-0.0002577461092824399
-1.8210901772809849
-2.823576324190065
-43.651577732218776
-14.964759850836945
-81.95871260157094
-73.24541152442781
-80.6239405063439
-7.694025419032986
-39.37224994039041
-45.53958898460713
-258.60000532972106
-74.18841485864684
-149.7954537846402
-11.824192382500087
-102.59458497579422
-35.42455139933852
-13.718548171074726
-34.177667780885386
-22.03631430032292
-92.14250415371589
-29.512723765043383
-121.29998692433196
-114.2681180413305
-237.8849438039117
-214.33468907057545
-173.93652719373586
-346.3699345618054
-266.1847953680119
-305.0348029692814
-278.60646417913364
-469.6934935280336
-401.1068166301172
-682.6673314583901
-223.593387989803
-9.382966814663536
930.2997538848286
1414.4665018760813
677.039046664938
340.048859082237
135.70378780774305
68.40097364595316
2.5859036181380675
-2.4290565554930197
-7.604448768148551
-9.440281671631537
-9.965655527939722
-1.3529279834536663
-19.92231109854354
-2.4107771699187097
-14.104026641089845
-69.43386057570925
-33.344803726946076
390.83653616969053
1118.539222781828
144.25686469409962
41.30897705726638
-33.63019414178599
-321.0842994287352
-973.2207870137308
-91.72454569512875
1426.8125874910295
13.70077949824326
-123.66519707965298
-142.7910101338004
434.9734308486719
416.32700164504115
160.84949554434826
108.30542243841599
-0.688101654868155
-45.215094522438676
-252.4995281549769
-40.47229148245425
-6.207470074621982
6.345502402518304
-3.8853941402945606
0.4740233386185073
-15.069549194931692
-23.777502231043997
-75.70978238805674
-163.70494426802935
-221.31143864534255
-369.76594858962875
-258.8582735079825
-452.7155687778031
-662.473208416984
-899.2097875993559
-1080.3724399667503
-1774.9546995287246
-1376.6368995829243
-63.981780499169886
1719.5185322665338
404.9640212280712
91.15892682282238
17.538247820364973
-16.476951563177074
-8.515193178651527
71.41223665202826
610.433399029651
0.9770046210376069
67.06436007733068
-863.5362013108315
-386.5666360624883
223.34177396992095
8.717912265994457
-228.2350317496989
-176.32964045632625
-588.8396685880538
-1569.5873681627995
289.1463289628715
653.7870529058424
673.0146990912237
1163.1683554327626
918.8295475628026
841.238458201853
997.2649805236481
599.6832330940442
606.6049404820843
693.056652849742
439.5530437491419
358.15045156787266
315.68197197848224
379.58109083703823
139.81590031178945
122.79242676251968
121.30931058543928
61.877341108186265
86.85815031111954
44.72407188447002
41.43811818567414
13.60488957128442
14.484668519482975
4.503649371830184
-0.016076317796782903
-1.1407869145949452
-43.55847334737419
-20.059190242919634
-41.982436699434075
-78.02321803006518
-190.64333297996558
-242.10881314011863
-262.0111272525992
-270.8378100692727
-403.9669836495616
-179.3252614351349
8.755344806643475
-16.043664726823256
-11.256629288530501
0.1994317427321447
-84.73406524936408
-1.9455850593797166
22.56531607839658
48.11062525936895
938.7803445085046
639.4637182827956
362.0326343432321
296.84081376608896
101.99787615404534
-54.16207838302795
-447.968516607639
-29.660086162477203
-10.78585721687015
-58.25187119142281
-7.037119057458434
-46.47549500603246
-130.95256190239982
-328.805147155948
-539.0810534779476
-523.8100374797434
-229.20048043098473
-73.88751278311439
713.8047640109157
-9.052108578540896
-838.5944408350094
-134.9670334333723
-334.33891554963503
-1911.779637284013
325.5940056047603
938.9225708174088
859.494311982709
580.4578447107472
456.0904714586428
356.91318420305896
245.4681156551279
151.85832647550134
310.2021134701143
184.97991282390973
45.401390874472426
27.259746233554544
-4.118095359938492
45.722990737308685
26.680653142816865
-5.273239094519056
-135.061250160604
-49.34956170656235
-126.2328245133638
-380.16285397482636
-567.8010017006411
-827.0868301215465
-1091.4113695572296
-21.794078751280406
148.36124359113947
359.9687490620114
122.59551414066013
172.0862574391331
194.73139398019148
143.1296621480072
94.075444659399
18.012417738918494
2.284385379142847
-0.21994960481858428
-17.8255171679101
-36.53339444702526
-159.1880544127955
-162.67075816653886
-250.04063281614486
-266.2911731735526
-352.8162934553404
-176.2697933821019
-399.80512459016524
-825.4218120356268
-881.044812209234
-1021.2379101227115
-1220.681445781603
-654.3618612532803
219.90084330996146
484.2701965353832
-28.29051619911597
-467.1231376751656
-267.9452691813073
-451.03960777903194
-515.7490105381636
-1561.011993410756
-2065.85989880764
10.021754248745081
3680.291335003695
4900.690844294109
2578.368616471282
1961.1387842816412
3508.748927946721
2509.0318269657187
893.6875840240422
253.91319504888662
705.1929741311727
1170.1546476430422
839.7218590472164
901.1968213297979
349.6086089233643
27.96662782565457
0.4510328704383401
50.74474813557351
273.713518991673
178.97911259477456
125.5722562499349
36.369385212757145
-0.37573594943740085
-11.516398271866858
-0.6382574108320127
-32.57026378317813
-103.97205898218826
-368.76021383583475
-787.7021927952029
-1845.7567598087176
-1919.4026889644977
-1050.405880187665
-1588.3980416605768
-2843.9078037515656
-5036.82650598009
232.4441909041907
385.0836631011832
70.70195686660946
63.47653447895047
-30.641449079498845
-226.41634774443241
-172.57688136144844
179.7302398203592
45.73315599374637
252.74447960063344
-162.35982058024197
55.54906236041805
286.77920181847355
574.719347368235
2.5262613858652117
-316.50281935968525
-1862.4218499867634
-1231.778991305089
-202.8485282488729
888.8689194816268
642.2239904390052
220.06357141381937
56.70981564881728
2.343675134571707
714.5017263803878
566.1098369288724
477.09693994500645
303.263651167561
141.0234883237703
13.647039071357227
-5.875829460337375
-111.29680593066846
-240.6447831492562
-730.2671009608769
-1597.6334614447774
-640.0373224941477
242.14179431574502
196.5686025705992
187.75393862685763
5.1980316904091195
-50.691256910233065
-282.13156422597217
162.85871135519693
539.7281878517293
-1.2935206258280734
-347.81112182809005
-944.1110124895032
213.87462059567093
-42.443246342722546
-813.7586478240574
-380.2823743942896
472.9846393633535
0
0
205.72821468939833
-59.87604484216225
-39.246544582317874
-153.30369490185757
-651.058916891502
-761.9956570067778
-550.8552753628372
-1010.1630887219997
-392.5758048368361
-462.4530990192909
2515.1334477596
2192.2892131289473
1539.711660800603
787.030649482291
668.5063596409086
222.69481080637664
33.89036068836078
0.9338725200182638
-129.79585448482092
-145.3756572533007
618.4435338378079
110.72123350500907
-2.593267029466304
-55.05445765661975
-488.2203933932886
-784.4527891394541
830.5421875337466
765.9592379639962
927.0758674871312
494.2667600711949
319.15315713781916
90.78652864210639
59.25203386590996
15.696799860643303
-3.325952873970086
-81.53846513085651
-31.315350633905176
-166.4655322677538
-198.81599507401523
-382.80851842446987
-778.3204526683685
-1660.8150073987028
-2052.1046665583553
-3750.4812849215423
-2528.818503100713
-82.0900502628937
2100.362318540866
1793.1647069050096
1146.7523768056167
1713.3582112699883
1181.2441290773868
778.1116440286088
346.52265277729526
127.73168275249135
9.781975030336511
-2.112438834700919
0.48647270884179794
9.937009295732835
24.69459897540817
419.80773717298973
115.57248713256263
-8.84403568249143
9.957511902044908
663.6906001133818
540.2309724777638
389.85058083032357
244.86798426274294
269.50979603570175
73.78385266834125
45.93078973277225
8.046039068842427
-25.612126919043792
-66.12667413850664
-253.80286694318903
-471.5988432550182
-1121.1833301202614
-1578.436449094333
-1154.5344557227936
-860.4640542262433
-913.3678522954228
-1626.6296215209277
-1584.5076561618816
652.5304292828549
914.9253607088774
945.7639103797408
473.8562149482582
436.06745635017563
203.4262882515796
60.769972204188754
229.24406431671832
31.75169066707119
-30.790098674040486
-317.81877023180874
-459.1237141592389
-249.33645972616227
-124.87469944626045
-91.05276436171786
-298.1679375144542
-59.84436755942672
50.05359385317443
1.625388351201178
36.09747558611492
32.59365141574892
135.55165707045032
1.4536738158872633
2.2835773441536866
-2.4846938049525717
-58.81709993605028
-156.7006034734565
-192.48707528638968
-264.8866206424241
-1.126529398260106
170.4017445134683
1.1178993709352307
-239.87484560628425
-570.4705465949822
-362.4133882007556
-636.7839333470681
-1718.363838752064
-1030.8166094453136
127.93612258385045
336.81020078290624
310.6631425528826
706.9088584548831
627.8461652336897
363.56662704606936
286.0663114363255
519.0935790506492
339.1797892079892
237.97654759305388
324.33040571616186
189.15057681892608
224.64511532658372
206.39833391955307
86.7979953880747
22.914668566865046
36.909083849940295
148.6221447390632
39.023301721396784
21.220969974768742
37.6928891465362
59.98315634177987
3.04729436902323
60.671285741718
17.66741068676359
11.874519137472117
29.584010012882658
61.50747287787604
0.9604155951467526
1.9717473488962185
0.037215310847470644
-0.012454697525596473
0.8847841182864379
4.98887166965459
-0.2759541872205411
2.671894017951472
12.247304214595019
-0.22881783263416866
-3.493406529881782
7.538532071091812
-11.419866773141571
-0.10860668350996461
0.0010031927535996848
9.370658034236037
12.54315057942963
10.078834567373098
5.875145146156454
-24.61674672968631
0.7189789156610982
-3.897166010772695
-3.2193753232248303
-28.166386738234003
-0.9884898517805705
0.16190707714710503
-1.0100468732806687
-22.57604881791891
-17.074485847366642
-4.950925764749839
-18.952282708486273
-49.77663695219409
-35.06494868440259
-3.7775060011385153
-54.50525099320245
-5.491821983675639
-0.1043138794978974
10.934901714382441
-8.755241223055306
-70.98773900999123
-70.62136724370185
-82.62831811885032
-385.9925864657682
-172.65314789936315
-402.0784555216216
-426.97670024416027
-399.41610445094716
-329.73148825963506
-210.09974148251024
-341.37563652656127
-241.93583000325137
-24.33316226628793
12.87645916401671
150.57342114985192
227.24082694524196
172.22062802543704
39.486796504086506
113.10333574769093
21.511631897302344
11.004874909998573
8.648544085169004
-1.029652597361089
22.907088639321916
4.8412418063263285
9.622226946305569
39.65176010415904
47.629327588685435
60.55421458296089
125.0860892296042
69.51454531522148
56.76969569238169
111.14548671223938
80.25374480884642
140.6717219930628
68.62505868689615
375.1441522869676
636.4246675520156
371.4013060237206
428.73282950987885
640.0415696413025
1075.8375501924095
1373.80385526979
1677.4788520529537
725.4476233610576
529.6679767417875
335.24403389073524
340.09322162837725
185.18869919871082
246.47187839259163
73.26583616165615
-14.957202067707012
-72.4313421559309
-236.14625412251328
-149.7124166864765
-136.45904109268602
-553.2260484550436
-327.7080816293817
-582.0595849944782
-664.4098886072712
-805.9792873935995
-801.8902212605199
-940.0358214526588
-971.403668063122
-1043.485466875848
-1340.9018824217524
-1309.8206923807352
-1474.8769141834691
-1315.377825195022
-1232.1327036489329
-1063.6706578919575
-628.5678977814738
-704.125664885954
-1071.2787291664692
-9.292126087096532
-12.663070921126558
52.6867811660173
25.25814565452258
-18.272291512284845
-42.56282686077176
1.0747935323183
4.928317940526683
-6.524743037963768
-7.3058391216462475
-10.556248278360899
285.36389737130247
4110.910174273169
3120.985203983051
1745.538049074225
1203.0125669797624
1186.2603849224718
618.054705682459
476.3035907699192
272.8738112031889
279.3886122537354
227.93130121010782
40.06757134397169
60.077819167231
210.37838468523842
182.0654246026324
19.978079295402907
-37.60689340696769
-341.85503199634684
-81.92611881802367
-43.1632497520426
-300.1895552593869
-538.8098293735903
-1147.2313191742737
-2214.7708402877715
-3950.688407667221
-1642.3029936750181
-1771.4812696618833
-356.4543675518893
-51.65000384527748
-27.87625671659637
-2.549718864579933
-0.6761226922854207
553.8470826535653
394.31097112008626
65.76713641735381
6.92831279114299
-10.65023246976499
-57.129779298168216
-116.0439637273769
-65.42786050794818
-10.687444203210367
-4.324562155987088
36.629885324431314
207.5518141021248
-24.322889364861865
-169.02000072791566
-375.0578568777265
-150.2457285321283
-185.24366491194604
-396.9977533803183
-902.3774846706286
-262.86757217166945
173.01940011067484
2085.23295115777
878.2176484856429
104.20539051214897
0.5607095663886399
859.263416906582
337.7182496433992
90.47269464669193
-17.360201878253747
-390.072512717614
271.1258664203207
769.0600667655543
724.2070964702361
677.1821355774499
126.14708376158337
1.5659946104697182
-241.51584605747655
-280.57243216983875
-692.907176733611
-954.1094635534957
2.092289020297625
136.4428837712008
350.82296202296004
153.02493472185574
117.22740925645962
184.9306702768439
305.27516294903535
218.1262424426311
111.57882850639373
5.869729980399883
0.668776787377469
-7.338642495631246
-12.166212083511942
-16.23653142447824
-72.0702614134175
-125.88522281670959
-344.58181959994806
-197.50773873897563
-225.2767807866566
-329.75136987376453
-773.8508105182867
-792.905802506674
-1033.2990235846664
-1160.0491961296725
-1756.562621522149
-1732.1480823790296
-1939.6075538318946
-1770.3002656148137
-1896.5004824239516
-361.525505327506
651.3980228398754
3111.7814553165485
2344.7321202634917
1890.1273410471674
613.1767779003094
25.02554326870858
-75.08749144142777
-147.6564303769297
-501.71626560375637
-1440.4070912127206
-123.64279637051057
264.6611810142203
1401.29872358872
709.2728714046531
96.21368615973302
-86.92156517140137
-3.8521323724835446
16.693493183560594
937.5339011213366
169.87945480258327
332.41674180379243
344.7109583225385
11.713899067893635
-144.77163365458705
-686.6425298002566
-1150.1035935552754
-1850.5351423999482
61.79730969712243
4868.670463682003
1742.3105836927366
207.20871836362653
106.27748693795397
-39.01879084362211
-452.92147490615463
-2207.862622143398
-1180.3314496808412
27.240834700700187
3255.24232119559
953.0742452191807
388.0056356656145
32.07706863535891
-250.1386211561488
15.279363456624761
-174.6084416841463
-671.7287195653587
-1602.9685667830436
110.25295536548401
2033.8322122865702
1304.8673390000313
1160.696608405366
906.1016373142854
744.9628918059484
563.5724320720926
604.0297309422091
504.3309242795226
457.5460677217038
233.56744152838888
75.40522707495717
24.834382966832294
-0.3792056451417999
-22.281296152798603
-34.356797910108405
-127.22265115281651
-184.11191074059465
-332.3988249115491
-228.67069636379824
-373.36700028084323
-875.8178144771839
-1005.2797189275069
-1716.991705569442
-2228.1296190561216
56.85772348033391
1667.4834531552483
1103.5155012990524
524.048820097915
233.5306286170158
328.01818761974016
589.6676055114357
566.3662690510253
228.9277293205737
94.23729964805852
28.31916042048864
0.00011993203326274877
-8.156871277885593
-30.983623895703506
-68.02693743118917
-125.83501795736731
-90.1448231431713
1512.4444377476605
4234.7285612257865
2469.4894616571396
1588.1490557606767
1056.5688432511784
994.8480177508602
881.767278274071
586.0465217146373
421.40805418021046
351.5672025870268
136.8607140328416
123.60688376055359
47.232392517350526
4.723609438372873
-29.518976204112438
-29.705814277223034
-328.98106012846614
-54.53622554892668
-28.682486244057287
-198.51796217394912
-434.23600598715643
-301.17757565283085
-334.64143379484165
-571.4390024897757
-715.5830627299727
-798.1254666050993
-1028.8707740572067
-1289.2999798958685
-1605.3395240295981
-2050.4236602732394
-3120.144156400042
-3735.9017597229554
-5306.821138406229
-5226.560978961377
-4643.544015904735
-5958.905914471084
-1836.6521198187284
-12.685187736860083
374.9719962206223
966.3200167001552
106.98212538797858
-10.91022541714657
-637.3477313671634
-0.06003985515199363
1915.1809347188978
818.7950985712099
65.03611408681948
1.182228492128172
0.8847183056338427
3.542427428096809
-13.122319667046076
-65.59882809768331
-276.551730916893
-1062.8464566823657
146.62746817936576
1462.4372034746334
1929.0004278520328
1741.070007790177
1459.7559849735949
1943.1696342545101
1557.442859591247
1132.0089983222151
853.9260506560615
505.75972298267016
657.3584543635795
173.29685623427437
111.89192831134406
19.09316127004999
-4.551534032629458
-5.391203076962109
-183.49510003699146
-351.7627181026719
-530.6233494068961
-554.0933501487061
-737.4239096009613
-506.9841351625986
-1452.1951546395887
-2257.307820693195
-715.6393623153799
-323.33151385350493
-330.3541450337979
-9.412543624850448
2.8071921438429217
-3.853964956306486
-92.69459834696487
-253.75880790642879
-127.11507405505411
-13.459195050810202
-242.65718275574014
-472.9509627232005
-9.163501983509727
96.10570462445357
516.1549463286519
940.3024102345788
4693.835053066416
2593.772528479112
868.2238049641819
232.9049878540067
-28.134931553259367
1949.9793557752441
761.5455228428854
26.557359504039255
-98.7232040516542
598.8783589070005
1194.6110535094044
1048.1964848472285
237.25027371800024
34.89521140054406
0.014582410172436904
-13.992289519804226
44.29063208336585
75.80851750830823
9.780788707827638
2.1110699272920446
-2.4525960195552217
-57.10732398907774
-114.37726927451851
-252.99715156613576
-418.98657072398703
-645.1706277872518
-1092.3166376602348
-1783.656456911614
-2362.777198632857
-2054.8877508900514
-3812.577644906304
-5285.575077025355
-761.5927886753567
-1146.8030790933985
-2424.4722952533293
-218.09185801037432
446.9740166501472
635.8236472997497
785.1470558394341
697.8447705577362
566.8294598649218
547.349751376199
533.9616429393586
549.6765796767623
982.4201752141734
2498.761444343989
2546.0456995780596
1430.4779194356531
726.978223133091
764.6659501311545
833.7939875373668
771.8029457214058
765.3766250720854
640.9212404581899
525.2874062363787
513.4441847728767
275.1090071787153
244.5121949630854
182.54027186688523
1.6008701957764668
16.36204282295842
4.715728993795114
2.5245157777527982
-51.34718923157979
-244.86464113079506
-134.59649222074106
-1.7011965008015189
-4.680765935095319
-13.485482915551737
-24.465237777337915
-53.62808223983964
-47.2806660816339
-117.30508704557587
-84.78228497637235
-185.99759931916122
-204.59391679608368
-134.38743554224476
-206.2377824525567
-198.36078044905844
-294.91298847224516
-541.716433414731
-563.2531985953747
-393.79592063506664
-631.7491919525012
-647.5140643315491
-1171.1560495057795
-433.52154219238446
-174.5080343871732
-310.58154496264433
-99.3116580588268
-363.9469290548946
-474.40534979415673
-81.9186171898361
-371.3951610666996
-251.65014485876367
-29.70573063640895
-4.615011337868413
-34.11605655779806
-254.26847030001562
-73.49707835042162
-168.26666101189
-463.5143902373618
-438.8743383691764
-231.9320987413398
-28.514571985859966
947.6606118418428
230.58931138775307
7.858873779837203
371.6586546059427
121.52417109877837
156.92262745720353
343.6187091000453
-0.049151583828629136
-33.53394178686987
-77.47414748705158
-228.00063166995832
-24.810239060199617
403.3176346756308
552.5016392952185
353.5273505041647
82.40366468633995
36.20165229629693
5.448839985257517
199.51945041177333
54.28101845887134
-69.42015811332828
-986.4437331495712
-1831.6712841035687
174.50226346332673
-3.6809816826246458
-955.6195954118238
-9.389358396719057
73.06565549126785
807.95446348264
216.26572853309318
65.22224965098634
0.004921224462455086
-453.54428074162706
57.24212969993476
143.89115430916345
-32.20039665139558
0.6340190094838625
-3.092567436612141
346.6365776112592
383.7296686815912
280.31278480205333
229.64312029375532
192.75118308253255
52.49507699187477
-1.9301807335168302
-36.45860526576117
-124.76688786847774
-196.31906566200084
-475.0227387344671
-707.232323216005
-1270.169635654541
-1445.748649964643
-824.2516035995905
336.7137610464178
735.6957653794425
292.1358623728578
1959.243751067373
3302.6143093700134
1096.6445304602664
515.7080502981244
343.3142177842803
-1.4336849673002745
-343.534862504996
-304.8694736394838
-502.624451121353
-753.7288258471755
-19.374998491644515
-90.50129868900144
-148.6499336970612
-308.55964334665043
-514.6337046168009
-350.1777598160961
-495.1578624486388
-258.02740327758534
-536.9567424865481
-1440.425631286907
420.87579510465497
18.30409873452958
-133.27532959516955
-33.46744552307836
172.95902376228148
83.39106745215831
-1.1486601191157488
8.146454827406561
-81.6267931445912
-71.4337863618778
960.5761114563928
261.7136453425999
-141.37844509726366
71.94368992823408
492.4941960908363
10.312900219594322
37.86756007065752
489.9312119629353
-21.045632991322066
-68.41287759803261
11.553356737956559
38.472207369991295
-479.6261305075238
-2213.897598502109
-3461.9086699925606
2.992861638563122
118.74595195303328
262.3459252696466
183.6653513921224
41.28550857761896
37.09368806278834
-12.713739779850695
-378.25913175041717
-621.647584526168
983.6954468924159
3638.859949782997
1964.9899002679936
-91.63618185350197
-1999.206657624441
-4213.618584072916
47.58315871329688
2007.7721485964098
569.6341184389292
-118.35803565967423
-49.42460421870021
664.6740988547436
250.91093070096082
-2.5352288610508977
-68.8512566157927
562.2540012398812
538.5416150088524
638.9693916413956
-187.43453433703965
-89.68813726363885
-29.700791052156355
52.59393572102451
-265.80549015628156
-12.990251876944678
167.82906332444003
-60.069641763016925
-2098.601352542905
-1124.0666198759532
-1003.5052664678163
-24.348780621155907
256.12799170866305
7.996128287726409
-118.74074411637463
-81.4978375037179
-43.8209357751669
263.016206013879
2963.471457466788
2461.9222080187515
397.9679485261937
26.760927822946805
-11.86873764859983
-57.26232600555359
-3.976879128593105
-19.476091629602312
-219.3924802358302
218.5651870848829
210.69802146065513
394.94651319751404
72.23143150732417
-58.61820256895595
-192.238987083009
-3.863830324748017
-913.9555067894282
-901.2602811791228
0.08926482428232002
-5.892612378740184
99.04374288639238
4260.690682223515
3289.7158235216225
942.2062212859415
137.0144339023393
7.050533458945026
-7.328089964442523
-233.74199410379654
-629.2466919315766
-2064.3830223887257
443.6416967724628
13.68250171654594
-68.85746975581084
-304.7327477219753
-414.9258723538508
-22.07161922160956
116.11288723076962
247.3587672131423
-0.006859238532561505
-512.1952204060715
-94.16830257348813
-1208.1482377792158
-1984.0526716753138
-446.0851424554416
34.95709091364156
724.2381791490561
25.444276159622543
-1211.900274224614
-1425.7587170312815
-970.5099575765698
1.0263590576517094
47.40078534419739
10.044826369239775
-716.3267775314321
-230.677418129709
20.821623964554256
-27.413846011898173
786.0499438300462
76.73300000226523
-99.11457792209706
-1418.4348466072852
2625.6623740862983
2977.8583725257045
3452.998858007998
2988.269122769088
2455.776067925241
1668.2276399142286
1035.566799043121
669.06735210293
302.629573243058
53.68937352624249
313.703467167368
1613.9003966467326
586.9414972055249
172.20978437094902
-73.76230445252574
-1014.0731081607992
-1050.7418803856754
-214.6003101262802
-11.110585332122813
81.73489251063995
15.305953012769207
-23.811068431133897
1.8849472123540538
-145.25076151487784
-1643.7603590715903
-1233.0757166392093
-1318.9508543068337
-637.0094242902213
-52.34803521532602
-553.1449145792475
-81.85908436883508
2.8452604977436082
15.653669256734904
-85.68397253413411
-171.5608556470181
-507.53602425395263
27.387616137505745
673.0111175635819
514.2832323366039
2263.3916228633443
1644.4137260889122
585.6175240736137
41.63855455738334
-68.53252165057253
-361.34304574453427
-1027.3692943826634
-2547.0218151674726
-4212.92208041819
-131.1050030144701
-278.06910158863013
314.14284950003366
58.474030441369564
-79.34398593004109
-130.36586149986738
-563.085441991629
-442.7974077902816
-1598.8213856750826
-156.88894128569063
-2.817431369413188
-168.82884785052238
506.1685316167342
1514.4266744306665
296.04920997372494
-28.977954560438675
-242.7163323491416
-791.2449095705994
-1268.0944131927085
490.15331282185343
-247.27607072032802
68.6131808083032
2.0482645430107085
-58.66284685800653
-0.5782819848849372
1082.4777293858535
-34.567694097530165
-849.7987467772036
-211.61177400381865
-2767.226592875774
-1731.4427775070026
-1748.273428442218
1416.6343903480947
165.89415304650356
-37.847503254689485
13.37874677152416
416.73020381773193
2085.418855876991
2125.8059518958335
2411.266521170571
2031.242713542453
1837.7854975521323
1665.794268182503
1273.2018832183007
1175.4367581650454
793.3885569994458
767.2706769374184
524.8458688023192
364.8880189391197
235.13100346499968
256.63387596513337
134.45332943131922
50.95291548213142
25.520862091337705
45.05098136081142
14.408257561688243
0.002678165680873424
-0.5349553807784005
-1.5020763842518683
-1.1750929505230148
2.489941669097152
-26.68490521555134
-53.707080468976635
-107.13019954418647
-141.80892328302656
-399.3026210366004
-483.5195040872156
-461.0032484088614
-669.8219576546949
-573.195815123375
-696.6797923713876
-1125.0741876611814
-839.3794260476469
-903.5010088169756
-1001.0668986327514
-1292.7782884790895
-831.2741210391196
-1559.524668658247
-1411.6273597627842
-1874.5627556797524
-64.92120117460621
847.153803509294
883.2616173715268
2025.6491904535578
1007.5723029068232
353.06866858418175
300.7802477249536
0.3054030406886155
56.999462041595955
340.84443100683995
-92.62828312936941
-134.76734942926188
-295.8591869228321
-1356.2486084450218
-1769.882697700306
-1492.7297455148255
-1199.0960201598682
-352.3222660914058
-22.014754575309432
1347.4821409272265
1851.9996519168994
1569.7459634297672
1264.958137103931
772.9366964492233
704.4088751398107
374.08814253807225
318.081928104764
179.12095154378795
52.12336391404877
24.4780904686637
-0.6866271483347322
147.4367099948825
963.3612817642988
995.5217026240863
580.7646204637617
544.1696127085246
179.30580952380976
191.99236683698157
108.32707596935236
47.02829502372421
21.983521399392213
104.9552002273659
1.6136567046535608
-25.1340725513604
-8.27474283337276
-107.22022067590103
2.7615060033839502
0.6105784875506698
35.637685336778205
-45.4146601909443
-11.780890792971297
-21.085476145024415
-3.9204518165971662
184.7645116900793
80.66317953818228
51.90730134456303
381.73222891635885
61.16943837743867
40.20976157476281
495.02737585203977
-131.90107686656904
-1277.378880088957
-553.2742220142974
-20.49948581888367
-63.822875824530826
30.769703944140787
13.249183512718794
34.1565429091183
-25.54201680783339
-46.45262180288543
-125.16515133754226
-103.09852796452658
694.0579309070199
449.4170929480714
362.09186411194975
615.698570925279
802.5746204093878
672.8781459364815
426.92404614073644
267.4178464953163
235.04713949201266
17.69805556228373
-1.1102078395037531
29.330078808834074
-19.991738676508703
-15.688999995417353
-6.068844594936589
-94.50870751079097
-51.760691675494655
-231.38776905279104
-613.5984329310475
-22.20890294292036
517.0879593727558
-0.03272025489415858
-106.91608425545476
-181.28097365620042
-26.307264294835807
-12.500968239640352
-39.10300573575647
181.33986960453916
104.26968092903684
58.647337696690144
49.20961406068862
7.158391286633682
-18.53045646377994
-96.02293445839048
-279.5405658983672
-296.11806566356046
-539.1703784294498
-841.5684799058345
-1337.1835262495388
-1651.1218906846868
-325.16330546092433
-64.57853360924204
-155.73207373179778
-375.27842836003083
-1194.0132260959697
-1361.7237348087936
-341.49727488856263
-372.9995012275429
-194.10649748621677
34.76856093042516
330.7120253682989
142.89961790129126
185.5026131759091
90.8981849833437
7.631861212956949
-6.89726158869763
-25.305428372388867
-100.17477087646955
-123.3337028425344
-265.03888739967346
-493.8404277441882
-431.12003389456964
-864.5570689967019
-1228.8150535257712
-1278.8711322302229
-1402.103937100842
-910.418276978417
-180.85762679293447
2.762764820059671
2274.6562502251304
7477.21522112157
3029.084815814953
1258.8776301715945
317.2299096666576
317.0870202974545
97.6948731015232
-2.107798668154559
-59.77801766308374
-211.0773705079691
-620.672687175184
-258.2845139084129
-5.900776666248643
-111.78320240485998
5.031778927559483
1498.21416602185
2400.6416672472524
1699.7423168119076
52.1696760475419
-0.07808531392212746
316.58383012805706
54.33517679143455
-4.993096648155307
-280.74691700626147
-939.8182906669313
-84.89121096485576
-143.1715162182694
-428.0938772082821
-1269.5328184889077
-0.05685477642351543
2412.3977398743855
1705.1499603994732
886.3288120362156
551.7102449275606
6.008222212146824
-468.3024104284981
-1086.3922140742206
-2446.7081439015374
-2422.248214606092
-11.774485398893017
869.6842571487787
0.015140174512929885
-295.70945142908363
79.05745470359602
-63.910760250948854
-29.680200502852124
2448.825162898673
9280.61596605149
11879.619675054902
12786.110633563647
22639.710913565257
18496.589206852455
23202.342545067935
27375.175200979676
27924.624041753686
34699.97724564615
59861.25599158186
84478.94491592137
83547.55937450798
96648.25100586584
112433.20443365203
114161.73689601073
153676.2202144317
157331.97113863664
166583.5726562236
171989.74980548
221549.61476134747
251229.2419214225
297668.8334627251
336912.08749124606
342656.1727501773
345498.82337583194
391068.95015399146
400961.3670349647
533240.9595566777
586565.3329935306
826915.3131610474
938489.3094546554
909786.2532329945
896903.8466634863
1045759.8494676966
1051605.3880433051
1426788.9163663564
1383394.9610866336
2100093.095937831
3020195.6917539113
-1643882.6
-1166021.71
-1328133.6500000001
-1251921.19
-1098943.8599999999
-975744.6600000001
-878720.56
-1019251.6400000001
-1049992.85
-838445.77
-594808.9700000001
-596178.4299999999
-628662.9899999999
-728574.78
-543805.13
-428986.40000000014
-408692.02
-362652.2800000001
-341584.57
-404466.0800000001
-372590.69000000006
-375700.61000000004
-388265.86
-300637.29
-209369.44999999998
-235347.09000000003
-171640.05
-162764.66999999998
-142148.49000000002
-131331.36
-117313.83
-90491.89
-90629.14
-56738.94
-70296.08
-62604.119999999995
-49766.17
-44704.8
-30016.54
-15182.33
0
0
0
0
0
0
0
0
0
0
0
0
0
0
0
0
0
0
0
0
0
0
0
0
0
0
0
0
0
0
0
0
0
0
0
0
0
0
0
