11633.51
7269.012212324318
8713.879218325244
5780.315271961697
16950.39379978183
23125.98498529336
9195.099741218808
6043.875291320076
9320.860423347101
9362.392513597477
16278.315499661789
29796.231084003906
73862.95656667663
105464.26002608928
223535.604150638
-52217.98
-388108.05
-152183.91
1172.0214378667742
1184.189103437171
1493.2051179630957
504.0501469412692
209.45074297614906
417.6682469788605
208.36377965544392
-111.03698170617449
-186.15912544312332
-1503.6127930749997
-2038.1755271833497
-1240.7461114893208
-237.58153001294951
942.8267969816566
132.66157472420315
54.37661212206799
-32.095057559445436
-1915.5311088151925
-437.62034067827574
-228.31889140469866
-881.6261455954805
-173.81603324179974
-980.8509205662408
-1095.4755981035528
-115.91500612012855
727.6030874318769
967.2002529638298
696.3119352663807
678.3867938833669
841.7303038203269
1442.5589018323603
1317.4548427074953
1006.5747989326867
2667.9415617168593
1850.4344366875957
4818.1311936429365
6231.964663493763
3460.822190864737
5488.038693227829
3777.3864596856624
6816.25874997905
3515.7815408652787
5200.560234405246
1938.9947179259814
2915.1515564669908
46.14956619532541
4524.767416045575
6110.225074927883
11546.048857402482
10272.65847323665
19250.99220162927
32190.328291204856
30765.209401692675
34913.999305791665
30405.4584552413
30854.672952657424
18658.20388258118
26590.503005905426
25367.75907168453
31305.736236713656
25610.264754054442
43084.14201597698
39203.77644503717
44030.5595253114
23839.408734976565
28215.97899158355
50500.147433359234
38055.37778932185
107429.72713204744
186159.89609453795
-135933.14
-127515.76999999997
-146142.81
-74896.91
-95141.79000000002
-94376.90000000002
-71730.36
-17292.92
-5703.65
-8590.54
-16613.43
-37541.12
-21439.5
-24667.280000000002
-35961.58
-10648.919999999998
-14347.359999999999
-56896.140000000014
-83310.32000000002
-64454.25000000001
-44184.16000000001
-38914.40000000001
-66797.76000000001
-9843.97
-8502.24
-7224.35
-1891.22
-3859.05
-4031.77
-8267.07
-3076.99
-4878.84
-7466.58
-32377.93
-17561.760000000002
-4963.150000000001
-3335.61
-5796.83
-5349.07
-2316.39
0
0
0
0
0
0
0
0
0
0
0
43377.57000000001
29575.028154350854
42811.42528724406
29525.45502660785
28041.302435299112
35911.4051306104
35165.63888555513
33290.02372391058
31415.95627687062
25499.94335808268
23058.083480570123
28899.501869604435
39563.55820894051
30396.822683464732
41843.201724471735
45765.241633272584
77235.45086803265
125517.82519403368
-183676.07
-138724.66999999998
-112995.56999999999
73773.19442411419
78640.71618095087
44418.805945339176
79705.60706377935
69928.46438488088
121106.2576294919
-346056.58
-292953.9
-143431.5
77835.01167225704
-257060.02000000002
8.069420657571944
-438.3459629913124
278.11872238817824
187.27925015966005
23.68085715825132
180.27882135279964
27.835158030520553
118.5899997345027
21.703948230375552
36.783073973524054
274.4674097464738
10.807361040941105
52.18020658931397
30.740154814626248
73.52178935183906
46.070771260819654
311.44862316269297
559.826107672696
452.4853332014563
270.62005917671536
-1.7388649334300506
-28.39965565525837
-1113.7950273063848
-588.1509613117585
-288.8871300958425
-22.097910474315704
-79.9971217214092
184.88089320004218
-183.06026701050584
-1518.3401803506033
3754.650913214929
4207.462020215263
2250.300304041056
3498.009544658605
1692.0669853430804
593.5240880762643
621.6902159332869
1668.6891479915216
1594.1948150474764
3836.290855970713
4457.969369814696
5166.295624645648
4508.777687376834
5821.649352620929
6888.191842486422
2937.909141356174
4120.785662621464
6940.228897713053
4070.8204891966993
4046.2258305282976
4765.148983097124
2042.4569728468139
6157.188311426804
2225.8226822324373
2124.282673986915
3521.394759515015
4820.826718358656
6494.147736537324
9438.496599063103
10874.945551845116
17345.525262780626
20808.54557739118
28920.318437845868
85248.54816257258
36195.206373306704
49465.7374877354
38063.99814560589
46308.01748739172
91077.64416994355
-225928.28000000003
-295971.52
22147.36779435118
-67930.16
-24136.410000000007
34446.556536213786
35805.68977064384
92722.57195183904
39739.5102064899
-245163.22999999998
-343920.41
806.9362302717029
2685.1120238035264
97.98971523055488
504.9550617520588
-103.75231881521287
-14.468925277305617
-40.942811944693226
2097.5056725193763
4557.623450842579
865.3350220797187
1415.08338657834
450.45814514819585
294.54997994131827
191.03378296700222
-0.27622660411331734
481.16628193312
94.96269046960774
-100.35344296573761
-25.247936675725967
435.91070477060714
-228.75755817058314
-346.38937524559003
-0.8033919435310036
-12.146644250038069
-9.186817016510606
-115.85333303458799
-610.9430614361818
4.1677483930284165
508.1084004678799
4.105732179920683
1909.4228929156893
9167.558466360886
14969.324956713148
19429.2979080126
24641.60796187914
29380.97142035199
27267.464312739034
81344.17836952726
-160931.98
-144319.15
1936.6773992076098
471.00730037601295
206.54434133572306
162.5192187035612
16.169773508198542
24.119328597298683
-2.024540902039939
-40.25346323815208
-22.817349870714036
-84.46145201199622
-48.285098518392736
-29.750345939874457
-122.58234653731527
16.030744585530265
-0.3434195779907836
-18.28205791703234
-116.40684255443827
-368.0176227517293
-462.11257169055887
-567.6522242614772
-295.1538612322803
-1035.6178299335975
-1249.5428528246243
-136.16033332312702
-0.007955666499834495
-183.81164518999455
-26.020054544405934
1046.4573781033032
79.82564134801092
1291.121881598052
686.5599085435682
810.0739217316016
2883.6187760822686
1079.9343896483006
-76.31761255327793
-139.14430526184123
79.11098967138642
1910.6838994226914
222.73033528064002
20.93704831390722
-759.4774708281816
-510.279934284111
-32.63266113640712
-17.23613379001955
1430.7369448342456
48.668464349289735
105.18339003123332
690.5425139250958
4307.605722612476
17850.753808663794
46746.325085907636
-37593.37
-1405.17
-281.4
-3274.349999999999
-268.7
-475.91999999999996
-1364.03
-870.1700000000001
-935.02
-1443.68
-1307.77
-499.27
-1275.1699999999998
-14792.029999999997
-24496.589999999997
-3963.9500000000003
-9024.900000000001
-4436.610000000001
-2737.7200000000003
-10152.900000000001
-9578.470000000001
-4321.09
-8264.41
-11301.67
-4344.400000000001
-3308.55
-5285.33
0
0
0
0
0
0
0
0
0
0
0
0
0
0
0
0
0
0
0
0
0
0
0
0
0
0
0
0
0
0
0
0
0
0
0
0
0
6545.179999999995
2717.2584941183463
1253.15929308875
653.8329265261294
480.93435249505717
524.7755931787061
47.68035467166593
16.539232734704335
-1.5317154104980637
-7.08440945873319
-56.91836618098667
-30.275963822721103
104.5313653823417
951.6159101572105
33.00918819301478
433.90681572747565
253.687993937555
67.35796240247586
-56.70699553074659
-1075.4086463520434
92.35126756191777
87.6581684241027
893.5971793952203
595.2636290164219
481.4259488036569
283.62642543299125
582.1407622021273
43.35294718379281
383.4115222517853
248.9856326000894
841.9677290461726
245.3119282177916
-52.899249108603776
-425.0392555135485
510.3182047913966
218.75093414651442
1845.352483099426
-8.408782140812223
-34.84648398831898
-234.5851338326405
-468.84235111177145
-614.5316587164392
341.4201916150674
-23.988902593840976
-928.2244482919989
-3001.5028845252677
-1543.8644496764045
-567.1982913659411
-449.8994537879389
71.11661373074477
-94.94302401762545
598.5028605975474
1321.70689888318
2001.4291221061787
1605.0135585922658
1729.6241549756983
606.3377857103642
1031.6861893786543
450.9622320048735
295.258739738193
341.62460981167646
52.368510918416796
8.328845242245405
-8.939779081204971
-43.09458917768545
-140.3807580509943
-263.09074517972886
-220.66925748720806
-200.49109151945873
-22.893049272353842
-615.1234579426254
-845.9975349848586
-1086.285056115423
-1812.969816974296
-2134.3766669587085
-2485.5844898825035
-134.8056298993119
553.1026198757736
32.759440121451405
-1.3239900589652813
1109.2853696600005
153.52618167803567
703.7973278782713
352.2420535524274
18.52956082324096
-29.963556648313485
28.143393200339585
17.412109315062597
386.1278660245124
286.61346348325213
503.49384069445034
187.22657166581396
-290.61880257223794
-0.7960338889360892
108.43060543434453
551.1204568208643
134.77348940802545
343.1187957406506
-21.724093936741465
-843.4032286049337
-342.13425529602875
331.77997316445743
1077.2718259638582
2611.61344964181
303.0040550721695
-65.75343841820427
1.1239031769740835
-78.99062061560299
-544.5821819556054
858.3220198657384
338.466199284972
-15.88150061253577
14.321451089785068
9.97419691011073
-385.26079149335993
879.10400559409
707.1833716507341
2.929310668053608
-383.103539304161
-410.30670266966007
153.27064490075276
400.76678364736597
123.45654956693318
-552.775620339432
-1451.2596723147274
-0.05431181658374447
3.761802501803215
-4.57249621315929
-209.37726118151198
0.7464220758163365
-19.695479956005343
-1.099918711906508
-292.95399109813343
-123.43458711726967
-1.9993050850230272
-231.43560043559987
-95.8790701491589
-20.167052769068825
-15.151136191058013
301.8885976917617
1243.7150707645203
1041.2652755973318
0.5533173207759754
65.90805051518572
-2.388494321223158
16.52053488091433
1.8063724065241908
1338.03270865239
720.0579299790744
1239.025776218431
1769.9590785709124
462.98699643441853
59.750244164904736
185.37357954651188
416.10189766908945
61.402986386524255
6040.67025253918
21317.25456197826
46089.66055648275
75051.90480904312
72018.69039310022
97500.78949771513
111735.89261656492
122348.35308750306
122700.14330786037
139993.02652701063
176737.89822563034
308908.995791136
350600.8053860719
-134261.53
-124122.91
-226154.15000000002
292444.6907812387
-222888.01
-146585.33
-194864.00999999998
-121956.16
-97138.55999999998
-78023.03000000001
-138279.34
118849.4779361977
130297.33897734636
-271088.49
-91919.15
-65043.5
-151797.25
-150013.5
0
0
0
-1922.55
-527.48
0
0
-318.33
-18593.379999999997
-101643.84
-85819.79000000002
2131.904681970688
-115.33300275909949
-355.2391214445022
-5.921243957592743
29.616034590461467
8.512106814430346
43.61885535903512
6.616696096822241
-0.5898358862144621
32.08241452711827
101.28621614189242
248.64132786151384
326.7178659623896
310.8220687800388
245.42108269518442
1045.1155023596034
142.2877544072703
-9.10251633984611
301.4023777375104
972.5685145958124
852.9686851682209
1384.8421581618977
-32.95784846925442
0.10553939069526187
2033.6076570868918
768.1394135024973
157.35904032870445
11.534639028841921
-25.83662173802269
-80.12977517734957
-7.7340267293180815
82.39919526329554
644.1541646366965
244.6744579961367
84.08385379509753
-15.075781591751582
297.9918525503526
48.21609815272119
-729.1968575539727
-2124.5982714529655
-826.595722615668
-62.54220614234732
-18.107231965727607
-693.7146176773967
-359.56559180389667
-260.56248206088253
-420.93748251228595
-407.2336337995937
-329.63419462579435
167.4265532648115
-37.52105917353048
-36.400691057925066
-0.09117725339998631
907.9222056210656
2553.2633743768884
1670.7455360654926
1256.4419102564173
1446.528132704136
1036.7967263371033
868.9669204422312
920.0952608014875
815.2322058364566
616.3518380554209
399.2145460940485
406.94304879587963
1206.7821556056929
1486.008135546429
5772.604977882158
2865.5329997423646
4325.156259347018
2235.950504779147
2690.4633470416175
7725.32180544706
6618.2627143242335
2433.400610138016
4829.622723971329
5224.306337625189
3704.293686267602
6644.337324560028
8479.11091516264
5987.223286680863
5088.3289104174155
3691.544545570714
6012.522658984041
14028.042336571427
16741.58917551575
16845.831797688556
9823.110364590717
11259.467394809675
6453.596922337135
12941.680237945071
14883.58930297256
15306.694635670414
13563.943113414125
14655.168204473546
9110.977697544986
7157.181310449924
3559.880159436443
2180.5018704146887
7295.4014650893
4706.532741325751
96850.41893233475
128609.85323628511
220801.34366753144
421029.65131945815
-175639.34000000003
-289492.48
-179576.44
-40132.09
-34643.62
-94838.02
-92544.35
-224980.58000000002
-112973.17000000001
-7686.81
-7816.41
0
0
-30704.25
-162504.32999999996
28489.19203845524
-8014.6
-20246.37
-68510.84999999999
2382.2108940051244
1226.8566605053588
133.86254756106166
-0.5962223752778477
472.97323094656883
463.4474804691903
447.36856664853707
283.5853848697748
553.6872846514212
512.3816874443955
559.1938055718549
321.93208827652126
504.3888079433465
527.1122141226
396.6557829144422
373.4762440964889
343.39713202992914
305.68524230425527
247.4271130218767
568.4249258374293
362.9416499074608
511.125231907782
568.1215095405912
296.83043009436614
282.68571492515684
259.34973652877716
234.62575661920516
251.32922733893136
192.0699714361758
167.833838145274
94.58003785448534
227.17797493742606
717.0254429859544
481.2315161457331
419.89685653169954
972.2550969876761
821.920092359254
127.57477086454809
883.7151829179572
1736.3904803684807
559.0464052925554
147.51925108611374
-76.9110762381501
85.04782402004906
-336.86015710606415
2.3678246495710034
16.73842940808964
-30.817593330676445
5.023402246429965
297.26438578963956
47.184281610217425
267.8871468910059
240.4158108875955
400.1396855058408
169.4307476655182
139.82617083656396
601.5718921200631
174.18069394787005
910.6957773321678
845.2138206268806
3399.0817066095624
7033.668178001199
4203.86150225627
1082.5609948997428
2587.498927279719
1119.730150721224
4784.285968743729
12597.18739302229
10786.005478774883
9879.590262145528
16307.67220862416
31381.74703095471
-319111.94
-1401.7570940689577
-2354.711682851526
-2692.6692837924475
-1427.1037621389792
184.32023580794814
256.0156013293354
-7.5047278076626345
3.8937772169918112
58.84618476996222
137.64426202912585
16.931010824520108
-3.5958915288477056
-6.615734935451352
57.38355075864234
-114.65081479241695
-54.51279341404401
-37.58443904370898
48.87662589865347
113.31281284151729
11.288366580726517
2.6806641286755566
21.138252334597315
-12.994440492415826
-673.9444490805679
454.3049528323313
-77.97569782689763
40.91936020894723
-35.45024168738291
-417.69443172626404
33.461122801320144
9.603281614549797
-15.501539407037841
0.0842994990632785
746.7887731380481
72.98061181131416
-77.95998964080054
51.120189866420255
109.86201154248415
26.24725429201243
615.7499179004724
624.1384350573245
-0.07249410246723452
97.12121724651033
44.13617960327886
78.43895671950607
20.35851913794029
-487.9589296004767
-201.27669768744772
208.244072776085
-72.73145849418928
-432.7398815825461
-59.45498414146088
-920.5171198604019
350.3027848557752
217.0379034916135
-41.252250325294455
-112.21080560418014
-469.14690029176256
-147.52032936373038
-581.2402595000609
928.929946739255
1626.6441869000391
54.33727780206425
-53.11059625795086
768.930281533984
215.4966926659809
59.04866404374445
51.933992970615854
-131.63741128421663
-756.3907434445844
-2560.459738517658
-830.6900261817055
-57.920083246738145
2.97351225120042
-433.71830529118563
-276.65746854096255
-380.4316223139425
-19.85519230955505
286.42532019851944
0.46115458888393396
-229.39250207602623
-1116.110736418843
-49.859301908023696
1094.2876547780393
1660.7306165015448
1759.2521270892048
1272.8525126558782
721.7964120492688
1459.3922588096686
975.8757676673248
725.9344011838609
263.62638165896016
295.4668920964648
300.06918688611347
310.23158763855304
262.9754846441732
146.05001766012933
28.01926763644885
33.14477747340618
1.4251519432425743
-106.1735105336628
-357.2108503030818
-51.58636450238373
-17.505588207532508
-0.09708018083894522
-12.991834054514548
-26.661254701351396
4.063246994039383
-66.883043472633
-172.29778971670714
-77.9690912023108
-136.21677447710368
-0.004276206947892272
768.1328170167671
3516.039372294686
844.2157736362931
6.415564291330117
5.310903473687353
152.9678961415725
-35.55429708118448
-192.85822453830286
-365.99115156409357
1.5678616360874693
-109.5835313066654
-425.1468070923314
-61.32180870347344
-291.28735461547956
-242.5576806941438
692.5949953759218
129.53293820327397
-46.16222387023998
298.4961237681846
35.039385954325375
-847.5037405594525
-142.08717584357865
-471.1873068604714
-466.09982778917527
-272.40175055177167
1832.5829930039554
2054.1117662412817
3742.5628937198444
2871.218232840001
5972.508153164765
3738.3403414585127
1766.1926402680788
2890.686460121741
2169.853075781015
1871.8851080539205
2970.695600115275
2544.593962176819
4043.4349579053924
851.5822572146842
1665.035199755227
2012.4518233850386
2807.7155756655025
3123.979301012794
5950.759974390341
6405.100111500011
-137085.24
644.7315685379049
58.27392383447199
0.02324264755264678
2.9084381755338296
-7.883327409630186
-0.01604029853183942
-143.90182373004194
-146.39075857160162
-37.611243584487916
-42.79291328788773
11.290124800945804
224.19165512621822
1206.9127176507948
427.0017147884363
139.35491190207136
-5.0128738394447385
0.010565082729868282
-343.76191212160256
-656.8388355140205
-1411.3324988973504
0.6653217207430963
19.263782251135638
225.93179152393532
167.94640153785255
146.19449192332004
174.12553135212892
216.08529527460482
146.3018712833228
188.02826675567871
204.37975646905704
203.89404688996774
205.76664022341086
288.05178316453856
102.72202645046909
224.54660416267234
125.44749180679175
12.501464700887261
2.8043319009168846
32.30177188704942
66.55793699004322
65.87283689619875
77.80759856108844
1.5603468412937487
50.66832989763395
44.365766488468296
9.902298932021958
6.366302676799324
4.815705976717783
10.339359686035799
8.436438636322023
13.154030617122839
4.466728049088282
5.01005444884019
5.9298064591335455
8.175528788144119
-0.11886920388528091
-0.5089340198984731
-9.890653668588222
-67.21602748517316
1.9985862788212576
-4.5171229625079015
-71.91468900049648
-30.163558555639472
-81.82813799854199
-73.44155615187884
-60.33648938256003
-130.59395077869445
-86.84465831160009
-112.62517845525147
-84.87255505914618
-197.99180398865778
-51.451625430067224
-97.95925856552722
-119.67908761758335
-39.10840567037814
-7.198669304506329
8.91690187199001
4.713539904109575
-15.826564582441637
-7.432123464241015
-1.1717818778976437
-76.50972632794378
-80.10795025326459
-162.11246716050576
-196.760605248817
-315.42821572638
-245.99937817997602
-593.2737776455867
-925.42744571201
-717.059302320037
-710.7179071569982
-790.3678209255349
-1077.0292691070408
-1428.3568643550675
-617.9720049319305
290.5416663848837
2592.128214649634
722.6082667299738
214.11076028636052
157.26597523003522
-158.51503779115077
-280.0796780698559
-677.0732124193794
-2176.481784776345
-1200.169721542798
77.05402594542704
275.96414559812115
382.47903582944105
397.04043480785424
271.96573301725834
165.50905481244595
191.1031970181566
112.28415874576888
85.25469306964177
91.13558225329925
63.1641760018949
16.08678767675094
22.080704370937028
19.155116861298417
146.0612076749675
64.64072711857226
1.0627895181681433
0.22128052830442133
3.8676562648256856
0.004094534919835488
-2.910612735520335
-37.07172696597772
-40.886683031682765
-25.380637620143098
-3.560214952448589
1597.320503880292
1558.2427878172753
3462.4390775017528
3958.689738214981
2291.549853066802
4641.017177448398
3733.952967554769
6248.773887204636
7429.7187206447215
8533.562316632788
8126.63358755051
7719.671314038669
10490.592915613028
9226.661230311583
6922.256294689156
9093.726635166893
9417.452889262207
9029.72205955986
8104.786921991021
8148.62392174764
8798.832432714054
9141.186793468281
5209.838528600107
2901.1496951641743
1569.054551643286
2937.1523545799464
1465.3006434444637
1822.6244630647936
5098.142815650028
6812.007755468171
10058.792404229764
9254.855209864974
16142.097669943265
13148.13836346866
4772.484581129801
4841.345927231046
16806.61725091344
25734.410530301226
47301.525768080624
99887.47933844003
-416901.72
-158276.44000000003
4414.946511035767
5382.006993085528
22404.88993201555
43023.50012675212
-26626.1
-295336.19
649.318965710776
115.43411206002635
11.996466662828432
64.0863938291858
122.13746208817456
156.70600749863823
217.84997767939564
335.06822151471204
221.40141508742732
574.3200595627368
865.903017418309
843.3982160480077
660.9978993412757
954.7883979700814
1137.0041375790886
876.444273032347
1018.8813737247688
870.5413260600407
627.3454698831832
505.0598370171041
389.1078069871517
305.9644370853002
198.5074941365683
267.73335217166715
107.74836447622528
30.023721557823386
23.863669106587437
50.86255287533378
-17.24291606283315
117.77495268530265
-74.87506270548984
-15.311897179712226
-1.2597674994338677
-110.171626552008
-54.02220151245976
-58.52401782453785
-82.55570185242925
-124.41721740293261
-205.6902654505593
-224.39539832896855
-310.00793485735903
-481.25494016501045
-362.98718167295874
-673.6292834173292
-638.3202214866602
-757.9635154576391
-866.8906732461459
-1368.321113816442
-1844.5377803729355
-2176.3522357597776
-870.0862869305472
-422.5968672670135
-209.82813869196957
-9.640294575158485
-47.475208536292605
-102.78492594136688
-66.96221989258142
-63.48071948501661
-72.08187360716596
48.15994148193753
50.502934427164305
19.887108993830495
-9.102077480329706
-31.828952446173872
-48.44205557829581
-49.829311616481235
-83.56723986675256
-40.57903497550929
0.5665631064141452
0.06832834819182441
34.378299415343214
109.1284813715457
45.610092661244835
21.713106556884867
162.43039990899968
193.62537869564903
2477.5284917725435
5077.6580124890825
2287.6960135160816
1832.4604383895078
1079.41543735471
100.4609763370327
59.75457773819232
34.6523837132497
-290.8982428184976
-101.10283792102821
-99.49360944673388
-809.0883401328746
-1474.6112804944046
-1262.9511762372565
1.027065842552234
-104.59531682558972
14.885985658746375
-89.6491356425438
-97.25517267681929
-570.2536572061989
-760.490045439167
-354.9294116516917
-71.56545085629057
-145.5423079961859
-158.3095536970491
-152.5373384646546
-169.55822427038535
-225.60750304986527
-165.07851325785657
-365.74495390630926
-149.38502322994503
3.849856326844267
1544.0837248133125
426.10063119613335
6.3024928173362165
-138.4212458198084
-373.18545150888104
-134.4019246425429
-12.967047665369641
178.26463081727087
416.08531914207555
31.97576182848054
-36.324994130653366
-110.1880454998079
-192.81062480132255
-437.7185357045613
-543.9670792535796
2102.939009714437
6263.596243428679
1538.0173025518648
106.48599662764111
8.169047000347007
78.21153669234312
-4.0709872978124295
610.6090575171764
652.7984212523771
84.7895590607701
-28.441393549410265
-691.3420005706882
-111.85722359105458
1210.0583999466326
184.0893070900476
140.6083139467927
769.8006629474482
374.5260610894395
60.666187044801546
6.505733951297856
-3.8389052335216194
-167.37942461788708
-420.76261736656085
679.5340516634999
1228.6668623060689
200.1622152892884
160.16343025799506
-219.06198583698685
-842.1346379411007
-3625.3981967599
-5413.52609907452
-8305.173393220062
-293.87578738308207
-54.39149000588336
290.43630615091877
1142.8320380213536
201.3949513361453
1.4871962285854468
26.488300404957705
-69.75532120318384
-867.5721199430275
-1702.0000025154295
-1088.515836019179
-1389.897609363815
-3708.874943559576
-2767.9238305108247
-172.77709156440446
20.531604808162502
19.90816343610099
448.4383208419
778.6771112216397
1096.9973534933179
811.6958064471717
454.62443700382846
175.7260596431604
96.3297245349975
722.3356800733101
809.8451570499194
913.5787600372914
1061.3754834383165
891.4271544142066
647.6254806970114
854.8716502049931
590.1380013286273
589.4533194572875
490.36498724774026
365.58283018135705
235.78284194907368
513.779544458792
556.2364146446527
280.2440680504364
273.79157042046114
145.9768827900315
132.98450310177867
119.32259845260346
117.98206824565793
99.19555601311447
28.083589445071887
11.60261735739424
9.93116495005442
6.830443596618471
-1.0732237563989533
-39.666669005021326
-46.312736759300634
-26.438098444392935
-62.78186167386421
0.07199468060786254
-0.4192567289014935
21.15975947912328
20.023976753074304
12.85036622148497
8.035880493974908
3.595656623251472
0.36796812314589566
24.09508814119853
-0.10704205026971213
3.284591714419589
5.345261745699958
0.6093826044235242
0.04144517242141384
-22.07091807435023
-5.355359649152972
-12.237392971186843
-11.81487370267516
-17.837639439298407
-13.185938139394686
-1.9624786824433815
-12.583541639658964
-1.9279634367212297
-55.439608173439325
-1.8719033851921307
-80.4601417734226
-89.21775156388316
-167.6590066413561
-125.97907907515517
-244.9924534109494
-121.04242842649288
-123.36141231706085
-243.18815491901452
-277.5003808049879
-70.6985325275271
-246.54866989579318
-275.8416800640629
1.5269075800301026
346.63104131926235
-344.2890979357404
-28.83052370290193
914.784749974865
506.62448350437256
436.55890387944874
331.1139966740434
76.62874277279954
92.90889311451527
2.577379885086099
6.899817038878607
2.6240343793313943
0.13224078556401234
-48.1172520187874
-101.35176857366918
-105.2936393442622
-142.33333216031426
-170.81047207172105
-259.15767297093464
-545.8488001907749
-821.1786586756594
-1028.9797037633457
-1442.333500101179
-52.338889132373666
78.22266454773903
102.7564628159035
-38.877700016342494
-4319.550206711763
-90.64099983413311
-25.49305570413827
-71.74782153073726
-59.87460772846009
-11.33654852184569
-0.15567740250022297
-0.8885410743275108
48.400616274081344
7.546954672128683
-0.31339160788886256
-8.465439816284809
-75.6455157433204
-98.88283835395232
-123.44208380607164
31.85395456825351
163.1593634209434
164.50540865410812
126.89574423170916
152.30786494911047
105.68017009405386
1.269062959374804
-124.69033101627343
-13.391172166874455
-21.294924221824978
-292.19591731203695
-199.7760217617021
-163.66829261080713
-216.670773279508
-24.992896133152513
1832.6643881307118
1039.850621318519
81.85672686813452
-1.2754895651895164
-275.27603509492155
1267.733637835206
1032.8337529782839
155.91376091867264
-100.88257106783831
92.31171828876563
-76.06903843274767
-716.2219808237098
-639.4048209777569
-616.6163085834778
-1027.9107887298178
-2241.798632909671
1327.6790029794583
1635.2150317406813
1136.0495184295498
835.6573287699604
656.264465372363
300.17468475652316
563.6120875576304
570.7574255528275
617.8424941257188
1346.083480099522
1270.1003417203874
466.91963439931624
209.86703774714493
262.9615357472021
100.40379726414368
74.69666508474559
146.58822356045346
4.2524075531420324
-27.27249022976671
-108.63564822754964
-277.1045451062767
-49.461956915692
0.5383078414439384
0.9799263137403262
0.15560826890179694
38.45392372807087
6.782535473342875
0.4276271729533584
-19.06065679195943
-17.579419085146043
-22.987559186789575
-53.04289059439032
-73.89398426873834
-111.63891765680405
-167.02835278746318
-133.38946567566978
-431.46131505881385
-196.76974660385108
-347.9112644179575
-578.3385873385486
-554.5147137553679
-457.1799980573796
-876.3887413597914
-925.9199186882643
-1018.612768317085
-955.9511525348515
-933.9240423233396
-1128.7838936732473
-1276.7802390697398
-1319.689330079908
-1400.234397070205
-1819.0722907213412
-1391.5935702919578
-284.3105386808041
-235.22126573255377
-163.94055066756894
-227.70470720839882
146.4191970107001
18.28560596165847
-561.7384531481687
525.0835385379148
28.23602580667017
-128.64937736686025
-207.04380162687136
162.07682700128913
32.52251394178106
25.82887123038712
1011.9773245106254
-386.7970961355138
-0.4305639711115976
31.692975289729773
39.27262445081734
252.9925956164002
-24.06302968103726
28.10125196954392
153.69647047612702
-20.377736892784057
1281.7497825334342
1876.4678364424988
64.2825640969231
-31.927739445071317
22.490476874253204
821.214000873114
-0.19845316610714642
1028.353803436124
858.0755144800614
-27.233996032916263
-63.686667507905874
41.281921325051684
1200.7005215307404
1166.7421499569532
53.983590987488455
-444.5853518738302
-566.9744899282283
-4.3432031796655
-450.96285838913883
54.52430269067511
3.445053850061359
-687.8496895243354
187.5258456446873
210.821768968086
-1.482132777623717
-586.3361518120482
-421.2356637358073
-422.66116067976765
42.634737824510836
-5.633617135114118
-1191.3467384122935
-3600.424643377699
840.1669959459466
994.6244774848726
408.34279326208696
38.15583419182747
49.76255487970192
66.66898074121275
210.58457744060058
0.0009601670837505662
271.18248469591543
85.4702160923092
4.096216380883886
-147.22424433749353
175.27606025228425
64.71164590863245
0.0015505924379883294
-27.72703101354662
-5.131092540490475
-557.3942154345037
-783.7584432696426
6.160958096382951
116.07492660446958
104.24804026947226
98.25130308959297
625.2730560170173
521.6762809730252
705.5077652328978
2742.6116868474633
5753.587661582948
1985.2018376015108
651.6991808265154
731.5102234162619
512.6057587164735
107.69518647189639
31.170779061662145
-7.006266255887313
-10.645644080465784
-92.54085349790891
-335.6919490025613
-615.463343811646
-532.6745548068607
-755.7254283016147
-1021.6477047034978
-2315.5915345072926
-2960.853484572456
0.16653224352294588
0.011099355101189201
-0.31462339972922165
-8.71746627719752
-577.1424822547538
-287.70276205166056
-1534.4803683775708
663.2190805262265
244.067739381369
17.907473287080332
131.08675691213207
131.67305417755287
-284.8942059768909
-1343.1349923368173
-3079.622805868162
-2239.825152901487
-1876.868470918168
-388.7052599229883
47.66920846920149
119.17579922989344
579.1149266531247
193.64341728340614
-318.81232384511725
-901.5160947758739
-718.5254287915346
479.63145442760623
1303.9990948908535
1645.7139703171415
1553.7561848637422
1034.0867590937626
1120.6166864572576
792.0021945571366
515.7713995170064
503.6269254784737
417.6093140545046
286.6635057537814
207.11791171272023
167.28548469966836
127.12439770565567
160.40742371495782
100.09047261429149
117.32871264993054
80.57932208349607
71.54273152961565
31.84564929574536
16.092548466429477
11.170756299062788
30.988614246970805
15.469447734256773
0.10625256295940283
-5.3582334753401355
0.1626881715076882
-5.278960167683747
-29.73656639895389
-2.901414514905267
-3.949974050754583
-46.013933747817774
-86.01513964300602
-27.635481650602273
-6.4832741897498085
-31.875990816269002
-247.12734012132165
-260.7730045569153
-112.91881240239417
-233.81247798578207
-212.63250505254138
-116.98149831401442
-112.0569540165804
-103.0581194520114
-53.88229199663005
52.37550441511924
472.6207084610356
182.05946385175892
62.27739313122193
125.81837955672476
33.62066408480777
12.705847992503385
6.725553238536385
3.2358439547890883
6.914146750050631
86.25932258933763
70.35422214671664
83.04542680545401
34.69827575564005
80.93554745613497
160.23956335406984
62.518669518060726
150.88290437777096
25.20051827477852
363.73311921378223
1607.2072608083795
4002.6661707843837
1155.618073226512
1155.5179931312048
-23.278496817352718
-238.40485149165457
-234.93192017915533
-189.39745682800782
-458.11771828898975
-1279.1558308371482
-577.770961267943
-345.0212512352267
-265.4618874749235
-318.84701373612194
-371.79913644349637
-875.3691567286926
-695.3267957562742
-861.4472925570263
-1278.5966436213816
-455.96428723019426
-39.88693751466556
1.042693039400937
2756.9056306864327
1050.207625855487
19.026923500750716
-269.33361912619637
-1660.8655025697071
-1360.6384882691175
100.18961106152105
935.8343145960697
202.7363358505874
83.5675515267643
0.004279436759139478
-35.60792072521865
-400.6741638841263
-851.493827057359
-201.29808381397248
350.21162810472026
3590.304029557354
3184.9336075717697
285.8142770623828
-1234.4501707874792
-588.4746878861982
-229.5844176694298
-32.88753396975832
-24.53351284518363
-1134.9367868549225
-1988.7604148353007
-37.24733841511793
744.464466494665
539.4643688795946
396.43046296423165
232.28936703242312
229.25794791747353
261.93557360221666
132.2178252892745
80.523149948211
8.9342835750126
1.4288383642167752
-24.664560333006797
-132.37383912605708
-113.8515117840766
-603.0441243871621
-1205.6052312785012
-392.7238706313326
-168.5026742597869
-433.4269521194029
-254.78388674335883
434.61854850218197
587.7371907124952
415.5848459555665
452.0328383199254
524.3570099633768
181.0944856113776
-0.20100765404199997
-6.010585096146592
-45.129473556388426
-341.2351782224036
-263.4184948224565
-377.118536713757
136.56330284211288
1955.0043398498642
815.3429274404984
461.90547116061714
47.84583393366839
43.698932029802094
52.27035018082627
-2.1254613913070144
-243.27774552272493
-1145.9311048909233
-21.007335018253226
132.7953478887385
81.20668696094864
-398.9004188804578
-474.23454762034567
-1461.1117107944779
-2269.016703911215
-2624.825894202155
-1527.5237782913787
-125.19508706330379
-39.32441615274561
2.3044595236082053
103.60930750110407
376.2478793093953
392.50452388006255
366.61116822123927
184.09207949572823
384.46173085014897
343.56310417842275
190.21080777242463
156.8744823444079
144.68390184003277
209.52145913536228
68.50013174289168
163.50515870050492
23.28735966059981
8.2315785299512
160.92707615116268
21.84468411448638
11.890948114881503
39.77931389491232
16.867218211214634
33.0962565107129
90.7919624870442
23.564415155157498
170.1048233316463
120.22401664012868
98.42297970528928
26.3808208924723
32.80542223744136
3.5214378457649786
26.747639720007932
-2.1570530435894444
0.09912597635498802
-0.05650181738631327
-12.648399771680925
-6.815701411648874
-9.463564264552833
-190.70009446587096
-136.16910940613482
-97.42481241094241
-126.20044377142777
-211.1164291133121
-128.1237800758939
-169.9762772961115
-234.783539216545
-399.4995242966353
-127.30529743575734
-19.49863892212788
-61.91781439994867
-168.86307167349497
-146.80909202469527
-223.6502128682377
-256.6515656992343
-247.23273661291555
-314.6537277418827
-132.34857846132496
-167.9715776029916
-118.96618149092575
-118.37472887137697
-61.330522397051205
-0.160084804484387
254.69603136360934
58.89531166303177
-45.176789367363625
-237.16384940639716
-270.0565173264589
-281.50794330473434
-218.25080051653333
-157.0405208456187
-581.9104969651728
-343.93907740212364
-413.7558532591198
-566.0410663104279
-257.7992566498157
-594.7637024783367
-1644.204059245895
-1344.8609343697408
6402.406548803454
2427.110585399941
1262.6059362597982
670.8283034117056
13.953628740847872
-525.0426716467201
-2572.295571444747
-843.6196994186417
16.575305396449348
2465.9938477244978
475.2437271967857
216.00135270534997
257.0884783556286
-0.30110759988012686
-436.9559385600754
768.9476592797782
2547.658110089611
249.8589083148004
279.59782576247136
5.007819621936297
-273.0926238741334
0.019356196086685155
-4.437052053787316
2.600343325576579
211.76510860050334
90.6908555736237
260.41300358813396
96.42865975772673
182.20962513820706
-698.4714812583629
967.4290696836322
434.24562996759215
-162.81628442697138
-87.88332199126188
0.028931371457034543
723.8185415798123
253.4518757290176
-0.45448534654128553
31.630607237247723
30.91287276458741
-10.302470693089774
-742.1174496875847
-1744.7152172739975
-73.73204684564284
2.701978362850981
-11.831133150499085
46.53813637458035
161.9530995898305
18.856785506087856
-261.23548578768214
24.470813401596164
938.409582586015
1.8484890565238021
812.9354089304113
524.544537157102
-16.168851650128875
-515.9358714245117
-164.1779950820882
-667.0604040376962
-3.4712727148072
-199.6482055027337
-233.7233672529458
-200.5198398061848
182.93754242759792
4.061319687695316
-142.2937600359326
8.510065182953639
-66.036223343947
-10.952482069012532
306.3248050638151
59.24038392044964
401.07924433478047
126.77195909461128
-59.09825050208097
-42.1363851565108
0.4845472697283136
-661.686601434863
-704.1851506119486
-68.40327896551148
1553.848288675267
1964.7243614646422
83.95365738322194
704.6930720252487
183.54032577474638
-150.0980157489144
-1928.9740794081104
-1622.293335231678
-67.43816442414084
-1250.1132437011074
17.81590692191602
-36.96605037397563
-1124.6741134083811
-407.186551786358
-1142.853100611097
572.3425656259824
34.66553364708007
-302.752592440111
-663.587398237542
-980.897209029846
-34.59207490434859
-580.5421004527897
-1240.6563933028708
-1557.0014490288065
-84.77930534162202
-79.66474559394601
-336.0227362215745
149.7684951515797
-24.345772807156436
-1168.5354292833342
-2755.1737880473815
214.43366999424228
3887.34256570579
1165.8133976001386
552.08757035107
818.1193963724531
1430.4655683750177
1218.955048063046
1065.9645054486728
468.5275710582675
108.10564079157743
996.1920260883417
1091.2591637473652
1072.3518805288259
1446.0261687555978
724.9321889728418
711.1530778050974
336.4639047203527
516.8348886330258
138.85778148087414
149.2921266785098
39.898608189337295
-3.095551691155002
2.8889680359018612
5.200444593743576
52.92012334055731
710.274006727455
142.9395168368467
-4.354995802570152
-272.79155272356303
-92.5182337255439
-23.82984194234029
48.04864611011587
504.4892357253932
570.8329058293716
524.6231657323638
1698.8857388380375
2089.04560669907
1933.0574002641715
495.84367521088654
589.007163493616
884.89440462516
619.2279576393414
-296.1390543099239
24.241645707770864
121.34340935835723
40.706599070677626
-15.013409455177614
130.7721001571409
1.7683093586807055
-47.99311472929206
199.5405931369844
-105.31059592827792
-318.88301722335234
16.49427242033031
437.4624769478728
1570.062834673493
3391.4688831594285
856.9992206908096
3420.8333192853233
4136.822989361463
2956.506212987238
5425.092197483577
7281.074754035737
9585.96027472764
17778.70769284745
27035.441178162248
19029.105837718827
25526.387565324585
-44855.55
-15171.650000000001
-5417.67
-33312.869999999995
-169274.6
-30217.530000000002
-16827.090000000004
3849.0444543118765
227.49578182694606
5659.488412437903
4552.803116745985
2637.5124907957293
1105.1767575700123
521.5667840076409
183.71266047586784
2.510956216062966
-9.074151008817744
-627.476835044981
-2192.5194124249247
-1486.536363007803
-1227.660178088854
-1005.2718256130796
-2241.6839393410423
-2209.8236139638975
-526.576948033178
22.19118988496526
192.9701949809277
409.78441577673044
452.77979931773825
380.8998918129631
90.72517915503948
99.31125312908385
24.048057841372646
-27.844643228016874
1.8039039041998266
0.5368405252474885
40.31070510286616
-171.97148699359894
-65.9288627233691
19.034529475271796
449.0489767922874
418.90556706490725
621.7126038090507
167.45187983181506
128.93504328686703
45.48654471777009
62.845705076115806
9.609920222235894
-0.16314665481893226
3.125678796943907
-28.981341177038175
-103.25118989038111
-236.9423170234856
-215.21969453656857
-236.02665110614313
-442.4250085066085
-1164.7768914035055
-708.4379705267886
-746.514917355051
-0.324678801058789
-581.38618707948
-546.5166901971643
-25.177429944571344
-639.8812927047417
8.598738344058027
843.3269479622902
644.338650210371
254.78695954204164
75.7239475160597
8.38141486256237
-455.7197065497045
-809.2014166327012
12.272790373268583
1089.9170628896586
133.73267561865543
-52.349725540471326
-30.479553019122157
165.8689222892375
329.58150754985945
152.12301177580704
58.214976456887726
453.97122877929377
1149.1976242492856
109.7495686238517
-2.0129937731904723
258.07442579505334
1646.515216567885
334.6867736070573
762.3856355984798
1202.4763258107641
264.7969634350433
-13.377260470572633
-11.357731492459187
-141.3129833637533
-491.9813925992234
-2232.896427840723
-472.48776047083874
369.49855538012133
-19.977285823842944
234.86308903230395
-17.685478042565222
-2119.354431919185
-1169.119989227221
-1267.3087902456773
8.60655661134524
-293.28380832345005
-52.419352512667196
-4.697669678347089
94.43073428672163
155.94835576605598
183.4869030532087
251.39744036801787
230.8079403518135
148.81194528500274
117.05194459954538
96.00700331746255
21.893061275585843
10.788078274778972
230.55448890463805
16.002395562160004
8.43808077586064
-11.260678643007646
-28.315412258978963
199.41962161615905
-10.700976863220365
-29.836295485584557
-12.84185951427136
13.69808423849076
-66.83430021358436
-264.2152858733674
22.045711309915113
727.171383198232
1180.3388073655365
395.1361648433756
89.25532012045187
14.961232748452112
35.48546733106725
-41.98232736625587
-304.11518979395817
-552.4914820838363
-926.4029575716177
390.3013421974508
55.418352870526945
-0.13524865448181375
-121.60245996792949
55.883992739226514
1049.463966094786
-2.9160264308189165
-0.05448079851841927
105.86582573579601
2225.5976601531847
1323.9431772003336
157.9971448257796
-143.56034547268823
-928.7606327408303
-6.655644696777459
-0.9180200417811746
-21.063007425123924
129.30756075279123
2.5559400305622724
-145.2655976128417
-439.01836182629836
-1398.3013057603193
-569.7787630713319
1318.271903434124
68.32613910928912
-461.02160664934263
-50.73916109979572
1733.0918312852446
805.2210086150371
62.56723689482428
-203.23548150831024
-1317.6042411226886
-1028.5883868663639
-326.3436826676723
-399.2683833630381
-818.7443838527665
-457.49864823028554
-236.57577767635792
-480.10892487775203
238.53277071353682
1153.7979097927437
901.2261830415815
397.28451003740065
150.9289752934779
136.2231865906004
205.7455238336713
1008.6628436221523
393.71470045680326
308.0766827700766
477.6849725471565
322.47839057706506
450.30246654823173
510.1546807832125
44.72584029344764
28.197481898424076
-16.760554098735124
-39.25780519490755
-208.5549917547292
-636.1191486897515
-1397.710540085869
-1819.4678023403035
-2894.1488221181376
-4695.895642643718
-1766.0113026456538
-0.09752191732615123
123.39891811613961
75.09155370266515
10.257956435801354
0.04679512427046472
394.3177935304278
0.3324126863774328
-22.74401881662595
-12.62892231210678
-86.20541762793917
-216.42215547549438
812.017652339727
1251.8643339579648
1069.0754595336502
651.4707950204245
403.20176126101353
277.6874803216632
266.14092727007863
221.04847781124113
92.0407135468512
55.6974330461486
12.207814893579915
139.83702375555646
352.93273632277857
217.84227439737776
824.1265700481672
628.4853470915139
12.800592084895328
-107.6727341772152
-549.4551812782514
-1536.5085142359308
-340.83314097642017
-182.55584719608837
-108.24401518007548
-307.92437946069697
-589.3541125467174
-325.63428366932055
-425.5072191366904
-598.2573615894553
-447.2265360140954
989.9131015883814
638.3059068573707
60.27783226987326
-525.6558845506468
171.72618317743004
-12.097215717091396
-6.929325256773796
-1.2645384773541524
-631.2231277962637
-326.29436765511144
-206.86526507832855
-883.9724060207457
147.41260445096657
1100.7767104160778
3.511512912579961
-21.12248715047681
-466.07538294533043
-3178.106636678149
-381.0566983408204
423.38032659481246
154.49250240145514
89.8105909404673
114.92094270783136
19.065086915939112
-4.526516349340498
-12.070941216732146
-182.90410197170976
-386.6368290088702
-157.1738602649028
-4.750409240811202
127.23565136593703
1766.1345824307878
2585.951860744077
1641.2981015146727
1904.2644635550955
1323.3463467647275
403.45999642089146
17.154248356811948
-15.448359421972658
-250.19879502905187
29.312770352996996
-8.206029890660371
-62.25057277133211
-20.493095482223502
-134.18338327743288
-165.6014038609257
-671.1914012661014
-775.1329907232814
-948.7584631798597
-1063.0476229471808
-14.32313174875367
580.1475912716301
-185.64811330332793
-575.4130266580308
3.7488830592327314
253.9311634439846
33.44099675911688
254.43657491160897
-95.20859662696537
-454.56783079254535
-271.6447713258331
84.79739423472503
150.4909031733654
324.5895647799641
0.37797226231461184
-7.641955644867184
-29.945575411518572
-240.3219953455283
-872.859776721973
-1185.5702202522561
-494.5129750407265
-0.21536246041386875
149.26329006174967
7.772942499970813
-46.04463584935282
-234.36616213352661
-695.200824191674
-358.43559542148887
66.3472935205506
501.2754452504107
751.7209599974708
1425.2256904834408
3825.14316471831
4407.8662467517115
1337.6916246634883
40.896850118430855
-470.9958383032971
1974.6782379437088
1764.1673972751278
168.12214059660005
48.29236794061505
6.812641935777525
-17.66065248563739
-490.6748926124269
-1400.5612682996962
-4804.929137266162
-5247.212347728906
-1964.1808387629683
0.01585332414139433
-2.090448630821828
-721.1008833219016
-839.475098469407
0.3984278318724163
-204.37743275453795
-480.1897849320608
-2158.0925470494367
-2188.3394341799367
-2771.691237080843
175.8997707448852
1195.2199867741183
2534.1384823174703
1907.3367970792865
1721.4864734891419
1447.4095117386698
1175.835960077776
949.6903772050453
697.3873917378022
849.3371603060928
630.266599095759
603.14664111822
584.8190473001707
524.3632546530234
294.230704364877
137.5739953968173
155.36520529758891
83.33587513945784
-3.965422173479151e-05
4.895127168020742
-87.69740279656963
-83.83141340562261
-82.15606289643836
-309.4649022853307
-286.33879569847176
-545.330314808107
-303.1765586479291
-759.0628537414634
-734.5181239874066
-1185.7167037454396
-1155.196664235715
-1372.5038888555735
-1349.8072178831317
-1559.252227817252
-1670.1005904001372
-2013.7429313027844
-1970.1539891205973
-2210.7946377994426
268.0547691501197
2766.7252209289545
286.00734917589745
-206.46108160863162
-967.466378314484
8.436216283386916
803.5621613188339
1894.566998382917
1087.0119751170166
238.5573341604981
2.1663574065918167
-221.01660795998154
-1122.454481179256
-1659.5631088955683
-0.2760283234979353
9.880074859568055
119.23182773349353
390.45412904227175
123.28967913912834
37.394443841167174
1269.7657933389892
362.3202656707905
95.51760622899684
568.6730231679139
1.4967445509300508
-64.09157916326049
381.79463809275336
422.06590345037165
4026.1323321461778
1649.0791604971103
364.0924817541633
-16.040474361469155
-21.668133637484914
-1269.7864723059881
-295.877343300674
-1135.1576974480674
-315.4428868131886
364.23083669490586
972.6564327862246
468.6652998832207
-0.5725010314611689
-720.453959583799
-288.74572945517855
-368.67257325978414
-0.25575617676150336
76.01929954606967
-312.0471327067537
-48.399791299299594
-79.71068705394043
-1293.8687607503882
-613.3654728846949
23.039057354215128
618.9151457992903
-13.762448342766136
65.71723856973989
-738.0459162097359
-990.6427213777471
87.77139265774888
-164.69901239136166
195.8097768926055
97.30590334619728
160.62505631080327
-169.88605122138011
-1421.9161058531308
-2226.8093730408323
-8752.094330386128
-4989.845195662688
22.57615679921581
1779.906568768704
2571.477887407173
2059.7275397084686
1514.6265572129255
1518.0979991232318
811.657199672429
638.365889706373
397.50619323696066
241.17299824263353
231.28848976141978
109.19350836659768
129.13952032126417
1.4161675421061328
25.91670207525707
156.0607501941143
1005.2220172105203
2697.0064866851094
5136.232701433774
2175.873110737728
1252.787763904647
233.0430953590389
75.37032934206695
1.7221624764829817
10.289415903983775
-0.6239889186386125
-88.04460316712346
-184.08272500869404
-465.5214900193042
-720.5592937422175
-569.1389369756232
-541.283831299718
-87.83563804413467
-52.90003317528477
-438.31341646300956
289.9682594973391
149.5281532084499
64.42236490707967
-60.131683771200684
-137.20349254413492
38.93622689737052
87.13569670843899
-362.2406378867854
-1153.8654892516593
-153.6390304554908
-26.107873157305736
-0.00010461193331598971
100.52700789650389
193.89367147820144
87.09447698225789
154.25826071920696
411.3108330187526
718.3861234846612
423.0733188035525
467.0512309784357
955.7542827442833
535.2217044515426
244.204508960746
7.560213597935793
-33.33495055338702
-163.00919249586113
-284.5957523906015
-244.22073589956895
42.945467836950975
10.90631737662384
-1.2578253303469302
-20.59832524527461
-32.88060850772029
-14.77747892912377
1204.162793485071
1416.2201822848208
459.2677158577369
3.4523121343081327
-451.59353477495273
-1462.8857506144263
-1579.0346689406824
-11.323682062520755
161.03294764429373
2165.6529486607565
109.81409417650511
-165.1541983986973
-1100.4729065679023
-1800.3951474660407
-716.5626014909288
-1415.341187425311
-92.7680719628491
-41.69017163239066
-955.7504661364428
-3.2350234064032226
15.577618235464634
52.13852427758381
14.71026821099345
2.708201428622192
-51.178762804326254
-124.08283720753968
-443.8160983715129
-844.0670464850468
-981.7700355255828
-15.417599332106853
-117.0451505833379
-166.18350481078895
322.5749337441559
1828.1030536829505
1301.4332952533973
1064.4396100638385
1033.1529934911869
504.145757237688
567.6195388704036
167.7239080314898
152.63359602861183
351.926892368754
160.42568219305
152.4509093727874
202.65460391350177
83.4851343873459
77.50002833251698
54.134781489300025
5.488213675795096
-0.17999426273091682
-47.68273067682787
-71.31037571708504
-79.86552865448135
-59.76777918125461
-56.50562576743108
0.01336957712147998
-31.012050652114873
-28.936757453777673
-180.55196371983374
-144.0851929284563
-131.04188988645558
-141.67962583434382
-118.38703312073122
6.654430196123557
8.050122120855523
-4.676199196192313
1648.2802568061406
93.97071175666903
-673.7698765486089
-419.36094612631416
-576.6109878480594
127.93944747972787
1015.7206093470933
1068.078282455093
611.9680776657358
151.7120386209152
123.5182536898134
10.84528732072224
-73.58945595984406
4.190111762696354
15.994622305615241
18.687022758562648
43.20613832586819
30.859812074088993
76.44367821692063
97.30466967672898
188.46294864296942
140.00226945670508
133.9683421706675
63.35018231571771
8.318790427905594
3.2049339972070428
0.18458595417785986
-1.2521242102945624
-30.761368000173846
-31.204186446083323
-111.17683595970722
-177.8012517685968
-140.59372196255944
-191.7033570324719
-19.054004593343002
-28.833903997327763
-8.178446517931707
9.353086505118432
19.06293454893425
634.1358306713963
964.936182970423
249.89048199473305
331.8962686032837
79.12615847987784
1.895803952884762
-38.711912827237114
24.365141685218756
2.897740697311922
0.6588611357165801
-4.544036613994932
92.06183633484301
1541.3162210895732
1450.011728026021
7994.290979105645
13970.887192367014
22772.8852331888
36690.11502515239
47982.562256909674
51197.22970652877
66922.76003700758
75181.42505635042
85349.6900983486
100836.65439560075
107149.92742185644
98878.73319421199
102639.81647773134
117814.40283267642
174998.79664637538
179490.64587234508
243411.7361673335
283339.3154670692
307305.26538078266
288094.8133656485
310594.4404368331
315821.274843488
328702.34269725264
340874.3257599354
389481.19782345806
393840.7671317332
412642.04230543575
505074.6187364466
635983.1897673652
793889.8051378382
917373.3197796617
939383.90117226
1003659.8895187541
1135975.6133696362
1609812.4622712326
2323454.4292324823
2939089.8885853626
-1465159.31
-1873940.4199999997
-1138094.1099999999
-1260516.12
-988600.49
-918587.9799999999
-780443.87
-793845.52
-647962.1799999999
-627924.04
-581655.1900000002
-452245.72000000003
-568628.81
-628912.15
-719464.1799999999
-907703.4200000002
-775692.45
-434194.3900000001
-361990.70999999996
-223761.32999999996
-200718.03999999998
-215028.49000000002
-208667.25
-191357.61999999997
-167753.31999999998
-146220.63
-122211.25
-126058.63999999997
-76879.43000000001
-99753.84999999999
-83694.44
-101080.98
-88648.13
-123550.98
-28339.820000000003
-103334.04000000001
-69413.81
-44608.61
-33926.66
-16865.77
0
0
0
0
0
0
0
0
0
0
0
0
0
0
0
0
0
0
0
0
0
0
0
0
0
0
0
0
0
0
0
0
0
0
0
0
0
0
0
0
0
0
0
0
0
0
0
0
0
0
0
0
0
0
0
0
0
0
0
0
0
0
0
0
0
0
0
