341334.4600000001
0
-19375.13
264466.2818996236
358995.76422756026
-115757.51999999999
-77952.98999999999
-57327.48999999999
-9042.810000000001
-7037.260000000001
0
0
-14762.029999999999
-23284.73
-20297.78
-23065.65
-21699.530000000002
0
-9318.89
-6433.4400000000005
-32909.94
-56378.12
-30295.260000000002
-15953.59
0
-6139.57
-13050.35
-12774.27
-41256.33
-79785.73
-50550.26
-27418.73
-41988.380000000005
0
0
-11399.24
-20564.93
-8202.11
-2281.63
0
-73500.16
107720.39993761717
-38075.7
-51108.789999999986
-22327.27
-35168.99
22059.87839578974
8567.357450929101
10020.100762263452
5858.539852505914
4599.198978157463
3626.1281428076045
4707.15233513193
2089.117893935786
5112.260452047661
3387.054363715906
2636.3242488632004
3259.2000642410812
2664.7103205845465
1901.0051103248131
2134.676563098784
1999.005419477735
3464.51566136483
8852.480631932667
13732.882112190968
11770.663477174869
7544.282103349215
4488.615255313203
5836.712872035998
4964.011325258284
9735.816323563304
18534.475501488945
30681.98246427277
48259.00537742785
99822.94938371112
-530609.4199999999
-61.23868778958358
-12.91245197286258
-4.4692166057621465
-43.53362129460621
-91.05962970253462
-162.35059086410521
-6.65534450867535
-20.649234778686772
-133.57742579549696
0.16274905715286891
-0.11383930267595899
281.65391529563385
191.1394515111956
-1.2686912574112001
-67.13266127690724
-894.1941434564237
-461.71257288190066
142.0045051091463
36.38626568351865
26.03233308018967
-0.060529755158286985
336.8429332035313
-446.56615887372874
-1737.4467292941108
-989.8743025654551
-1062.5391975292564
-124.94710833263464
-2430.019902032896
-570.4060698689284
850.4045197648443
1377.186420548701
650.6715895674529
112.02436214682567
113.42012424938089
0.14505576999780076
0.7387361826746618
0.0005580423006984957
118.35440200784276
241.36292764043264
412.7448280591971
251.9328395659782
-198.9070779013929
19.865317754731045
54.56500844274186
5708.85142431234
2741.4258004087337
911.6799120414636
2906.696827749915
4305.169905023159
4361.259146325041
1963.3339234719344
675.6992312288833
-387.2185282836722
-221.6716732335693
-44.70079546627984
-125.73999122365584
-106.50826914841588
-166.9898789832463
-4.877735281748318
2.954608233778867
-102.34256190446396
-101.09814478426854
-240.3567230751043
-900.1679497817062
-1713.7274962800277
-985.7514606073379
-1952.977106764577
-660.6884973883035
-157.3719815803098
-238.52350588163944
-108.05451276390423
-91.30309898794673
-57.822021383103646
1.408113542243595
1010.7138025098852
2016.439027110795
1866.8602329529742
521.5698432763841
7.785545108485857
18.881111104475618
-1.8104450120171096
-92.9389520945037
-47.94792830410322
-563.1587697748402
-809.3673747041576
-667.5028124116944
-48.704677037415884
18.7430810436805
-53.26313454200008
309.812924198702
-60.65231873957851
1.2673430987120295
-1.298983351211412
-43.23036372528496
-19.151984668665502
1218.4696783728116
1978.5755037076506
1038.1932766660714
355.24927906670064
357.2372267907443
115.69960041487815
15.649226904109565
-30.84218196567397
2.136020194676279
10.356781383058546
-222.9017180363858
-230.87600357704792
-1247.3659001602064
-1378.3093689136233
-2776.089244598995
-1695.4311289074285
-1493.6598007088342
-730.5515685361067
-326.90110573390916
433.4995907908465
101.62642378996154
591.2955057052102
182.74274103664584
-113.19517860441422
-1799.2266561872473
-153.31877604142466
659.956677245125
16.163186385340857
-586.173474888257
-697.5747004386674
-173.24967372904115
-5703.761310391723
194.47379535520142
128.96799782745092
333.2141854663464
-75.60690938793414
-934.2206011884124
-1031.3251394687004
-253.98219345106895
-106.19058148179077
-591.3624433365878
-21.567173754375105
4836.759042624323
3250.1238618661014
856.1919568731487
1685.686571052417
1907.1977849657312
2209.2752791218127
996.6790938806214
1037.7324636694414
805.0350100792461
298.0773918314751
483.63951225683286
250.35558540674214
153.24264330843602
183.9200055049306
188.39769490355633
215.00033900499807
480.5687642341478
9.202518485299654
137.7719816682413
128.07317853778886
77.32696229944332
273.7262130714788
89.64789332951646
161.74348062949417
112.44398015188759
79.59580371564962
110.56683009213481
314.391315669466
343.5602679566374
183.828361994511
13.234851622801592
29.434376241434723
17.87025945093817
-78.66333232894382
18.713054708115195
-11.399999857999184
-82.62743849750052
-40.94005366660941
-204.51766051645052
-159.11869119510496
-544.6778538921443
-585.2795089327093
-463.5114210981855
-251.4420494490239
-304.9662061042743
-122.08860060057927
-98.82951418840479
-138.62810462647647
-101.78210240834484
-60.70100422077333
-134.61655287410596
-271.51598592241425
-148.40920091737897
-441.16692292020304
-151.85816958703694
187.0653707426814
167.30460764082153
0.13588366165302013
19.67387045870064
-140.3456371680063
-217.10006021750687
-763.2938143277574
-1128.1911427398363
-9.513721583824951
1287.6691654558704
408.60254014198273
140.74849554977104
97.1808535466527
45.88478584327077
87.96870176703945
353.1822714937957
745.1645703659264
285.93277790608204
470.1906007501936
233.3496357681783
286.52259030367634
2052.0995530366417
1198.7927798862913
616.4358063691595
581.3352397224367
193.3972898777478
3.0953256360843957
-135.81161668350381
-170.60722262714776
161.34475749896643
-4.877099957004654
-175.92003534631544
-376.5912693702346
-638.4050743947282
-130.2837126399347
-889.4908801309298
-1554.8783070780264
-23.395597218410384
-787.5514349465961
-1518.0738171173866
-454.383245858334
131.45239485475045
300.9205764491586
44.496737953740904
419.416545740311
723.2114386921451
177.32906915880866
127.97455573242704
320.68136382056036
76.89117081317113
24.264771751079206
22.885752776750586
-40.28004677919731
-25.230078518098075
-133.63991299479778
43.47927990972056
-3.833230302588788
-0.4476869997256632
-2.7130269464821124
-134.41489600734536
-65.11080559545259
-221.1296790483982
-227.27683530881342
-433.7792523601454
-259.8199050155064
-557.4856040634568
-1024.3649135351095
-1299.7986434480733
-1760.1688036987027
-2982.8450970706645
-4069.544617899042
33.271657395784004
3.3284031151368545
-57.86848080926807
448.25121455920436
15.250622341081273
-49.70338301370476
-24.109630016820454
476.02609847343035
52.85828604133701
-51.65703223170018
-1043.9414298865292
-3303.4438034467835
-20.571635672725787
1052.0257056399296
17.656375756681577
-1494.7545230826336
-161.26439241348572
-8.837204728321833
-1077.3802065249197
-99.58689205478838
14.181717028912498
0.0006041632816836736
62.14888113532659
-44.38513901236496
-643.3909111463682
-280.18742828093804
-1478.631232513871
1202.0766693759513
7398.277947158096
3817.367153844301
4051.8753104555385
2590.9947267146626
1802.083378745204
892.5265958763757
662.1834000911607
1069.2284896133508
679.5045156158064
991.0964376503946
1239.641901021676
475.0388223521791
546.7107166798914
167.85791390225376
124.59551657750696
11.860505342051798
146.7244174844337
882.9967458944756
586.2976383179957
237.05128333895814
711.6571328945283
1470.713958139956
524.9809372813681
325.00166471909057
5857.50155414686
4881.351231935747
1872.888204772928
9757.839115636361
6568.799371938056
6813.333677962226
3537.705240247397
8826.810034746246
11640.324488373251
15569.612009236262
8428.605999719079
9260.112416943708
13216.994579927461
6440.526010177387
22661.15227326654
13929.736147745041
17972.126638020432
16976.266981203218
22417.065437906298
16628.43509691745
61040.70630855081
51986.3050255749
77068.39803364234
60444.184128869485
119895.136637583
101860.85445831859
107021.61912173609
122756.93714911691
117342.15149850457
135381.0681054665
160976.02587336392
196705.21619988332
312648.75612410187
348715.0928028069
412344.61814352754
566483.9863553436
-723579.65
432228.23717005656
637473.4368403591
-665536.0
-596893.9900000001
-385441.9600000001
-452260.05
-344135.93
-59808.74
0
0
0
-1329.65
-3173.189999999999
-541.19
0
0
-88017.92
-121433.52
527448.1837339241
665337.9028045239
-376265.98
-299460.18000000005
-274222.45999999996
-262407.35000000003
-282845.39
-208188.2
600583.2229040428
-432621.68999999994
-217209.96
-181743.59
-170501.77999999997
-155688.82
-175214.71
-118403.35999999999
-108148.65000000001
-42023.27999999999
-53905.920000000006
-59742.090000000004
-24161.32
-95157.51999999999
-21174.079999999998
-51724.43
362584.7391520172
-216037.31000000003
-84933.6
-36710.77
-98127.59
236853.64203111516
-267065.42
-38323.3
0
0
0
0
0
-1561.78
0
0
-1616.42
0
0
0
0
0
0
-1622.95
0
0
-1622.95
0
0
-3184.73
0
0
0
0
-3184.73
-3184.73
0
0
0
0
0
0
0
-1622.95
-1622.95
-1622.95
0
0
0
0
0
0
0
0
0
0
0
0
0
0
0
0
0
0
0
0
0
0
0
0
0
0
0
0
0
0
0
0
0
0
0
0
0
0
0
0
0
0
0
0
0
0
228090.15
251093.2057049511
-72352.12
-24810.890000000003
0
0
0
0
-5084.53
-14801.76
-23144.93
234739.87476806287
170664.5490123306
0
0
-6752.610000000001
-7335.27
-20647.1
-65948.06
-58625.67
-16097.94
-12632.730000000001
-31249.339999999997
-69303.58
0
-5455.889999999999
-27078.559999999998
-16097.94
331486.8778019566
-124248.85999999999
-59041.299999999996
-110575.79000000001
-10810.04
0
-29493.04
-36429.14
-15086.980000000001
-29185.86
178765.88289273228
119928.42662572119
-4905.700000000001
-18343.55
-16558.55
-32635.7
-54162.65
-44437.810000000005
-20299.599999999995
-20806.39
-17513.67
-24946.459999999995
-30532.469999999998
-14501.84
-27828.59
-14181.949999999999
-11423.98
-58840.05
141894.7372362495
-51464.75
0
-5193.1900000000005
-44186.16
-42019.58
-20570.09
-89246.32
0
-14078.11
-46249.07
-28811.34
-36289.520000000004
-6488.9
0
0
0
0
0
0
0
-986.2
0
-1104.45
0
0
0
-1104.45
0
0
-1104.45
23114.51
16848.093189228523
15696.966249193345
13870.138607460009
18517.811454736024
12012.747343232992
16881.20005098251
20213.88886471257
12245.671782059733
2596.589654610616
7723.38051188161
3957.8731471101355
6508.144581748104
2955.4135170134396
20768.443030302828
13897.66133476886
10063.840556772495
12037.900656251708
14098.74160997278
19971.636929673787
31807.735328017643
22715.023237166206
13489.366881664973
13390.469060123072
14178.219430486428
12199.846020076218
9527.815768896266
4352.545013406305
15933.892475207569
14478.583939926455
14940.157486489705
9886.043554749762
24456.520477765764
42365.23922994955
96830.55982847999
-8173.1799999999985
0
-1424.12
-193253.72
-257850.79999999996
-150883.03999999998
-237434.3
21549.85881330974
94749.50449548889
-180080.16000000003
-55443.04000000001
606.4409146056926
-0.12452222523654423
96.05949997312895
287.1321984921424
28.49259377457389
580.1527976624388
45.18040801793826
85.86838339548402
789.0053333535994
1379.2880315330224
437.2358815951088
-0.044761234093459626
30.370444753984696
-185.6673592438002
125.59978907892531
-239.97503808685536
-1609.9922386685669
-8.517879181771722
130.4851799087177
695.9766606515394
4252.6477310027785
3489.4901792921323
2868.295502181085
2499.5199929456976
1462.7173137898058
2062.957989971659
742.3069470955885
1631.7274988070108
1171.4860588447061
826.6952280753198
706.9125642475306
904.3951827904724
886.2622001167637
1043.5375736563965
818.7464927858714
406.0425691189187
918.4840476842068
455.7509507390873
259.3657609102412
-0.727188279643072
1.5602601565082148
-0.0016140818384039295
-29.0014358549642
-5.87995096667541
-210.89402879933715
-212.92892045342583
-106.72766019749992
-132.65977780555048
-101.23986041592133
-25.592611504486637
-127.7601445629062
-66.57593952935919
-154.3281021184555
-73.46115463540512
-9.501109684240927
-7.1791063588037485
-1.407736347213893
3.6444712462041364
-30.429722831197456
-13.884926297373188
-81.48255073796504
-136.5586027877029
-182.81826730275702
-216.79116654898934
-142.40358630575764
-122.86780752433305
-195.13926696092682
-240.4744134539593
-350.21063827823116
-100.7328158765566
-126.36880064101811
-420.01530292021545
-273.0609326764858
-871.8610502333947
-899.0678337364717
-1356.4407049560577
-881.6953948772466
-367.3102436940643
-928.1106898362775
-321.23678442076164
128.4825310013882
-362.6556511922002
-460.7165500879173
-660.1368189690255
402.4214446288116
704.9651435401324
49.38037378447275
183.5894611122959
-22.763333047452676
-383.09700238361233
-23.23083002311849
-20.316032106789383
-108.04859464606989
-495.5198554712471
-3.545700624942911
3170.025623535923
2029.1911314384088
1629.6408134972685
1021.0610696942434
572.5186775936097
272.1272916451025
130.29393633452415
81.89361175758876
29.4154652668225
268.5327563567497
85.7459930760115
158.45286325935766
303.1179996079232
520.4743335109522
665.2880426021318
179.44758649656706
156.9624303848988
44.84327602930935
9.086038988275032
16.23451637212714
0.2798995705919226
-0.004093629003875155
0.1540410776294663
2.5209657724281733
19.778182910158563
-20.572661350839805
-2.6030809237032466
-5.260389868108951
20.61618483958859
1.4650500987155508
139.17207233042726
16.09297442930609
22.97383337072995
1060.4698619445735
591.1618886442059
310.1829453993038
124.13706847310989
109.22423934791227
0.9965741219283784
119.79647829521423
61.29731552163538
7.21951771228395
106.2923382420096
-2.6942171023855535
0.0006557947436652558
-108.51434274429009
-145.1246348793964
-370.46731530559987
-234.8300278340723
-167.60154506681124
-87.33558915494942
-249.07250408903684
-486.1104730175564
-521.1413489701697
-329.5549644300031
-806.4319468952942
-80.0910628547927
-0.09748444625770997
2.781679608352638
0.15576007395221708
53.50997932605409
1.5214672319987668
55.759247222991846
8.549837579403922
23.164294962592855
-2.09829679208684
15.247293166524589
-176.54936675333872
-162.56333334563467
-70.6459417519333
-191.63526204915294
-219.10021714479478
-61.338233053136435
160.38021159523163
-0.2117758172410416
20.515650757656186
11.349761584168409
5.098468790035561
47.20467545730293
-43.26336443943495
45.063333051101765
-6.483279350716916
-86.05769284649884
-3.2870094052986714
-401.23646879957397
-0.03255728848065064
-441.2746669566418
-136.82099979224037
-414.281567346071
-367.6182141191378
-464.6059941319763
-771.1361706946998
-976.1089579299405
-840.5029238270268
-1226.264843813644
-1100.103148405352
-321.7685570101974
-854.5047907759485
-302.0652620602233
-528.2832080552957
-602.6054434345692
-520.0952594399098
-415.32966710038676
-464.0543560008415
-816.9771139405402
-1293.6458619609489
-77.94843367749714
1032.289286999907
2364.2306756945663
4318.705142140768
1642.4939364979623
1198.8421936010875
401.74350077965295
125.41426654880182
49.800093406515415
-128.9840797754876
-891.2350930840815
-448.15578656270446
-968.0877923266103
-765.1109690621012
-10.54253521425323
365.3275041628722
1732.3976118502899
1828.6084841287443
1420.589226007557
814.611033775039
1051.1541033290891
1451.4548724226502
809.4996376256939
310.42109538421494
75.67727003788978
-0.5715530242305715
-188.61323991631264
-752.8341913412689
-2260.70841606373
219.7597481926037
2914.8636756003666
1856.5033779658609
1338.870616254363
1414.4292405430356
716.626518109128
900.33247567413
309.6210369795245
396.7831510903398
132.83394976085526
104.70178815460235
18.24789720926664
-0.6230481713855821
41.51253690834493
-8.775491019924992
-42.51155241116588
-106.7920937013603
-160.50828377523456
-491.97534886822336
-794.4129281524167
-1383.0992736077483
-1818.7511953712096
-2187.0458391690363
-4334.286300161061
-2929.4176250884507
-1000.473661221122
463.0383014488438
4740.378740860789
3223.439048477101
1918.124770046775
851.5644601825175
414.5509625077445
187.6971984933695
48.670534091002956
5.118622121565356
437.67288722240426
231.89145102969843
3.9428316117875495
-56.83168621176872
-186.92440156147845
-839.1909390666195
-1271.7163763452786
-9.305948323086964
7.713189978981907
12.591153743439259
469.9374375923702
46.026420135963924
56.16892873959881
-9.472298506472997
241.76371576108633
236.57762479982244
14.294544888472036
4.246923900037499
125.10444317750392
51.15522308533604
168.3818967176756
401.92527073104975
22.190500378745497
-0.013983290110839954
-248.77632823533287
-2211.251206979893
-392.6244760841584
40.07172745883307
2167.396309504633
678.8399378243316
697.4463759569537
2704.5938239211055
15.00593697486803
3047.7254754322707
1717.539712107162
3644.351965187844
3949.738266387482
2528.1674573203336
2500.2054205486274
5245.6122766878725
14992.37975294122
11678.825837926048
15176.823168801944
10855.699580307915
17284.694755002412
20111.024542035517
31125.100986836456
76770.39843897002
106513.74065331736
0
-549148.87
14602.879354599847
7439.148596217119
12513.384296510336
11309.700160037024
15316.897423358962
25979.304278410786
23944.024081014595
24266.23987297732
22190.346991495768
21917.229129631247
35687.099892307255
49712.14133525623
137522.6334492704
-381631.21
0
0
0
-32298.37
-10084.11
0
0
-9769.59
-68697.04000000001
-68708.61
-15671.320000000002
0
0
0
0
0
-563.69
-52794.740000000005
6120.138812231234
-63262.97
36459.6195364515
41096.470722679034
32819.67300573866
32831.19340965533
21243.451520566803
27635.90787300615
61450.10314955897
166700.64898110577
-525622.02
-49997.89000000001
2005.2563432812576
394.1926663837158
71.43476801119503
2.7241798607257324
-0.158677824979042
0.7070658895607893
-53.61596081330154
-2.721415065147682
-510.8896980751013
-0.6801650581889424
-31.15898532950979
193.4482376218645
2317.9870617458964
796.1415380691705
2013.7884740835232
2708.0431375884014
1684.947351363208
896.1502600886081
123.94974913967832
-4.65560892283301
0.8265874573508107
787.7220766946721
784.0309017784979
7.72451390935798
-4.6781105355211565
-46.97180066927038
-293.3307677782456
-103.38770354189616
23.197584787579775
17.60403922165679
-18.02264001465176
-37.69804715316731
994.4064501430787
1060.5227638014567
84.90873201713048
240.6833112898552
4.235172471107063
-65.92063912332878
30.72497674151462
81.86665796136285
8.74873100850269
0.0035684644210569024
166.7365562109719
315.0622610800653
161.0160903966539
-58.76727684916729
-376.4422737355699
-135.14520482391939
-64.437299102232
-449.92612690973806
-379.8036936595037
-1258.3281457388719
-927.460389805951
-1292.8602405542274
0.421852464308888
166.77220504597264
2044.0281037815016
1015.5333171965214
340.08000782520264
137.56757345854322
812.8704668213112
511.2456265094937
150.6892946484227
72.66660465181303
-0.014411099644838488
-18.754084041492163
-111.58111321204203
493.8935545654528
1179.0851850413742
629.5581329404897
557.8231017505809
192.0960102628053
205.97030962320542
44.092658689445024
-8.73354830993797
-31.300259713514762
-85.70623427136628
27.499746673299196
-10.598237228981214
-153.33571716148936
-43.400772718830716
-58.040362468803565
-94.25104089544136
-101.68765417497978
12.5528844689783
36.90254138764121
75.8398769534272
-0.6271826814175833
-0.05476116340387167
-168.37328465687307
-608.1290860734896
-2071.373583731867
-1842.3173626918128
-1124.770921892575
100.30161022631849
-34.837701162106804
0.34405754956904777
-37.038163653369786
-120.48382900638495
-164.70313018537368
-406.83135484469426
-817.6840519013064
-1180.331419110285
-1357.2540606718824
-3377.2615730489433
-451.76802327844297
7.174082292535717
2657.9864489504102
3031.6711930428282
3384.6896115510185
963.0784949461214
1199.3871460578964
465.42925921027495
547.2368271743292
246.9383749680792
358.54388134245033
197.47286293479902
262.37237002613324
19.791164571643368
-0.3649751177166975
-138.34469452330592
107.95501143971686
36.126740870795516
98.83514271513084
62.70760252298552
49.6010069574984
217.0223809402097
255.10321819755734
1159.2450579218014
495.9966133708949
235.73536047953272
153.45240007550805
84.11252145253705
-1.438411176383596
-164.61727930868847
140.67440991722788
26.888535151633
9.199911411375588
65.12371198134517
69.66784260506797
5.012300735565924
37.450570974328514
-18.4769819606813
2.750505094900779
-77.90621836935262
-2.9152259386557167
-12.7930448118908
-13.798269637193574
-5.349591501354702
-79.46107842201488
-266.63138322304115
-414.68590111314046
-378.81476054725647
-87.79689697139494
-221.7911601711021
-602.3292283649544
-550.2725108974398
-151.38083235487318
-329.0869450576827
-603.4713052064919
-368.04786994707
-289.4012446684642
-569.7071739696976
28.43953856588452
69.35634281445402
323.8895641041012
78.9539042376869
18.860116542486953
-9.204215630532957
-17.732527546739732
128.20398634743583
328.6856791815994
347.5868300710415
309.4173307107484
203.43060932430626
512.0573492486276
348.55879923470866
58.32457573088897
82.86686847874742
67.8364485221747
0.7885626624216955
31.494520606034165
2.7522831665972416
-11.042907035512336
-0.22446179167335772
-2.2919584741445442
-195.93546804745515
-41.12318479082502
-193.56429982739292
-500.6018358237419
-185.89911096737973
-268.3894214563194
-538.3888034607995
-453.70986163857225
-718.1309421976239
-688.5902940708668
-576.46832019208
-293.0008724931514
940.9371051562664
1392.374782290337
996.9592613443715
490.9811179414121
926.6996383128156
80.48996413386129
482.490497817468
244.47088653477897
246.39150100175308
310.2688732446235
241.45890657557436
168.98126872724947
179.11998411859008
13.152114555560239
14.456666504965067
-52.53394499604515
3.616570366147687
47.95944160463015
110.98359130631046
216.7766497504792
132.78990908489604
86.05691499596819
0.47860013806046947
32.34041648266731
0.18025264119091167
-2.8798804814176866
-1.0498024268094281
19.280999693395135
-35.80089887614118
25.264491262280004
12.292924469539486
-9.984413379763453
-37.32199210606999
-64.81587448812384
-48.84624458165901
-19.234305537512586
-198.74811657457613
-32.50474519387228
-5.724777086548169
-330.8763539689554
-11.075724235067204
-334.91429568942283
-112.86820650172771
-159.85349609141053
-256.0869216141948
-311.87325773427125
-534.7126744943251
-997.4289547027688
-980.5612031737037
-1373.584051190745
-1646.9882692917722
-2680.638800932117
-2235.48891931492
-254.6019839063182
-52.376737621754636
-72.12088369380875
-45.76090696219467
-300.1969613990207
-150.96858520896015
30.82496604725733
1362.1293399472306
1309.0292740865484
2902.8573306617677
4857.641253030619
8866.32268252797
11708.969582296859
5596.817179386348
3110.5887466240483
2713.9308519706155
3328.9001105860298
1873.8445679955496
1035.6332864315289
2023.1146774808926
665.9744304493099
718.9889693278708
362.288869664989
352.4793808475048
338.40149736077854
863.806568878567
6.1032229190021905
450.1535730843619
164.31131383393983
205.2833802318938
479.805999067028
1670.157966306926
133.78243003164283
1803.2458807790943
475.24680399419196
1217.2052242711345
371.8721055367904
363.4100717396122
3899.458306678661
5115.1733134070455
85490.90986797605
-361157.63999999996
327.2391367953986
61.14414337116306
-109.19939283401372
419.36669598090083
568.5493546568136
102.5462553217024
372.5457732395888
137.21221966895837
538.5888108624634
133.2946977394832
16.697411703368513
3.5432638720779406
6.088074617433477
78.1249216101676
659.6657643077846
146.93654965748573
23.01169748325954
338.06869014122447
473.22567218760094
4991.0195033872715
3687.468887063443
2142.1905997901968
289.31272308104985
1199.5348826276959
9438.085208112301
8491.506442506226
5017.625175276621
3985.785255774884
2998.6957697953394
1934.986642017821
2618.0948710826924
6257.582066023815
3499.924740956295
7125.956899456163
3520.7411582832356
997.2326042482471
1965.1977744491269
2063.060270370133
84.75028389956016
659.354549577213
322.47027221153473
222.87667408166044
201.37902900373533
162.16655758583536
1184.5894298331132
2210.7873854142053
1553.5717695931248
2105.2871362829937
9623.2487350132
24766.402308369412
61175.39931224203
87722.50318644437
171660.97260138782
-191642.27999999997
-258506.53
132208.50003093967
-416664.57999999996
6631.4065436681385
1712.011298995977
100.83489741998403
446.4089305738862
1691.952116587734
2830.572185484775
164.58559213354357
1459.324385742921
1431.6592595597265
1418.6733326308436
931.6037679342965
77.81175461260423
5.947420148630975
1105.8300311184637
2692.4340164218547
455.7968242191953
6854.846490089583
4307.868150363346
5308.48748436289
5470.8134482329615
616.9806918625029
68.25424101029247
3518.756463258208
39566.23008556459
52101.93479392199
56557.41950351419
63059.67884259998
-333984.31
9765.597129241261
19450.125168852603
-233735.8
-5.732617978462022
-89.93968660323026
82.63878132542588
-28.636051484109835
74.87412326221218
0.005366217694077052
-508.4603063515392
-103.90130461081198
-853.8250455478958
2.3469635043140666
59.95906305101081
37.772889639244625
5.187725781881216
-153.29201876021278
-25.964858716863457
36.48008769618807
4325.2361275112435
2148.211971390715
8434.637400531874
5607.410645726734
2860.555213379568
1749.281862327953
1298.660628290745
543.515480310378
172.19093206764506
-0.9801057700798426
-31.23656016953673
0.1380125679979498
19.00643780196795
0.014587714902844974
316.94124722963943
311.4701653579802
108.07929193950692
230.86359578404384
251.1997772025065
318.68415775310496
916.3667091925197
834.1328515852215
208.91816931368928
524.2843756538208
489.3438582714865
-581.6654289898751
37.55741568400015
-19.29774990358519
-24.967897689341076
-137.82935266548293
-215.18602083824754
-318.18270790391864
-35.832839882113475
-388.17943492591536
-737.4903273677089
161.74637327433987
-93.46932066983454
-220.82802523898428
-1080.769392108253
-4284.247715226329
-4732.342336439296
-5378.9224861109415
-2062.8827579557437
-301.63364217622177
-170.4016625561972
370.3793133404082
-0.48028479033170035
702.3469241529465
718.8530743987251
259.268665948511
92.36336079075296
-0.9289407472179988
81.39745751565687
-263.5847718300797
-2.7588320687633727
-118.758573698623
155.05865043398916
121.06837997804097
18.867597305941505
397.66298442338586
505.7975057562525
1234.0110250008065
665.2252457822317
1909.7043224739914
643.022611418993
530.552081914378
104.29030944375381
10.849361290973036
143.20791832560514
84.64580210967081
115.41140292548049
-0.669113939887761
14.973297759363943
76.83322623982234
64.2735190098946
55.724404148382476
49.154082503333484
4.318310614937521
0.937619174913148
-75.61092336629616
-663.1392438803414
-738.9884561359929
-415.92525381060983
117.98529245820242
311.46253947957877
36.062328926160944
115.05076921584978
49.18866978148492
85.50609140664747
83.08139027035637
76.25774031065794
27.25819488887304
86.80571976288873
51.19831595538891
2.292217762451555
7.067719068216332
14.277405846118782
-0.014153843618362381
12.296580732664784
-3.2071157922723263
-1.1220734067865719
-113.30842810723593
3.3218081733221183
-42.94484459225815
-124.49305489516809
-291.07001710965136
-244.75586027665156
-800.417997874951
-935.1659949745373
-309.2180055704342
-332.30022149310366
-172.1573681586218
-161.38316098414128
-230.21457032761634
-415.72725473254985
-694.6902747945088
-673.8861326999804
-9.46189329690672
156.2014375484589
639.9104996210147
1185.6507505992458
686.3763195545774
326.7505811213762
201.40230549460756
564.8475943681108
433.75333908008724
299.3767219897353
154.5031182441225
162.67701490467155
68.57979503719625
137.18002336704092
-17.99975333871178
-21.752922441562525
-165.3477504065414
-374.6898549196362
-409.5707930891244
-35.38358326732154
-164.15198256592276
-17.724915328897414
102.38120856048421
83.30091904686604
7.202718696430862
73.08874460861823
199.0613460426376
77.72936614356291
-9.169609634951545
4.274960090016965
0.5292109543789896
-8.541704296533283
-82.52424589081181
-187.21439503216192
-59.25856950152682
-26.845630727747093
-76.69409870284073
-136.80005039037027
-317.6882814203453
-611.5130035780244
-389.6159445425776
-2477.395814225099
-864.3637475495293
-2094.2251311691152
-2523.1690438454348
-3095.390812591081
-1952.2814559018557
-1920.4440616304635
80.66761286599512
1531.6740006132031
3537.4683187713854
2471.6756706584106
998.8352984574709
1650.9446316367182
861.1476617946961
344.68043869333627
362.4456504298114
177.63644606357948
570.950541489675
1280.0682587514652
218.50053843381085
408.24789333163193
319.0933292598794
-0.42076415867404415
42.48377850364108
36.06020878830363
12.604186368780391
8.48361764388515
75.18706880834472
44.92729019870653
16.45089351092098
2.940966870635578
-901.5868079724984
-664.9730497937878
-762.6002837240239
-1422.1688239861544
-2530.2535345694714
-2078.9794555777735
-1785.3571908333563
-2005.2077099869487
-365.0603866020692
-1222.1310241352467
-2966.45759645452
245.92606183595245
1416.8496201543285
38.38536926414082
-91.57493644227243
-1009.701218308315
-19.542256673395975
1151.3663805098063
507.4269800084908
61.579719206011404
12.159203208799246
-69.60856221888238
-1012.4531703035143
-710.3584404692266
-619.4462515060492
-230.5123812548526
-293.8204213158243
1259.4305892235661
2546.620317668039
2343.017908079579
1030.7818060282148
856.063538964635
798.7333286170226
663.4670278106187
275.4575400258608
240.42560845320514
331.5872480666217
254.42803771982742
73.09272368845208
45.45419013633446
7.050066309032578
71.3571446988919
5.194796318476028
8.179694403062381
-36.24879805173463
13.656651522255912
-31.51957619196002
-70.3105381507975
-35.863077045258805
57.91109668718522
435.189681127118
996.9919977102822
501.6653117038827
256.73415647330086
97.44600410136682
239.41784585314875
66.10115044403776
103.5409655730561
23.14315446235284
11.113776505082049
0.7924948934587572
1.8830006484996382
-92.50244441210494
58.72662351946624
78.72994370510243
256.23727141440474
233.4034106267514
295.8112083765316
52.82217897815774
34.1059876955255
-192.9739032871042
-494.7769311841606
-664.0953246092039
-678.1826249892672
-7.140032650960692
-1.209370734444886
16.42086520889099
4.603318510639725
-43.46605147176497
-39.67399252305215
-6.985377696289943
-3.647562115186026
0.1574513865061572
-0.945318222350089
0.3747834604216946
16.44806472908778
23.533575387389654
101.37146524787101
227.06053084282405
484.19257179085366
341.4264326252912
63.811441298299094
406.4675940739913
818.8631151208754
1332.7663814880377
532.4892554401144
1630.4264667152531
1024.3715473401874
3487.769808447226
2620.1843464232948
2237.6262150630837
2326.0240182657853
3831.831144019324
4563.274096478463
1630.5735501046188
1147.980837702643
673.4147180318362
1435.0224124481579
1336.313699361347
888.1723808186323
2243.026303478414
1752.9507482561974
1532.8464307018132
2473.836444709783
3502.8277006101407
3068.455968520989
4984.618636530799
12271.135641790966
21849.024703452822
16373.052862046241
22783.260261906486
31101.325828559486
23940.56941270046
40994.03426264592
38972.13109280022
62239.81085907548
89618.0539234989
-522576.08999999997
20725.512809454107
28741.23345461799
24747.918163419024
51554.89205279307
71150.20108188063
-587154.2000000001
199.61490097041377
19.405117885459436
-307.72610633896846
-57.14803127748333
-333.18520990076416
-514.687721602101
-580.4516528797641
-425.82225596454305
-901.0756571016345
-1251.1228709167617
-2287.8492573788753
-1446.268655648682
-404.9563325270352
-384.87845282613375
-85.56275757296422
-487.77652488080076
-177.10993495271018
-310.18856493200036
-135.04862585128694
-665.9927178445361
-1032.5520688872057
-60.59459594449662
-68.06314981160135
-47.98244678216093
798.6810678532485
2231.955476612006
961.8074373920797
614.0838020496186
200.92801548248508
1361.3944054960953
1234.0262543976335
828.1049408734076
183.88009845582891
345.2463405115815
183.67495201082522
285.46209550476465
186.4498488899184
69.99991370704716
95.9095296496367
822.4275496269042
92.19656202768054
-200.782235184708
215.5124549019077
-1.2955697605046232
-59.17170797446661
93.39156046694097
1586.5177716544028
3618.7210765962936
8581.324124347655
22505.145442302713
17822.164125233467
15564.945797597178
15469.824897235352
16134.722266338995
9282.096810565361
14264.319068381605
28230.517402310543
55158.04107793348
59743.30357101527
34269.264281307536
83453.32751220668
-648717.9
-5644.66
1494.9567773667877
50.14006794145135
354.17819033822497
-5.651260362745085
-32.3934118486977
406.32690348895096
235.0114200918464
0.7558930545833278
231.93502734892002
132.47041807632894
274.0854573106538
6.487181164138684
0.0037302478920906174
-79.21235698757944
-300.21324353158263
-1009.9407067557396
-14.38669516167649
-69.98892654479306
-232.0319590103575
-172.8227081000232
279.021773196699
3099.911557710122
328.86101089445066
-128.57176651556858
-68.42413607025414
1398.65017281253
908.2139058591828
805.0467419343688
334.5589005873406
249.63258077366103
36.74686157105414
227.92969767446797
221.5584442502963
-0.14150852494766178
-4.215604988167877
-207.97132387001506
-299.5484613977568
-846.5178733556866
-68.03011734044637
1774.3235186972947
1003.562488150958
546.9126050865275
329.9985407210729
406.8216319315165
137.44366945725216
-5.714459345229729
-216.12835506932447
-377.59085866374903
-678.5963801040394
-471.64426301133847
2.0194924663524425
886.7330311263804
184.1029765933013
233.23995466564264
123.39816991090822
329.2915138054774
224.0930231242485
106.11710513113923
-30.11940909066088
138.15014286992152
0.3370570890553607
59.57517430626427
-203.89881583496242
-42.279565980798345
-22.77780552835397
0.7952340688957867
-142.27439737584766
-646.8715330693071
-1087.9781783222095
-1316.9336904011775
-2095.949306219705
-2369.6574723221393
-4456.909934773271
-5570.679325664361
-438.66097815893016
1288.0118077705629
13.919096045197987
-106.0087292267988
-841.617896737479
-1538.6311431467989
-12.508500221572659
247.61999328342833
204.09279329855386
3721.8599030222995
4601.309997325546
2529.505838282824
1387.7758435939686
287.85605512977924
137.62159195548216
-70.62945551392698
-183.89054025430073
-1224.5925473378727
-1465.0581509299327
-491.9226995514666
-251.0259686643501
272.0795831738722
395.0057496698008
646.0804345767963
1084.8008937214865
431.64630582183725
62.64172596006116
115.74630634307407
-6.48611610529437
-188.01686252213153
-402.95115724442746
-406.76338727328863
-1539.2021061501628
-1709.8772806709746
-3321.2892821179767
-2054.2506636349076
-2997.7219728567725
-249.47900417323814
-882.1534136175513
12.896925107067345
286.38102069027065
180.56609190725106
918.3078655567527
265.3378335438461
-35.669927055342995
-684.599645885235
-1113.1975179126111
-610.8413627343205
2.4986747587576126
624.4034030928967
717.8118360188732
13.486856689477925
-404.0757262471095
-1630.3662287503316
-260.59879690613485
8.00930818772447
-135.65232609363804
0.08855524830403658
88.99176245870495
22.083348758763883
-230.59800702397965
30.41117888771707
-409.6272891214076
474.93712355776995
35.59053717120459
-392.46263786181237
546.3010056626548
59.400290537913015
-164.35297091947064
1.3208928396302737
10.025802796972272
4005.6424834156487
2426.9830637423875
760.2967620281229
145.33362210165038
-147.72775250524808
-161.72698294765036
592.1720367341266
9.546349059010462
-205.1064416700248
3.789226465651775
855.8430096779671
318.51195388074296
67.62848875360332
89.23698047103333
-1.1229449780042617
959.2350337240836
747.3054668290137
-187.73522421865513
-233.94233595371514
-142.02894880083286
-6.952954863081111
406.23396428430283
-257.2191273341857
-3056.646715353631
-3554.8657996514526
1502.2269405114428
1092.3367743903768
-49.20767400116456
-91.13376592438834
23.232481220978283
76.42276896279593
-4.638011053326402
-341.2901692017519
-501.1982844351421
-1254.0686821829065
-1682.2085221391542
-63.17735347426417
778.8738835517629
2125.1331108165846
3977.3019080962813
3054.815903986859
2037.2542917166052
1311.7984469650235
586.8160307611896
135.00947245792992
40.27275339256411
-2.9901806720650037
-10.340179484327644
-104.12359553241747
-449.3326410811601
-790.1821404133931
-1004.733465403358
-117.8948045443149
-744.2279703333882
-1105.2753170831465
-2535.722109213316
-1388.5845851189806
447.77961299357685
790.9736485136111
2438.6883640457336
1957.2471259811202
2679.6663327990323
1837.0404857631836
1039.8220222929954
525.182787212116
94.53018152342787
39.843726119755715
-0.1433279110567373
-177.88850720255581
-444.3167274379661
-560.0484446151761
-357.4642175866594
-12.44773248216643
-2.2643066087902257
22.51753140229874
-805.8484302869809
-211.6363156322556
-297.52655516595524
-2616.392673305313
-4100.320454189969
5.3668990412648645
187.3360188107556
83.64414810469383
-140.90385187283925
64.79159102182584
147.4944472125357
425.97702493876363
293.3203375653715
82.35049908222952
0.16265169679069338
2.531584513732145
411.12761907424
2649.0425709156393
717.1023247445564
532.797555282018
48.0634951835034
-0.37730013758795167
-15.736221469123628
-559.0718512632036
-243.28154863146838
-61.332947373557744
-158.4529115202191
-735.2155658101692
-1681.8586900198852
-5324.856235303904
-2998.7731069428523
-167.4476367482768
5.3087037288868455
430.5671469727497
899.8190501415622
1438.2995940364435
2190.634098012636
3714.537687661513
3154.7808506403935
1498.9801485660237
764.3391172022767
532.4084698820216
390.6499026632272
123.48867707444273
216.52330764659175
-5.751259684724338
-0.3996036744778952
-5.089865130421741
-48.905911845379954
-297.1151015832991
-572.170679790088
-141.34617382178314
-5.618175779718369
-28.89521499389312
-14.314690281311522
11.291673333360638
128.96102725405058
-12.122741529419372
-372.9950017591508
-422.81004951168256
-446.6619751189198
-1192.3866621137186
-524.6268151753843
-221.7164325393555
-520.9189283271288
-335.76179409110995
-409.86827032147863
-356.18592423766876
-263.5674796718693
-15.744760903163119
-4.753565723069146
-5.111173720789754
363.0508428317995
872.2788106070277
580.2835698100619
3358.701601392034
2026.586886089292
1103.314350328617
952.112128071413
585.9703610399729
887.1950066209921
821.492918877059
225.9424536316753
854.6191204161636
248.96214851010387
163.54923167502497
15.25293031664162
13.495988619470431
-90.4694366106045
-250.1108311573153
-198.67309007141705
-195.25170837198448
-420.7188097682655
-669.7134237217412
-556.4610644852595
-582.3839724880588
-1208.4588090405377
-674.7767652167099
-836.2552084987485
-1320.0569591438289
-1573.862551883983
-2724.2567010027933
-1981.1747039711186
-285.7149570365822
72.20404831528838
2023.7561652896154
0
0
826.6657172195075
664.8426460405033
7.401986308565703
38.18964661539934
-7.892011543296861
-2.9220591463360055
0.44240701496706014
72.24877066374498
-36.78272772265751
89.42823455397969
0.3669781341345667
197.71797760454734
136.20958000198505
-9.055136882107972
0.002512112097008171
-242.81239899827614
-227.9213937746298
-349.49349746967096
-986.1656943907178
-1078.8708810386547
14.482243153589762
1037.3960937234951
833.6345329388765
1223.056659910094
699.7576065105508
199.35993011665676
154.46166582638017
10.143647075194949
-38.16950062562804
-292.26329463778256
-1142.2039361403167
0.5807953217388344
4512.996600646831
3273.867051161048
1956.0583315257336
468.1862919078916
31.862871939213242
341.8843421130117
148.72181032987947
282.94559762594827
445.66695970701306
46.78597116538691
36.074109198288085
1.030871815062726
-36.08689885235483
-24.16002842309846
-69.07783407822363
-255.91480111241304
-233.23193890752583
-98.23098515978793
-151.13359422259322
-99.38663437945115
-599.0092818576318
-1165.5192455111664
-317.22199573212436
-218.68548453819724
-192.39049079354587
-316.6204766350741
-97.0738106959584
-63.06448606252374
-356.13254757469537
-614.6725778417178
-1522.250506416199
-2918.187016670495
-595.7201597793942
87.45525619859743
143.85643739982098
446.0133734429302
1153.3565161040162
1586.85140638212
659.5080846240548
71.97873867520154
-253.26891622947701
-500.10748785021497
-295.2844725761894
-109.89964450523973
148.47665330448962
24.36102076745655
72.86811049241558
142.3404022434857
872.4335437463067
1086.9105798900132
596.7925243327869
506.53987511914295
851.7878560954213
296.8080855243704
122.27405243264995
124.76557433744637
99.37765577163428
56.83935713354131
109.28955563636228
28.612828707860757
167.5735067137143
80.18413154884828
18.677574430704368
38.83218962179713
28.501337596916965
7.502725879386626
5.774885836603643
4.291823434288059
27.614865467456426
63.6646750147222
44.75530427298786
125.42770831875224
141.85778439968527
7.394145740741735
292.153356740805
0.09959396668099216
-50.68654536996027
-0.8972370708861279
-37.75175764977596
-25.928160215941514
-8.832677443919675
-36.30861866274774
-23.910252142533494
326.3109276483475
116.49737035943485
7.42321272358833
1.376875247647063
-46.932463224750286
-187.9961184295642
-123.47585568922936
-90.38914814834584
-191.5877610184112
-82.97331414797213
-255.49218570168586
-92.64208031880084
-301.2978427613224
-165.2134462486823
-175.63596519700738
-6.476386897049671
-33.60337601150744
-22.939888383432613
-76.8475350242534
-244.73289474709247
-276.7852019898389
-758.3226005302313
-141.70735095484898
-498.51146925815283
-21.179782738969163
-90.73222916321747
4.509987811192422
518.9785916418346
441.5568132154903
613.6209507892819
294.2346646209666
150.65638894353478
326.22817712676266
151.32793490631494
259.1811258472131
101.90834088318076
283.15852988907835
318.6589400980902
204.09318422557908
103.58019704570202
208.45578351532038
251.22081994385098
60.887551162223865
183.8807853388975
28.010077395069924
8.194627327643323
6.00368653897084
-18.336669140922723
48.99689097216866
-71.9917830192332
-47.82189823856307
-314.3789463959689
-514.2762633747884
-413.7582287881659
-536.0224394551311
-28.029687279107744
-139.3111044476631
-126.74429358226357
-74.90137879580313
-409.3490583831108
-307.16279627532555
-441.3575477684569
-412.02628546062874
-617.3387699651697
-112.84717637428311
0.3531623070722505
0.6887585950097804
40.539840906573964
0.40057068011293284
301.0338092318001
745.6797600579457
399.79667785265946
438.55980879285687
1744.277368326936
1282.581763189881
634.4154162014321
1167.8638507782302
658.8921173192305
723.564564932149
779.2691337885285
1361.8340904995464
682.6467761343343
1873.516294574746
134.66965612291614
595.9839796059935
353.20393680001405
-107.67373842172216
505.0876445930312
151.57441164367722
446.02656108725404
558.0793944701071
2376.2052300115433
2306.7884450653883
1254.4196784922922
2705.1915721515347
3344.8305983419186
628.5037394607541
1367.2772686494716
3405.148527257024
4841.233066591496
4003.4558552643794
9985.04298297363
14068.077797731623
31528.117334849863
15540.303306607284
15050.365269643778
20343.823081352715
15981.037821940057
19324.247500940503
19730.72398585862
17712.41138186934
24504.31532587076
23122.861318307918
31367.80166052816
28893.935132813873
43214.22865130216
63106.83403998607
82173.00737562243
171224.58910026785
584479.792373252
-364486.05000000005
-134805.71
-225994.62999999998
-83191.07
-55144.92999999999
-60597.600000000006
-48024.850000000006
-99043.94
-48637.399999999994
-75203.28
-109407.48000000003
-185739.68999999997
-45208.990000000005
-48483.74
-51837.79
-51077.37000000001
-47822.1
-45565.76
-65923.14
-127116.57
30367.516272726436
48433.94354583761
28940.639114734906
-7194.09
0
0
0
0
0
0
-886.0100000000001
0
0
0
0
0
0
0
0
-1510.91
-27403.27
0
0
0
0
0
0
0
-507.06
0
0
0
0
0
0
-1054.53
-507.06
-13209.83
-44621.15
-57359.18
17411.648995623706
9884.337059213995
6773.709126784308
8098.7841290888355
2786.458401802663
3191.0692688529352
1690.876960150146
1879.5899325712073
644.8970776461283
1065.0777066338233
213.63407642901115
250.08990367454228
0
4622.8253982967735
2919.498176356152
4222.309297981268
5185.950987645978
2446.693294432128
2421.519148118733
731.8157861960028
342.10127353426145
217.46584547266252
55.99795344464546
-69.78668618658847
-118.51354301967699
-545.7300295471063
-173.1631435297823
-165.62842321543977
262.89513133704315
601.7442232075391
392.6812555949692
152.6459776345577
128.03418265008392
-0.33115414109684105
24.783374153850687
18.43505559663052
18.614386694567724
-13.507881496214644
-39.850840340798925
-9.184268495045327
-79.10729644790285
-11.090137503449345
-189.91578476330906
-39.012406233032046
-181.91183473498933
-166.5715617257266
-284.09322502507155
-93.05577656261688
-0.1896136961700553
12.336161055494864
28.010011173979436
-36.6029699862857
-94.38402093275806
-302.6692247567554
-179.92600409093444
-621.4034131156941
-203.81834338750326
-810.4707121242645
-882.8055865197972
-723.9384417034282
-1399.3228408475884
-703.2964240712365
-214.37705280429176
192.1729733777312
3110.4661701912028
945.7256399052221
84.73188378337412
97.40950779886694
1.5178651420167122
6.6442487755065205
72.02520412565136
441.70041588156744
409.25429219977656
222.58573205526363
21.55345551144452
-203.89738176133037
67.03538194100831
242.08042511040037
212.11319322925857
268.87581712246396
804.7982820498055
1098.9282687793182
1174.3792673826392
480.14200013489904
532.4987433405809
474.3222469951743
244.91539429271796
196.20838908206812
5.774066640907078
-2.0409696702690114
-197.4490253615824
-656.5271127075781
-482.9988782576826
-623.2508235061605
-316.43193870484833
-300.7445416727831
-370.21579103694893
-278.5051332207456
-248.84356822571584
-628.3345100296923
-813.1407881265504
-125.81391551780212
0.1570935085201828
148.18668123988166
188.318913385533
121.78416720484667
89.87994733983179
82.90968629613639
37.34809588309006
176.88947808486566
43.38037876312352
96.92474966988343
180.03192715858654
163.8243665040909
335.19175454817724
10.580157044530422
570.0503555277239
23.00492082973931
52.68552190773944
-0.48176631517146695
-52.08433447587162
-167.47050345683516
-280.31681581542153
-293.4836059641044
-69.51151116429389
-84.93450973299778
-85.5371466171183
0.4891805221958315
62.57766185767106
10.304631028448648
-68.05857114453136
4.4854148254360595
-200.62235615286193
-158.88210949509227
-195.52298987524537
-214.93094334883673
-259.8860078108305
-334.16213200378525
-293.9754339685498
30.711910251894086
537.4059747854093
1009.0779481780539
219.57325040429538
89.86495098389958
7.965959127260803
742.8049490231582
198.26160957959638
0.024668877510948508
172.43638033947286
63.49570660940732
-34.95939512340694
-129.36005817555048
0.10149067570152322
1936.6490445561062
1395.5785035632275
1953.5243771587127
5488.363040723905
5340.16011758933
818.3945357913951
8967.076417960536
12246.556075328974
6792.9331978089685
4459.507058490635
790.9518622162158
279.09128459527693
4947.432010883325
2401.669272990983
2044.3784559149394
5903.868474202742
10896.806395991247
9172.021689184809
14378.724589188418
15429.2569102148
13216.085127943452
15408.003318182207
6968.154998358399
18681.224542338994
27791.300881879375
24033.47802906852
149414.57505496882
-518249.72
-137406.98
28253.79754760753
23707.361349739702
96364.35615928302
-263334.31
-14057.939999999999
-19911.37
-28035.870000000003
8947.564190204195
6169.267747958119
3061.7921580988473
1143.6555585554474
987.8047279238974
869.6814851346016
587.9378073338264
43.452903377695
-42.20567349673064
789.9110398894891
1049.4513672330816
711.906641698754
1837.5522975968775
2290.1003459094286
296.14741998915895
6802.232930160049
-57145.76
498.26146059107475
326.38640658824926
-243.53159609785868
117.93303590153414
244.14860801419326
123.76857991867362
104.34146469829763
201.00185128995378
-198.31645776818365
-38.725642474131625
0.4129893909747638
-28.322918501532904
-682.3407158974336
-1303.3277560871388
-5338.0563705096865
-1201.1007490744119
169.97537548309694
174.34538897998908
925.2228770756747
1052.7089798862573
3111.92379997727
1459.8763046747265
1930.425808511142
1218.9152886049928
1319.368824856872
1110.9362656305216
1127.5598268092735
575.050946269118
649.1708640066998
215.08828011545347
168.9717359390129
10.919562629061964
-4.471664064154351
-111.27867698460648
-467.38357154670626
-295.66159490264965
11.541929968840567
24.27194717878523
101.62008404047467
10.784433175812637
0.3410805973199665
15.007781156752365
-42.14103999969897
-158.6286382658461
-121.49881080480036
-207.30443306709697
-456.16839941926247
-505.3426354409338
-594.0903682083688
-1072.1185817405603
-648.5941417864321
-646.6576880383274
-695.3138013662016
-1074.7074929990972
-1360.96511454365
-1507.8346907336413
-415.864271805567
-240.36008192598987
29.47534087174796
682.4412544688787
2676.271448326538
2093.682689672196
387.30952551709834
49.95722677674951
-124.4168445731822
-302.6289784210081
-105.96916228312489
268.00362976537406
25.451779835243915
627.9593936353551
579.8738917231135
308.291138573842
179.38056945465087
-113.00483636394283
-291.6119030794575
-807.3440293176236
-508.93815155820533
-15.656060981827734
-23.836283467502867
-28.12451268461918
100.60340491406319
439.8715540319049
146.9315702615936
-316.3101676198112
-534.3836281226952
-365.21996122105713
-1724.823809589765
-572.6648722304301
-2224.6846211114494
-711.9396842553529
-345.64380146198533
-251.75361367533492
0
0
-10625.580000000002
1121.1851630435983
2608.0915694988744
2872.876124880653
1930.048605533232
1217.4340111393217
925.1305241706929
387.6322359094204
448.06702372864015
455.89000936162444
442.7090126202372
512.2963651506946
380.39019338266075
148.21017760650122
32.00801107584199
-153.13831408024697
-0.24472227819471384
-481.8834078674521
-500.3811807803137
-918.7553133659153
-1122.090232421421
-2.137788352228196
399.09442458542685
-40.000419169578194
-182.80483067489112
941.7616283995601
414.6267842404194
-28.36277784008951
-231.77228182540142
634.541383824656
554.6226815396033
194.29413630612436
-18.466795559467315
-261.0711611066263
970.9068070964688
351.8909373462397
-1.2178014454475814
-764.7616183826199
-3206.53078557015
-264.29501923727855
602.9001956561552
432.8498484632191
64.18149581051924
-313.0532396334752
-597.1117216198135
-1097.9975131460772
-3385.2220301871494
-77.08815108583285
119.11629319077915
49.109282264330815
0.19121296701923068
358.7332472543094
3067.693484387036
3070.3976082599056
1683.670461634965
894.5799411044035
709.6630579994637
326.9648912001665
409.2397025555785
528.8925714578908
273.31699521936946
39.08168615229702
-14.372059993299391
-200.9730617682026
-150.3289680071401
-362.86791626293154
473.59063597818835
92.47003433662043
3.277430353506245
-4.9751820438781875
-266.66402490853136
-52.39899039324422
338.083052926949
160.7653729830813
251.99576438714658
77.3869697727026
86.08435118021342
210.19533847917336
-3.1996631164231024
-0.24384263685582225
-98.54070389116332
-250.69012581723766
-410.2371191144571
-798.4307847485052
-526.3743956055207
-528.0120512425415
-154.4732637779463
-60.67388957484829
-44.1269166415989
-149.26713029015747
-111.21025304673361
-285.08504695034014
221.63820415740156
425.7807012716065
1578.4779264318472
1113.1748236724638
2994.436065051739
1875.731312428169
1517.0718922702058
1185.32036597354
2567.9375841744313
2998.7023922583444
4118.710538483929
3782.455970805955
1234.8912019649124
753.8070360196075
2930.948585869027
939.2667057245797
2283.5996161631238
2434.699262548337
1668.5717645538623
1089.4897817740448
1076.2087610004116
2949.4449546517535
1642.0356325786474
3440.1951300965425
8961.759071506935
7230.883825920451
7176.909502212114
7796.21926470187
14211.997254147043
10428.390618402671
8489.04722407318
5049.431240727317
11775.422182169015
15798.810746998286
6560.303037012434
10057.738602076202
3974.2365776629904
10771.974275593811
22479.97262925785
48478.82442959733
75766.26752123999
128881.27314887024
-146460.06
-33922.59
-81887.09999999999
-160224.09
-39436.7
-1979.9299999999998
-2050.7799999999997
-85448.42999999998
-8463.21
-1271.94
0
-636.48
0
-804.25
-5384.05
-17952.47
-12291.789999999999
-35004.47
-2462.3999999999996
-4263.77
-36183.509999999995
-110476.75000000001
-86397.17
-58916.97
-9017.36
-597.11
0
-1580.54
-1222.94
-944.06
-1796.88
-9201.28
-1530.52
-1888.12
0
-5640.8099999999995
-44866.020000000004
-24265.569999999996
-8399.74
-20769.27
0
0
0
0
0
0
14925.390000000005
4389.492577005811
3372.3467924815295
1423.9306181670945
1330.6005290902315
627.4816212480141
643.9759086877899
3109.1556575749223
12011.381496956566
5988.828495894735
2918.9458546859296
1635.1243275376085
3224.236492543366
1087.858928427598
804.1839900066371
215.08870511820555
-23.212539313810776
1716.3337494320176
1125.20667061297
59.250367917866086
126.57362393511539
481.33920082394286
186.36992283749902
99.80393245686577
26.492460886250512
195.3225173908426
251.37779692168672
456.07491759367855
945.1200835237901
348.65929829443934
553.9410888437142
64.05995303522957
-35.3054174271254
-67.2371601694344
188.33561607280961
349.8807770034215
-323.8183511353281
55.18564039168094
-268.3077081714958
-499.7314204440799
-589.8873298310922
-631.9784382979711
-533.6999379779822
-610.679046250279
-1655.085438751331
55.51447029072191
557.2364836959362
-0.007192558416232122
732.3337304455566
7.269028874483819
75.42468890976626
-83.34153479393406
-95.56177275839451
-1690.6968578803298
-2056.1218954123296
-347.1460315150301
3265.6283294217483
2479.7675154620615
861.0510213348913
596.9913374988378
74.20317677700284
763.5192340014765
703.6675520084078
40.999300648701016
-370.8082720568219
-0.40117997589181326
482.8105024582522
-63.242042401067415
8.644373745564295
744.3974663696525
422.2255602755868
-120.79297005007474
-383.8396193412211
4657.911871106338
4105.709551824094
9225.946582782206
9909.474807426172
24294.76891944535
-28419.879999999997
118466.58961376961
-251462.53
4278.732258388162
1813.3482428759257
1474.3605055113862
800.7402327909975
452.37534279972544
136.10280881322194
6.258171738197937
213.725054706898
113.16768156064285
-48.93256701399305
75.3972040018414
95.56352371013561
1.7780281203174413
-210.3057743808221
-53.21119628051043
-0.7347968424620936
-81.26649946982683
-6.805469509710683
-708.743347284119
122.11738505908326
185.05076122857093
-220.71050173575415
-1151.8616437338421
-2000.796122397754
-407.538100087739
265.0805489143371
533.0607727585864
367.44097750367695
768.0079992725694
1241.3510324345166
1975.088226904711
988.8412234886504
1037.3245210359012
457.87210567673935
397.48562622867456
194.8954632216632
6.687400183736723
62.468177799528405
36.266738471640345
3.586794736003409
94.23005002345205
30.87500950046637
-0.4163474136716001
0.33812468165010046
-1.365786177898153
-0.09059368936733582
73.7953435589629
6.911623382022302
-0.33378119149271446
-119.58848881268008
0.6793308571510646
-160.09647755030826
-190.24557848677523
-203.16105429528602
-135.79649889362116
-115.2650580070345
-78.7073142472224
-332.9635245396919
-490.0948764348861
-363.5927398879115
-833.2774035594535
-810.5143545205245
-993.6170007773903
-511.14455707662773
-98.83724967680256
-697.5293890619965
752.3179379008957
127.66217757246939
-59.579928386785625
-949.8110669404655
0.45253944441915034
2569.571906067017
2252.1425344145564
1025.549535763729
580.9747264990992
925.8239984735953
716.6161671441447
549.0648023973199
952.835064438715
122.29077667978646
165.1341470010255
52.03940037919347
35.5823127545836
-1.9360372848436986
-116.84796016659826
-258.8596402818313
-257.57351782050347
-668.2098256607928
-1278.037986377899
-1275.6791127995912
-1734.507593854291
-1332.0298648766695
-1619.3079721083477
-2466.3566847251104
-4433.824470045365
-5291.202052021306
-281.5037542583156
55.19745241000737
97.8156434694765
-197.54996264136213
-266.3165132863753
-895.8094249804449
-836.9701932524547
-200.70731754066745
-93.7367269213884
1529.3438784099249
2815.6322159461097
950.5380783631562
12.024133075739297
842.7720853499206
1187.3688244601842
285.85220553010646
75.16856426326146
4.538055864529636
-82.89557766209214
-222.29131494176474
172.86813206824337
719.3106149437291
36.4891397595321
-51.2135011177254
888.3148395614564
1335.2450358399203
1091.8884893232766
720.4744119800282
340.37274873553457
197.11879900496268
37.84972467885693
0.8688673661624903
-458.1073614406675
-611.1917548162478
-0.37755970375952136
-0.7116160311899089
-114.86987096893942
-227.0902208481483
-615.0859932828428
-1278.4616469179473
-1795.521079491925
-2146.8443332168986
9.901533526294688
50.01884876763549
7.190315313516842
-113.11121276158784
-547.5828543739669
-438.32957494744056
8.09306092354094
2929.2174130343565
1772.4233462945297
428.80386364315626
515.1807841405277
38.99457388508413
-9.25818047184324
-72.37874638466951
-682.0328274207056
-495.3211345805753
-2.51034997987807
58.00561213644997
102.30881050979332
22.40201241599251
-4.795437001716007
-144.80997105875133
-97.00827028725803
-436.90484572663195
-1026.5636352221754
-486.47719557157893
-791.3460586684212
-1490.870775352139
-935.0870509030108
10.568552921764674
4.950707726093789
-66.29753858025802
-200.61118702933805
231.34411912184953
135.4338293001075
-10.388478517374836
35.820191184655926
5284.281697725495
5068.736017097165
2258.4767644657422
1069.8433699373638
536.6444373159769
2305.79294357236
1626.9457239424337
648.476251146759
154.52887384963586
-19.397898514438396
-73.61302406345526
-133.87695876411794
-139.2725524199344
-91.40615737324464
-78.81620688459269
-83.03199236296993
-29.938803354149833
-177.10008142033186
-560.4517506282585
-1029.5942692285766
-721.3326589327359
-814.180633642751
-1564.2495683756495
-957.2084923026356
-193.8667729283278
-80.66726026726029
19.491406847399723
-295.75822423469674
-789.7954309040592
-2184.251217738543
-4618.072881276541
-215.82580461545115
2813.994050178648
6018.599697398333
3034.527038289773
2036.7764870532992
2176.8953829374486
3275.9492243672894
1777.1532324372015
1031.4936585179898
701.507587225503
46.9221607533718
188.5632695637587
55.791190862930065
172.0846281569746
156.29081812777451
144.20980257306786
26.709348757522367
122.6498023161935
172.54491823176244
89.8558506867146
26.11517430891036
24.811928578465015
10.782447733076921
-156.08391796983653
-61.466365583892355
-169.00024646831804
-657.0858069265321
-393.280704847887
-865.0189919953827
-870.0948420784607
-1494.676025974425
-1215.199117614285
-1815.5290783659207
-1307.5664967137568
1359.9541363086241
588.0588497561382
13.023157220939085
-36.19462847248776
70.37762782138793
611.55497178123
297.7322911330287
28.582231837165953
-61.78151622660856
-1303.2134634884796
193.769350205097
859.5981258943452
443.9157125228986
106.90192562128571
0.3513635217287399
-16.412050575127562
-54.70642723613319
-272.2215985615102
-722.6521859293117
-1861.472830926752
-4526.483784009071
-7377.908632810817
176.06609237259804
90.2688140131522
4.291302880843586
385.81094773939316
937.8561194374116
1200.0758016844834
816.8970305529377
434.21904817146515
86.03696083386978
37.32859441578772
-3.3745148173140844
-35.65033774436938
84.55707651550058
68.14894177841568
288.0317373747697
296.18123735966196
253.29922813061472
173.2452040229124
8.474675271361642
-30.995221214271808
-171.97296451137913
-99.69545051009064
-447.7799900153286
-0.018419585109489198
-179.3782883070646
-23.336855827105673
-232.74629919773963
-39.22769281350985
183.5169030365663
37.25790752999488
-350.59581960675496
-266.8608971272675
-1268.0457724699847
-998.1461739165613
-681.285434018256
-64.71341365942952
-109.61497651883496
-796.3809454697964
-979.0125835766826
-1028.9523461481162
-833.6588455800272
-0.05409349662873325
72.65997884997859
-63.37747812425333
-15.402916146906257
-946.9767695796911
-1551.3075238930364
-2445.8441029240994
-3610.6962799364583
-4545.5963508651475
-2243.5468613289418
-2360.007045927482
-2906.5788797575337
-7717.583391791788
35378.48495023639
-86519.51
0
0
0
0
0
0
0
0
0
0
0
0
-2321.64
-3200.75
0
0
0
