7763.29
11521.283307737951
2349.0572589090034
2688.7468516149484
1043.929214074567
3652.9351759503297
89.23598346827329
-134.1446238046929
-4.425449626842449
262.664811653792
1755.7470571177148
2554.968948838061
1056.1298058291484
-7.292195663823905
-664.1881577376157
49.14096251164966
60.56224079063461
0.26670540742251986
2588.353542807914
3442.9716608995277
2057.205543012725
2637.6498182605756
3862.8365747393955
967.5292556252434
453.7497812242582
355.72336931198697
363.8352031785986
137.46875090262694
176.99944143730906
68.1447308611896
7.495718148794452
-145.4960162537708
-36.13842330903249
-57.43620540668439
517.7761148145378
652.1275754628565
44.53670004996666
129.93173474587712
38.47416055074022
31.145030350906307
4.183044940572849
-5.741653426268308
-9.752001393868698
-0.4924666913291905
4.042860509030946
33.461878472662114
35.02368558191803
46.080582725711956
13.191868751737118
39.259803079047046
21.606880726407788
22.40518019173187
27.745311390153322
-23.844139074116764
-465.3702850060564
-650.0294461828493
-931.0966950833797
-1421.4220978564276
-1343.6525762296853
-1655.3630730449138
-1718.5140343404005
-1839.0676255914416
-961.6741174153797
269.8011536618472
16.64174709938086
-0.5451774260823411
-85.070582663424
-89.65156271742549
-0.023236742973053236
277.5861976096577
3504.9318214004365
2370.356567707144
3266.0004568797963
2058.3214639143234
1530.2281894914088
995.1605723745753
884.8715054414741
652.8103958380941
131.96496763454826
125.48437306008526
60.51869035739318
101.33521111587154
0.04832834235781375
15.77556599076961
-49.760850754961396
-7.380822277872719
-13.016299822109891
-64.8531756441091
-132.5063575473448
-157.8825997301053
-155.5932619691383
-822.3246326311904
-278.92135228802437
-864.7878872111312
-1397.6212624694042
-2395.2178173636353
-1999.0901504838234
-905.4131054545941
-777.8319061981131
-858.1673824054593
-646.5001145264363
-191.3016573989888
-166.10280307722593
-108.28650847474091
-328.40551196202625
-361.93771822832684
-32.64396987483417
1133.792916359426
335.4553441413891
613.2590353923504
168.10508887644212
329.8857851917185
3084.6421073435786
1577.3697602590673
282.0804723816982
64.19067302858973
7.067084369748004
-185.6324730982057
-1021.5064846128003
-2748.5925843661084
-2683.0583600730943
-75.53065405684889
769.4480652702505
207.65454744609556
21.216506534664912
-1.576361355081516
-161.71214436590077
-356.7522598226397
-751.8872634195543
-940.8233689478931
-144.37964258360813
186.93619866759354
-63.737363839557084
-169.65829957738552
-188.32380491861363
1077.327795932336
1476.641111434264
897.4249523152845
242.84271753366897
84.27532139508563
-40.31688311985858
-117.87530502436995
-15.225636439143996
1.9915757838761339
215.76850063952696
228.6909377076211
50.84575627769826
8.170726779729257
-419.5751401701254
-850.3071391642791
-1201.6371547174053
-1591.5382167458133
-1689.1365300774328
-2560.0666187851375
-3542.7501533278464
-4104.255616574111
-52.58991812374491
2765.36039389137
136.15402691142577
-4.119896149505712
97.28019611716118
-306.89875604995325
-1571.5221922909088
0.7928441955673275
114.88498516268112
791.9182887212471
121.39408357345818
-565.247847656148
-561.4043431198643
-334.4643684335394
20.64284463550464
2058.4944329720856
3625.4476391615553
1591.878784321977
411.4731604699092
70.58589992063735
-12.087792605885229
37.37632463944861
-45.053827360533234
-537.413438327974
-96.99234122470081
-0.10874138709129534
357.2481917857443
2155.9151191098726
3068.9340365157077
2160.632544178693
1561.9565229835569
1123.3420498266387
1270.2428723829803
2205.120093125498
3290.767021405401
2261.689692027519
1325.7913232713981
850.7844966398503
776.9762224111805
477.5393469919352
986.3040518863542
402.15283182729127
192.66798192330472
85.87859749173394
0.7668101542516068
37.03576416839179
-3.7499439077550103
-30.461495704080512
-30.44518889638625
-31.744495659999643
-28.77089090661667
-62.155813645450586
-97.03130706320147
-116.56374445239038
-143.00086266621233
-205.26042399025562
-377.48571255204416
-530.8678103776142
-649.7175927281492
-24.695834549448197
-280.7751151731826
-407.33363030117056
-685.2734174652837
-563.1874741205799
-605.9468235911752
-728.7865444609146
-998.0464435577614
-1369.7468587783464
-1398.862898225716
-1356.7454986682985
-2587.158735988461
-2959.384916386456
-657.7582503269805
342.4361139701689
157.92121974942862
-1.1665212768826025
-6.026937486928901
-13.01227773952912
-18.635136884767753
548.337880496322
-12.72956247134624
-124.72734783752337
2700.61006391443
1245.167547944542
831.5734014194531
126.12914709921495
-32.30510049270087
-167.6764841679779
-1125.264698594462
-337.9356056186498
136.40919260374108
54.79468109200031
46.12564254227203
-6.356931052153697
-59.201376373081644
-5.69591329681443
-26.40960069784822
-93.56737685969779
-77.71188389990407
-100.06388773348723
-33.46661973262696
-5.807889883598695
1137.1414694370906
1071.2782853649255
58.04385253387369
0.008846202643942438
-2.895987967845289
227.6326774364573
1331.8745849790437
1482.9321133043452
1195.089525150803
1052.2641943773028
715.8674554049298
443.1094604408601
620.3778015595461
341.2231066355422
414.08585447563934
235.46059935258444
49.532643899148326
407.56957416796337
115.79743088149604
295.1082539434079
286.6240325262936
392.1165715910503
111.08452312138719
15.944506879219583
0.11155536618607265
-4.503116631533194
-70.73988267319147
-1.4501346092613143
-1.8087905088038123
-16.764734851804665
121.08518147715633
-1.3411492901991398
5.252723777241778
-5.23657606853939
-13.960138009874997
-1.9847301515595512
-47.63582528824906
-4.413538110191474
19.59362216344457
64.9685051438211
-0.15631275789313684
10.254392168653288
-0.21704792260250425
-0.03357041175108527
-4.981752310071963
1.2142097576043462
-9.915852742496323
-21.983763374090028
-15.92384961093378
-130.95261215546677
-177.3386000697099
-185.95737286041629
-376.29396602766593
-355.2756133026874
-244.2913576517787
-39.596523444736206
-189.8905955216356
-266.7507328643714
-331.298286307858
-413.9578398391403
-466.89909087483136
-617.3620112939391
-843.9993540264472
-1055.3421659830055
-1853.7927796995414
-2536.9730954860693
-4169.846936393279
-4353.941730191488
-2587.683890214533
-1028.787612415782
-435.7821859494697
443.41664690249485
3582.3712399533442
2968.8709013678736
2290.0258746573854
1607.686807591696
815.5554476645132
3.8062052565000184
-636.6128480087511
-409.7480270821783
11.778507812793695
580.3547408940195
1203.462469859828
2618.887619902741
2133.922156133289
1799.6543735856994
827.7467191593887
667.5735950445203
452.757201077711
257.2501906290682
83.47685321746587
171.1561349623159
3.6912516141954215
-25.767542508944913
-67.89327362805089
-96.8006128160423
-229.1488151829946
-3.6233665190504762
-235.54760915121517
-330.5043574431353
-336.756106464384
-507.4647454537138
-1332.9866557377295
-1216.0526193696119
-2340.2792355821502
-2039.8618631073873
-2392.5730473150916
-3129.487128122267
-4627.89704775162
-195.98372477488323
-98.65867725805192
221.2640478759755
9.312734258224681
-140.85736721452403
-47.93114109190864
111.59090096762104
21.391636413438633
-86.30226621877226
41.74652657465758
-651.8833785743122
-65.77084618584946
3487.0192240143497
2226.1225290601205
3887.947361507533
2773.1710261083963
1325.5225776798077
502.59079394265643
89.89242133817487
11.219148896497378
-1.106541727675641
217.9616352094315
1257.8985024813896
1097.997576878311
1028.2064041847739
991.7094030777544
660.4106278245265
605.7062904965704
316.0524671098616
521.0920342566067
499.7820583419466
248.3417548808648
476.35349746120545
122.98814141896224
364.48699465690845
53.87084587748016
50.26139872023229
-6.674302021153237
0.05022816704616789
5.08250058534891
8.179381991849123
12.175617118987605
-2.802557397782152
7.561964471273047
0.16589268053412487
-24.493675443282658
-218.30019032693963
-297.0577590971917
-551.861985420944
-317.3483366659128
-957.5769700915064
-675.5693170760475
-739.4270885203306
-1737.3633967127482
-1983.618073348539
-1320.3483729453455
-61.99346875180327
0.21863572694948794
54.29715211824309
-80.73080530103269
-188.28875235551936
-590.6040675759057
-226.47098186494367
-1369.138931657833
-809.4579668018017
-367.8235710842155
141.68887639227466
18.937310502120887
-130.71517265104717
-931.422942396229
3.0112630034890158
196.93582141345044
386.74902585108447
507.0426826992222
345.85325326281713
62.52727284617188
163.25625940532393
229.39496787433805
742.5347556663806
664.2696848570541
416.83239637289813
254.39038221342304
387.9121493509458
274.8304202997751
86.61175763387527
20.350011760512356
29.769816010300957
37.115488375200286
-17.217505839231663
11.807635840300403
-96.93845620594627
-164.67879402174134
-97.99314823112837
-128.01623272002536
-275.81179793582265
-358.6205807514807
-1.0839808236181678
22.842766117227317
-93.47574393081399
-495.2596552445497
-1660.0295038445486
-3556.9793179942926
-4233.267201223789
-552.7918897195482
-0.058357198226677606
277.4994428524948
150.33160987969728
271.08039107364664
875.8168559147618
1810.8995405299868
2841.1194790911486
2005.4040352029895
1359.8846422945912
1025.6070514524306
488.75437590315636
420.4176621709727
402.7963458646503
274.89521409089787
171.36344943322018
31.787395621031607
0.16532521643105463
-0.06723269203025432
-28.867924856929715
-72.85010288577118
0.11410120373618132
-28.01067775487035
15.098441708881559
-0.17021267132606466
0.6865230588056577
-4.399382707416942
-4.149963802274623
-1.9244295713051132
-18.29412267185763
-8.332162745328954
-2.526489037835703
-9.300740488431899
1.5998240224691977
-36.2097911715869
-0.11087291568162026
-0.09515280176892021
18.834611833870717
6.558859506492023
66.95645155682482
31.355299486629512
5.216165051653595
-17.1174263487681
-67.59987935035485
-33.78096428009805
0.661206286676197
61.11272920008329
90.64252203961165
25.87948877966076
2.905756956338968
-2.3586837485578944
-152.39716158995378
-124.40050059836483
-393.30976785527395
-117.75363118338973
-207.47722675007967
-37.920417391198754
-2.2068151004772454
32.08560852984293
43.15988907807937
79.1886419827008
24.747323205636423
26.463633284134865
83.03929889190115
0.8401750790786088
1.9776995432722493
17.42928265906313
57.39025963353493
8.024354945834665
21.377013545162505
16.4429810847271
-0.23552351902585855
-1.378192967510124
-12.348954699364697
-3.628052481464077
-0.006598999738823983
18.05543746327722
-2.22023691930588
5.31017092942456
-11.711103559151834
16.561487581365164
-12.47801383413466
-2.3238146165624882
-16.390927930172886
3.459630558530814e-05
-93.64298686655695
-65.11004115956476
-93.67026955033975
-254.83148091919668
-237.45336290105487
-597.6304914297456
-749.2800904895302
-906.0574035632606
-1137.7247451987946
-1404.1774551617543
-1610.1480590187198
-2372.1341100735026
-2428.0297592680604
-1345.2527029015723
-1345.9249348003866
-1202.4421161135485
-740.7644278038713
-400.87115549795203
-877.4336268251118
-1006.7734499517397
-894.2568652432733
-1464.191520863374
-1376.583749852944
618.818540728086
1647.0949930081329
3912.559288798462
2002.551682982309
834.6402319502496
26.092866109136146
308.3954273195788
48.086273861723505
45.06700540160059
-102.25778298395254
-546.4542351134947
-2522.2826238382236
-91.51814540190654
1892.862994872879
1314.5246908609083
167.259845480612
70.68250544686228
969.8141851120606
139.99797402000104
-267.33021622312276
-273.2997334541484
-450.9498370383661
-501.54102344418715
-467.10661067839874
-132.39095668617404
-617.5909065331849
-2463.0080065324983
-157.4922018786787
785.2466496535355
2067.34853161322
820.6851813763028
1043.906626737817
476.44954193490366
173.58178406042444
-0.21957870781255584
275.44387488516475
380.37007710098635
360.0446366593407
102.84806062915422
45.21739262096037
30.94728965940234
11.91442912714528
-2.311204608237788
-50.286907394860386
-290.9615218724505
-531.8670406869921
-112.09635797760663
-379.7479199895424
-478.9384205036399
-879.3899631675683
-643.5108923434957
-1036.5435246816846
-9.315577135069326
146.67216162921807
240.87308333060687
272.4767195971302
-19.93605955364139
16.275903960811835
-898.9374456464894
-509.245461737948
2819.47439090183
373.80368544824046
124.2746978651622
-162.65087719940547
-755.0542614800804
-138.1262467502684
169.43749101206242
622.8826028911664
2596.307820811674
3403.588019634757
3501.0324907787226
1703.6960831695123
915.2714301627657
739.1071889182521
774.1868880439209
306.3422204754689
376.29217552699885
279.5893335162166
106.28408969618958
418.38616994511136
161.2109541781861
112.79613321382612
139.21806961429846
65.55646539247469
67.89899347532541
80.44824458829329
74.73120797187723
5.39463972863156
81.17400195879807
-49.43363046535458
16.357427518711667
-5.3966014394656
-23.231383951538092
4.051386290731325
-0.4461682987267874
-65.63236930109997
-0.6062162145972783
-61.726841706994946
-10.054067315800195
-7.001639058879815
9.390171834142754
9.476394828090035
87.77344814059833
-2.2557882887668095
-4.7655084184918906
-105.46405352911464
-72.54412979244007
-261.91756640554377
-181.85849963364268
-102.80109186028187
12.276750850707073
28.379578116032683
309.1937767256076
403.3404045244149
123.33366888271169
119.11717390390005
93.85114677071338
37.50315614052916
71.94931945896121
1.9313575556531537
-4.317395818962963
-47.78059328397261
-32.97188665057213
-44.292272793272964
-11.934897744226438
-0.9587620790190134
-11.43858981120412
1.202870873347376
-15.02349915800471
66.53094290405994
3.3106590804665013
145.05118883390696
54.762374569427344
1.844422529711192
22.83519039443588
-34.35386385736655
16.35697573856918
-1.8728974876452482
0.41071196566033974
-13.69384386679797
-50.631458748179114
-130.64497132564287
-34.49633758721092
-45.95439171156633
-134.99450828050888
-205.52033562673384
-204.42237760825648
-319.26713042605525
-292.55165268232514
-406.01845224373045
-323.3814870008763
-594.4883229650019
-950.911610870872
-1602.5461154736145
-2748.353563022839
-2397.2408137473467
-1512.3474280097457
-1831.8071555834194
-1184.86220861573
-2780.7055572636446
-3244.302007340932
-3516.865306281307
-768.5165469626436
472.493299488722
1540.116780421833
648.3055538766656
-39.94844381710129
344.9127707014222
12.778585601967947
-194.24545515732842
-621.8254416704418
-1555.6631231648735
-1965.6654028327687
-4264.088100181515
-2904.0398384360356
287.64480969551227
4797.998491064927
1118.1253093244716
64.3781531629049
-64.23232070759585
23.36537407018334
357.3564354774096
1592.101993688355
258.46185047169615
1.923697917376609
-163.8864860496327
6.554370256152353
269.5427613841691
-89.1214425578294
110.57304997346735
2029.7288259583152
3133.6109234294245
2253.746591192822
339.60213323041125
-98.81752003835257
1378.1376979968923
4357.236421666539
23637.06949459931
-64252.24
0
-712.12
0
0
-494.74
0
-3299.95
-236.26
0
0
0
-3548.37
-2094.12
0
0
0
-49210.19999999999
5913.963740506155
1564.1401908342664
1217.3009123536083
-82.47210080927522
10.28482464931825
1291.340859030117
3886.7499498106254
1914.634828279893
465.27785331407074
58.89786904341215
3.0991828109222412
-29.242501625181188
-222.41904797250294
-114.4516844155976
-29.30284947421905
11.90314823427357
64.06748738828445
365.8811544350118
66.09077069579787
20.06285168730003
685.0927181470271
-62.50656075863159
-478.61270799720177
533.9629196461992
-133.82636457921583
3.586910872985008
504.3118212923474
-13.419961382282516
510.0596321087796
368.9977808241087
-40.68592715848443
170.55454610811515
516.8505472497881
361.79678105165794
302.63637574829505
42.24894008434573
76.71039980366686
-331.56003534289994
-418.6636566369149
-0.2371780058672464
2.0908363818781157
-99.41074805566373
-636.6690689576899
-447.8914938610631
80.31799085815086
1586.9910204259036
757.9260457649368
1199.6199911874455
306.50402093995524
-25.831002762128165
-361.00469864804614
1.0679864347067782
67.65298007853085
1386.2141702569106
199.13115356689133
-139.37080872625774
-11.373002607030113
-92.12189368805669
-129.19070058158536
-638.6613545192482
-2063.0337815370253
-1882.9126328653015
-549.8761095160208
14.333581817989462
8.157979342513764
-71.36746444385454
-345.09510989246075
-215.3536303643818
-29.401728189983782
202.18846242716415
-74.65727132162809
-446.7710821672074
-217.72212259051432
-181.79728446527392
-115.54279236406839
385.86282638860445
96.24246999879855
3.943341115169347
104.15061219424857
2092.0655043481365
1046.5139909113282
253.99086977522467
135.28112985173024
-15.578297672439572
-423.4113748694606
-1268.7895470120197
22.748288235787854
1069.9403974986453
82.36772364665151
-44.540809123865074
22.534514922627153
-0.0407665899262216
29.57599007208298
2472.1838313059843
2070.4175673241734
1693.876630969823
815.3446949540462
369.5245743613022
264.34018697394583
89.03456664491713
35.27652871367022
-19.41826245693413
-163.66765079820132
-299.2032629184947
-204.88735736753472
-64.47806230380186
-66.53998909958466
-136.7067048749635
-268.26822725517917
-91.93914981954691
-388.51148553191433
-1844.877084217741
-4296.94239918184
-1098.66671458117
5.502761274309824
4.013183047119131
-48.51495122162737
-2.908294086819106
-1.849465996908798
1388.853363199502
2224.4037210592664
2410.1717361228148
1212.0744962402923
479.4181952923523
246.62139620278919
21.232545369090246
2.9593766922832225
-24.770589440805686
-1.6227425479150543
-437.12758321310605
-1592.5882364937754
-3104.343001046176
-569.9851796152732
-230.12755182145756
-397.90276865565215
-217.97527995061577
-38.55122688434112
-453.8830030800826
917.0365952651943
3645.786509745043
2666.055133582241
1840.2281786442595
1067.351394795327
388.18330312662755
351.38660614583443
493.84709533669997
386.0487569309352
846.7524555780608
910.1396784651461
944.1332365850722
1121.4495084226487
679.635571301061
448.8320875263631
441.1655771117555
197.91283064611787
250.8242560783816
262.65292820586654
51.281481175683915
-7.6390379883460975
154.79828277946427
18.414847245143974
12.804164927456364
73.88568119441977
39.8471315575145
44.38936698416498
67.98348544898248
8.243157339594092
26.62980832286151
-0.22769581440770698
4.937813238023234
-11.446045014929469
13.783960526408581
-31.333018971487625
-7.550750839774922
-45.528662318067276
-68.7812427494166
-87.99272718682161
-200.69901700336314
-258.0632272695698
-321.4000387390396
-187.75295930124705
-54.61800318390908
-286.0450502790931
-176.39373094658671
-281.2079513890281
-399.59023583077055
-309.0809490220416
-288.504085576741
-524.5195472214492
-945.97629862347
-785.9045670576184
-664.7430123096455
-860.2686173086452
-201.52916032465862
-247.6612850609746
-180.84608045212465
-300.6452115221424
-614.5881856867377
-1373.6382620452391
-1760.0596557991332
-915.0921264404981
-717.1982730283041
-798.607549737353
-1249.0010696013678
-2102.697740803911
80.36707354477798
1154.5508102414494
2683.417977161502
2050.408136930023
456.4520049795355
46.574824480320125
48.651846827235566
134.18565874358404
270.43121045629334
-19.012043646432964
-548.6693630438828
-1611.3683703545387
-3.2329278000441626
-1.765385974523549
154.3512958637606
144.41058343160242
-95.95638163123316
177.24626919033736
1063.247477823968
3117.546175321747
1648.3141038935269
996.5528301530394
857.984236121145
842.871344603573
453.97404204805355
645.7047617163462
657.840616648224
741.2582827704242
306.05060820046833
90.03230462859389
1.8347619354203852
-5.505445762008163
-8.049108205269926
-155.70544999929712
-137.47873105924148
-78.85305260662072
-253.78100561547512
-270.2147002961224
-124.05338987803154
-53.01107528595923
-138.89664682588932
-526.7693090395883
-870.5391172110003
-1060.0819611201389
-1518.8103521960552
8.509715030219885
173.9978137226778
-27.402436918193036
45.72998902050757
719.9085667814394
2613.9308086560395
1759.2366552295182
777.8812305044054
506.8771344528384
374.2179270919651
94.12609131546049
35.86272495790083
119.60990635668524
13.322916210427818
-19.869192367507154
-115.68032239263098
-172.92739313136886
-317.48014768245747
-668.5517817788282
-1027.7385632821217
-887.2170077810907
-1010.4486905678593
-1515.9707205716832
-2102.9087008235692
-3144.996838573502
-2293.1959227169737
-2664.543582595754
-4172.220892767589
-6325.033040233656
-1376.963440527334
94.98392731952754
5.835465571157761
237.15286198866653
52.82760423102081
370.2124992800463
1391.8296864498564
693.4687388692857
-1.564220707010647
-173.39414605710223
-23.821003541572402
-45.52293119974125
-124.3156546801713
535.494128341975
842.0044317626023
855.4897487670696
409.639541633815
44.546563761101034
8.390143149148427
1656.0087118474796
587.3457191725668
52.463365833854596
-257.67067291486006
-1161.7317679045154
59.96494355661331
689.4153785230077
-0.5031584169818182
-12.662058720213716
249.9838120871416
69.21909492948262
-8.74190470197476
488.54604592700844
954.1236411210216
813.8940285731618
1874.274057571472
720.4973034891382
163.9435423564733
64.93741417105696
-0.01677247970485121
70.7988856581914
-244.45670341715726
-2.6877971284419098
872.2083513327619
116.91447868551573
390.50461984468086
422.11298044868363
1560.368085480694
3327.262972446692
3675.219080992758
805.5646428734407
144.21963467222554
600.1277296195274
-49.2914272952578
4281.932456810653
3480.3589024657003
2768.0975280509824
582.3360296939582
127.22380954786979
3928.71325432712
10302.528791432269
7898.227766004742
12221.37108332117
11874.032104823149
7401.136839598811
44150.95024344203
76520.52151723852
131028.8485338206
189580.51460550108
181484.3955680177
340684.98487152136
-206115.05
-200214.53999999998
-13242.38
-96100.52000000002
187226.78571362948
210737.5991966014
-73579.01
-55951.54000000001
-175399.62
-107910.41
-30220.37
-48910.67
-188568.30000000002
0
0
0
0
0
-316.93
-15164.779999999999
-37729.57
-37067.08
-33285.29
-1689.5000000000002
-62266.67999999999
-6738.149999999999
-108006.01000000001
64180.357802924525
-69349.89
-91639.43
59027.72354391073
-226398.41999999998
502.7590266807019
1148.8129810087453
377.2707366235772
450.5020203946803
-31.6188098905033
43.83966169356556
19.88722725515718
-15.124232208972941
-14.604613231244484
30.891938871179473
996.5800037064317
63.553386308726104
47.3222718792621
528.272682344388
303.76670632143066
2647.0657834201966
346.08020795817845
-339.68672127024803
-15.425187519069734
-14.82137706036284
1001.2701270339378
762.0494753856156
575.8519092754783
221.35661743514714
69.08744968412205
-3.2413088909390337
-172.11878685813375
263.477035067551
258.77052443450805
-10.902107204440616
-17.217222038745156
731.8467672504003
1760.9037308675977
707.381953905973
428.32297634901806
58.56953533059934
285.9586439438159
493.85859468175414
363.82248360544895
6.95542899438562
-58.34491643352033
-295.938089764195
-921.417593556995
-30.321419190538712
298.02802612984067
685.7282670788916
818.6408460987402
686.508859993392
413.51639525893535
227.1332778227877
205.51918215802877
119.33740856259803
51.43345693676948
0.7891717572089301
824.9765250885134
838.0808666805847
566.3250591117142
453.01725175878653
156.49642568402714
153.8250545833585
286.70893740532597
396.0691996296131
135.43522168322363
41.79221130683174
0.2998710794587227
-5.559365492351091
14.30784143525248
0.0881007935152843
-53.309632922258466
-276.1710134593042
-821.6247001582544
-867.5545500058829
-1849.074079549198
-2824.275434457777
-2782.7440588040463
-2844.410641403932
-72.62034628004699
382.9376213306376
425.2573644354088
105.58611283193761
185.73800030018398
154.17949843895377
132.5117755218103
70.11727698835281
16.01100804871262
38.411612778513
-0.4895790998972121
10.617781105958263
-2.6250066260147182
3.501126161228563
-73.43260820432177
-34.56162265148387
-82.6146629220095
16.38577886805679
797.0204825137739
616.6940347295879
402.99069703927876
757.7385558112122
672.3613310307262
962.7427930539033
545.5081576445206
121.90074567353881
388.03573785209505
628.0446154151615
198.40791352780127
339.8823990143993
43.23853847297056
3.8703913065354425
-0.27326727139077156
-12.002850839906609
-7.868952248315138
-10.652584058241787
-0.8452574793761097
74.62390843852708
141.02775265523564
24.154927495603488
28.13312945186723
-29.17179370684186
-43.392309275977425
-27.122601476276188
-79.74954720547055
6.802182770893396
-0.2258874740056508
62.40683686959927
103.71160941949175
302.8388268965829
93.04503883794561
-8.27159952760443
12.937413253372897
-0.950211308314219
9.767218672109546
0.30150075739012966
-41.3920991321695
-49.520788692505704
-61.01607897771478
-90.99961979600208
-238.26440072830766
-355.5227993338392
-584.1261757237119
-915.108056488078
-1382.6887765141282
-1176.360114120585
-532.1566937952573
-196.9569333345804
-101.74915288647985
-96.06595036173675
-16.083006671976353
9.831175375862196
3.204734128352114
-4.346810825950035
-3.8352499458627305
-9.98583068299089
-10.024749609022988
-54.758684081991426
-24.49682767846058
-53.30821053361083
-193.98105852718578
-161.82244792391188
-187.11016675095718
-388.894969350958
-115.01725175043912
-289.1831784635205
-640.083715573943
-908.0267721072534
-467.0742053085897
-674.0396277938264
-508.8746506705586
-375.0604738342427
39.223413291226706
381.20928469583777
-0.12092634166447852
6.869632762254758
416.4521590050665
832.4920663608345
-13.196769086672562
-288.3337306037968
483.4584209020131
786.7602671431008
1000.0330356981242
1016.3108915189171
827.5366935340459
770.0937119326588
755.153380365048
669.796764482391
857.2263970233331
630.0716966739303
870.1344909709525
357.7924827154303
647.6481362491315
287.53126897980735
108.35643551809494
485.77090278437936
217.922378012714
190.15583751796564
227.37080362108014
121.05352859060196
229.313505689523
676.571009592056
1524.0300252830252
606.8376817401237
1190.0717923685477
343.6568463939916
652.5120423221647
511.19670358010825
1200.9273158933372
711.672873561523
-0.9178195994868296
-1.5231380231987406
2.90429577537042
157.63628618764744
113.47700773737284
77.19325137031777
74.53544238205058
162.05666737856274
-0.214304091401799
700.2147718951635
334.20403868141324
284.7545961022573
132.71321333397316
141.86205785478126
-18.552991761607487
-0.048569627557031966
130.10800811467206
482.45689180466456
163.91401409191667
1059.267226894792
3604.5117036567326
5696.919099027983
2693.8160854857792
5166.348572183906
4153.343379073187
3429.38057587447
3180.005798489828
8606.243054538212
12544.693917805664
58014.494444934215
-355579.43000000005
580.5433684538046
3.6619993079877577
24.910726633038735
15.598079945769644
-731.9111409380446
0.19511666865795468
-309.8239461418583
-208.0577339721479
-229.87280531853906
-542.8229525049037
-346.5660971808696
28.37816637845571
479.78271944197513
-0.14491622936703263
-210.5166200727714
-16.602229137244812
69.3030989273238
862.2705228639234
1336.9934852774238
719.133017754998
737.0077720789394
380.9653212156416
419.12259952656115
424.5912648802994
419.50047014283194
273.3131855908322
531.5577787644681
800.9870736283681
1617.4882799396798
779.5557140130622
471.49328220590536
544.7310820992212
255.29592517500717
13.454692367344558
79.15992264609726
-2.116943309875534
-124.26478184134587
4.986578087279998
-25.142899286099205
-6.6333408116188535
25.94163322291242
708.9330887232434
417.0325003746939
222.36037471788532
122.82971805469947
29.705357707538617
-11.893013502757002
-143.85232107421552
-248.43749698949551
-125.34113013765881
-130.91979775345095
-63.475354785198064
-271.04031821461786
-157.20103947662795
-333.5138218068678
-175.8150140845079
-142.4033040029393
-135.38696882956515
-22.547249827687263
-157.96593657262503
-23.97738906895495
-201.19163449370302
-108.03887066522991
-203.2000228169933
-159.46131676545212
-262.84466128308713
-45.921050154242906
6.257327613541552
31.66603083836832
40.08060389050101
30.51288511395593
3.5318207927537086
-59.646655963511904
-188.81144079607776
-205.27923530278886
-565.1651670156607
-1052.8500134704761
-1210.0255182371147
-964.600293107208
13.079188077185986
353.34148278768
389.8586073803225
462.6313051740452
356.4243347927434
361.5818438847234
578.5994750355824
882.0490125644901
438.4282331165608
203.41732490989546
318.9790733517882
216.30423036267217
111.60570093686663
68.2628542757837
76.57731142805059
116.87112136252323
60.45567378518638
118.3012359582037
32.48566091235365
7.0196071992885924
37.17598246898029
73.4377656636789
2.7454069259870018
33.704320097259334
3.4967984324429033
20.072321646095638
23.02035399163879
31.35899729986602
140.20329257016593
117.02861514008383
177.63995957638124
184.3498528710458
105.57372750707512
110.05769816305983
69.01604543800059
17.350464762603213
48.410218190309635
-7.093088340640347
2.6224191083668797
4.173149406765667
-35.88826851645699
-30.161389819208118
-1.6914820316696617
-69.19340668256093
-15.249039715791518
-234.59261118529355
-187.15253329385266
-95.18644795218832
-398.64980387467887
-205.238380351903
-465.8679672574338
-315.6588962649707
-508.06937088370057
-522.698226936581
-746.6834409693254
-1198.1462188027963
-1449.3442507965008
-1933.5980526199814
-1606.665184079487
-837.0002676103419
-531.5439388311909
-513.9595317665203
-837.2753290172691
-1167.9430396948728
181.4263592369614
1138.9083020129306
735.9161826462505
172.8271300371446
0.45310190045116183
-8.111245569304089
-116.83002467820788
150.7279573604378
356.2310940995944
64.89611687324128
187.73869772172768
274.78571096059846
274.7794011804461
208.37346786692984
510.07914812723834
2617.1600539770834
1157.1021803590127
383.4042969156725
246.37408630789474
31.748741725218697
7.193416904808075
-7.9159733493783
3.9605895088130216
-1.4980024395165206
-40.68984482966265
-54.10386521041967
-14.760401138225692
-51.99109593380862
-102.34712118463241
-10.469841930613894
-13.292470365975971
-111.66079151552741
-236.83898421358904
-1466.865220832887
-1996.7717447858465
-2598.888682959539
-822.9111521985103
-21.155951685002364
-146.04388134122752
-209.02148570515575
-102.09940087848322
-450.07208021180026
-2038.3334216835506
-330.0471107219136
-172.74493650792954
-147.38262875918477
-769.1409730569715
-619.7580108271727
318.95389358364173
1120.4790983663224
4.347890228406947
-246.51044382997145
-1171.2065345655194
-380.76090579446674
-723.694511200379
-701.8051399431467
7.341981773211439
632.6196250847195
810.632468424627
1820.844287517221
1744.6967408851153
929.3331766658582
764.641318007329
681.3229655428106
572.9291791607427
1806.2818092211473
1228.0878493899563
765.0709531615529
132.58463966980042
69.45816984620902
60.843947529507844
24.372621637657783
4.966812134614995
12.419506860772053
9.98036548298729
-12.425374033470087
-71.68129671249785
-153.46029241721823
-330.0195802786752
-328.3741357478701
-285.19656099307224
-175.72899999729196
-63.87326447971632
-287.74593815152946
-1026.0804178238377
-1901.7878709846905
-0.0594791186640197
1685.1135141070067
476.71847626243516
12.231715200099526
-10.413864468637938
0.16479307825375406
880.0777630902073
209.46666112776532
6.353913837802096
-35.036687208332175
-145.76279458112163
-688.4565096749766
-1392.8221998677404
-1752.0686894359878
-0.8365031838208046
85.64902884122145
102.30871712515254
-1.1892720079655632
3.910884835143701
143.72145898762432
15.400283724750583
6.971868173736183
-118.85375722308729
-206.6781148874312
-724.6237504456465
-1243.1525527918366
-1470.2963833851807
-1549.114553875307
-2942.00596416756
-215.7303036447144
284.4072283061579
-306.7375575970718
-124.07596440415458
37.0786695068383
-4.433185417269377
670.7022486544765
1053.9654103935554
3044.1585185577596
4851.8289392659935
1926.166395525076
1381.527568761992
905.1775056990548
679.1429849470783
1489.8584896968205
3448.371672390715
10424.146739765849
8320.456493259058
3321.3866752617896
2162.2958955064432
522.8616344808765
694.442026088989
1069.2792575865544
425.7156290429685
1011.0901517953124
1393.1879012726336
1022.1661034966289
189.806473710106
276.4907206930304
711.3453905292292
2575.5889843302784
1078.0846565007691
542.2704133287741
-0.06818252882998092
-909.6985099807163
-0.04418080896001041
288.04200116278935
1405.3694184040803
1272.294932536964
662.459877023193
5273.333102219561
11795.316371303656
39673.588708708914
108041.35932303351
-401827.44000000006
7.252650388361252
455.6410340617671
527.0961372807051
324.0270242922826
33.27732113452413
3.50253951834622
609.07008667828
3247.690757581843
1269.4371491749491
493.5622234779735
-16.287540201169122
-85.16930260409424
-502.31339726581723
-1672.2626640707776
-1552.5346478893666
627.370427873466
479.63263959939786
0.28230527507909225
614.1141229991256
796.5925007341934
970.2425897908571
1385.5601744763758
1117.7904545225915
1221.4340645893012
669.191366030343
606.6114908765525
870.073730929393
867.8304345447476
435.53331528161004
121.46263606880238
44.786820411746795
0.23995724539084268
97.8648862603575
13.280079747412397
20.16748582531598
0.3024515755956162
2.1417570156905916
-0.0305453636893262
-74.84959832091252
-0.00509456345743804
1.473277283506715
12.122006453112107
90.43683135408422
35.649633201202235
254.05707199683712
316.8683780324168
468.00584262928663
122.52845729009744
153.96028457881414
118.43825134746413
49.04350923382452
74.21804119458955
7.572247468351629
-29.074762968161018
-36.527905623092266
-48.0548627586071
0.1529937702731593
-3.3311692032153113
-60.28234947633538
0.21875308920610748
5.44803803107713
22.723576490342065
46.17099514657535
81.1396371339046
133.32386790839604
69.22562485020995
321.2145728754034
94.74777482745826
128.0090452968889
-0.3188195638066463
-53.312551949872436
-152.84713792952928
-1.6612648277569315
-9.389481874820772
-70.55531927469377
-1.060776059876506
-4.132573861218994
19.15886425125902
65.64206014773862
13.677429046217902
25.885272136660994
23.801339367804918
103.72680221885255
97.5718809680501
8.30991532597794
40.89678668828473
-0.568496700407334
-0.6549991856267409
14.82230316171073
-0.4255375744712322
-1.279359954753742
9.564643027632616
0.12421934746477613
-118.27677271349592
-142.90806419428588
-394.4610751239451
-538.8166416031229
-686.5094154569556
-506.1676794390489
-1226.9457361389036
-1599.2975162405282
-2054.2513630169087
-2297.127213230293
-2967.0033688022168
-2018.6092002691403
-680.9769806732902
-111.07372934689148
-333.97084854883127
-344.2917297479471
-912.5797544266331
-1048.4773969315752
-1113.4802691806424
-2130.883549065282
-2565.594187205281
-3362.8237441305996
267.337778049873
1478.6505799420358
2361.4658777121385
1109.8850874358232
14.993312280045304
-79.6485599550399
-734.3918850155361
-283.7041551612762
549.5104012701242
7028.469806543855
6502.460195243677
2094.477539373912
855.8788012571436
641.4890909923787
362.7143523511375
225.32371355484264
33.20241080655521
40.24186788760511
-4.897845906479099
-95.93727757063778
-111.14646814859847
-122.5890094488979
-661.3550532762338
-1302.9348437815586
-1615.669991563515
-2990.366443251625
-5295.3099835123085
-1729.5604235765074
-1.786860013670085
247.11669389882167
1299.5470453831754
1136.669304964479
805.8810327175528
1017.4510894445748
1808.2733567104235
559.7893262939542
5.72208459574031
-12.636540519220851
-272.7897290834329
-626.2198721012592
-450.7962816025888
-1419.7488353642984
-1420.1279191233036
229.15716884292564
680.2333144052864
620.4008602004567
458.826617561331
185.40270327944938
109.39000788244559
476.7824686623111
89.51388399049026
62.021438625251534
11.949336365518713
-8.51104990100948
-117.1262376349466
-324.54637701188017
-545.6027763978337
-442.40156143389123
-424.03238963486615
-50.708436249881935
771.5774385971879
326.97422633775557
96.48716256982019
45.82507517162091
1743.1974516634511
413.6097455504406
36.198039223018014
-0.48335701914710116
-85.11163970945844
-342.25940184600876
-736.647899753621
-768.2952321000292
-877.4640146816682
-1368.6815962454164
-712.2610222273995
-532.7250935817639
9.648569948696025
-65.69486175069935
-118.51152857955984
-0.29643038678233247
-26.929957575117733
-743.2889750649017
-1823.7172569037857
91.64331697938253
624.9669496972805
-24.673338032391168
-561.4479822583656
-21.596629719085147
417.60219033640556
9.738235349102592
-69.55477046991335
-609.1300415048478
-3383.1419148450004
0.4000115227866314
484.3265434533822
1836.3110842380902
2468.7574874480597
1073.9112799612121
609.610620877613
231.41809010706854
281.3835970681158
-0.1735822407223912
-103.24355606843439
-124.8394743937026
-152.51031618714185
-211.9464909470829
-523.1759428066331
10.924269563174438
548.7014095885357
1268.179112146551
924.839684034546
650.0925610910249
313.5465689206318
142.70836545675962
22.883810510560444
-59.81383347837547
-560.0661173560179
-603.2388645537685
-410.0709554963587
-1185.1420116980316
220.86382972361446
361.9954202204427
165.42873834597555
161.91677825892242
213.52528003662692
4.7147194455247945
-9.88177596523429
-202.16264365160686
-157.895497769392
-67.01200580149109
-117.68242531357038
-829.2300842907512
138.09159766857388
2.3067173964477967
-98.50433064155884
-130.5938160157095
291.73939271636857
84.12907997992052
12.803939675663905
434.6768832265169
0.48276751210792335
-96.50156613461978
198.01909210468924
387.7757027667117
127.13820084182794
87.9128566051705
93.3252803755293
-213.40307300126443
-3326.2911045668393
-652.9729672114171
-4.926679763643556
2.005044008484398
61.525288926034264
1232.7042868596563
541.0400371760139
10.092244204006336
3.258389967413613
-19.104461838288866
51.788273730258894
261.8645773743139
-79.6120273374333
-780.9411814627249
-514.8568968593167
-74.77980842008198
17.85410923472388
-0.002953578215799631
49.66589319104024
16.120806487608174
251.07193863450658
237.6467153428139
64.13859223085267
-108.18909025944308
-230.31235327141906
-100.54003383397969
0.18048051343891489
-174.0116849422418
134.77917669079073
392.18978933382795
536.5250606378197
415.3435042367609
208.22359312140716
394.0711520006806
225.61502302255934
258.91791890316614
171.37205342002608
50.566699603511466
78.5045465456666
13.170471455191574
6.140255845985989
3.4504610894429755
-34.16483665068318
-69.26048790805757
-62.523456925817236
-69.21861960435743
-166.34349665181722
-406.12505905694536
-200.88174563979828
-270.824098845777
-135.67669612613508
-72.42854474480646
-140.90154787541005
-184.03530321780252
-110.63594821714588
-94.40421225126954
-377.96691922725114
-958.0581763860753
-1713.8566165412835
-3.282017311544956
144.11759270985863
998.6211647987636
775.9768734830635
527.7894604137362
3855.4793349658603
1014.5325189930514
309.19296484582696
301.55820069332833
435.61932628225566
191.7783837340545
3.7389264313461075
-13.428071382644912
-29.76479028140059
-34.70084779060606
-93.02181531028043
-758.852517018231
-946.0822448355973
-925.8769434674501
-1405.7499181456387
-1961.8787820955213
-1187.1215199459364
-1326.2501928161641
-1976.5614099278355
-1551.5903125431166
-1537.052211631238
-711.0110753660117
-246.0169947964415
-177.87310532304505
-455.16710515229266
-301.8005693753404
129.4122205467258
-13.30128135496316
325.33577692002933
2425.059239078226
176.30617553925092
83.02026358677705
433.3889399223374
2699.4330887681817
1104.8197932886978
205.25106479687804
-34.98560629318029
-45.24104170834581
-185.5592898813714
-748.7495003680353
-292.58794294754074
261.1839756902103
158.7182679246304
-308.75971408808533
-43.02928195891649
114.23482184054448
572.4824235833321
55.36948721894595
-27.717555598902344
-859.9183428175761
-680.7256622173913
56.098271396014894
0.9561857025018887
-705.9369933767462
-0.4786913026189147
812.3633078715075
118.78485754881228
-6.217205421206208
-1.1081126046716474
-199.65676908358628
-1.5399781600845277
-5.102410645262574
-68.02036364839397
51.12934634468821
479.9332522467555
-3.2598888009623392
-319.33328485963256
-444.3223049883997
-694.081538602033
-243.76787448996964
557.4847545260164
415.0911787850996
-2.4653033456219315
4.938389841634438
253.76363063590162
-68.81860670322264
-921.957797947174
-15.62838370850196
32.08504578312714
-514.8651464510414
-770.3749951598129
5.164044412499235
0.496936140187459
3.926573467184664
15.776223942017845
111.81438679618276
1177.6689195844485
1195.9327977192224
658.532780563635
5.558423837113352
-279.39846914584734
-297.3193672846012
259.6427775050681
83.74466344960632
-22.089143093128452
-250.56767440114595
-403.3156063583698
10.837430453265375
5333.310838413192
4541.897546440425
3145.492880820204
2462.9636856637694
1689.4966630100353
1507.4573959067734
1013.5306530578605
1039.6378297627666
437.97569799368443
412.41120168670045
522.4280697068007
238.80780230936594
97.41247950874671
15.49932552144077
21.49607234476673
-3.734433103550088
-20.951259316364364
-87.0088115848128
-74.84665602938108
-148.41609147799568
-221.73978579971907
-172.6218124702524
-530.3925141554537
-1596.3016445962098
-1542.609324270233
-858.4634343818083
-301.77932653097446
-463.45476263253227
-550.3229091612126
-620.9615184572837
-1014.6699615552653
-2407.5030724017324
-91.15152391345084
83.38261187227279
-30.615166569429135
-76.39074013029386
2874.543668387958
5716.320550882736
4399.297933375532
2694.3386511748004
1419.4017827994796
937.7660370083404
349.79093223993004
302.37568010057265
121.12611653853541
-0.3287874713528648
-35.78557080445178
32.63900806122166
13.234347744550991
-0.2620661139516302
1.8056369473143874
-19.835799878772225
-44.435923966454084
224.17471115635027
555.9764638038546
1185.6177217601885
779.9265070905312
397.8242060281031
280.4603392081559
70.93163320827941
29.865863708808114
11.40274897021666
-5.462648931852101
-29.53100106367906
-70.81760812052276
-141.6257995646012
-112.85629982751938
-699.2711262486896
-366.6129464150379
-77.99626021654214
-107.36907846534466
-154.6439016103669
-119.27866051561568
-323.9281671784271
-404.3252926028686
-801.3676633867273
-609.0878821063554
-1826.096252190623
-1671.3238887214166
-2142.3764261930846
-3369.353125688209
-3616.929790920975
-2985.714239270089
-2254.231681757613
-1341.839819007622
39.447209496257685
349.02374354604314
359.5273790503331
64.05126201974936
0.045795357365121664
-291.96986144759586
-443.5158915384414
460.731219748448
36.34235093000615
-17.98454419734989
-203.47482984269496
-1419.1206535018375
-882.454119755289
-55.245020429318316
322.295071547985
199.2812167599307
1257.341189702542
977.6546560253989
413.8635274134424
0.7699371093752272
-0.7515467241939587
149.3665011229994
-7.049978386353947
103.61475822747914
-0.3081283890327172
-698.0567040814527
-2434.729445192794
-4817.875877612837
-408.8395574249608
49.77415751147083
-7.040371439793776
-237.7020923840982
-325.68908221077857
-2957.2080650958706
-999.759920763737
161.0802374409852
1309.6948515815616
2141.976795483011
452.6596361507144
293.43263601644827
51.59843158023563
-39.503561411380204
-304.82323323786954
-484.15728176300047
-1214.5015442248202
-38.88453497227726
-185.1074040342662
-56.91969563838845
1331.8721490376947
-60.49503525926169
963.7240028069394
1087.3123269359444
-9.487755049775359
-571.7470322574226
34.08930841241642
-316.6876221194281
-1403.1543264311981
-626.124981682758
912.9012279913024
2590.2584323933406
2753.292114560867
1208.8647101503236
388.12441209529027
-179.934988889514
-216.45359140599732
48.5243905249544
0.3243572528602494
-267.1215867020626
45.08572727325527
-288.444397875772
845.7249432613349
395.81958589775684
486.69134841220375
140.99678275757884
-164.74137543672987
-553.8145342773489
128.39801806122492
-0.7189136748358055
29.519810869279667
-1137.154626903469
-195.57581831660173
2.3373395239081374
2.9469580168511404
52.55138035525455
-345.8411414256542
-12.739341400308586
857.9439083365719
1420.0299986608836
478.53519664762473
153.05410280811768
-48.53776698973852
-133.75038070304828
-933.1445806250047
-730.5264544302887
1093.6891598130896
-15.271758733974234
-743.6611056021816
-1031.4356616367986
-4.965199506084851
376.5013620973547
183.5646830789064
298.50025846815527
339.8632037856914
235.16469703737474
49.20099981009502
-6.969287798817421
-175.70718493717575
-26.153344392264422
160.56860921894747
174.13405396042498
2.724517423340262
-0.32038722141973563
57.82871000259553
0.3199987150898401
-231.31332398826777
-777.9110493996857
-655.5779858213664
99.1494718116741
1035.646463532892
23.02935726210815
-79.80005935185967
-486.6974075648382
61.14532923693678
-154.8808902180187
-39.80786173922441
732.5096218272026
988.0997418086038
607.3651813750025
254.87185430416253
197.88173556220613
5.584912449312607
-6.1970566474586075
31.021917123240705
2291.579330613974
5385.839913114191
6392.645282984693
9349.64750368757
7667.10785937109
13841.074060765694
31569.01204390158
28366.200121817143
19590.307801352144
14933.405399840967
18955.937307727283
21463.93936975656
15456.567335355807
12261.808746986171
24748.392990076252
31150.265751169838
-8339.519999999999
-2024.2999999999997
-11025.39
-6542.729999999999
187107.4827987326
262506.688483636
-436737.87
-8548.619999999999
-61636.24
-243712.61000000002
-8635.75
-20939.79
-11488.279999999999
-23407.600000000002
-68662.22
-8.320547525796558
-1070.483942423988
-1260.462560738386
-2254.2533856123246
-3329.9782776839593
-3825.4844202676736
-693.4255469582467
4.560715248968087
451.2600550950267
1.0662249106085446
0.6147822180747353
-776.8158878901286
24.527211397553476
298.3985408993087
112.35875942347403
30.788549673659407
782.3596713385921
395.4324811437141
150.28272916991742
2.8526898057959995
837.6300420918527
727.6511523022173
65.01961679863788
-117.95766502345177
-1.2856700685462294
196.28610195216817
-68.00315378109765
-345.8871037809899
954.4757949050021
3443.2755279738612
753.1740788246133
66.88482497460649
182.9118541901836
678.1714245726189
1331.7789007202473
389.21265969635056
49.87889411353397
-51.364218501848505
-125.866480350476
-244.318641255058
-707.9671684405182
-1223.5112506505243
-2534.0380973869883
-2561.0669622204277
37.903922974027296
-7.916591933341787
-207.5956444766387
-57.18161665551609
27.422286305431918
286.95605834404927
-173.83916366059916
-806.6988893146536
170.13249024985103
2530.05541687753
1884.1167246372129
2038.7706097627515
1023.6843816905571
369.6539106183758
220.5978045271451
94.80058673846382
19.64220021704561
-76.70308480979362
-132.38122744470604
-526.9463561249675
-525.0623484707054
-1302.6830075603325
-2223.9284299476803
-3337.254557289296
-3247.11241449707
-1481.5479317912545
-21.417516296497627
124.13869462429935
-18.759372213382367
14.608756427368203
896.8244817951673
-1.4185115867701168
225.7925938654368
882.6130830257521
103.57256483244251
-43.36477534080958
-29.501291663276838
2191.7714130342
1472.995134788245
128.6800579147733
-135.69886727498627
-51.992793352072525
-702.6041273098675
-545.2373256616233
-537.3211721681952
-1408.0951673155191
-22.60369258373342
106.49852891960921
83.15567354854133
40.133801029147754
-190.9668824168661
-0.17853330672953457
-394.2046685961426
205.53502145803208
799.6587403065228
1394.9580731662181
1527.7212436481927
1109.40738275656
568.0826457880435
1271.559005710856
961.783736235067
711.6119469645628
572.0642412191198
222.77821729809915
231.7584546227389
33.195799508125134
6.4426890784700666
-11.765387397454582
-175.56706272629594
-413.36978283974423
-560.5740708102895
-644.1054285332775
-769.6128375060446
-1523.2488539956753
-2388.67683957239
-3314.781348497407
-4116.323927232174
-1146.072679218776
3.9577985852780175
2.141807000641071
414.8757751285877
-124.48687811718818
-439.4344232078913
-602.7990981146799
52.140693620131664
1254.461252809443
17.204201633451408
-991.6058803010245
-271.44158734070794
33.5582148633888
1913.9786700315085
-31.222287619361275
50.419200949386216
175.19795347710345
-966.0909821312086
-143.95873662756094
14.778454014468576
60.94225400567748
-43.555203244140884
151.4893280456818
666.7046126560001
1508.4012965634174
272.4448671967156
21.714035193837017
-190.97323987563266
572.6917776267221
66.89782814512274
-457.399135059422
16.759148558355115
-462.89183303844584
-0.9204807661421458
-8.695668446171776
699.1758717109341
487.688818839008
0
0
571.2194206380474
-1621.7402154740344
2.817836013263327
-1235.68680697932
-464.05196612300995
152.30749421818282
434.5105918305844
-379.6922033967841
-17.563722464750455
2369.6107825102335
1861.1941415711694
1053.3381618374938
312.87378464642507
190.24650364232048
412.09599373992273
378.3413114532807
31.660690169394346
-11.388915589393921
-37.90601890512316
-117.59305501161558
-219.00817835198794
-504.43449360802236
-925.6316705208799
-1584.4128914954385
-1535.3721242649663
-2443.0740235911403
-3021.9641910981327
183.45010747847866
704.0761823840069
38.59264435890553
-30.247754908021108
-394.285152988765
-269.541113324329
-405.1624172307461
180.9550522146456
18.79347174891511
-120.57418611996732
450.7171210388409
88.71920518240204
-8.933761190853167
-98.56066625775381
1146.980631213075
1.0877347952325025
0.21964532208262677
12.059773003168281
90.47923306435175
-34.49041062967707
6.409030832503789
12.360589461144425
559.1257671609496
1454.7316888017256
481.23105555078735
-13.089414733681886
-495.1658013105945
25.072323087908558
-461.6728319647859
-75.68452208408874
38.641239469334735
-385.10528400289746
-77.86722845167417
-200.92154521837756
220.36681092125647
417.1372689952893
2354.5671708847835
14.75534621948703
-156.9581533217777
-2106.4868688586084
-40.770552780613976
20.937217375089777
91.01349007222969
647.4383761973247
0.17955994620490262
-10.790536847991154
98.65182678698433
124.55405518676207
-1.1395347356129943
9.84892145597217
-630.4363117183348
19.59612514576827
-907.86294521767
119.62626049992566
1360.7541244583467
207.04606005606337
-185.5547543350164
-245.82508452619737
-175.09567009497925
-13.77230798878809
-173.53193363641861
169.31027315670013
2043.9994546088337
784.5570702945641
128.30622975942578
-312.44160209788873
-1013.4917128849269
5.64434119148093
-97.6795669683424
-936.211090300659
253.1559556092135
4.18788037116982
9.24254247759573
1802.192280300042
23.09738684124137
-531.2141437836624
-1320.1765433087926
-11.147707102354179
-177.55326610931368
40.82577150885457
-59.767322409348985
-449.45468194149913
5.309517927588325
-53.4334105784034
745.2345533848684
-163.85198472615863
-161.91263744360012
181.97135912024598
93.40657462964532
-4.999373929466211
1538.5861436918512
597.3785966432083
166.935713071564
-218.6271619704692
-825.1867670648637
-1083.5460686194917
2715.767211401253
1271.0082585460493
129.92408356966934
-1.8326790276606495
263.48260976975956
594.1138960135188
-5.4892383693498195
-93.79628059465765
29.508180468057606
11.395249096920736
-1.3717531809656882
-258.4892630661317
-1826.8919422477916
-153.6050215011967
-76.44408596712398
-25.342350386242835
31.80878301014699
-500.78078045635016
-755.6214129801435
-120.10203281123668
203.8847975315341
922.936239791232
39.85801743472075
-30.785483735602426
137.52182621380237
-681.528824963157
430.64369861301213
214.78625965158915
-42.47772879516893
-547.7386245570747
-313.21053137892613
-432.9293117593958
-739.0866094733844
178.44849964831073
-6.728958594730211
-16.32528375488752
3107.2439254503824
1443.5503107318805
732.6418097846004
453.53307219367025
3.3201497692755155
31.905341973612163
-18.323472386712332
-1011.4085640732693
-405.96408742475353
207.9843911956716
84.51757531574492
-2.202635190722196
258.08720147361873
567.9986070920058
7.474459121754685
-634.1779573361985
-808.2658962527014
-16.57080966108989
654.261248682217
253.26758225630985
-256.45128847956204
866.3667601741922
-0.5397727280913747
-393.6713382909515
141.4621938862066
841.2405213334681
46.539073638940955
-219.81013166983865
111.88043563373094
435.52153556623784
188.2151140315318
86.10549702213285
31.68090539140283
17.778702262240767
-104.72938129407208
-140.87530488907407
-136.98219093852634
-857.1920705126868
-1617.054869169655
-2529.787725926795
-3185.8774347019726
-1239.3151738985448
204.45216774184752
47.406590641582504
-550.0979594043966
-128.52015616173168
205.81428002422254
91.75639500460696
-1078.2962986013142
-1423.3356453832575
-79.04138413324256
-820.779064396671
-357.1647940466765
217.07408252563914
924.7658790341354
78.43843928658131
283.2526608112644
-70.86604881331535
8.714193897520977
1940.1653677362924
294.7506428589281
-76.08493877233938
-972.4667073260562
208.10029392351288
4.743358158531516
-290.7417227770198
-491.30940052283745
-0.1369063437743531
230.50596181890418
-1.201669686659647
261.5916549588021
856.7943660839691
-89.17395282990873
439.33003305616785
1106.4985017427277
-21.25283984482447
933.7407937010329
507.0980458910048
961.4270105397202
1659.7228298771795
2027.1931257495407
1515.4743627833386
1152.1780247986703
1162.3861366033377
645.6555284889446
249.90813393283258
43.627493578189174
13.798610295209045
-15.294215141258212
-43.55501551008447
-51.32820968338016
82.5180696116581
105.7223277979814
256.0164574088072
0.05426117181490207
-974.165367819644
-493.61654271975846
-133.87115245022022
-61.89955120950693
433.4464539699555
1742.9607160001726
0.7410479433551143
1817.4425562121894
399.701947538632
390.38279939137635
186.855443698663
254.35068185134293
427.42788542892765
299.7417750411062
875.6420827204047
428.6270008000381
3725.590980397337
1253.9759048198653
3571.708463895372
446.05778445155113
787.6549715577287
63.55282305354632
3318.940761901068
1744.0416254881916
2304.049002539912
1155.7390916951263
2057.731473525346
3497.1695032816638
4100.268246353092
2953.7657178235813
5048.6103893794925
2407.7124566581915
1203.3574442848653
2537.760771524332
3744.928172921391
1223.1313422162712
2002.532999659216
1014.4935465859184
2344.1216388215025
5039.280251485371
5727.361752762075
1516.6372901497816
12103.918804372122
10453.680410588478
59862.342351863495
41357.218374365606
79350.26110087181
71926.7269569336
90217.47547938253
179959.5576425566
-144702.38999999998
-95547.65999999999
-243740.83999999997
109603.34992383033
0
0
-806.37
130446.92855951865
-208974.06
203214.49114811173
-167719.51
-113687.68
0
0
73898.90062315961
73689.60103402012
63148.68597075122
-62649.98999999999
-63076.45
-29780.870000000003
102369.39158533938
-19978.21
-1836.96
-109069.37999999999
156598.89021813875
-241103.27000000002
-313470.35000000003
19024.386326772517
8140.000002614548
7813.195486779492
6531.321260449056
8411.582640704772
13901.929689664323
16930.83798056499
5593.95065714028
13317.421342128579
13451.001280781235
14073.818803449758
22351.240550823248
-484714.6499999999
-1644.2354478739494
-3236.0861667219383
1.3285043622113046
246.71479664617885
421.6496497120959
1111.7101977077887
969.7513758730379
6871.957859784218
17867.1520067992
24273.62246423076
27673.54881799193
31909.70716250445
29149.726460031277
28047.54877532821
45515.9346014621
62324.43022096378
60014.4296570345
80461.90498671797
99499.64751786318
143398.0070032632
169956.97409951038
155665.13554013622
160485.21352078457
172567.32868293632
171798.58681835554
188233.39909498236
176211.448919215
184513.95117425662
265375.7037529541
266699.70992236806
261140.4001586073
282393.57220943755
325226.3990308836
333698.5213500082
373152.67711605655
415498.20393263624
418793.87851749454
535597.2389022763
653885.9364225612
851235.8109507437
1082356.6685726224
1444219.245550499
1704946.5750946002
1550910.4490542635
1589889.2689778898
2265945.5126687028
-2743634.29
-2460255.5500000003
-2240452.04
-1282474.5100000002
-992226.25
-560944.6900000001
-622071.3999999999
-488377.2700000001
-454385.72
-479992.7799999999
-415473.82
-445454.72
-375967.19
-337284.52999999997
-361036.87999999995
-328535.0
-327967.41000000003
-312626.70999999996
-292735.6
-250128.08
-221838.99999999997
-181311.87999999998
-173947.29
-114412.11
-99554.23999999999
-105511.29999999997
-87120.71
-73003.33
-57531.41
-55653.04
-57090.6
-53705.28999999999
-41120.15
-54800.01
-55422.75
-42981.01
-40180.46
-26261.14
-16678.69
-13978.790000000003
0
0
0
0
0
0
0
0
0
0
0
0
0
0
0
0
0
0
0
0
0
0
0
0
0
0
0
0
0
0
0
0
0
0
0
0
0
0
0
0
0
0
0
0
0
0
0
0
0
0
0
0
0
0
0
0
0
0
0
0
0
0
0
0
0
0
0
0
0
0
0
0
0
0
0
0
0
0
0
0
0
0
0
0
0
0
0
0
