6299.019999999999
4187.178108986003
1055.7102180234035
870.4281673383875
1049.3227219667613
2246.2502038366088
20.445210566371642
-442.53096867410784
-4.466515313663285
1391.074457651307
1098.5143430569683
938.6580024192564
1767.2525396508368
3265.794055625634
1946.536249758551
305.54393320615856
69.73232132521065
113.22639133457623
556.4916384153867
284.87306616206104
-28.280234714587042
-417.9989808073249
1180.592153489115
168.7822013286414
364.4014443121821
623.9554580472827
169.3627380104195
-23.102646017459683
-92.13748708554569
-341.1959973984684
-2156.4189875585816
-100.62783117821374
-61.33309148041804
-438.10031196797024
-529.1996745710762
-1062.8197734504997
-699.8253143581583
-882.9688489948346
-3559.59856914182
-4341.340438348041
-860.5236467620866
61.47683311874823
268.18679346142443
733.5438104928446
898.0150439516941
815.3280576678158
848.0592597437844
454.78164887838585
1156.0872644561168
1347.2688941851236
1005.3156449022584
1050.1919753252732
1033.4601192641535
891.2204916114237
896.1408353912738
754.8222190282777
601.3710041567412
640.7035538464098
646.1441149288603
444.04128862701543
727.0850159317017
373.22117268817317
198.73238500969944
276.0358158311479
136.64220091502904
93.79424052660734
137.1993747582683
71.43903670698049
10.345118458747882
15.102318700460033
22.00663572045168
-0.7156353639378645
43.39718491667045
-3.475520220527858
-6.874232203610624
-10.146987781923425
0.721027216984574
-131.72224095500212
-158.0030747312296
-271.4237282216877
-143.71661474903337
-284.0682882330187
-311.75846512584485
-268.5832562966485
-544.2993920971958
-467.5213514141959
-654.7522209408309
-498.37716654689604
-468.89312322104297
-607.5817194231086
-682.1262817590376
-657.9945433624763
-782.07586493849
-610.9658596168533
-818.9734446065218
-711.2782964575703
-511.228057354301
-645.0531913596042
-306.34748746078435
1.7663401397462608
313.3916267148756
1237.88598790324
57.67094702040365
-3.707829875460641
133.7475756573894
-44.46025675647627
3218.9853041662773
1690.3388837409677
137.78208071103768
-345.9537769507039
-3.9502757504935166
1.9629019153311376
198.55991166213025
159.7820447812644
554.5335983586821
657.5535637302222
-23.19590132497315
-438.17919540420326
-976.1422409182258
-3795.0875000148226
-3078.6494532536544
2860.424284067525
1974.1930806605144
1948.7763751685925
1347.7516709409424
1219.1949853658289
1028.1871677894708
603.9732149135335
505.87273272935016
451.8412604627258
992.3896510597301
1318.3156968716721
1116.0650389415923
797.79688153489
434.8620578193751
368.224953095767
245.04923226183593
64.50397079618685
32.75349403951358
25.68133062722048
-6.787619956983268
-78.49200836707037
-185.4741207463146
-379.35975303284334
-494.34285521711564
-637.5094942686576
-1417.2190160330701
-1076.2807965687462
-3172.6777838196076
-2676.431882910344
-2588.526086763618
-1318.1647368773595
-4.762815612174522
51.62041877454283
42.83827630731226
3.729312480310162
10.523279629399672
-26.588184980836495
-18.0113244371109
-179.46783016476553
-319.7288470688378
-202.90131745336197
-149.8005368798023
26.219626184217315
1327.80587565056
849.0942841355959
651.1219687752498
1942.3939928814275
1273.8863688247225
1143.0681226344182
979.2915781859525
556.1209388666001
11.19379401399401
122.548078289882
70.15239716014227
0.7957533383249272
8.473505566304464
3.3705189916120304
-0.1898286900565849
-46.56985186507218
-338.6312749003978
-244.04183917394263
-203.91159242594424
1349.746993950765
277.6360299445114
-173.163670066414
-992.1220163266737
-238.93972580104383
514.7690431520713
946.476565599361
426.55714770620074
55.50830245791729
171.14029553895952
140.65097588788893
10.95249872766955
-0.5149365032471346
-91.71336203897398
-763.0197068991941
-1965.0378904293332
-1017.7989366306233
-700.1094706297508
-756.1011006254896
-1226.7069595950122
-2069.561351843545
-833.3820571497106
302.0091430103301
373.63125661840104
267.4714944212065
-38.64672653940515
-179.91365044910447
-232.34412523103094
-38.0153916383371
44.064600519221145
112.4641410443919
115.6264291761134
318.55426834506864
189.47639290307887
358.918579058143
470.1046618339655
134.52655727765256
162.36736521213018
62.08058069320123
63.69914514639862
4.853090287661027
3.7484349649938578
18.72649378301433
3.3407551073822845
-2.3181387956295065
5.019168209777625
12.932037294677668
-12.47374267876096
0.20323007971458293
-14.115204508466558
-2.275645107636712
-44.82872692591586
-126.98326548454398
-85.7083842014925
-47.841590827132734
-361.21463173031543
-242.37609777558419
-482.455489330381
-447.3402993912863
-575.8428405033347
-923.5577376951085
-764.555175784564
-1010.5817210191261
-938.9078954491561
-1364.9010595459736
-1270.2297475054484
-119.89437943609843
2583.5758910145896
4879.958510013516
2636.069997741641
1451.2180589860864
1099.6952539310287
768.3540497138912
2876.5626000728053
1386.050739389908
765.0521987484242
233.75734179435977
199.40910244819133
0.45416407793399494
-272.4964444681732
-1085.3462615434428
-1544.5905690195664
-1374.0037770724812
-1675.1786417963526
-2549.245350426944
-3045.392257178756
-4635.764336195227
-5568.0281177155
-309.47503455049406
-1337.2966675440957
1545.127214576116
5059.7598079524505
735.6721906593667
4681.904570423243
1350.4403100989455
0.020620346964576788
-195.61971181960064
1363.151650427504
1839.026390203059
4723.198818043289
1926.9104536433397
296.6797208346726
96.31400355617697
2134.758482970968
2403.752129000425
4406.784617125226
4175.507275584883
3725.7470645177013
14599.035575614542
14013.826174936366
9286.735547919076
2223.241389717379
7966.170290921689
28944.538353743985
51471.19308534579
53256.51863751282
56673.406331475046
76333.88155856138
62080.85936246691
74226.76726014339
173745.39727412222
186457.3802684402
143443.70173423152
173654.92281309457
255098.08392327742
-142840.77000000002
-123942.43999999999
-105477.28
-116254.69
-102793.09999999999
-115331.74000000002
-100622.99000000002
291868.20387202094
-167451.79
-97001.84
-97599.12
-71351.06999999999
-52149.45
-144617.37
161347.4923476191
202084.9715554699
171466.84663970608
230733.3102963031
-196195.83000000002
-56849.68000000001
-139070.87
-67043.68000000001
-35871.25
-98379.38000000002
-62771.80999999999
177306.54072302347
-194749.93
107087.6800330889
94434.73102998598
161564.22732400248
201326.39609892436
-269561.70999999996
-85735.96
-55520.060000000005
-78066.5
-198104.67
39439.9494514375
69818.53277756853
178534.58731719892
-110981.65
260510.25470143973
347339.9274720964
-47064.840000000004
-100588.12999999999
-66397.31
249510.36339878055
-402591.32
76883.32970435871
87461.42479095265
68328.72029942762
97976.73119535198
-236576.22999999998
48470.64214054522
32932.25059221095
24318.360895127153
10923.21553962626
4495.165487259423
7544.998840801481
8539.539928686323
9791.350653095082
6005.516491830091
18057.617791942866
21406.848750588666
53051.82659454724
82895.88195216561
175350.9634908366
-387404.35999999987
-365308.9699999999
-168100.45999999996
-283612.36
-174171.0
-82761.18000000001
130584.14940067839
176828.27934408432
-88668.38
-56931.73999999999
-7884.629999999999
-11770.62
-21558.45
-9591.89
-18529.51
-21036.97
-15519.709999999997
-14205.789999999999
-12311.39
-33039.71000000001
-44917.119999999995
-44118.90000000001
-47779.10999999999
-36286.17
-34452.97
-55625.219999999994
-37064.46000000001
135282.75024356504
142100.55118441937
80573.14555256466
123881.02588756723
-216031.53999999998
-58308.229999999996
-9485.98
-8749.29
-9489.36
-7367.5599999999995
-16277.7
-17037.489999999998
-15365.479999999998
-118309.15999999999
83255.90176540274
-56496.12
-6636.479999999999
-18095.3
-8142.620000000001
-28688.37
-47740.170000000006
-21455.19
-23867.53
-33163.16999999999
-88898.16
-10083.269999999999
3983.3829017279213
2970.939574297498
7246.399833928409
4009.4401224906387
447.7536698552244
1249.1735727739122
37.93391492703838
3727.208375301276
1604.817316153701
81.13036155703331
2.1286409377603515
-558.6922483715729
-504.9950699076284
1108.8451621878216
6293.934886032664
8093.94853117369
4836.409475629777
2652.010040880538
1487.6829836900226
278.6036200745106
7.0899958298606425
-0.10772023369059879
363.86354166512115
247.73380880359585
82.75780116520949
2.5960573560123574
-55.49930196622434
-18.84879399865848
-65.80619818862536
-33.529660735623835
47.05945758059501
-18.408166181576924
-352.67838773749395
-1371.9243694549161
-2865.23462808476
-674.5071992385351
-1471.8844595210394
-3400.0152210125307
-3891.625355446723
-1620.8318740356235
-1060.8815291326323
-2226.36013195119
-602.8182292967116
235.0795886351135
1473.3109975089633
1393.4632871709105
1544.2754543371923
953.3637849884803
1405.6459325470155
1128.6864357550678
864.5381883968362
833.191913669446
547.5643908951172
634.9150298829704
279.58031045029566
307.1121568347211
172.2138499567759
207.93341122221943
46.624865056480594
108.5267645732941
62.66356863641101
23.900318130085424
-4.322393402867818
13.75454479214767
5.917582597155337
-0.7548284258796694
-18.54322051189022
-0.16279594034841957
-67.26707877635073
-1.3904284222778163
-106.88898309078346
-84.71436484282485
-192.70969283478973
-371.0687457850503
-460.9131349085517
-347.30332690822104
-804.1767359072721
-1380.6292157341968
-961.1150471219848
-1209.2000847523534
-1218.017661612283
-917.4952714503911
-138.5295445327934
197.72295049558528
3202.2108258547687
4001.7389491592126
4523.658631611604
1518.50671467168
288.58309003249207
63.97588606277941
264.86336597604
638.1375380013046
804.8397804769188
511.26087625928614
335.6268543414751
200.22688962143297
120.41993936251376
48.01624710162437
6.715294450736248
0.001016291104409675
-9.158882182160864
-78.25239736958066
-142.81436859928237
-245.26906700044535
-450.021162102789
-366.1753792852626
-414.7888761542182
-563.5951549706008
-727.0926524929696
-890.4166002817863
-932.1808294290497
-197.54070555823535
-79.25106497142423
-36.123656612707364
74.79277526356617
91.97230576167698
119.69039339788038
65.04757154544403
-23.515217649351083
-129.79892318196127
-321.919929532158
-236.69118379326625
-482.17558512907755
-605.7388415104059
-63.21662860617073
107.06303663366234
-6.473465783508845
-220.25676208551494
-234.09197098499905
-1111.7496165133791
-1140.8805688617426
-511.1934773105701
-2181.965490612693
-1725.6710542196465
-648.2594050027976
-95.08367238246336
-133.80763369233622
-230.37632134061894
-35.096350102600354
51.69787885754989
1919.7846083934328
470.681773355829
1499.4833304924764
3338.6537989362905
1022.4494371408169
742.5042699756575
60.40623135216731
-15.869945053769174
0.23417151709450063
-96.99429878842425
-683.6048909460566
-934.7033648356164
6864.04886630152
1981.86779394507
669.7762506355612
-36.0662428313295
0.5046389777049398
-366.88626936097563
60.37207849278347
27.410656745336727
-605.4011435603686
73.89267229401153
-5.7928900464318795
-32.31566445589897
-75.97158222751627
34.85822890395575
325.13729762635114
16.7668342478083
-538.1552874124944
-2066.603214107182
-2397.6059503368733
115.27726521646989
-17.877176652848515
510.1262658404936
2.4751939450684546
-103.51748318794762
-76.85668701360598
-1172.8304460813574
-2125.909593472961
-2626.5258475560427
-365.4123060206064
-0.01960372848359522
2311.667431771519
3194.6982288124236
2076.2934918839082
2425.5800089184627
1793.065042818594
1565.5018563463027
845.6756799968607
845.1432142319214
472.660118841352
395.43297294109385
250.5436375678051
173.63821882624194
209.8675591095424
48.1139187571972
3.2307318979691577
6.401606959655316
-20.923907568514633
-125.91771878914501
-17.353626609515587
-33.20493348119569
0.015780671953512626
-5.225098767402034
-49.564963362316675
52.46477835328491
2507.669386043559
1607.7465751617838
291.65131940758977
-0.5648368712120253
-171.5736384321374
-122.82237695153947
-245.551908975736
-229.5229477899965
-556.1444714949209
-1977.9674401533634
-1992.5238334063588
941.6806002657711
763.4269991644485
1060.2712326936578
449.1241748840811
18.494511210813428
13.914844826777252
332.23852367209514
223.09690213887723
-20.792727985081907
-247.34550011485172
-737.714033181984
-1929.0555287206157
-3115.677740276279
-1266.4059820650884
-0.14902864784365333
-408.8988543058508
-190.57602001859811
-191.51556355008728
-221.6949282671707
-103.66968973040497
1922.1841978825041
941.9789423967466
104.8510328784494
0.24676356915334416
30.308789247849916
-0.2695228718311664
7.9881799775880395
-0.327171177798696
-11.499360186047314
-29.243626571336176
674.451608612453
499.15487137974924
137.75943921690853
79.5371253594061
16.506790680583197
0.031224666659084226
38.13406856174506
0.0033143085358177953
-35.55745139508212
-128.47023475596788
-236.4050095242122
-309.7438837243683
-461.77025885763317
-699.120825256459
-1196.0670182812016
-997.7056337123666
-137.99878472153904
-81.65466158906797
-10.6327154416269
-10.885831690074838
8.033404848682217
223.45399943063342
73.73522198667047
75.59731978939813
8.373333036330319
13.295891276746824
61.968926015306224
291.3596460779753
2457.693342689478
3237.615865684872
2464.626811337374
3014.457849804341
2930.7558737264
3534.619615393489
2543.1122642920673
1748.080394942046
1650.2591112378866
1234.991070380729
916.7488319591341
674.4701306134101
229.05061124844855
518.5906089527059
176.8562141054943
-54.423940470193514
-461.2250485975091
-907.2508991924203
-1509.1411361814835
-1201.6935163903706
-1383.2686680358472
-1884.952394257187
-2383.266588748263
-2269.270441458478
-3685.2208070661572
-3718.399773352554
-4952.172693378829
-3700.529246548354
153.32569883958288
30.723725094930273
104.13270133341587
171.0737665883598
0.16923664419591355
-47.277725390470835
-192.9544051431002
-427.89337153066157
-457.9426774866364
-1169.094957180192
-1249.603796350636
-120.63720122844447
-39.32118851969686
-361.91912736780057
2129.424131736596
4742.847041371215
1796.9215293453376
767.6735506433324
178.28256682551222
131.5508453712225
-22.800212422694432
-297.2924247380902
-631.8038787855635
-2223.7390729281806
-298.84841952157615
-115.47886228713644
354.9904356863642
3446.028902811466
1749.0350023902834
1268.6297718234523
884.501715787914
689.0499945352102
1740.357141065335
1832.011039693965
550.9866422539508
370.5027822788011
164.16925697969077
-0.02454279262580556
-15.396219943757846
-1.0708876189853007
369.2084901156691
177.78814009652194
113.966080110213
29.385145410183696
1.9158910605562658
-86.7856658794517
-464.96185004180785
-763.8963217909702
-472.5287438393694
-778.3224006619367
-1305.053276865479
-754.6030053280225
-411.1704722233341
-190.40221464658887
-63.129454451413096
0.02708684921691638
-0.22034153005466778
20.17653957011819
0.47576859541725863
-0.8110157181587017
2.025186564490532
-0.17261588947803252
26.60304333545458
-0.2273359457576467
-52.9125724372588
-1.8785776623603399
0.1530246669441722
0.18959757958565415
0.4220591349678334
7.641442413400535
25.03222955080042
105.18936151301642
16.26673974046927
35.19736846179534
4.196440728977837
11.956378431405069
0.12755693124143494
0.04035387170309838
-35.8316630839366
-17.397491581753396
-4.358203687445231
-57.01669500377782
-88.10762968193106
-15.838160366677442
-277.58524005312546
-88.85644823610565
-413.8638270001866
-428.7939721882709
-386.49636293027817
-546.6973832444653
-616.5474365535888
-980.2414461732137
-833.7209283783455
-206.75324943327195
285.78177444756284
52.07980341363916
58.059149444431824
-0.5907225279870378
-109.54039916938575
-355.4756560075117
-1215.5075657119994
-454.0554042975277
112.99035631585122
310.3829986975496
314.5144979128112
44.429693228138255
128.69536990157133
318.59541102527334
72.01481882518597
5.490287027299486
-14.924618522794455
-122.43202323649712
-285.4945373275523
-1195.352321664212
0.05351742381904648
-22.715470078892025
15.953157626079959
0.12479874061932758
2.9517444369508747
197.7435117118273
89.60414953891848
190.48783335063843
187.0082518143488
193.05055625908716
116.32414772655966
250.86712799656357
92.52831867816789
190.92257353464748
84.265451158771
483.9065721095625
7.659038059784533
162.94152405085674
112.18342500375908
35.8676235111666
62.13601263633508
38.92514604445499
19.721562721566592
82.95908312717167
69.28011878075132
46.303143887768464
11.23699375091099
85.69606172913124
69.74980229301804
141.37405910831666
78.5847994670334
6.641806977907452
7.779841604843486
27.128498469618624
0.00462064789003966
10.7343892587554
-7.076909919184406
-3.3422369442963706
-0.4497916629686189
-31.246109518893356
3.4851946939709744
0.0036595200629448723
-12.055097678957377
-48.52376664888075
-3.1514877308166076
0.5271016458631024
25.05486277934836
-18.865074994780336
-21.54415955861903
-26.511217267471313
-16.349705856430354
-2.6277195907726436
-3.6717301988642435
-0.12764162802927564
-2.0584326487640663
-7.092812114567701
-11.43043125760844
-1.082342784759132
-4.2936266626391655
-7.675680030952562
-22.76914383546915
-1.3616857134657954
-28.012793050299322
-5.3381036828553965
-3.129882871987454
-5.988946520404513
-35.52242494900574
-25.712558003778753
-96.99271413605265
-6.552534085848415
-53.92711249484997
-51.73316725543964
-137.60679654653185
-143.80313947338414
-87.15424400613227
-259.61693429738915
-0.8460075416886317
-95.37347499291918
-91.95364019727784
-51.376472449669805
-11.374491693412608
90.04614914460863
225.18734697780928
930.7750618092746
503.51309812885256
309.8818159233488
146.2226960945834
92.0220415207223
224.91273596155503
11.013277479817159
58.56490846498446
4.6665721067704515
0.4929892370122987
-8.365796977996311
-5.443492158854618
-89.41042493699388
-41.517557195444454
-90.17743199593576
-199.08599684677995
-127.5440073687291
-338.68749786531384
-215.92418098252253
-175.32885972593374
-134.46375262481558
-65.84973562056031
-240.9611179636186
-206.4930206645643
-473.5651202846246
-455.39191309202073
-627.570336530392
-620.752811555516
-749.1744536449565
-1126.8855600454908
-1107.7000413399928
-1087.43872109512
-1484.4467884821174
-1167.5194043687743
-957.5278898797785
-1245.4419006367295
-1212.1333085965553
-933.3212765588718
-312.5521956475878
437.9230063700583
3542.9438979366787
2236.689925066148
1165.3643358156617
239.3443240414512
143.90451442790254
818.7913946881375
1035.9227653219286
-127.23722486204281
33.27370602044518
223.5656577042951
0.009317418982634183
-6.211252141359965
-68.91168722147367
2539.076290216738
2942.813111977265
1719.9278206331585
1093.6068127973754
464.4825437586891
277.53574467147473
142.2760072455773
35.46607654115339
-3.784098516490234
-0.418501944219566
19.61923272163036
-358.186160212324
-557.0444650681591
-418.27643934344445
-1967.4785491069513
-1313.1661647113133
-2693.6357570409336
-263.21357819614855
1202.9404435728284
1430.033608573101
969.2849638658246
811.3649518218978
624.8893122259137
239.0204573719223
198.22886724033677
92.54344474530308
161.23368264134817
12.758721017977766
-0.0497630070486359
1.0739672773642914
-142.95573735122173
-121.88339225979414
-165.7508320954226
-343.4544230487752
-567.7618384964952
-759.3318577839539
-811.9250548264922
-1083.2288524199637
-1147.159817802271
-676.0778793762813
-502.80678911698493
-52.34420907765481
402.72841801288763
1636.097774549912
912.5966131586273
37.70776336641764
-49.13817259159669
-29.75316720236365
-398.20944058614566
-4585.2210621373615
-5670.032734262406
-3737.568907592242
-1355.8721342758556
-26.25501742694437
5467.334639212622
5250.29676497165
2450.2866596800204
723.7085835760709
3937.71061269838
1679.1791876533139
737.6813540771872
-3069.6104014783427
0
-2512.4900000000002
-35835.409999999996
121.38464279523427
2735.308898514045
531.5612478907726
-85.33401094843464
-4497.439538904558
0.11643359148844945
2.733237102830881
-37.7459016209742
-295.66083117026596
-634.6718928514581
-498.1045500264409
-849.9615143721647
135.234774311746
1180.4067175628913
803.4903431055424
1418.624983538074
2500.9973071846157
1149.3423265075814
834.4404454610315
665.6059139131947
359.8399805855498
7.460465554451636
-118.91069036070193
-320.4347302171675
-75.70587640384971
-287.67787425232194
16.56083057072628
14.605003855380334
381.12109616818566
654.6129398778264
984.2538166589999
398.53007558460683
426.69148909266875
38.53849910227845
63.356257591377975
67.49093285748555
395.59454463862215
78.90210179199164
178.47831979240456
146.32008587522478
1686.0889069081798
1548.339446323785
895.1257524577463
228.64749686192306
26.460831024995866
-107.62597827166128
-24.641850383293875
27.748337615132613
0.5891558625348265
-8.121502986076585
1.3162391859868636
119.55368864031216
123.34281783806216
259.307397543986
35.256668513552825
10.911185732634955
0.26098403790797087
-22.6692628938908
-71.32667837884468
-158.8358058694543
-90.78738158996929
-152.48100801900205
-251.96399461374364
-152.473536907172
-850.7683386269066
-109.2208589747738
-510.0060766786847
-616.5634638078684
-756.6039919564781
-1070.3712069298874
-1337.5193838153166
-1363.2748126364818
-1249.0782360868748
-1452.6621729805256
123.3377864824964
772.9325140441592
35.54118223032016
-209.91160092314956
-1339.4025648329673
-336.47152973924716
608.5650979417883
946.8233595840469
852.3888918522872
611.7641518146108
1098.2372605845924
902.1520750698069
701.0555100312986
619.2102431452955
431.2496036002077
267.0812317992735
409.6042320959539
338.85405781570427
270.9799054111292
198.5958369583292
226.9382115410914
112.34343118149678
78.68481370203664
79.79519698023836
86.42362853084559
109.8985849909128
31.45702325190473
1.3813824900166136
4.394119710197798
-3.820806453884457
28.849903167932744
-1.538278678648329
-1.4579658464007976
0.8786015404680378
-20.187729687767956
12.182413052970537
-4.458895163373074
-18.701812752055478
-2.4417186442472123
0.7307906093246246
-0.10239027456639813
-24.00832593089106
11.87639091852015
1.9933003706041021
0.6014980361655123
5.218987968340834
-0.24190547571511561
-3.3532097950345663
12.06663109471645
0.0682979362062722
30.437843362365946
0.05453770182170586
20.67992304950716
33.922805390779395
-0.0012892634814200023
60.327224561954424
61.20918370051565
151.50011328727714
49.50324784626434
118.54811596332216
85.76457601568134
6.163148144480647
21.78635333309037
-28.846754804763776
3.458581369151138
-105.90667079132416
0.8204369436381728
-6.452214618162125
-2.540158211481162
-33.86654710649603
-0.45809282964502196
-196.14765533068476
-8.799941526043668
6.303874116319051
-0.05780477725431803
3.955182013545758
6.305182205087039
0.05506965927122267
0.002154605295698347
4.662150003657099
-0.9647257494147805
-6.5009561634440605
38.04752508906168
15.532330735227243
-24.206291458266787
11.886374082104812
-5.2043514682518934e-09
1.878013595306219
-0.04621011618520575
-54.133979315841536
-39.854880067117584
-17.528147387379406
0.6370970628967796
-12.647233467228325
-54.02780963966501
-10.280474384026054
-1.5773975277805155
-95.57344144187395
-39.70018804729999
-40.39108262589305
-58.64069792411114
-48.59638827591024
-48.50680834525582
-29.317034481387605
-134.7799124404392
-159.14944523852645
-275.53511526634225
-133.23475081614436
-271.60031329418024
-294.2324358636281
-354.88961731120696
-309.18355698288826
-603.3791769367997
-588.8557603773355
-750.0181738679545
-862.9803268068454
-1019.4247369134453
-570.8758264428046
-520.9822224645676
987.9830825678195
1411.7394047919179
137.19990362113816
-11.846924920728398
-155.50715009509338
17.52313543821041
701.9252339581134
478.6006446353323
469.87741189603605
363.5544467075347
322.4235910239846
203.80479523695405
127.9113007554624
91.90589701762866
40.628780797183275
13.87616118986261
23.913757141932088
-6.725783739997832
31.526189050608526
0.48332361359278786
8.488222232048951
14.585706053161656
-0.03245625725796284
0.4616404988995143
53.03052664262533
1.596440361254582
-3.3442767703725638
22.691975189844484
-1.1581759881836093
3.6193014482935784
75.17249087032712
0.2579941546043402
2.0029174410440014
13.210585721533475
36.00300614242313
2.230431109041312
2.1393390954320095
0.1662346443335508
-0.5600792753117512
-5.399133488846936
18.743173714597795
31.71817038509311
30.348555389841085
1.0052441990184946
32.98955060900828
4.526878979373396
23.919688669115406
0.11394574370223423
2.482494017560326
2.3260011450666718
63.42687358297743
120.2788714059599
83.12711179772283
5.918705485753296
-2.326400824342933
-0.3343671764601209
-1.6504920371025404
-1.3652448028438402
-59.78727163366983
-84.8358178304133
-73.26024288226644
-14.884390282658995
-203.9874928281551
-99.58137639170631
-150.6276310424155
-193.92614397179824
-445.2861150744816
-305.45362978682306
-387.9299717010371
-506.7242939235922
-791.8422384354541
-742.1474902490374
-735.8428788575335
-798.4789657642652
-926.4287225602105
-1181.107780924565
-1312.963662364747
-1540.5690959953095
-1771.8278210049039
-1122.2822892677987
-1834.5414469949508
-2223.918124871018
-2845.487120142395
-3238.848147541596
-140.93863410353939
2799.214263197819
5787.234161346305
1980.6505673378517
1818.3693445305769
5935.008102531652
1881.1777793925958
524.511802245664
-200.97524892442465
-620.0582909317152
0.009794387626489494
-397.6974744918124
380.7061565159686
1822.7933290713681
267.9667789385361
-262.2248175431729
83.59112993536014
420.8338259212914
-4.803984144968461
-0.4941791222573613
-270.9692143973299
-12.263910670200987
20.90064195022607
244.85649261778838
101.28083630871242
-0.14575056386540533
-186.0143926270729
1077.1766114982004
1907.6968412848655
504.95899807672197
93.69498617534263
-1.2551947264571677
-264.59159316970846
-1180.2474388490723
-1649.1952653122903
-4305.846577912329
-3539.00575352252
-7.839141272663541
-329.8438168410222
-1681.1165338581347
-521.0866066365983
126.24110356350418
950.8720040949361
1372.6425406499375
1001.4256174618145
1086.8848749095905
644.7469035616848
270.5351827846129
190.60712488756525
0.3345226663982653
-20.809128943438836
-134.68030055529368
1.441369025519799
2112.8526976874873
1033.8877611090818
228.65559382654902
-3.256342301118462
-127.10945874219365
-580.5788350150293
12.992301662402273
569.2852347511575
10.948296981070595
-128.9616005834294
-88.87599919093581
-138.3843475696819
-508.63293233337447
-424.7245389325912
334.0810811764912
523.7994860919653
21.642251720229016
-397.80567238041493
-78.22757812956164
0.15568424138847778
21.8061281325637
122.2041072709808
283.02758804785174
-44.64707625702076
-117.684639576897
2828.8749857784123
2164.503563892352
883.0546028733083
370.8301303508261
14.693707265907907
-86.527305381369
-228.8665668006994
-337.19192335446144
-1252.3509780290399
-1585.5295284360723
-663.2020876554143
1751.4717952249769
177.8773837581723
-326.6796470262967
1061.8481825214913
95.9860346486766
-88.75017595625225
-1504.0558317434584
-2699.003309440616
-3232.1267446901384
-843.6988671518152
110.62470770767375
142.68134613067338
135.65218054007585
115.38098786114706
74.76778344118566
2125.0346845324702
1848.09023349737
1332.5779335828151
990.3299608460147
676.5803544891822
477.01275515660933
112.94795326472202
40.54468275996406
20.982758524523085
-9.344307079570722
-43.097163488319104
-127.90123616944875
-306.0211645586186
-424.07968414913717
-677.4350333194539
-800.1220628838498
-1518.2794563214618
-1012.4923696257628
-1465.690340992824
-458.4340254204947
-1823.640422926509
-3454.7600025063766
-37.21706916954329
2921.4485570255583
1072.0810420249045
-7.573499248491583
-251.71929176701647
-0.08607119443427584
-66.62672287149086
75.55729844205074
1423.8540433798125
32.00999437025378
210.4818391453188
160.76557076702863
84.57765834187212
0.6468707718476956
-31.67192922448556
-437.0767256544959
-1.4601284988791778
40.4807401770002
-133.48018488169768
91.97611302267161
314.9234059251291
43.809464922767305
35.9598290663852
-663.2950011735343
-5.960540275557888
-0.9790531172760165
-1490.1619047747167
-492.45278146361045
-29.285937026159928
334.2376945866416
96.75077453806622
2604.9954538956654
5862.160391503801
2791.07188443577
1091.0159555719001
182.03846958984448
6.730610521261164
896.8834683240063
252.1220412638686
-0.06212721292417398
-12.86109660009584
-254.2382212384349
-1315.8200846302757
-724.73947986792
-610.2015030556794
-985.1073611744382
-172.817958508105
-328.74112506749714
-1.1891076707053374
-9.850764427843096
1.1779588214078927
-2.018149301435247
98.92224184039887
644.4356095589568
213.98228569257975
537.4508107779934
1521.1404435542092
172.09207069415507
244.76567629547418
79.70637574838791
-2.59138031603793
-282.52640096318584
-537.6546565872272
-422.1933330271495
-789.2368619816652
-1003.6690841647544
-1391.0549416407675
-1640.5367895421928
-2214.5662791150053
1.3886088352447699
586.1985321113466
134.68142476635333
-215.12861028465957
-2372.784808909003
-1032.0034320717557
1.282712843441469
54.94660069159844
-35.25397044030561
4676.257010150099
8746.879886388648
2822.247467524046
1234.7071514586141
332.8558881476576
163.04677226931278
2089.3795453390053
728.2560165548832
61.29755300883888
5.470555742166269
8.41870768784682
-280.195419551892
-502.2450853319152
-1040.9966385261896
-1461.4364162381594
-5173.189879827184
-7114.807081681109
279.7265995926233
556.6900956257073
92.48414447959263
-378.3714054942282
-1234.2800658102722
-380.63873783115076
-26.675808785188945
116.74274742967138
-2.035565545842548
-384.9598105087072
-21.845275269395653
-18.346299990397537
722.3632737653763
194.53453299939915
-1741.746751743638
-706.6440189625793
2746.620913388532
2588.6385186701395
1476.8579165103442
875.4018249289229
45.38282598019579
448.7792362403302
411.97417408814664
333.3017550823698
7.440601830404801
514.7975665607955
883.6484722936607
755.8069834323171
1594.2391911991149
6227.054043678697
1351.9831293181446
1330.6652173858229
671.8448256223339
6034.646862082965
2940.7123319886887
2779.517955301649
46412.01208768393
-140929.58000000002
2970.274533692451
408.7037524720362
398.5186964694547
-8.349268804205254
-633.820247516252
-1205.3337351212672
-1691.4850521729268
-2700.6118197893747
-3146.2158870112453
33.4597380338634
46.71524839884175
6.8936681761117065
20.5213406073111
66.33384022627008
2.9012609023981946
-49.55107708169458
-342.4950282485868
-722.2477012910365
-860.2359536391092
-465.14720681722827
-3.9131195120260616
301.27758399301047
-6.867713736974403
-63.68887217320432
-384.89553504395496
-818.353235812711
-1397.1880615133
-2295.5486451400393
-3067.4016105905025
-2.002787453705613
228.93386176605802
158.66555079149077
600.0806601609812
1483.4455975443545
958.3504619439266
914.9538143235421
286.1873630463868
-23.009965664020974
556.9801741106955
-5.154185352939491
-114.96801674002523
18.20981210977761
803.9393840552564
-385.1958892897175
-691.6524287683658
31.817030377420274
1.443357824622721
-12.031065998837978
190.62121987694815
4.312212064370034
-4.914760867016955
439.65656766776107
1526.0548376918568
27.674550681028574
24.23445868394268
-0.025320429408945962
-7.220754589404926
-81.77120998207242
-63.838766598396646
-251.79210305147586
2.1808452718624647
788.5098287441548
1089.3074625717586
-16.570844308571143
-1523.216467620593
-26.465326916644777
1924.5221897266758
0.15212920307828875
-1476.4008497984219
980.110655291676
-37.332655178746876
-1752.1201358499038
-1116.9128697893057
-883.2528380811605
-31.272590775143904
-55.439882917082926
1468.2331950074722
530.8817589655008
75.80341126457016
-41.77348516354938
-557.0137254089877
762.5496665153581
1305.6455213416684
39.62515189263175
-245.48941246531172
0.8556688251960276
76.60002644263697
278.8021670564831
309.9501300491918
303.0439112085955
39.92732439509912
229.5317560217919
463.9581982927332
1553.3858550746736
3403.110174736419
1503.716227909909
-243.57202813473083
-1940.3210094477
-30.805814574335212
948.179926306543
715.3407425202165
1333.5746969155375
920.2782748441406
278.7511300280334
10.132502385275675
141.64697656242063
1.534868421439969
100.68543087975732
15006.956485092072
97298.82212764808
46957.90941290891
86593.15729784674
-18099.57
0
-50400.51
-73995.17
79777.250897395
-177912.24
29748.033263258763
115227.50176776559
-252196.63
-256.1034858155756
-87.68336093745012
-100.25848268120413
-655.407124375259
259.49740692741136
851.0128367178957
590.2321761084603
270.2041302975816
371.4486502445841
503.8329765333419
323.6506849046541
109.8190481366421
119.88545158074139
40.79704550073231
1.3871799446780653
3.130407330609517
-0.6402539092333148
0.016910746801082413
-3.708424276336333
-29.364158210661813
-166.34445057589434
-175.21814034851784
-355.3152997232637
-473.57157076855464
-669.3714621436853
-282.6181694210172
-2.886250204959546
244.46133783143833
1101.0017401121522
832.1353476806169
633.8063471839471
418.140492669783
282.1231857365035
196.51091372094322
106.73652050358153
80.91204833474995
51.54120587528098
46.0217048047104
0.0381324220004709
-0.02670559854568088
-6.368050710801119
-67.71750018098334
-58.523109865431685
-126.64385963480413
-113.1750811221678
-171.56443044369786
-208.3125944546209
-148.73154046019255
-136.93830260029227
1.3514789950740922
-0.29830742809777183
10.988006159081365
1132.5255386802235
778.8706620703858
62.22647225080256
-2.448267784891812
-24.60883415393782
19.88389197231713
197.96148246363123
17.661668191518267
-15.64585228879982
-535.0144932406457
-1481.7392077251307
-2463.0124824735913
-2396.685103286775
-59.17179089225521
135.7740514416603
13.056448322282797
-67.04717577045724
-0.12926057407071034
214.21144061722086
17.59314514891271
-493.702467617009
-5316.402242465685
-3347.52870649302
107.12217602539735
846.944224981869
799.5285321237362
1128.0027615788995
1449.5356383622748
1091.2259159148098
1015.8752723838359
728.2402906832617
566.1021716608062
584.9739647572369
514.7890405558502
308.70511812062256
415.46477463284157
251.21207633651153
208.44756903669196
106.19661243701904
156.64825447005535
1.1779257985784468
23.41176146534999
2.518850268547293
19.286833279766068
2.3270413417754168
-6.719083320544508
-7.778243433480284
0.31792537875481275
0.7690318817443456
0.08321670914369697
11.428935692688345
12.37034619662477
-11.076092219023145
-18.781705106126346
-29.55566824913881
0.12632346152925159
3.3129090142661073
0.00020334344212697206
21.09834977601561
8.502373779066902
19.841485197534904
0.2429627957029521
6.800169583576681
-0.43997764521680816
-4.425417815695743
9.04116346101636
0.30471847316938677
-6.786545575692875
-0.08563653907455229
13.39992682642523
-0.18961869914192245
35.085758555804276
14.520542493772595
61.304700694457466
2.073807721158988
17.82793666675195
20.276209958612824
15.720604276721696
15.642936083070083
-6.138857040675848
27.504283978936183
9.756184900198058
-16.97465566155962
40.57442060718527
5.172454533057837
-6.001205895829684
1.2387771817786202
-0.8700646453839644
-0.1227958785719437
-5.99915336702713
-17.819255092006706
11.711967992948603
-53.21192439095117
1.3350055245455006
2.371991547737448
-0.013269537899647922
-1.7039664472760818
-32.781543535858034
-28.098799980016846
-29.831411053018975
-96.67639895377681
-1.5191933328149945
-0.01600110239891142
-0.2507904001819905
-4.251182790753127
-6.7029696026938215
6.4768496841862
-0.5417864551686268
0.5563140218576709
0.46035693656425436
0.0005320064562142501
-11.737299135927156
-0.8482921206624148
46.21553395097038
11.120947651266121
3.9025371421155572
47.061453873816234
-7.372665547928337
-1.0212658504143919
3.335818657258351
-9.394370958995063
-9.267385149526325
-24.19440951830315
-10.103506468615091
-28.85374109761214
-43.56781616146927
-89.59342865062202
-174.97603628231934
-147.61586155526433
-50.95430097900897
-53.30693174402508
-85.70267920782435
-124.31632562414796
-148.63710848174412
-226.8962320368248
-351.43149222061413
-287.8959627123826
-281.3768377888307
-563.2200170495369
-736.7467107505538
-831.1729392341331
-959.7870807101381
-1577.3412907390787
-1623.17974792506
-1386.2547868932668
-1600.4117118285922
-1737.9992835692167
-1638.4949169529305
-1773.0346223321105
-708.1436109278291
694.0613762461155
1623.2289522047554
14.062278965661141
-2.2146560647393816
-37.465549827616606
99.28008488969347
-9.448749416060886
-381.9183901983997
-232.94689567007518
49.09872293649413
39.237679664091296
662.2977823946733
327.75741719544055
39.60676940224503
274.528472640521
183.41178491427462
97.57045655828567
2649.2069590833567
4897.946638509991
3356.908837226978
3083.4983856398567
868.5651532926968
324.01032062955176
31.42332649269087
334.0622273257611
73.97219664002313
-0.6310145255302202
27.892215087149776
-5.264158781444641
-44.22943365612944
-692.0969819648496
-1595.9353834766553
-4209.875064193953
-2024.7050663765854
1.1083313992215453
382.01907458502643
-39.81350422840476
-1683.2861175335254
-1.720165735776215
836.1086820564101
2321.837177708612
119.492252973959
-56.89887477045417
-194.33716952140398
-497.10915526967995
-897.3762050767999
-296.20788713240825
79.79606869839313
458.26780582519234
-0.8381218289721204
-35.07728150204039
-959.341149864113
-2884.5842400344195
-606.0104561444423
-675.2213810568716
-52.385622483499695
-2727.776049309343
-113.34352617057549
1947.671170768021
2340.356630726247
3121.076892127593
1682.379609338719
483.6435175373286
737.5055981667564
195.3844213398074
27.439366249740978
-3.718469384781364
-0.19439176665540187
-28.271118941173235
-53.02302402817376
-13.277061298059532
-45.24277329496397
380.97129828543325
0.5264128277433999
194.85498041534453
1049.6282334715743
1989.370737293327
837.4034853307963
260.81585107504117
208.957284522085
93.22852187235777
-16.647074091309552
-1519.7080942446119
-661.9882736056352
-544.291614530886
-84.70987789807195
689.8908073466596
666.9595789480034
12.439063708323546
-777.3150629756988
-2156.0183219637847
-284.810188143826
74.39582734237096
17.89488722752762
1207.2256115295286
605.732704991191
97.07802521394596
64.7199567260169
805.4966206766048
1387.6120002659738
734.9594134359736
-5.407808287996911
148.71163878160436
209.14236937527585
572.0237904969075
1421.3595302909232
1817.944296895037
5211.5172601891745
10330.983286347619
19777.21562519363
74025.85902540793
140336.28578794783
193650.84984094428
120872.11398051506
-706089.79
790.2202567642187
970.1037407735711
638.8462444795953
514.653698513365
239.03970353553092
220.62612083999645
-16.39536903419006
-83.09608110511792
-449.5401303847659
-32.13829413503347
321.2269886792457
89.7842197355034
1.6131440133448787
0.5462620463399698
48.76601483691718
547.7531941156193
312.0945537164599
7.640574624529581
-111.6684544986266
-480.1313700741338
85.63170789088176
-830.713894293095
-1.4063192809811893
-253.67355989359308
-175.14666655310944
-7.818354535886378
-30.930924294724186
-48.603738144263104
-332.55752974961166
-552.0896315673292
38.87774600065276
98.10240021698974
-464.6138980867763
-16.787126364472662
5.1983651366028765
-99.38534676437513
-129.48763346664606
-0.5134717655172679
729.4250024002608
8.514710107449476
-10.693518837657175
-1233.0992313803906
-895.0085524777078
476.0402249362662
665.930555345284
1117.571702951546
1191.1254570815556
1225.2983752361583
919.0697919701945
872.8808823668323
631.3421345915314
635.8317807987273
573.0727118822252
416.2241713650325
248.38616043232676
174.04519269131234
154.2867525454069
79.31773800801709
28.187451375941915
40.15123734915703
14.643504818841581
18.48504159913093
-0.6047206436200331
-3.139893519618416
-18.742995695168005
-37.52509790642131
-35.26223526111227
-116.64240650156768
-87.50262504113044
-245.61621552029482
-356.1147975821666
-446.62406394235643
-649.2849717802414
-787.8718505850154
-906.587731024562
-1181.935689431871
-1396.028146531567
-1923.1143065997746
-1963.7762600233195
-2641.3681269610097
-1702.4990855563567
-780.4750482054988
-350.9738034455177
-2.186787958970761
241.5792850654092
906.5778875405676
70.07229213098401
127.0380076795558
416.3402690957477
36.225322771773726
-239.4602186322594
-0.19014354227125604
672.3508694446032
1274.3242042233637
174.81464502940298
15.617701414773142
947.951391852585
633.0188080553687
142.88182032542662
3472.957579168824
1445.299047662423
342.6571216767005
553.8676457424078
510.22785141988936
113.34803256517672
-0.7005827970451408
-151.60589426802102
-805.2279040108299
-513.3182930464015
9.885920524450912
46.611251626742856
-132.1673100751911
-1.7483303053208907
-4.664400441569353
-45.82793166276113
-19.27260558776841
-113.8863671474035
-277.2967273217803
-551.3028792215888
-783.8847711835368
-1048.7616613655987
-30.89169058918511
-264.1237499271905
-625.8214193225124
-929.9690640741236
-1299.13252315934
-1624.3246472700234
-3354.328345062584
-2862.6165476866145
2744.937702840135
3591.5452967721694
308.4251065587076
-0.2945775576021251
687.3703281310779
0.2595097443768531
199.86120440430295
-58.688073172638596
-1749.4002698665886
103.57496450370947
945.7203348866085
40.959241154839845
-0.36878799163156967
207.7698780121777
161.10021715919714
41.18481608243348
-26.291208702783532
0.6551974070741018
-64.92303749430606
-35.845165430118044
232.93436306280847
-505.5706512708884
-128.28283286118955
12.400661283549036
-61.560670929050815
99.78799810243163
71.10403258780123
-16.384561771883956
-5.05079463270547
46.81140541091438
-383.0697282054767
-380.80486552496285
109.7152735724992
401.0673563334433
1015.903831877657
920.0820964210757
353.37293793471036
13.95560644749283
-14.233107322823688
-302.172906273797
-850.9671884160147
-1213.4524947764523
-1734.51186457716
-13.050433953726436
-51.31828096952134
111.06061807594966
13.392168873265177
278.3442546140329
-381.3814456501264
3.522711509481246
-226.947538365208
-374.14649143775614
-8.120868639460962
-1261.8270134819186
-680.2619693603128
-433.39517700919174
5672.639946210041
4194.00289984325
1985.2624004157444
951.3611238726043
259.5906087770024
202.8588549015932
395.110327794187
-308.8937765095135
-91.34725765809031
5.439955268449827
2.581343067030482
27.369795429255454
-17.931440160204602
-172.5792725419055
101.18881304340178
380.91847581378426
913.5075352550696
1235.5453212913976
992.5151918554814
619.3639105635468
389.7705537035707
356.77077105354465
228.55381633671544
370.5409942543471
264.8181746187747
217.9681336414177
42.83235236784111
-6.0747427015724585e-05
29.63634539203114
354.6239977810501
140.6802503260899
248.2723278501423
194.19437247432305
64.94311273924217
-36.31431536348117
-5.598705955844012
-6.4783934106453005
-12.979783125732776
10.16711755170589
1.00952254828264
2.8968052999184426
-0.8473110192470051
-5.2463907586356076
-0.03189218385802108
-96.01642658247327
-120.34991903977983
-354.7421741948334
-600.0271768621434
-683.1122868644823
-1002.0678815207397
-704.8799450833835
-512.2992436644511
-1255.1753860900842
-1287.3042324803073
-1388.4905753129744
-714.9007181926543
0.10593372098436146
1465.9096965138833
522.5705815815664
66.33426579942463
85.2328903070594
847.1884385461738
270.1285707124813
13.247374791226665
-0.016300446299682053
-113.42894885370276
-184.42170993670092
-1229.499762972466
-691.3029999107864
36.17541799627553
347.6801857393533
70.9766637583358
125.55321487715545
110.10249758594543
52.490537887157416
191.07990712294205
1104.2614796063476
406.96679379941287
118.51803421181235
83.5457949044718
-3.3470392236146473
-2.417919872681911
-1039.5771455686618
16.811066171335924
2755.6692999290044
1038.7999767689744
53.566107849517856
3.8325238321271144
2.1297621067116603
-339.94369088675353
-1927.9905315772203
-1501.3697890686676
184.0995776144974
107.99037622370537
487.8885821073923
1684.3106236077688
9347.010714955677
6895.292423750338
5304.451838635396
4975.905676090608
4469.906571954667
5893.21555861641
2660.674589819765
1987.152290008199
2666.5225331645047
2796.348008273067
3119.4003926074097
5307.297350632146
3581.3642329153304
2482.34410629179
4786.737226775938
3661.7268209516087
4378.393832594374
11838.244687437758
83932.14608011278
77325.32570972948
73071.84434717645
38813.441130779174
28147.739979083024
25184.437881162547
26335.98848882895
19104.699437510313
23383.521475069858
34971.31169469352
48258.96333019194
44046.449437803356
43173.13228558452
33979.304354965156
42732.619200065325
31054.356778347585
36401.07628457673
47485.051343344145
45586.20804333451
47713.77462508225
65599.32035400276
169618.93212904752
-1754199.53
