17647.859999999997
7969.945474900604
3976.480042695848
1928.0625327790683
11651.503421878157
8509.072553690727
11261.049578500457
9208.675912449095
8143.962227083135
20048.863028108528
20854.96489059904
35610.88771853528
53992.22425501136
64611.33624606722
229603.4210778895
-44243.259999999995
-365569.53
-163580.26
2281.6699271090665
1048.353487126471
1289.097835044341
452.0221340017411
755.9147795276464
1289.6701468322494
199.57853570025378
-206.04074426889025
-471.29491710712347
-2713.1421264411565
-4405.402453093158
-2591.237544990716
-313.82158813146077
1180.9225914737842
117.05943477481858
58.14846449637157
-124.18876404892438
-1330.4143927318682
-302.11199523950233
-287.522886784676
-392.5063484181729
-0.6234620620239228
-194.51735320333717
-163.1446274452606
631.8761547752686
3969.3134789713495
3055.348589936193
2414.1407468748885
2449.137884086643
1681.492986021413
2981.45148377465
2094.663599652971
4554.6480097986205
687.9362908753642
2214.3292718452253
3907.873554573396
1938.142192930386
1645.8239744162945
1632.8506416340974
1111.3052701569645
1032.5730983305111
388.2756899152346
-32.6984512152662
291.61990714192314
193.41877016270203
1.3416793356547434
312.4951606426492
1656.6621498735167
6882.330723879862
6875.05540258375
18166.635060130997
21926.418746357926
19084.968661796927
22532.893639975944
22010.944890518847
18940.90273881773
20443.520361730003
12884.059144741752
15771.677044825547
19394.423051376787
13293.662748569535
22883.90070065189
47721.9922474341
31734.036835094303
25522.872853522545
19777.745650455618
63006.46166441608
33648.74391110157
160288.8833993923
210269.7757047917
-110718.71999999999
-92570.69
-145546.74
-57970.94
-90950.95999999999
-106295.32999999999
-72139.79000000001
-14513.939999999999
-4796.33
-12163.579999999998
-10670.460000000003
-29916.100000000002
-15648.54
-32409.380000000005
-28927.229999999996
-17757.190000000002
-9480.71
-57110.5
-76724.11
-62040.54000000001
-40030.35999999999
-50856.27999999999
-82957.74999999999
-9056.8
-8325.779999999999
-5813.549999999999
-3436.24
-5818.560000000001
-3445.13
-2364.77
-6097.0
-3408.1600000000003
-4623.6
-43853.22
-26269.82
-13537.17
-9207.43
-8774.24
-8902.61
-1297.6
0
0
0
0
0
0
0
0
0
0
0
0
36489.240000000005
56183.17470427886
27036.60905603096
26791.154304863114
31215.776833996508
36070.46193965792
40449.37162490422
48497.80343217272
40472.72146035274
44784.20664353207
39340.09198178448
47335.17163833647
60182.70405027538
58414.969011323934
64277.04768301876
107352.76636376203
156655.2180552981
-176961.36
-151103.89
-145737.19999999998
212079.65075626646
155629.7487496321
51607.62607694364
118014.76938973764
120517.59246320353
207233.1534561513
-513605.05000000005
-382853.7
-147303.27000000002
319131.48550688766
-316813.06
-568399.03
-369.50556746104496
3017.7813455297746
1165.5646114206106
279.8395042446322
534.5739246001641
68.80642976151613
30.46667738036944
-16.01776365230283
46.245975408742765
149.9417284518007
-232.35846764720569
3.1201968286404935
-88.76475966858203
-55.094744560041654
-0.4308475590299696
-19.744703899990448
1.3438859927470683
51.833850267758976
55.04416530401392
-107.27134127219028
-263.856169704784
-2712.617181292474
-1990.4881543807571
-1284.7716880846808
-696.8270892642178
-664.4596938492218
87.66074038250858
-36.15281072109116
-578.4325547456186
6745.471365652968
5916.9586204215575
5404.170102735094
2115.2594692889747
1508.3261128896393
1285.2749551924144
4098.796345928937
1685.1127993011423
1266.3183003155254
6284.599942090359
7523.303533962587
8422.324067286205
7131.388832545748
6826.745684933772
5207.714045073415
3862.5739212761887
7274.537415018562
6510.939443504745
5574.791023838916
3699.9148789577457
6500.036339216219
1350.0917693704134
2147.539658357937
505.9319029536249
1236.6010858400296
3809.7028114594245
10254.874800881473
11140.1355827201
18538.618625061514
30339.263500954352
46343.06493175169
53070.252584946036
58380.00847059462
122454.40544650194
65523.10150490912
87491.06583846702
78749.0843102241
78263.12758845891
100087.91199047658
-188167.03000000006
-291205.21
68544.91092240665
-79308.54000000001
-27886.510000000002
81273.42568916199
187529.8456624447
-524447.5499999999
70981.06652033747
-329555.24000000005
-420349.1799999999
18.470314708353847
80.76583389600769
52.72095148652164
-1154.604692309312
-892.3702189703347
-636.31198384417
-1.0598249764689156
201.95776916065782
2592.2161227959036
527.6149445821123
346.3769342437518
115.74482155671984
107.88085655584257
3.227507472109835
0.007504946209792922
696.2905377025955
148.23966199740886
0.09415904749697145
-0.0778124367562899
532.8592545770224
1.4519802635758556
13.298426144193932
66.68518909681555
347.87652654935465
0.13095306951137625
-3.00679143401833
181.50360083708273
2187.1595968273114
4554.609255396876
4899.102902847797
16609.806858971628
36603.46176907107
47013.182641250154
46890.14433743425
58953.00361943726
59675.577657162365
42008.66176146992
108947.88135985384
-261272.84000000003
-285710.18
1202.5573200562658
146.3665646042211
-0.039924425555536956
4.5916043946281535
-60.7968165409603
-23.17347979413214
-35.7301135686112
-183.69856138969087
-386.6883436755082
-707.6780406976426
-694.9041207326914
-256.4058591897369
-361.0273024673309
507.60690338565564
43.77100163860472
-89.83411338883423
-1177.7250142526632
-697.7613450890403
-490.99074835652567
-173.69196766439512
-819.4129780480984
-1923.3320790069574
-2578.370383288722
-175.3106517895572
-574.7746324747197
-1851.7463872807325
-1068.8250514430033
180.82065554551633
2.7804124486383666
201.43834725199758
0.787047449221784
90.46751554915367
1760.08629047675
674.9619594364874
-275.5759293470517
-103.26514435322548
176.8227212822174
2481.761436377129
210.76273177491657
2.7730586957238987
-623.9333599834016
-611.1712108766202
-20.47610916825556
41.47546587996439
2534.374707099188
1406.2060581253536
2099.7865320827405
1684.3445817602264
6340.286216211447
29894.593690202426
62546.829110487975
-52735.35999999999
-1569.99
0
-265.67
-562.76
0
-2778.88
-1030.96
-497.51
-2631.4399999999996
-1551.03
-1167.66
-2750.3199999999997
-10682.86
-24571.51
-17899.149999999998
-11058.2
-3762.41
-1941.2200000000003
-18048.79
-9520.689999999999
-7059.9
-12797.990000000002
-10557.94
-7122.839999999999
-3326.5600000000004
-8517.08
0
0
0
0
0
0
0
0
0
0
0
0
0
0
0
0
0
0
0
0
0
0
0
0
0
0
0
0
0
0
0
0
0
0
0
0
0
12098.960000000003
4663.006262614127
3732.730150610087
1842.4221364259454
1293.336511436294
1040.4468171648546
220.2997876705573
75.59509881971697
0.47603926329536306
18.94114308508415
-173.75883740662186
-170.89180422812888
-80.67888999188752
339.1639067094129
-114.0650836039528
33.98385359041422
5.36163970967746
-0.32616318248031695
-350.86176958527477
-1373.4027162075593
-96.96896483666012
-133.20148572853054
366.3302702673992
290.82918613311574
425.89760679631155
79.71838390488035
610.4089945960189
58.81023632983917
296.3807762048104
253.27126104957895
587.9393132163693
96.51547498266453
-164.79232114288456
-776.7794817528832
238.195837172792
18.49429751055596
1340.3868583340031
-43.858841906633245
1.657344633679501
-108.72361635931061
-368.0165624415447
-774.6460878485512
829.6213269867405
97.77697621206221
-141.13482055252683
-1164.4477219857304
-404.2141597403982
-137.9350569983672
112.21198961419832
225.82837677754372
0.0021232197816294417
938.5943824274217
2695.620697807434
2742.6499714854963
2453.753440410093
2866.3135742478376
1257.3306497256974
2072.872957860821
1904.2846082422282
539.7384749775802
623.205000740191
413.6466267514609
163.7224205035439
9.886250255989973
50.76260769274958
-28.842016130439184
-186.57368780104827
-647.4740007887381
-1059.3068569780846
-399.48021818949087
-1684.8990686982722
-1494.0977315306454
-1870.9702307079795
-2871.3206838182405
-3492.985596440072
-5151.571116820167
-2105.2514616101635
25.70872253812795
-23.660357732706938
-36.29176791350289
500.11694653356494
0.3422674945186574
71.41223777959495
63.49529292391883
-7.834970642135833
-8.61899221779128
-95.46166381685718
42.558744416943114
441.22397444048937
155.71988399771848
95.71110610775878
65.79374870122732
-520.5434418142586
-194.0788502455977
-32.87927936715494
104.50540291241333
-94.72076362452705
7.691789274586971e-05
-322.84236001625175
-651.6697823232594
-384.1394292777492
293.3277334923827
1598.3839622772791
2211.412328149013
183.0328547188832
-222.8951520369842
30.827815677396785
-120.99037897151024
-748.0745825088616
389.25551425897817
150.54099000648637
-120.97228760904245
-0.8751234991649445
23.576240699959364
-6.165477827360572
1446.231331873424
427.27722337999984
8.230397744570482
-117.54144827486085
-128.22697071037808
619.9582637870458
899.3758247632531
130.21479659915394
-408.69524664063124
-890.943480352737
105.00141993899057
202.48436014586238
34.7605824838719
-67.57137736758985
-22.748526621442302
-109.7941186154383
10.283100327809446
-279.29190148412914
-9.032883799662798
7.038226220445557
-604.3443210774308
-40.75287039053256
1.6613032157504257
239.01928570654889
546.3296414735348
3094.036168302923
3579.3003575162365
1224.7039237459535
535.780391950054
1471.4361647819842
692.5141604327694
1184.6213430480893
3521.689099551707
4635.734987432904
4582.166400453777
9853.774572237555
7628.407057540551
5439.704033446917
6235.106651357671
16108.557129932724
25703.313711482057
61397.81469107781
106771.42549448268
177388.6959935577
186722.78002336138
178914.99816539808
227423.78777780887
240515.27490520646
257794.97163161024
278381.49534989125
253221.87547836624
339310.859232208
554263.7314823967
601261.956857748
-274252.37
-268524.16
-399908.54999999993
537704.3739789592
-438368.59
-286535.76
-402425.75
-275080.86000000004
-233770.37999999998
-184141.13999999998
-274648.25
544228.3266745714
-703242.01
-260142.83
-140994.68
-101007.66
-249305.53999999998
-207573.53999999998
0
-1085.71
0
-1900.0900000000001
0
0
-1890.6
-404.62
-33199.41
-167575.83000000002
-124702.75
3469.7813393571128
100.73738284562265
-34.206814927337206
61.91556052263743
68.51258081270805
-1.192151288639456
-0.17536456669493133
18.05951858515834
-23.218313207492272
-0.05703515004740875
-1.89024237286256
-0.17015835048702024
-0.4943241918957145
-35.87985295653303
-18.082981061039106
104.47237288190229
-33.07185543816142
-939.4277510702467
-85.53665333272512
71.20926359401926
400.6270872553482
903.2939314167843
-149.66740996919478
11.050977400711755
3821.4157366072227
1580.611152642466
615.3460066709032
44.36804241595675
-58.98975358851243
-414.19389052920053
-104.23478702438997
40.070411154888006
942.8448026580152
710.6750811120694
54.53139030305385
-9.582863110668765
246.6813625158826
83.68330464128766
-451.28526690271065
-1494.305198035785
-837.9428356012761
26.97905358666815
83.84045194515227
-381.21810941410905
-21.09497389096468
-119.54941062875943
-571.4713400608841
-665.2410699491827
-159.365268398821
473.2141744559829
82.82086511387524
45.133013929777604
288.37223173698027
1696.2869645144401
4165.859531750906
3043.0589124940943
2331.881956139296
2463.0915491222386
1655.0205032213003
1032.5526463762571
1492.5542433818396
967.0505235682415
731.7425261189442
264.74479883705993
234.41466330465335
820.5502813238156
1871.5050430901745
6142.775536509365
2586.943274427569
1253.446128504669
1222.084065917127
2950.2983480819626
2179.906049687059
3408.151654974813
3711.5344680026788
1415.9568382972284
694.3716133881887
2748.4520212830644
540.6860737430443
1480.90173039535
14.067127044789189
81.12673247533434
-71.97692952713838
4788.062860242309
6216.583723027868
5473.18728862881
8972.735261478494
7843.93114061798
9112.408639074403
5361.808944424753
5115.053974761042
3436.9481461849978
4775.437020150022
5061.022593243495
3602.5556522043526
3336.215576122786
4122.26750462785
4535.394298225289
2894.6016718880733
6811.633240274188
12232.076815793198
129182.61034300631
186961.95559912603
261276.06601804422
529875.476872013
-175154.79
-289858.72
-198676.11999999997
-36050.43
-48218.77
-94370.3
-97636.61000000002
-256698.34999999998
-123762.84
-16148.130000000001
-11004.62
0
0
-30761.480000000003
-184442.55
27995.869534792622
-12191.96
-24193.800000000003
-62735.600000000006
4106.487371732543
1936.0743792556473
1004.654966624332
560.9352108916128
1520.7514535369644
1301.6180494213047
1294.468422800037
539.1942942496025
474.7078192637176
1194.3985123144175
1127.317173615117
350.1957798591773
315.09859644654716
504.1738628306822
368.18440512232866
86.86856089985535
-1.5966167230888801
-35.2375911327729
443.34999615987726
711.0387261657453
252.09767431776075
269.54721845791784
92.47255641103635
16.266014328514682
-7.9630257873904515
-30.463441177112756
-33.04706602575567
-1.49670588839663
-12.0415598755086
-141.1164352766345
-227.89541833509332
-0.010011585923108827
671.4975393078842
335.02286388148065
470.05094371298503
693.3771659748256
1337.1298601617423
195.11417154031443
598.9916361497369
679.5263781247218
379.062828309675
352.764431917783
822.7381264265517
317.0597627829375
61.36383903382198
132.6811023428298
257.6344610520186
2.7003068145381426
-25.522255286665633
-12.874497649884022
391.9088875593271
76.56305523118094
314.8281437656851
494.66951249425193
393.63047019021735
80.43281483590738
196.56688876460572
47.52128882837758
450.1959929528316
-0.2703197314468109
984.5065728759075
3317.4037569374755
2409.7918421918907
1299.3948842386908
1737.705388778297
6095.742066400697
10066.143283728134
7625.28455457029
14169.127686408541
9451.630318033336
21141.091715091326
40370.521450404194
-358695.11999999994
-896.616022446244
-1527.6872556719654
-2393.0872146731017
-1416.185814381784
-56.30892918448333
-29.456872841326685
-284.7491118077013
-131.78511970519116
-8.611339165449884
0.8996373760325623
121.268632924386
91.02601072975717
554.3352865440775
745.2229503137647
4.106344572392764
6.662638772410698
-5.546334485740342
467.041807932624
500.9643959223438
73.65772490674765
20.29515615176656
38.57037791470193
-4.946036310341338
-1526.2621389028454
122.05950936939504
-226.8341712790122
15.528930200147457
-27.601266828020687
-826.0757161354754
-2.0885091871767365
-134.82939905541838
-707.3064459844134
-249.22211261815966
565.8386815610648
-14.266081648250939
-469.6422892730478
26.167344042611987
-72.52958065902811
-65.91474119374158
217.33426356654707
279.49626093861485
-4.103179674363819
95.7287212908794
73.10016646101127
68.21643762591177
77.1739050738251
-309.958259830016
-160.0365046924714
550.6086690669025
2.7277236211207394
-425.1244279130484
-85.51595824548602
-1369.4701438877871
582.0253463226866
346.18875479418546
-3.067644095060264
7.499434904270683
-49.92630554299843
-199.96796010587332
-775.9077443662395
695.6858930081896
1952.499601685383
27.800697752597383
-30.388301085126116
846.3146915717041
169.70159888564348
2.8710757926445916
100.05299915875115
-45.03420586676292
-749.1865107847018
-2014.213909692981
-674.0321543129703
-0.4077183815787776
135.16354346146815
-872.9293074910174
-653.9843141641575
-189.18708659418317
-9.738685900339435
680.3357887814306
316.96265755686335
283.35245898759206
-17.156382374039495
285.61263124062566
2446.928033115729
2635.578802135595
2786.1530103967343
1891.4144142491855
775.9143955561553
1586.9091078293814
832.4238004986098
483.1692090620913
192.5462931878081
100.08066828225961
178.3223067391207
224.5157998610344
552.0961469325262
235.01087241088266
26.69189373696802
-3.4836536818598494
-93.24515080473066
-312.083355666191
-338.90629734403285
-72.68550259739196
-50.374000331882534
-10.10964138346776
-65.30403106532461
-127.5291177965639
4.628998552678914
-184.58434623527535
-512.8428112229881
-975.3514463095601
-1888.3579773013805
-1897.7230374874016
-502.1000487780345
777.7076258289801
271.89824734055645
32.691385349555176
106.29922878241759
494.40467562814626
-29.171792493531044
-242.35259491392299
-28.660903554432316
1.8278325711099954
-99.50953279481031
-91.63091527381087
0.01725574401403483
-166.26329121710816
-656.8521567485482
0.25444426210916865
4.267069716897272
-22.530208132907855
889.4149876896374
126.74241846225402
-255.55709486291144
13.754237350475686
588.7753433864782
38.07597638800263
557.4529556284342
6874.211441330101
5563.541124344143
5416.960124881181
5682.916150189117
4962.5897805589175
4076.594507260776
3242.830168188861
4286.3643413918735
2866.029044205623
2475.194143316972
2821.8982487780504
2686.235546140246
3024.8025329788056
2311.5044238665264
4189.583201775616
3434.7755332784523
5503.10451326516
6255.040416973501
7328.079908576965
7999.8796999213
-194901.52000000002
241.40243816063153
1.8354003153461098
-53.142604352562174
-270.8814047969524
-651.4474406228156
-816.9847755273154
-1253.4826993116453
-2124.4272215566752
-2087.964968697327
-757.384871677192
-94.94042521095211
26.31289008306784
1930.8209810993626
547.7706560512711
135.24565271727482
-21.21414677105298
-3.944304977464415
-203.7440460495919
-464.226656486005
-1392.4365819076227
2697.1140241095914
2050.053297019116
1634.5010660712683
943.9208422335985
301.4721111412043
300.32714199356906
85.92575311608874
312.91327884279184
504.20440284137726
923.699046938045
680.0745316549089
763.8739047889325
686.4043405375872
505.6201800431929
297.84597982381666
264.7679668175464
72.92037077600479
161.71450489063335
25.97837717833489
193.39360285047886
116.9849366985816
217.39019430336475
28.220148129966987
297.9844399822581
224.05060417418164
139.04339681134763
23.044079144115432
-5.87381338592836
-21.70342662844769
-26.6732319434545
-9.384355358244497
-3.0929888972646156
-6.005229947589974
-0.8568740901680757
9.629493934478432
-0.010039861656161674
0.49722818377273115
-15.859149440100602
-204.03998060428995
-21.42317754859569
-200.51167908820454
-343.8111736040611
-336.2796770410048
-454.60513714909064
-305.58863058019983
-506.3241799927747
-655.4214349239635
-612.2182396704802
-922.5103357103105
-878.7910495147648
-604.114590657003
-200.89865457017135
-199.02212448954197
-318.9348082919816
-16.799901118153993
6.1277826172070196
277.6435519612696
745.4010181844487
276.45950677270935
133.96997628280036
52.31071463167025
-0.45640172747532026
-6.593156804004872
-23.025246387175038
-113.7313706621886
-196.88978420580784
-279.1411098975182
-413.32013736484976
-615.087974886787
-876.3437070454303
-981.3759621687261
-1797.1625783728496
-2216.7408701467966
-5081.736694108877
-4655.011900318088
-427.3563439008018
1133.4913516097386
304.58168301748844
18.113909669511674
345.12609221643936
2.200243830693756
-16.923892499072863
-41.930799011013576
-290.19200014636243
-0.7697221211828762
1485.017138895919
1882.787224751323
1644.824803220125
1008.2534958644444
750.5083490904922
577.73676861785
293.1300467883548
376.14618565437775
82.31489297752556
126.99925108098599
19.50875518830035
47.84102463986949
154.48462701692776
174.3371762653397
684.2201106587561
354.59360945035615
46.61882320583076
1.3826492286928138
0.1453938111917758
-46.493695856907216
-144.219198227116
-632.0924825521367
-844.3392692679406
-1079.9391306457692
-918.5412621850818
0.7526422935153511
699.978798530841
1851.7965017178697
567.9249712778612
2012.0127970257734
517.8290526759001
1270.0706414745428
2150.7571487877813
2829.8539276542742
5209.0637793049555
2752.2989501799684
5907.168081884398
6939.259455121348
4173.499375360142
7335.295241117118
2725.4688345481777
6706.3242991201005
5874.030034563992
5561.0831842683365
8096.249259533892
11770.20228328139
10548.27804809077
8818.439748122595
5024.234539962247
3273.8367395717305
4399.827293860988
4144.519780070343
8593.957956120303
11190.862570945104
12100.68970049101
19077.473414180775
13803.983349502421
21006.389266638525
28641.915895702536
25523.895843594797
31384.102902684812
39294.04727854898
58938.42931316316
57694.85036433606
142104.59162851726
-561597.01
-198238.98999999996
14178.263740081631
8347.867121129035
36078.409256006664
55110.909621852334
-39260.380000000005
-402622.94
740.8718472875464
129.154681829001
198.19699085641935
183.97301936167474
57.968959331188934
164.80921109486457
1110.7992740590337
933.210029493221
392.3927094657409
1214.3489166255622
1226.5171713464247
1715.2736987343246
1324.8977479122739
1180.4451609366843
2615.865694445334
2469.249781699065
2713.99208508007
2429.0425515801735
1206.8384295612004
688.3281993972487
405.29235544905157
91.90189853341862
186.69527012544495
109.12829792192127
64.8285580727674
5.54108639976142
0.2918887558607055
18.8593085650915
-30.253173070522447
3.410493850096106
-158.43067826813564
-175.2403420040882
-111.23692042802661
-297.67450544202313
-310.80053582790697
-398.91381065038934
-264.81775367431544
-542.5707995853782
-474.7774677111569
-721.7130141024412
-552.1885959771525
-913.9469181219606
-1361.3112307936726
-2501.4611744698764
-2021.0755121494371
-2048.107163617662
-1703.891115603406
-2621.404994083773
-4526.743013984218
-8193.773817325327
-2500.0503189844544
-316.41387033596243
-3.1258609977393235
41.41561120801737
-4.632593797168655
-45.576460003391965
-125.82661782151172
-68.53318539616302
-118.21179460952166
684.8016725071448
2223.705615093172
1434.0572568953917
253.087548487574
208.34127744004172
7.718412092346024
-2.543538119172822
-84.57377862756212
-395.373758965924
-0.04203132862730701
23.599555448352927
78.48521314767272
106.79314396404266
24.86558243150629
-37.51163310828474
-19.966979495242587
-1167.2447370899927
55.55770425378553
2330.2804443481464
835.3814736545378
890.0709410821794
665.3371982875406
80.24897001719768
-0.4019019524908536
25.822582869429986
-63.37317896668633
-0.17248626540216072
-54.120055782158786
-330.7937742995214
-694.1246712998732
-653.5231250051612
209.88482065679557
0.45618236024696857
99.07041869443904
-49.43693094466607
-199.39521014528066
-827.4992880705914
-1909.021909751582
-270.25645595138485
-21.583779616850077
0.8242161332721382
1.0461615771768944
0.5999378106650077
-1.1156330614930225
-43.13997099803247
-8.570156290199026
-54.48833945315221
2.8232305402754125
272.1189812795039
1965.5743575136503
793.1062905943692
9.069562014475506
-900.0535081319935
-850.2679218074061
-224.89237692989542
-255.81287824658574
21.94675218211254
939.7325066245509
372.7449115766657
37.220972797770216
-8.01266002770652
-164.55570628900398
-675.4919005545298
-1830.3497505101232
2.967849837562188
1945.041287293175
324.11461846382196
-1.0637071546233008
-54.08708972130199
65.70793088852088
43.64850961117729
702.0719425753315
366.3200863683846
10.381830003513157
-39.97639106641732
-793.3432110420997
-237.64211219395924
403.0920058913131
139.6615875918484
225.91985301562963
597.5432153460525
392.1778205802954
31.096108783769516
-2.1839795546474843
-3.211127453622757
-186.26444042938363
-475.6734360178375
528.1792338831838
939.2591180726579
37.57956961396892
12.938812189756018
-68.18975374245912
-616.13406914289
-1597.9833376402294
-3034.2715450074406
-4152.893172591735
0.5218469898064517
-0.014424044787921073
541.0608489553276
1606.2320940943591
229.32949438930837
-14.558663802331473
106.53231452249463
-18.910839534250925
-530.8348825237144
-748.0712210415393
-684.5209154905269
-1225.3618318665958
-3231.6358833558224
-2283.5886390827445
-0.2660044147075475
211.19424243074056
25.547807749553208
494.02122638945946
1488.3656157245941
1252.1760050274756
972.4939965964084
179.75473071409675
-1.0278409224363614
-26.647046392864375
654.2348198884811
1099.7340733608835
1397.4012760750225
1550.0684717406862
966.4759583686778
761.0795339791932
666.8880737971831
198.75227153669312
244.70706130460232
220.1780872380385
247.9877647731132
227.21205851831297
1686.78530255899
2223.157138285258
1274.9120308763315
930.3562118724867
651.41301448277
405.40830824402724
234.47705565894702
372.7002814372714
150.12755414203332
30.34511278090329
33.79150956966005
43.64154862917471
8.626701216031739
-10.64005464800607
-63.84848077549006
-66.13767960254151
-103.62842292613226
-144.16239606416013
39.720789555230205
26.486039953035807
26.029512026044486
17.651508963063172
0.09305130367240648
-0.05425217817890498
-0.003944649392015345
-9.64430239471131
-12.180581216923017
-67.41409688163674
-45.38852449675751
-103.71216373648201
-149.14324399008876
-153.5927359958925
-176.40012804172318
-231.0029461882579
-259.46880143013584
-462.35550505754577
-435.75827728471563
-529.5888383472961
-198.46149765564172
-436.449013936947
-45.12387102772027
-151.0181427358977
-92.05084062316055
-247.14779217108884
-303.12688109083496
-218.67604346034517
-461.99379014714856
-753.9828990064864
-414.2221996605767
-33.67391090028164
-16.814762416637635
-233.84418347444927
-340.4701673203439
-867.8033137168604
-852.6959226171932
-201.8084334873401
63.13297205621808
-124.33992640638502
394.5796643850402
3675.133136819186
1368.626005393089
1252.3432839860834
908.8901245851749
185.10993222957447
340.27113400582095
95.26147740735857
108.9088594555895
0.00017510752297925282
-1.7648530143673105
0.027909093820184736
-21.341032057592837
-12.950339332910916
-228.3155236274319
-96.6549492451743
-234.1581340894496
-484.4542777422769
-829.3062812533497
-1477.5098637489668
-2926.3690250828827
-570.5129268468903
3.72737592841697
71.5100629798959
-32.75880893168786
-2701.5155562548443
1004.4544457800924
91.04006249836694
-8.584891711778475
-170.10168450806026
-6.204708384801851
84.47685973034955
15.077540841413136
247.13552036385437
177.7990533107673
23.054759939214346
0.030345033928333643
-165.81290874261856
-291.22451288278864
-702.9620754695436
17.731776598073083
403.7348978918403
256.06907038394576
295.6400767818101
291.8210383976165
152.93763872058793
0.4014610849729331
-68.02952177630391
41.8777939946803
56.65816374454772
-39.51598427249037
-94.76134183463122
-400.30414791003534
-723.8582284361814
-1317.5682402803086
84.21804874056846
394.87104607716
5.568092750836281
-70.26417619855518
-480.14516911915155
84.6206977144789
291.10113670882197
63.38046195980029
-107.46028293958693
-17.84309615611172
-184.95216575743768
-223.43880294927004
-98.58545464680194
-15.155100912310832
-371.81372721580385
-817.1389129515258
2396.9591508750173
2085.3532230467777
1290.9010268856196
1098.8205143020862
532.7780367881076
270.6508459057644
255.35819665177732
260.45859398837024
177.6649193894394
820.8128070176939
1593.972149475672
1100.3571415334115
657.8495679114283
303.79513117796193
69.56900657426488
71.45174307465457
19.868431105778775
2.265667629525805
-72.13277135606583
-265.6606928400565
-225.91760146279825
0.8271082794662745
31.441319626561533
78.39735684588472
9.18291038751018
42.662429592288795
22.753262845264135
-3.064373798148667
-14.671775501654043
-5.536496692142635
-68.90943164260281
0.0682453413977046
34.29477965309464
-3.558652812472774
-0.004635250483795945
0.17007997134898828
-146.84903181773382
-161.22489878371516
-463.7518902044768
-617.8429003235667
-768.8466216511322
-406.98040100444075
-865.6061749225496
-848.592745120394
-939.0328754236059
-1023.394131421473
-946.3946253277409
-1114.438104287287
-1384.6213807332254
-1364.3035729638514
-1636.625948174591
-1952.4755440571473
-2207.7916131330358
-879.5855850788596
-646.1761329889272
-665.931323480936
-1179.4885175429108
-2.366627710261255
-0.8781252499555497
-1116.0742613084967
1266.9937674677774
116.78151455642951
-156.82328564827915
-300.2348843436998
257.706429479249
143.55618586589912
-110.32109540290874
222.11505772460345
-580.1087029360663
-24.312621910011572
2.340790829970325
26.477388786030488
402.981710308977
-0.4619563824825583
14.315876930356634
28.494297097815767
-135.1537310925364
657.1934774594754
920.9075864756657
-0.04256887008976979
-68.65122124972005
-0.022714913193154343
436.63205234243105
-28.655663158142186
460.243057559433
652.0874967071971
-12.792205739071996
-129.27438813011983
-27.101600435729228
972.3319138827121
970.1155636445238
194.02592428262346
-39.63490471006685
-149.81141888796805
0.8641035067455352
-253.55376600652514
145.96570341737555
13.369228834501104
-427.66925423938847
540.4405587748563
690.9357861451083
7.243012271917002
-646.5083994391985
-314.0078810815918
-686.6820236545627
11.475580975953857
63.67329473361408
-115.89129599284564
-1630.9357855033554
1307.0759134587413
975.8733519210543
449.2050993769892
38.25453528647649
154.6711923901803
0.7115451263538192
-3.7321058814989208
-478.9901181714219
-21.475988741487008
17.051785202815772
-0.9900162712524934
-130.32455605109502
898.7962824323829
285.8381847488522
3.9224885636649782
7.5790950331488185
21.88041956299898
-793.7253360160429
-1664.7573908328638
25.580063652017337
409.0666261349117
392.90739726101134
225.76225705585782
414.5040890547075
139.63150762949067
251.94321887500806
1965.399410698406
4155.271215041734
1208.726722923574
113.62063393716181
66.65638724337457
362.08112831687725
93.34381465996249
23.014639617403205
5.445395740438969
0.7762319992603489
-9.092816046127496
-70.78820548533955
-322.4997798369083
-482.0563853456822
-950.3746978838327
-1133.1532124845762
-2066.2609250388114
-2338.873613063264
-335.2582166957237
-147.64382331291628
-86.04281817849449
-48.7422231672016
-206.99783745776227
-211.00268613704105
-208.92950087477544
2357.1022274337606
691.559279203845
118.74209296650503
42.65931211297709
375.43374841830473
-29.955105794020334
-938.5461755390081
-2190.9658644365495
-1921.9380563231225
-1076.694592433847
-122.71913214391635
243.52537961444253
220.87341683257836
976.5270258139595
597.023745614571
-31.17042440160576
-201.53050253533488
1.714402556649838
2691.73152423901
3912.1952850834914
4010.322467759226
3217.4765734494536
1961.7128618826705
1674.0649700604877
1166.535938331092
540.7006986882193
476.6010096420643
305.7345444593447
277.513837378177
118.47809442005806
14.62579393814967
99.33655135156091
40.87984705256613
-0.32994632615665986
0.7212354696560334
-19.84625100620781
-13.737836394949442
0.931357898544016
238.4135310815427
63.053289182877485
40.674332742651245
-3.0782675989141026
-71.20253871786909
-162.78966355637766
-280.62860520008866
-944.7082156058111
-995.3807134372163
-11.947892865776065
8.401873136410618
0.03451276231664252
-1.78371362925215
-6.386058246629085
-42.296852307655975
-71.14390891388518
-229.0712599490024
-96.13870526965795
-11.17865186296664
-114.48281527430277
-54.180687996036625
-13.69322663251108
-52.58687644635022
-66.6887965190982
-10.277331387316737
3.9850757181353957
1172.8396488115511
259.7827599982864
1.4694486409108862
-16.732788857209847
-17.973355222241523
-91.62740027471938
-71.76046698303627
-110.29021129757889
-131.85663033322385
2.2404468577882746
67.97594082763975
76.93453287900817
26.213011453406843
17.04352005429473
3.073534167159986
0.3271218966116438
41.28621304543307
-59.07970386137143
72.33039234329213
663.0342713344608
1667.4025738152593
914.2478778047505
546.2953201865304
68.56008176303315
-5.638436364354619
-52.780424993039
-145.68571014645985
-414.53508777520017
-947.3336824533515
-220.3652515445111
-199.63155761213793
-264.71695571510236
-235.01855111887784
-310.3431623835105
-879.7148929778499
-758.5483963129309
-1311.1943330243607
-2119.707071800338
-1677.072548073372
-556.1941346283761
-110.46682906860097
2406.349436668832
1439.051642214121
168.1860960000325
-62.84444045567085
-1548.793637229012
-897.1567209624783
1257.5782055741442
2824.281407093037
560.1207569744507
126.80130623695773
-60.98386529980653
-100.38258871425725
-744.8199234303357
-3012.1854300141395
-683.6917417294651
0.8376055050730066
1198.3497038922687
1262.9200780443678
83.15215083511087
-669.5077267289232
-486.12703741499024
-331.06720709758673
-0.18348406773601297
150.3775558602981
-108.72754056783612
-511.25274477369743
75.9322441941197
1549.54406611331
1140.1553543331315
965.8542571138327
594.1364116195273
344.3066003034073
439.5504200217969
283.5881283217492
207.67872680421988
96.70327675918779
32.512561343915394
0.629053369771039
-40.24147637290626
-21.194560495761124
-269.5722715982561
-598.7889278933757
-199.78515790241073
-234.09245071604698
-846.4824825506716
-1348.5814360510556
209.01532879822432
300.2256139437249
123.92157499372735
374.97812315414717
375.63149561838645
233.46332831544055
49.31565300392939
8.20733022311798
-86.84397365499974
-517.1727562189973
-542.8576295930624
-1016.691874264927
25.8843452915327
1817.665084192767
877.0543966797575
372.42134215694
3.526619955894704
-16.7856491656243
-0.5816408442171557
-108.44838280794225
-322.81101494006793
-941.9472721941124
1.044435166962057
166.34186741292532
348.04436836639917
-176.68513616626356
-353.8209535715663
-1503.39862369188
-1403.6306757717755
-547.5652178768139
-43.02278190518234
34.51764190516643
-65.87775379793635
96.32518981077554
516.35224204504
704.1905875235983
435.8896051980684
432.58186976245406
373.52022892512963
229.98794325526137
342.8794279565469
230.36189030372302
137.37221539635098
54.38901590403935
128.17619022052708
5.04956935001444
12.40988558506852
-3.1793364150535313
-23.257955201980284
-22.264046799814402
-183.30017557212122
-241.56596051306087
-31.909865729565276
12.345819262601019
54.475828973555444
97.01850800832304
33.22408594718173
549.5936443309843
1495.84301352372
1043.0306381973367
493.0661637917607
212.29775232817556
157.14252662110965
114.19325442575436
1.9708538906010995
-29.01008123609172
-17.998486389110056
-105.21753188859572
-91.74320207009423
-95.9929687807751
-427.46069126606346
-709.9604937545063
-590.4441415784347
-499.5036326854753
-278.3501632281892
-66.05403588230428
-100.56410308098005
-53.65347121868432
-108.7432478722067
-16.17589636225216
-6.416105886745669
-56.53009952018354
-152.5152857013559
-221.9974809664395
-184.99367208783985
-499.4047293679769
-348.9420912060032
-148.5691591529293
-29.794856393740524
-29.081729834418915
-27.256722499553405
15.845023683413586
-2.8852185897426565
54.63745470850741
531.2400630480521
156.86068171454707
-41.30836152971264
-211.69210397737584
-300.1264207665155
-378.5019202473194
-576.2304909192471
-101.2276867350771
-143.51169056490264
-130.22234802251262
-195.47817356969472
-669.3238568198543
-178.4781401196671
-525.0922931081979
-2008.7029143107652
-3254.0037681179583
1024.9719599424611
242.60509832489146
53.561802529251004
0.7408172039247537
-215.6919346610333
-1042.3388243748818
-3270.229779706938
-1151.5521630484554
176.82554342293096
2886.2032341944664
454.04570865205466
95.95618346668492
99.05118805166688
-76.47816676557625
-368.42637688083903
272.84214142579026
2069.4471842377416
205.62489335548986
75.75479523434143
-8.762921234552818
-321.2456946330098
2.4307888635049424
-18.633384885414664
-8.577285041412907
118.2244655872016
150.61958338707547
54.3616014760062
27.07121376733076
61.558485882931535
-377.6127319225984
926.6993114035616
523.8047522692459
2.836000010696788e-05
-15.441422115647242
-0.04059666704058248
590.2624003436449
293.7126791060641
43.144787454156
60.38563461035702
16.72867107300436
-27.14293135846878
-1029.0575620848545
-2530.1564140554965
-212.34350282395644
7.445880883117377
-18.274778984462483
40.14473702071454
34.728391028514196
-3.177781456916657
-501.00329769617616
-0.37512304239223876
783.916637264363
16.197211473321296
733.8562829016292
396.49055983088874
-9.355393133673147
-506.247623518557
-202.05463699812734
-273.29989198255623
2.6915875631983113
-66.15953141275321
-24.45745656929689
-89.40959749908495
-18.01100737292845
-4.618880009574978
-45.45051140432101
101.9118852102336
-8.480476823918117
-7.744851930043438
53.007755827493874
0.5700555871527113
420.9628341031957
72.05125684045231
-37.45107669435746
-144.36911872586484
1.210805879793952
-247.43657843818707
-386.3906446219578
-7.984667548424815
887.730592328627
795.9041985659942
20.803187025388468
990.297274181776
218.7875936770428
-52.94975466214187
-1094.0486733962352
-976.418369487671
-92.21760710927583
-904.2637347211883
-11.909449216913677
-66.9047638307904
-794.8489077484431
-307.11094720881636
-582.8749553075581
810.03034248035
0.7235593891986047
-367.13398091489455
-427.1811191393396
-355.9109842847364
-0.8880781235653079
-137.01446076802617
-427.40565250833845
-703.7475076305147
2.7483985092050527
-189.83291826191987
-129.92866803512365
911.3184647569661
286.3272859447215
-102.61427035244705
-960.7386923306458
67.87040867389481
5294.7750869006195
2718.547343530958
1761.0416704800557
2123.965498780071
2586.458869500986
1456.2023193673251
903.1378976897806
357.14727142608825
146.1886112636402
1015.1397879644644
1180.711306198149
872.2887028616525
1711.124285701614
716.2311088851968
774.8077621447283
238.56925552996836
666.5831971496455
88.07945473634487
19.65182262397957
-31.81073790921065
-271.0838129297188
-383.78335322064765
-331.1819902051623
-250.11442769758355
64.84124437549698
-5.221983378368293
-122.69826588936434
-511.8380173189397
-455.1855836422165
-13.242856659772288
75.75861328507173
50.60800344338785
96.40450671258169
757.3812646712329
788.7345383392608
1203.32960705892
286.8963143657729
665.2342139047696
726.6809996914575
1192.0682437053752
2537.3882431848315
150.92604463905886
120.73634784273968
940.9436206010122
1829.559384895315
69.48708894397151
160.78482721229338
25.95111449707196
0.12998586960229663
-156.26959220134844
-58.53160795200309
0.3930303903353516
4.5036257979674135
1693.6034373829316
2043.7963194105664
1660.7006120517158
380.1287989830968
3826.9836530035886
3643.819934371335
817.7186583009145
1931.1371219021244
7118.341334054463
7436.8870782847425
14465.111873811418
15254.88949282352
16180.516639489413
41983.778249402545
-51011.670000000006
-14109.519999999997
-7027.289999999999
-35748.91
-205370.59000000003
-28197.5
-7450.879999999999
4953.098278547048
567.4084591622958
6926.787561789428
4738.211457613977
3565.300023255847
2235.5065113933124
1115.9601429284423
308.79154143219694
-0.00018172616192176604
-48.69725662686909
-460.3538484669097
-823.8565956147143
-835.9440244495847
-381.9905825966843
-567.1810712190168
-1556.0748406168645
-1168.643621556983
-203.981947800511
168.02971230594096
839.1288083896354
2719.785884854807
1220.4065387677886
411.07901808064196
63.609123301801326
-0.7396898458959795
-150.20233741729498
-826.8878147502844
-117.03020619260424
-6.2365793632874995
44.86753616039831
-187.78962881805595
-0.5753935463044605
488.06752758044934
2185.8861355002778
1544.3175887064272
1512.953167095116
562.0767104999265
499.62345531275247
98.19183004859264
48.79089334990775
0.04922204067956448
-4.811893953292179
-6.732768111932921
-40.29949655322213
-43.00521927311063
-103.3495590387194
-130.8875521975729
-319.89677125822794
-806.1172329586108
-2303.6844207366576
-2182.075492466851
-3022.719244723263
-1533.6508346742075
-2089.560968063112
-1981.9382085751315
-206.30971600681193
-1522.9262338899666
-11.639248561461276
672.7690848365743
439.32754401054814
35.351518996458296
3.3614961916516792
-82.90272251108095
-741.8746247167683
-1310.9649578386484
-151.14892634765772
739.0020866618759
185.40415510605789
-124.5621224886098
-309.71593488279484
27.438505845906665
101.95774772544668
-0.3644690026888977
-82.57949715270188
-62.49295193431063
215.93642462698233
71.5915411687044
-0.606074695846655
80.59788986346916
1409.8404012733356
429.06080309137036
952.9363295267949
1893.7709570674135
429.65412436224676
25.559785750111068
9.76405069506647
-37.78159233482525
-555.3790104797442
-2449.879249853904
-188.38245949599718
332.30600368086675
33.26261992844755
522.4838714025014
32.72150467108412
-750.7848516850154
-319.8011645461875
-134.06211441588866
236.53309393099812
68.26823422938838
1040.5141468223248
686.2832571184231
404.97440199273393
303.2207462966985
295.90898413233924
116.2334279050958
129.2225771802664
85.31319817140653
50.63482210617248
54.746520551150155
-20.610614921859025
-15.280799712754293
-9.396723979663943
-102.57906358958896
-263.8600097058479
-822.8534638024414
-1431.0509309946801
-37.9436244299559
4.033182969440851
-0.48239521978816263
-9.005775217014781
23.639145220892132
-190.43959190283294
-377.91557731444556
469.66898306942545
2161.1772315073704
1549.6897266580258
426.9044970807251
20.054691120151766
16.016605330865005
37.335821942756155
-43.84563489134788
-993.2847765844762
-1269.0266232075573
-1314.2990257336758
580.9214069360856
173.77665058896548
-104.37846730883562
-673.721671138104
-275.13156828356693
78.4578940202872
-824.4534158563655
-645.7229743642557
-51.39328877424953
946.716863101961
671.6990181263554
139.44671491564793
-3.7415681775918097
-259.84978324922474
2.8713750811132077
-2.6965371402350504
5.699936765495254
623.0571291987027
146.43025572355157
3.552918899540412
-101.09772063482572
-863.5062094519005
-247.61388322929258
843.6250647662869
2.28471489613132
-519.7049516024093
-334.55394664972346
170.36536069094586
1233.6775052258108
441.6131755719971
163.23453217279894
23.663176130145754
16.000921562253428
57.34577880718033
17.724156266429514
-65.41637609739549
-57.03876345473813
-250.1303394282514
-752.9866360349866
302.5238124658557
1788.410114575861
645.7728160846373
165.90579641447277
63.41524321418968
6.92437729013241
4.98582224211144
414.8739688321649
77.96603415559812
30.165342906878124
264.02328570071916
288.7509976147943
744.6018951713436
203.98945393590517
3.663159647256329
0.47724132496927074
-97.5520531327826
-18.666748550274658
-121.80644289147423
-582.6641976354656
-998.3063893483883
-1941.5567385642676
-3500.991024842472
-6119.438208631655
-2018.2076208852732
46.493495519738985
167.29114293433048
28.912589710916567
-32.94031330759803
-465.0834558090856
57.795023297371884
-98.36687348554787
-17.671204215033054
-5.670864371501441
-29.17143215911901
1.6654902923506245
2169.368230363095
2717.6130396499484
1664.4877473755491
818.899431980021
538.6120477865229
685.4439893319252
597.4761668024136
514.5834124015032
174.0029487364754
0.362598866050964
-51.318312443767496
11.665652843030161
57.971933664225105
15.001341473007324
16.810688777495184
63.949776930107475
48.557492974344086
-20.302712377571712
-207.94648900285466
-683.4618553385276
-239.00241372861018
-72.37607695515932
-108.70571169720834
-329.54876556893703
-493.41993139331555
-332.83209479609184
-735.6952722609587
-794.6074102747368
-1083.8915884063176
1805.7010771139908
462.2410064158997
0.47694494254093656
-500.29458146218576
435.29764620885044
0.1075244052519103
4.783086944485391
23.133088766372797
-297.0973614176666
-449.9169699056297
-235.08893973521802
-1240.902392752669
43.11238298606944
1096.5849442392805
19.570624206622767
10.768508854295769
-40.98974489938118
-1628.539917103313
87.30789981951447
1031.7622354995565
526.1616801280409
204.86058111966472
127.97745843270542
25.585530810498508
-54.51904137038812
-273.4321652121742
-732.00179759251
-763.1287414046146
-216.9921343444797
-47.585329685235365
0.029151278514953624
575.0223408774073
1477.8267084418821
770.0036941799422
1364.0058138142874
1432.707763754663
283.89851757072904
-14.493672121899293
-108.3689065817065
-272.60112946277803
194.12492189568496
-57.34852382815116
-71.1962734250013
-2.123495385165148
-138.05794071904035
-31.962796524970752
-287.9225215687765
-417.10388095413964
-679.2451535203119
-803.9374846535877
-7.900910852002475
644.7338604501122
-85.60309062036654
-728.2273323911163
-32.30222604762742
70.34110553737376
-2.155776398281736
204.0094363706635
-2.442476736936912
-38.7991716659621
68.45763363347635
1149.1030605558594
498.190849405937
328.1229039146539
5.765040686877393
-132.09742872836551
-68.78421326783968
-483.00271203736963
-1019.4915317104245
-1709.8570709544479
-874.72328212357
-23.639552922014907
302.8347323308192
23.933587783354668
-73.1887102205826
-240.32935712288685
-1003.1337109893991
-729.2551935752738
-22.02076188979393
57.91000252178842
185.878503053034
480.0645498755935
2338.4329156275603
2955.4547492938955
835.1947009394609
28.67603761900994
-316.7632537278452
805.884535416476
1239.0453123480347
240.88388166523674
0.31829418164458234
-84.25233255529409
-71.12483651491004
-583.1686398020471
-1232.6960045448564
-3480.4547981270925
-3303.7830977246294
-183.01646441508396
213.91232024199934
59.30302044016345
-184.14533690392932
-245.6083330269907
295.7350390179557
7.689078863894202
-88.8396278752331
-724.3434925037182
-1185.3338892401812
-2122.7153949055732
1003.5275902738109
1641.437557549202
2761.829940204347
2034.3361580242633
1553.9326464091066
1113.1684434775143
644.369961330985
813.0277335787763
845.1898309670992
1114.9481618593393
828.5479070054014
818.7324771669267
1331.3596413784612
1125.2771320906268
569.458253754138
422.32923875439576
472.70928131929435
581.4687047130503
189.90648067178623
108.2659226141638
-7.4793463492556445
-34.54248364592745
-69.97768293881663
-260.20827057754866
-795.0762623204264
-1031.5692985159446
-212.13213670898097
-950.9650032649752
-699.4745109332791
-1089.2132014040924
-799.0010521221943
-1298.931058579719
-1307.7286159051348
-1867.4083055484953
-1731.8586155041608
-2746.4151233322655
-2431.0702868370226
-3587.209582144712
-72.95430276284475
314.97456288411763
-214.46143205954615
-1361.414450417186
-1352.5129103190088
-0.6717062588581446
601.1648025641067
1642.8602986008113
531.1331954880751
34.52180055657883
-78.73252768348057
-644.986739529486
-1836.10104225647
-1764.1308934835502
-4.497958061812438
12.92903683754959
119.41339268584387
238.02670351071575
215.00952457578938
147.72233477868053
314.41575480115546
24.556063525767357
-64.55013208578066
195.56488104524016
-9.048251411522623
-187.20221973368845
66.37770257838959
725.4975900845628
3101.0362214034135
1244.0636492361803
109.0873468970453
-126.53448677920953
-21.193349445821465
-1194.3216875057367
-405.88542852417197
-755.9312262715163
-297.05959106103944
609.3010694463967
1178.0051858139343
201.60323962629283
0.013248680870976226
-631.9765272165283
-111.7047202727628
-327.87668854718345
-1.8055602399294588
298.4523657689412
-93.39500068142428
-35.19968340821437
-146.8759891227183
-1087.373407348882
-668.8347522885737
-50.51178067288572
1683.4010087696743
940.4573298701797
358.35445682410193
-147.67438194247
-272.32303159734545
334.9338923938158
-3.4074222009514363
430.47906302450855
271.60546953080643
533.1834992039169
-13.452954927332712
-661.3029367283627
-965.6259606524766
-4676.634413265913
-1604.6266883271453
142.9303669490602
2537.3275313794265
3858.553652354428
2475.372079889298
1675.4428738624165
876.1727617844331
544.5103833876037
319.4666193466669
90.68547202977916
52.87401770686183
14.47928875189642
-6.1842045868522
1.852780738218335
-6.835420098393552
-272.4282825390033
-208.1882700304322
-0.26136789972785124
919.078580819684
4782.898258742539
1332.0275170862772
805.9758029776741
209.71692135997648
30.83811002591301
-4.676063769779234
16.589305376442375
-38.48054523356602
-119.99430601104366
-359.781868914976
-690.9351114830669
-1408.7820722793215
-1215.1791362215363
-1227.481298302087
-556.7632134488886
-297.33745368539144
-1248.3775435324997
122.12216485955007
89.48508329371421
56.81387121132991
-4.3177168755971485
-26.38280155177381
576.6695802656643
530.2310317431945
-103.41242668394526
-500.42401948615486
-138.72054502907758
-1.3405042571403927
-1.4073489131705952
139.02111520052995
388.6616956331335
259.3889394260676
96.47612053465753
61.59188941118059
259.2207774195042
629.6621617828332
980.3733025422696
1278.6445217609769
970.8488507724833
317.1147282279511
15.284144368374204
-135.82020437334222
-299.2971818848515
-517.7803237687567
-358.5818183940038
230.85633545068148
83.46792820010933
0.2093319348491519
-56.468345496197
-209.9109908484986
-552.6110086787708
137.07161744466072
859.6947818987942
34.12449178275007
-106.28144055992524
-922.6461495602744
-2298.9499938030617
-2892.7962325935673
-350.84279146352657
70.49024537390167
1487.7081511779725
257.38187500151884
-118.85940140659271
-666.7750879115772
-922.2708115642354
-72.11506269265635
-57.52684693304582
315.40805409236964
73.38636701716311
-191.79927506427327
168.09476451545692
399.49990003958726
248.13287271084545
71.29245854815063
0.889349073997299
-84.05479786095324
-309.72866103454356
-807.3635978143143
-2150.254940925479
-1413.4879775237857
202.59590577788254
0.027106808991021806
-70.53531538434348
1782.912817442133
4899.120116252507
2320.0350017337714
1752.6192110252193
960.9277640028954
453.690256911725
447.68118595484
23.701671018852814
-1.173629411252829
105.16838776463204
33.756887437506634
85.28825934274482
159.64729821563273
153.60715767909255
3.6371572187643393
49.33653186705159
55.69076082070005
46.16072475849193
-9.166893585890499
-19.97871781024784
-89.9613577098474
-29.34465176114862
-2.099334988745148
247.76566595498065
14.856064444918687
-4.032330169423661
-199.6439338147767
-335.17777727162604
-248.76341742093115
-356.02013424291636
-576.9674501721006
-405.02583056953296
-122.66618377289797
-356.3893433444808
327.77124741851276
-89.3632599543081
-1396.1803881707406
-229.1538995500847
-310.5023411516867
300.8796299932411
1939.858978189423
1832.2005518306037
1158.79928292597
337.491743773214
212.96127764813173
16.981984639913875
-1.2964565173086102
167.237414421359
44.59724298338523
-5.071423784162725
19.026009407321745
9.96534569380522
87.89034651653094
203.96150748383968
471.68928093338917
188.85926970740255
133.921282631709
30.478964822762258
1.7482600741980536
-18.808826518039336
-6.138389037909712
-9.09598323283967
-61.69859773509216
-148.5921843359273
-267.75838851113
-196.1571732563248
-171.32587300321802
-316.70731599276064
-264.18569458219764
-426.8656490234319
-159.52660331030572
-0.14270838455929682
166.4931235957292
724.2148894369989
1618.4911777564603
543.9806009990948
468.4525145831768
200.93163449681384
1.191632575298351
-106.84587303133382
7.575487288486249
-6.996261099154023
-5.673956978645111
-110.33684937206351
368.82147163935355
913.1463306971393
6550.242400147733
10808.248762615762
21112.77241036002
22424.863603032907
31222.203033222868
41189.88128450459
57829.98862106554
61383.43651406661
66098.41449142169
75648.38490604814
78052.33547917333
74166.36335136197
87474.75135701681
90523.05598688411
98640.41960268928
133845.1901005425
151627.72296316558
218203.99878434982
241354.1586367349
278780.5940719533
311063.9453082727
296079.82789596386
285280.87537729467
327866.8923303592
336017.9511278533
365458.22585659183
422910.42973003536
416166.84728580876
544343.1513085957
677034.7698710908
921097.2749012706
1002894.3642248375
826477.8085195483
853692.6043524891
963157.9050346762
1363311.1132301814
2136814.5385697517
2967144.4609018955
-1930096.4
-2195280.1
-1222556.05
-1078247.6
-841640.87
-750968.87
-628861.4299999999
-637288.81
-511158.33999999997
-501012.25
-434943.0
-327707.29
-430303.21
-499907.02999999997
-465830.13000000006
-603731.34
-616477.6900000001
-463612.63
-445696.5199999999
-410317.41000000003
-347700.24999999994
-335591.70999999996
-295853.92
-269037.42000000004
-227357.16
-179813.47
-164669.02
-159917.12999999998
-117426.12999999999
-101469.28
-81797.97
-95727.37999999999
-67035.61
-69317.95999999999
-16847.97
-45305.53
-41228.64
-31820.72
-26614.230000000003
-11265.56
0
0
0
0
0
0
0
0
0
0
0
0
0
0
0
0
0
0
0
0
0
0
0
0
0
0
0
0
0
0
0
0
0
0
0
0
0
0
0
0
0
0
0
0
0
0
0
0
0
0
0
0
0
0
0
0
0
0
0
0
0
0
0
0
0
0
0
