297348.6200000001
-99979.8
350467.5362093537
-195716.87
-49598.770000000004
-47755.189999999995
-7359.7
-16216.93
-8729.279999999999
-32779.91
-28927.03
-18700.22
-10226.810000000001
-7231.759999999999
-9842.99
-11468.46
-16088.99
-7103.820000000001
0
0
0
0
0
-2739.17
0
-2739.17
-1369.59
-2867.12
0
0
0
-2867.12
235493.21830679366
229845.94489941746
298617.39779075957
-163386.49
-87422.76
-82029.48
-72638.08
-73102.57
-57285.55
-36846.04
-17697.690000000002
-11079.11
244840.35210289602
-132107.66999999998
-52918.950000000004
-40986.83
-26890.5
-31673.46
-33488.32000000001
161354.90510716994
-90102.34
122918.71177359692
194408.03619250585
-204482.8
-78678.32
-3580.97
-9428.27
-27809.53
-40375.57
-54367.19
-32827.29
-34476.229999999996
-24910.469999999998
-41331.590000000004
-20304.059999999998
-14246.46
5342.307028231706
870.2426168638094
2189.1315349427305
4697.149111841662
1505.5564620038326
36.883222672370216
539.2955198956886
4.358785459303397
246.4960369528225
-158.19565810750666
-378.51460433515956
-3.796069560561361
-0.2630243267983773
-80.42681337007564
1156.5660862688317
1689.4278635933467
2559.3656185567015
1731.9996969494505
1439.1635717524218
1074.4613354968535
1199.2163152790904
405.0325578535168
975.0587454327535
218.13262656220803
244.09133662596992
398.3715604428869
234.434225661786
94.61593707320182
56.18883666346217
10.955475048672344
8.19259377472941
-0.3721862031478103
35.62962845196928
158.7112606295717
1058.5039620264947
1188.5686132350208
1067.7608481332
871.9349719634662
665.8011260740955
620.4053099286849
507.0943683630662
301.31905573470266
383.5552739324877
300.78529486099626
361.09201374555346
442.8421427610005
248.01714139079644
430.160744005947
497.8648606077765
834.5837293563734
258.6402380971167
376.24510629114616
320.4784766069888
293.54203803973905
172.6990357039148
91.92713223478924
-43.77010872938946
-167.1114753941352
-484.18284301744063
-750.8220602424045
-1223.1344348197392
-1679.7118339577173
-1317.4712114612626
-1122.6747862484485
-764.8813179276519
-1000.6223843013455
-759.6990093116545
-1054.0181161874914
-667.3362811695353
-1108.3896457308842
-1202.7792357225258
-1194.671943015187
-1447.8194854933713
-1204.9618529456347
-375.70994884428626
-35.21119826226462
0.2746944389119943
17.31954752418883
26.582023551695706
112.49439138965981
39.35940398046603
22.543422621167636
1.9477318252054434
-4.870364162269409
-18.948061641019898
-64.72549082342638
-87.92594059041804
-173.14024041520196
-198.06469235436472
-121.71329524395463
320.7414200665389
594.6868198580853
1073.4978983662866
233.50048387377143
59.73629525778863
25.282117158093534
0.6177009862923208
-8.904722552596422
754.0342628673318
901.1570846817409
409.44350940733443
145.6767885177005
179.36898827067364
21.773155388526668
1.162094851666287
-40.76772313405078
-76.39416636502992
-191.47514134224014
-327.8425642957402
-770.9383818032604
-760.6751244746551
-410.3782528581783
19.304981771029105
1129.1309695543184
2282.923730193296
507.9879847330819
136.73017976377213
16.346941289434724
-8.804197791806688
-236.15968506987062
-698.167122462328
-647.408605452524
-1443.1860838862783
-1977.2911607695792
-3878.318026395225
-1432.362853686962
-7.426276000777776
-0.1629986213079875
-591.0637866489122
-20.4977079944695
671.5960628263576
346.1297513381421
250.1267402340695
503.94813400292674
1121.4398113084776
726.5850511260281
1911.178069693644
1368.0426061703206
908.8638797886257
182.7014144099002
-181.16513432197627
-494.86336526166303
-962.3142391945669
-705.7821543988495
-327.8685684670759
-326.2328950713969
-56.06374669418374
74.3859470325026
282.41040737035615
225.48529343648696
223.50474241089992
507.60365061902917
1319.2129186012316
1896.55854513432
2494.9543304403987
1418.9259883225727
1241.6971195642675
651.8121851242851
607.2054797616956
271.13084823070545
309.1484085873638
37.704858768395816
1.6858833776456792
-119.15482410116238
-191.7867784591283
-66.11725603883775
-55.4646385878779
-254.39218614012194
-680.8104046933947
-1139.7692137399442
-1888.2244344647659
-546.4742302455185
-14.890521294139381
-1045.1109671809604
-3041.7386006047664
192.77322069731386
2034.110033471209
677.3528349023734
167.07939960471523
227.68654888977323
184.2257745708966
12.729423004899585
6.701211120036454
-3.786278741496823
-40.261171003231105
-9.595200220106486
-167.97791180876442
-27.775918849754895
-83.74184614725023
-156.57552594932758
-158.97533552973414
-198.74294102656063
-427.1023116847548
-130.95783402539953
62.76371767808403
1489.1917897478677
790.2447170281516
501.1287688689014
878.133457071132
662.020889855142
1443.0113102666924
250.4800487751707
27.958875122149628
-161.6096999001335
-562.9442847886195
-1369.0769164127325
-681.1984328782582
-1327.3888807119788
-920.3961406868323
-1587.5399102501087
-2047.0336197441738
-7.7042816834385786
-437.3106295182561
-98.88479901270146
191.76944841725106
86.85500829674098
122.19184082466973
163.7829806128132
3.6209446229093474
56.47385981610389
-37.87244347816085
-100.76963091710232
-302.66595709945466
-129.84561708482184
-730.9715132013584
-1070.0078084571398
-1680.6313492662753
-1221.7198645791568
-483.1596874177886
-219.07850986349456
-303.8859657885387
-163.69138228416648
-417.0361125182361
-1941.2313936218054
-5003.881886390807
-2996.015907041796
-2771.8
-15654.209999999997
-21655.070000000003
5837.098631827542
2552.0526011157644
5508.060854861416
670.8460363975732
1190.5817826268935
2031.7078431605648
435.0817941144088
19.887046701637562
-638.6070024011667
-88.70500702657303
1469.1415401160577
184.85204763657114
-565.6098377138109
-2252.0307024238837
706.4649120439228
1359.9012965477305
1128.6327621584207
1198.3106171719442
191.37827287711434
475.3379956242143
-153.59498712251153
-510.6578423103776
515.708125024802
569.9938210363465
736.4803719242116
-338.7149012894326
1.2617958445221276
-540.8753395898639
-711.5431633227626
353.12316241810777
3026.5524204690746
4791.963719444973
2012.7366804805852
941.6174695055786
229.89531349524333
113.35136324113508
0.05651609161325436
-109.37826682646008
-203.5880803640353
-1499.4618859586249
-2576.914761483891
-2194.280443404278
-4724.3512741389495
-1355.4071297799053
-1812.279156419718
1.9701822864026053
929.184531328907
2014.910548572377
2580.075353219286
1961.4778455170763
1628.4197630574602
1209.8006601764278
807.4003550682685
353.7894787018597
468.2473892779384
328.76570795922214
231.98800290517408
74.54160463192719
7.707556714015874
-3.317128262926408
213.46293661927217
289.7959337784683
276.4709157452552
52.17682511156062
4.606129181089537
62.362242432955526
6.928597881898126
-16.713087633811302
-105.37475024589263
1.029866704955396
-7.7511214680218075
-89.86272606038425
-415.0668309718066
-500.2066050787755
-1129.131952109909
-2531.180531650874
-2843.5247175484
-1623.6498471154857
-2131.790837241812
-85.04680485426968
8.81865822468209
-23.251561441793964
-24.039461140507598
-86.83415270592816
-154.39634553597116
-355.6706757864132
-818.7928373023726
-1168.8603154879115
-775.9898021749559
-926.994312783094
-840.1476043587606
-354.8592339527842
-395.4876114480526
3.1903553757477723
659.2147527118362
73.9447962679138
340.3566657016264
1760.4811194966599
11557.659031531526
6212.04186209199
5377.538729108061
1400.2119272124944
1162.8293908003482
2452.3387625743635
872.0983721457264
481.88527285737484
694.1161757549216
1340.3584899759167
3319.83403868232
1508.938844502141
324.1278347033606
396.04071761218125
164.90410509987322
308.67724216736065
572.1942331317659
-253.04897151051821
-523.9721479893805
0.6321736699305545
-281.8010149506309
-634.7559280226715
94.68176461409394
2905.998333546323
15098.936312764079
2128.9769678817324
10409.24476380338
3261.793899176174
-1512.29
-5171.64
-288.07
-757.97
0
0
0
-169129.99999999997
3079.3746813348102
1029.0499718708227
604.4482699136847
2233.674365583978
1202.3954688333138
-34.559720979584014
-1076.046821607994
6.603230594404742
1215.890590126544
95.49412225610463
-57.553899817159476
-220.7759935717776
-222.54889883585602
-67.70696863941
-97.74811797473183
-283.3987079159548
3.389103118126343
33.56115529732244
430.43939624667604
14.32566985557382
-641.3477786510355
-1930.0653119247888
-4357.743582995509
-584.9115957093195
49.01151896773432
329.0108598518903
926.2007368997972
-16.967463712696205
-655.9963976817495
759.4525638373977
4044.412603390694
3948.5607273884384
3234.3599543896694
2813.9424220754136
2264.44917182301
2081.213491548282
1366.9598387626227
949.9169133259786
441.2434112410433
518.9150291138956
228.9012317635155
117.61691659881623
28.677537481097907
7.785306725455296
98.2224058255745
86.64223754214348
49.232615476551366
-25.848848142081273
-30.885246512182803
-218.2423014872856
-119.85229021103281
-281.3578516148249
-397.3583840167085
-487.7288931447308
-707.9926935236927
-1030.5190549603467
-321.98762075804177
-150.03435024382293
-269.4111159669488
-513.2127787798994
-666.6105702863645
-1240.8461755864982
-2320.0798542311686
-573.5560957578939
-245.54893082163966
-132.95508337207767
-796.5694229676504
-952.355705476708
-42.72732021003353
-31.37392362429214
-416.2636996416541
-511.44336490041223
-2466.9980744754075
245.88783314950342
2106.3057658062207
1403.9629594724393
2635.382541504403
2103.6671535065457
524.4249470471102
82.4105212659262
-64.30898947837026
-309.91535883058623
-1194.4427095832425
-1635.434747114225
-173.27955903655578
503.5794610595864
189.99599799622885
-51.54056741814193
114.27331749409531
30.502326278113284
-7.018567912187473
-19.249135091631523
-311.10230360693924
13.194128844339946
215.81230743907298
94.96196644197259
163.14058047122208
-193.36987819537063
2.108208465329147
581.9430100168178
40.060874733185265
402.7787538006378
-135.11133468414548
-1392.6177049392722
298.87697957166927
9.57785558488215
255.71452389533914
1450.7452268648326
-0.3627290862137645
-416.96327737684464
847.1588364678295
52.512552201607626
-543.5017014747433
-182.56260844356905
-3300.865849424987
-3718.2477429504875
-86.55953909064445
-683.5939500384268
128.64909492505177
148.1279063018849
764.6881278958716
249.0329296109507
0.15316099555461513
-865.5078800390671
36.44322644574029
213.80342426915868
1344.6554720854976
1188.070815014565
461.50883471489124
728.241211175329
30.23991875371737
8.405535490504263
-56.38112090832594
2.506610939071932
-1.1803485914898668
-21.28514509900546
-225.38648508118376
-576.0587326993278
40.2889132118616
-636.0506038593899
-509.78547633742556
-298.7396798295231
-178.03907529881081
4.339903631977035
21.48442229610075
37.66708934008031
179.6848866072862
487.6604461790969
425.48541054093806
300.9275622601718
44.71481624569644
-1.6455434613040978
2.9828151584442284
213.7454685770745
149.87031744378956
1160.851339540175
398.369959960098
49.55085660855825
30.401544143869494
444.45016020613537
-29.08480578151592
-1308.0456754685456
-329.71307605006393
-46.78198721449162
-543.723612595028
-133.03213945275462
645.5752733980363
-32.811416393135886
-1713.59303585622
-2744.0607040473296
1458.8244435141746
1736.405814356853
1501.2116967938919
1173.9838230505918
1087.21701415899
1102.8416569449626
674.3102475447557
755.002347681231
1302.1655724267262
1097.7784936229393
380.004607572818
604.9019274653424
415.40060921368234
222.60957757624678
181.53544902831345
83.38786268152757
46.52675507217482
78.63261819641495
120.79471138227899
20.643156303426952
4.260733741736704
47.017263882222835
-12.528748446914864
-0.5272733272723394
-11.926827646516518
-45.44265323845763
-16.675814404425438
0.21745609642346364
-23.792319682149895
-28.26867841658132
-127.94831707187902
-121.59642076817251
-225.57839808876705
-399.984442923405
-639.6068630036211
-650.439732602299
-985.1335745903782
-1542.8165507968256
-1297.5865272727185
-1015.8376517253186
-835.2494288968799
428.4725513033775
-166.5131454506961
-44.40401452031492
-610.9746461768893
-164.2652712652239
-102.02085916801005
557.383550950322
820.6785756974766
882.8833090372898
1218.612601823002
990.5339615066391
988.3227324700534
987.2038562182911
839.0725426883969
537.5905489240329
637.1979557899002
223.10222402310944
394.7041178431064
106.49256057511136
154.16839436824702
436.0693459144663
101.9302435904879
191.15884669522066
128.40811875650388
25.52587400246866
217.02354684121212
87.6143747050181
98.76976882101943
-0.5116896960557773
-28.39659794836085
-93.43135374183319
-85.55631649138188
-64.32616412175429
-207.02023782044228
-123.71694510563883
-79.24941537987516
-34.83894170967375
-111.17062698587533
-22.4344236583444
-26.402148367508875
-87.66703661092919
-10.720369467232176
-0.01717506295581242
16.50004006924305
27.91776968430466
1.0890694160519094
-0.009966539699545456
28.74740829025924
-1.4914883590877936
0.43196924959387667
304.84507696353444
898.7599213643649
1052.0992507756864
2571.4593304746795
6727.792983673456
6295.836562372868
8706.062454216488
6646.794861573393
7814.790343168275
3971.5876335579856
7241.345619363291
6828.407965567132
5547.037731854382
9412.172481062626
7037.139257172116
9203.190681308773
8528.958636308456
8953.53014810495
9610.620445805209
8719.492939853008
13663.45678358408
12677.259727822264
12072.5999621941
11373.58889265273
14391.683885207767
15262.628118795721
12059.823635202727
11831.40536330525
5956.5832271156305
4442.929732308394
4016.6640682460343
4930.70294175785
1364.7238490189754
5491.38612810739
28866.29634310454
53633.755901994795
51466.98467492835
103530.20659731503
186415.26341867918
183104.96066058346
-188463.97000000003
-132128.50999999998
277982.563950757
-229989.90999999997
-134436.05000000002
242529.75238670222
-125573.12
-90903.11
-60064.9
0
-8519.11
-105805.20999999998
244672.28457914363
-97793.26
-56336.8
-95979.18
-156450.12
-70536.20000000001
-49623.9
-24466.72
-30379.46
-33605.14
-76563.69
-43124.56
-52343.65
-46113.689999999995
-20965.199999999997
-30840.31
-26247.71
-25003.589999999997
-12756.689999999999
0
-8214.11
-61286.46
24686.559869912617
12585.012642113823
14278.619520309807
14411.925323019677
41637.78952560211
39353.46014310281
47624.547184774696
-33070.049999999996
-22010.5
128477.55556784151
-257957.22999999998
-134787.22
3169.14647362711
1566.746631725548
1298.4438123631385
2742.37265122302
3781.2827535080305
7065.650686459973
1664.548868716174
62.56486503900186
516.7186494409873
-117.00611539907668
816.1215617287526
-8.857283183227214
-721.6516486326481
-901.7496587106837
-656.2863606232247
1.8393002143023185
-37.3217431992182
-459.01145831156697
-166.65518506729063
-459.3283131249057
-1637.033811521931
-352.11271796613676
-317.8148184114036
0.6644986082812441
-61.179862912533096
-63.13652141022483
1155.0134863145802
686.6474893967179
-48.10589188357521
-1586.4116026703114
-306.91017998759025
-17.615342119773103
24.596688036041268
886.2482576851569
945.8679967140267
1606.8598621008082
468.5327707372479
-280.50602942608094
9.802305621383049
1.359104211241327
-355.6016136575439
-993.198342406354
-515.0495718589171
382.91524229420645
1336.7378040333633
953.3905090145334
1441.0714863937199
1928.3153974881745
1316.240166261011
617.9107742556146
167.2220842665448
-3.386031407935747
-107.78046560802152
-118.13429270800165
-256.4258342068023
-468.4675604198043
-947.3879116659986
-1621.050342945548
-1820.3491498411809
-2064.7816379256737
-2235.9307277372327
-3588.6054759328836
0.4504085808176364
889.9567988205062
1878.0614257219008
624.6526154927533
2.829967383072865
-157.62930215813267
-597.715395579933
-12.27418716627894
-27.24938901079151
-482.0585672414019
54.84983488177102
796.4399899278461
-233.59818441041773
3.115598190303484
-3.9252645419862127
-935.5081592053912
130.91702112464722
155.9989304358147
73.48199702188859
519.7209908753489
4259.5800697178
2348.55564475375
1351.874440841178
453.8101185572299
332.0158128388013
78.91944284112935
-2.938024043213115
-26.46632516877198
-31.661997722379216
-71.23082998041488
-194.28097729786677
-450.9154181183003
80.64114818082
455.88676871343296
261.39023384094213
609.7817893760101
629.6069083971938
469.7084919191064
66.27792548491735
-1.1745457715861745
-55.12997017521284
-354.3130342941083
-625.9755784549061
-1378.0831442787744
-2295.1763172121255
-1754.2751408244271
-2323.3325249568734
-4291.129040592325
-1505.3838047612771
-13.735562156736993
555.0488209272235
528.687352447795
416.5242692562751
454.0596847295613
223.91318022188096
55.71923932178308
70.4071551013902
8.673420140799344
-48.62538938785051
-64.84748256196963
-1.4208523260284784
417.60602327473623
1977.5341585431356
1453.3760228799515
835.5888849779705
1149.460629644953
222.7508873757234
60.06058772601012
43.4410438117026
6.732928249306741
-4.154621766631851
-45.355286695007635
-11.536821484180274
-177.66175262054463
-107.64996923076869
-778.0483385639955
-1105.1378651655368
-1346.0174710874435
-1420.838884099281
-1445.905491742007
0.6847099723390471
5971.467052297439
1550.7848700167397
218.13904247281243
261.87847694535407
-28.758683156074852
-470.31230464382776
1079.1938038550406
883.2520242817619
46.7915046221074
49.78512592584233
2402.067290575189
2419.1787106712195
1440.187721827002
1285.1218354287075
1387.8026473178688
3415.7605057637475
8980.697378349227
913.6771632194985
-0.323642238894605
565.031921347706
690.4586843441102
2753.828396637168
3949.4541793149706
394.42681617194444
840.240263044704
995.122195371201
1616.6583767516463
270.2070486611593
-128.21860809531833
307.4032500105145
819.264840075306
7935.7002045709405
18541.091369300055
12281.601409959592
10273.446291122536
10612.510728216848
17872.729492312843
24563.381381710362
47398.59993376762
99957.02956464833
-295038.80000000005
-10703.19
-10720.96
-13453.120000000003
-86720.25999999998
28845.027190460347
18440.772178138424
-18092.86
-10602.73
-14268.03
-100460.90000000001
1001.3269312502159
0.006719239279508527
-2436.611243411181
-108.14899519384939
-30.102363924782374
-93.2920656753958
-14.611866107603195
-40.459390520489904
-576.2532991003959
0.5292901939394975
76.52436878890697
-12.07887101660446
-204.37541851079385
-81.81926066228078
651.1458090653325
-131.60007820165998
-176.66796534247527
1768.3227789939697
863.1595488357281
-5.198275061453994
11.064947667598847
-47.088665188746745
-69.84490728194874
-20.173330568193528
118.97193591061392
-118.9845588634686
-13.565310623371765
1018.9118118913116
-9.84630394640362
31.361467679758892
153.90286991944737
266.93462166406175
-0.052534078062077876
325.36776629990464
-334.33419060898825
445.86743071844637
468.7501165321764
130.55621203361574
643.5604443444986
38.45674117204136
-218.01969331799054
-1802.5169804697068
-461.51469948398596
-571.2551166015301
1.0121384619658234
98.48286389503869
52.178383988937384
-713.6216137935157
-167.28081738078953
-13.663952729077701
-1074.7204328640266
-984.44149782285
415.63354935826413
151.4629459368951
63.44341089185795
230.0389441539725
227.5069257713767
711.1267375471401
63.2471380429326
74.22556882525295
419.58970080077086
43.73664519389582
-7.447557746599344
195.46404529330022
1074.8023440549796
654.703413226182
94.37084476552927
-5.0093435493096266
-197.61407514244812
-3.1153702688442193
-145.35700467392596
-205.937936170383
-19.293217833653603
-81.41793186324128
-126.52816426189356
1186.8445346054784
235.58687065978762
-0.08459579369113625
-259.7988172823225
-462.79946784136894
82.96720240090289
3.3499044982334185
-51.8181143672431
-120.37755387749955
-270.02110060658333
-854.1247933292643
666.5236294777651
323.8091372938448
-291.9490719018737
-132.6953984570132
-1400.7091244944577
-478.89039612950023
1.7529850616142393
3015.9553626538413
2123.0097056273517
1859.5589993161448
1638.5061888866207
1176.0657303197668
1104.9063619337924
499.2081369180104
374.27869019102525
171.32491071573023
133.74935482172742
47.45479291630586
-22.03192079841459
-60.11857735429285
-149.8120646622527
-334.76908492342255
-143.70364541066692
-307.0102005647558
-571.6911560899612
-800.3671622879104
-971.1620330071817
-1385.1818702597561
-2096.9127097242035
-640.6552062002598
9.999139432449962
235.03749822710893
292.68946886282714
435.5250115351103
100.11324656565523
59.24239496316403
549.1417909499002
-298.605552836695
-892.2414675665066
3093.968400485348
1352.1369132299426
661.6253409914623
99.44341618107717
-112.35283126471217
-604.8075522283569
-1804.1737885053983
-1486.8763639054077
-2296.0450405906254
-302.4703947726174
-49.172820987151404
6.479926155344393
-0.9027957512448024
124.82376906350328
4.546665915546456
4.111222674898364
-51.87279404813189
23.890950288509593
2204.015552996216
630.5413713067935
-4.447649301589189
-1166.694068204076
-9.91197261489453
-11.836833081059138
2710.816569378522
791.0901385797741
131.24640128997692
-20.3851923694262
-373.35184482618797
-1699.3375462928766
-1239.5340542872407
-101.83624746146924
-235.89841735679974
-244.97963984012762
1555.180494200677
1905.2460517852228
538.1690916344194
0.06527866359922244
180.2976828356102
3823.6428367305953
2530.4459647141543
4323.501203389265
2911.8773437772415
1020.0884195743877
602.32544869831
356.8980134654738
76.64656408489341
-183.47318553118646
-1008.0392988747083
-96.64371112965426
-192.9292440344288
-546.0581747115727
-2030.073928211732
-1029.5689246321176
-919.9601537903084
-945.3016597465951
-1952.5285849107127
-337.9530040636394
513.9839197268459
215.0001073741592
-56.16726723874833
-4.820178153140731
-0.004166741743096109
-69.16308571464194
-746.9795358458098
-829.9483747379081
-2973.337791407543
-2276.535688975028
-187.49864885306914
1012.7338360379258
21.043128133161247
-259.8416148571182
121.2340507953221
-6.98015299458731
-36.1685914775075
-40.76096845361508
-1.0814192720883193
-394.2425182924079
-210.973189793791
186.0834009969555
1.676532921999754
29.137119687785273
-274.4070228526398
-674.6756520055332
-282.6216367568988
611.215561922197
103.46480527227645
-31.13058200314072
-975.5258612089879
-106.75206332842137
1084.0166970543792
2704.106791342212
2093.0398753121526
567.5691475427959
401.3273576716818
50.98990741564599
-403.79454808008006
-693.7389988142234
-858.2816227623051
-488.9649664893085
521.6945334764875
182.53019699508562
-6.4836549033909385
1.9269532896176638
24.97242007212668
310.22702762510175
-126.86389455089405
-388.982594324695
7.223599505248149
55.84386309655549
-989.6011032216265
4.445216648744907
-1.881161157217453
-4.026508197791924
42.50094492080261
-382.69058118331935
158.71386878529907
-62.0686567551442
-1129.4760832780994
-626.358117108145
34.434479483963706
303.47155022358373
-325.6744930937756
-1100.9834114291666
-354.0015342806829
304.9463107036089
29.831574328643093
-0.24445642756060498
269.76291804721336
183.83951905415228
3.2849446094279555
630.3158968140903
112.82459284082094
-922.9384953959125
95.50541404739786
1071.684949585747
1644.9110505297294
690.1819558482603
348.6820689492214
151.65854931366403
0.36566955678200896
-147.0471018597113
-175.37530185237515
-413.41277836443396
773.8704213410393
-0.0125508122523461
-95.52170649894713
4.394424097727482
386.6724347000418
495.9676396957483
-0.7770140412032125
-737.737910561846
170.45040219325108
1120.010856246534
818.9368839930862
359.6331003685594
70.99452618642319
0.008701534979958703
-61.81610722264958
-299.47508296279636
-171.13924624164503
-69.70027733404837
400.7951617874463
348.0818151453278
506.8133459546694
14.63225418063827
-2147.0880613927984
5.517640690558196
38.43340899359596
361.6530554315869
-3.859129467195097
96.54115940495275
290.58117127121295
15.745741031835752
118.2346613082341
-0.9566018479757832
-158.09460330145885
-24.89482396569653
490.62803303138605
1697.1363067654866
667.7879350922781
1317.6456200638122
2911.105403432125
1175.7017885782138
476.73211370502645
65.72666046066504
20.646693205624835
91.9228973512296
38.0880065852272
498.01726316118265
10864.097296478689
23290.5382798858
51250.71321076796
-233156.78999999998
0
-907.96
0
0
0
0
0
5876.145855684222
463.09139006062014
814.6464499445624
984.5948165664695
5086.251522778297
1210.6894979984916
62.74149817784049
3.4987042667046584
-823.9530585003057
-992.8893658116198
150.7844042837864
428.76017298149145
-84.06563819948336
-89.27994504563878
-332.6424024195911
-1254.048537333004
0.06562947827856823
-499.2644301005702
-97.4942632511394
-851.4889402535845
1135.787800776547
639.8753506164818
2206.491357296767
6007.0196815118
4414.254832029319
4417.33291822799
2210.616006683321
1579.059091255607
1203.5778115411806
850.6784594744101
886.4543331547932
760.0955152492827
732.1562706845616
428.9746995130256
220.8300449692611
98.64801856581536
251.3316158460038
57.411643187260694
1.2629620953185485
-22.043438953129325
-63.54344037327318
-9.254750024045398
-44.47365081743097
-24.465980727314832
-172.76712220464324
-268.97350066700704
-527.3317633615505
-780.8700414790751
-887.0594980792337
-1614.224286746815
-2350.055576262257
-2648.7877035553474
-3286.9488891840965
-2095.2397524943844
-78.61294505263432
-72.40424208652713
-153.84139793048195
827.4080005909004
3754.6313022816767
2241.3527586032665
1216.5496070925199
1712.4520130775431
288.9374019037815
-0.1589959824108042
-205.76316625732238
-1635.704260413714
-3778.9177223934803
-3244.611030559404
-2605.693958196555
843.4192072331432
0.9421828614850732
-289.2831161390116
-1489.5424079021113
-163.91531509586775
392.87482621310426
-113.89745424760787
-2047.4400667143211
-326.7421507207466
739.3042998638149
800.3960738529611
1711.5467520615289
1626.3736197185103
2782.366172425315
1928.5278272361236
1428.8688735305645
987.1383393804499
621.0906947199223
491.40957013709533
793.1204561355277
105.91463614626099
119.28354299368189
17.802639485823622
-27.163589159118356
-485.19371191266146
-336.9689129251841
-739.2996115724145
-539.5438624141572
-1320.0236759038935
-3105.171991486992
-1838.0583147553689
-2655.7639627285716
-357.48350748124494
2475.9421271516376
943.8679832566048
104.29722089357091
-569.6541767263903
-3025.648286077932
-299.406889797517
854.3692748440974
201.00154251969798
-2.4832740100149095
122.5211493087518
60.530034780216596
0.4188906037474799
55.720857521522206
-13.735354483883707
-87.48054955322216
-564.369663703774
-1162.4548938293829
-1680.4433615878825
-1796.4340933025794
-416.2683852444187
1.1135790895016358
-35.84278491778481
3322.515863594062
1665.3098416285322
439.959769676393
0.01012205563130504
-327.6666558936732
357.1451675183109
1536.099767389595
1156.6086841623583
648.3351065895994
223.89845988795307
0.4242367587449334
-92.8076706691248
298.57063316737174
6433.773262646584
2249.0939140515566
804.1589735726845
196.3444896144237
-85.05715611819562
-118.3794618542223
-467.03670604044873
-1424.7731229702977
-1200.3288728170812
-2839.4813886173456
-1322.108713280426
1884.3068913681955
3206.9556019377733
4014.140317715053
1736.013551030474
1218.8844866010709
661.76176638526
294.82169342631846
183.39940022201253
2.998823173186564
-198.80950126688657
-244.73192341111445
-348.6967151972216
-233.14698851540606
-155.23907926125185
-92.55164559690945
-173.50996934119496
-364.2591893013457
-1802.1405172137202
-271.692594462913
-239.4422210696359
-47.91611841022138
-272.6027839201545
-592.253203873964
-823.98025609041
-1066.6518187245547
-16.530053991369805
-251.66703284315867
-1044.644876505481
-3326.6107719359834
-654.0544734072857
56.53111898554444
890.985703530997
5932.949964411639
2007.1527644659973
543.647086452032
46.949660787030766
8.48798650379029
-135.52686260846986
-554.3239689221912
-768.3171345679086
-2316.6442835809507
-915.7355119998444
-146.52139899078728
-721.596530963109
-1972.185107434838
-3561.9213130257212
-19.049766679195542
-7.492424491786577
-436.4338943512721
-72.04194180458522
-1019.5984844127778
52.284910588250966
-15.028789136800203
-81.35557618228944
142.82331232656446
928.5594618416129
528.594729864301
134.43576623315602
159.63885366190505
303.74551913066057
94.67571325796999
217.56506011826758
172.38648788762225
96.16717909177946
1145.2669495055711
1667.5247303103147
1256.5686061087426
886.5505063525427
936.7231449996352
844.9715248827576
899.7563934157233
607.8213291169761
413.0097607330515
627.4743202775172
689.9997258060722
1185.6236507239785
1631.2009909397968
812.5973233083813
501.1581577550969
323.268421632527
266.70837680257137
132.79552658429824
219.67443875235554
136.1701695192325
91.06093961595059
70.01697365388657
82.32484424843578
174.97190610093614
21.54438333552376
8.68625985548099
13.62890217110563
16.045872801082716
-3.080219855440628
89.28652396244529
-4.785783735036741
0.6269953468319837
-3.462137988658747
49.064608368444155
1.0580242526553723
-22.09724955972764
-11.495244861875307
-40.59359806232029
10.103637466086104
-35.69247513033139
-3.880663352051369
-10.890069508374504
1.7915067555459303
-0.8047545807614329
-1.26479591187291
-35.665095430579846
-1.437973222790765
-18.246265196919218
-4.662869316052107
3.6353057694037236
-24.512145946354124
0.26380496748293863
82.08988893783528
-2.7592206257241303
-95.15408955044657
-90.25434607420627
-50.10520975470742
-58.06692347935888
-32.39674599785093
-77.80350422437024
-173.97182038986068
-110.06370424224735
-105.84377079929843
-191.3223624700252
-41.94556762242921
-18.701204808307455
-110.74187151292526
-147.63241404752156
-165.8228816331425
-58.55830666987376
-96.9123542211185
-324.7657503841831
-57.61835073199932
-73.0279318276214
-95.24118332787297
-15.683852974780198
-10.995926758046304
-12.131698258100077
-56.237049925422035
-48.56609840444481
-19.944458572748825
70.72125197752709
987.7932843867928
2477.8596765219354
2818.9035106924593
1553.353543505758
1296.7369649866046
651.4223734186596
438.43424886472286
217.62933057050162
200.0641916236015
178.65430630264717
126.45559529395295
51.588171046099376
17.42867182328929
1.9618500127421679
-3.8481190949181294
2.6345569095714865
-33.59425514480875
-114.99161000819225
5.913814121685924
-31.537751642930193
-23.545702547839205
0.03693989459708861
1.5734057396593504
-15.221452092326265
-10.149587574758575
-79.68427919725224
-3.8202053030372385
-21.072990281348947
-10.002908441430398
0.0006559714752672531
-97.67984620318438
-1.6041703026898262
10.68024584378299
-8.896919758796303
-5.573513109665216
-40.34893643162705
-29.21768038716814
-53.309172691034945
-16.768550181354346
-11.612547344099752
-123.42442444552184
-80.36464784215241
-211.16703195465053
-213.23591848959157
-203.64832494787478
-30.898930357868597
24.985440302036032
3.8301549300964077
-133.29311904903057
157.65988179458364
228.5467523799123
86.16863712713176
53.79109750718004
-4.220125744265559
-312.7859117940002
-1621.706200537873
-2146.75908811699
-2587.8891371469044
-1520.3764324398678
-726.482268070213
-494.5692391607512
-1612.552784803391
102.94026361558227
134.72175291410935
1304.7495920617357
1530.0671173620176
1623.724982620417
811.571259796013
590.2036648511307
556.7097344086918
380.9815964298227
115.13244084860688
44.201521039995725
35.915112331529414
11.427760175582934
6.735777321504663
2.5651007700566817
-20.75055593696551
-54.83840848014912
-66.9373223606191
-99.47783112367411
-366.61433346307894
-309.59153956747036
-178.68215170677482
-87.58336706777843
-182.77357650976302
-350.57554872098314
-273.02289148814873
-387.2711539948413
-795.2106774406546
-813.2156410281863
-1769.7237292373675
-1692.9515363472938
-215.24277387592446
57.93453000879122
343.8129121449464
838.6031568991159
639.1061424941284
705.5318807546787
846.8179802921118
736.0745485254847
939.0785526335328
396.8681445131676
405.4285559946013
299.25141183990905
209.89799551373596
140.08923319978862
119.75218498304484
73.71969037093814
8.65018051544002
16.48431692909777
-29.488418249257574
4.596933932367197
-5.076921151237772
-0.4399229368206614
-69.20814004560135
-14.022919113889628
-3.1302770559438655
-45.1063103439186
-12.32070995799807
7.447904341294428
137.6006537259447
313.58243358036077
240.20509085091118
110.6566779521751
103.03452720493176
114.27365093140546
36.67421693253154
66.6976495875214
57.61369807462125
70.47883771277544
29.45569610492233
33.16063218601015
29.9416930727272
8.444516118222708
163.21498281525612
26.608292703050978
44.89968906392129
19.198626641452137
54.03567171526107
0.03214750733127232
8.158821704315248
59.88387777161374
0.7668058963872374
3.6709625396431953
-4.280577473609753
-7.980673728041182
-11.819036059823162
7.470243254964849
0.0056854475966161494
-4.593145079433426
-4.796154875240266
-1.6172638473868315
-23.684617281523145
-62.61348966554043
-10.753218690809858
9.623088183155696
9.669705049427618
0.6346789466712814
5.8079679515899905
0.5935773391103586
-64.79029168409066
2.5424117107002773
-14.998113510141602
-81.3475207251078
-90.4833364639652
-91.96847310441495
-149.76274909060203
-32.59624317919839
-0.3763608436269146
-6.980006150477744
0.20829955878315481
-12.924704733690973
-79.40901718935909
-10.333666602631208
-34.8964641636016
-20.514648267438297
-47.82016107155684
-54.76300895087802
20.991843287205384
-38.4527379155512
-41.01267850037645
-37.15339580474405
-90.53928899672239
-59.9436515535388
-345.01671044798405
-214.94249871910435
-627.4513427521505
-977.5683941228756
-1425.810185732825
-1824.6549506687275
-395.62947564697356
9.655532224141373
168.3332012585762
303.62029394010466
300.71563667382793
539.7778751210186
441.4573182672493
479.82772956140303
480.6236479299896
374.52603580730454
565.9829102677223
447.32336457409383
260.8258992976229
330.69825532415285
187.32356478393336
318.7665713237156
156.83116382258567
217.97387456891462
18.66405511272143
83.96952497392307
26.96664869323262
2.4518019964243947
6.916726840718825
35.37836208771887
-25.156555510165315
-74.74124561980707
-52.53564045116714
-84.59952531404947
-126.4518006268176
-222.37439068489755
-238.39977223465954
-234.0318050656359
-142.71065267383867
-383.18067017911073
-548.3807861363832
-564.0693303337332
-491.0390066401241
-904.4896379353063
-365.5764837302335
-541.7963860074926
-0.04982131408293875
274.36157183168564
344.0355536072723
553.2426916503046
174.07184743936773
5.332268702651682
16.20929517348575
5.410896558053565
-0.6856072777298678
-86.91688854131472
-19.845945846259397
-93.74347366713793
-136.45212356567748
-145.39996343779842
-87.08469324583744
-401.31071828047993
-263.12234468512725
-777.8091997139343
-647.4237521050919
-808.6684959160419
-257.4371545982502
471.69339218172655
606.415353914426
642.8993483864851
424.5967768325037
304.35839562264493
353.8226491214075
300.7016329066497
404.2097803394215
251.594086373782
326.1492904402624
233.14950460189513
455.2076578820736
622.2572069993751
340.64466514789694
374.01448680888984
237.34390462390488
137.29557443860065
119.45305196162046
169.701474053511
60.93959596850743
52.14125566516255
3.989783084179316
5.843973023730837
-5.542564815956995
23.648679046374976
-34.254451149709354
-4.9957101946209
-42.47582160959395
-52.07542732834099
-152.62633089477194
-300.7850018672675
-540.0157274483323
-682.7606913309207
-963.6750767072591
-1080.5714753445889
-1606.9744741141774
-1841.9251910540197
-1934.0678864139927
-3277.3868597341443
-3677.958611452046
-3405.338727523821
-1514.570709678102
54.70134157978443
2300.9651890584482
2472.5924781216468
682.0390823747637
473.1117725165988
616.063828577531
446.47155977455196
266.79605476211407
50.374837074677494
54.17900796812564
19.264601866669455
-8.85389008660979
-14.491517394355382
-108.87153446482019
-170.87042135079238
-185.7349689717245
-382.31653226591897
2694.6404637937926
3531.4504510824972
3216.142239433957
2235.2893950939024
1264.6969240905244
1040.50084183984
312.89978423276176
17.227928813045185
295.80214588202625
45.669429043862586
12.990815150535042
-22.351727492743244
-0.0318290637827934
18.29376092357286
0.029699333343522434
-49.163392537020215
-670.3344550523734
-531.4067282327023
-199.73998788950854
-298.2032362631529
-375.8144678822763
-572.0643521926515
-1052.4191207313354
-986.5958069731906
-1530.124633284604
-2217.5418488432224
-2649.643498276808
-3933.402081595943
-4547.429940682312
-5686.359639138465
-2012.7401120100067
183.36839514371405
1450.545618502507
109.35395278027016
-69.03233264836715
-13.3363639956656
196.54120690584864
1825.2907999085169
1071.6714293330692
514.5896638973906
1124.7132470708677
3267.628854082368
2008.8936422762683
1579.9135919219052
462.6771454256404
533.4092413424875
323.2803161274378
56.24976705424836
-77.37697962280087
-143.2674560024601
-403.7889269698246
-1069.3240708598817
-407.9324627975807
-64.96442604593177
-102.92244546447671
-184.0180143668419
-224.85681333614914
7.833298464238884
0.8341155984197276
-314.2579580985553
-1521.201873701527
-5711.446123835021
-169.7177711431683
236.84583101091937
2491.1801784607014
1478.0237554297514
156.18863748728768
82.39929064378599
62.400208478010896
-0.014223446446109497
-1113.6272383506798
-3647.8287469209863
-2290.7585619014617
1165.7688276753702
152.27733056123174
-377.72901006246394
2176.742365387194
2061.9388245023897
870.8521172884507
222.08445066714089
-11.61988596034376
-403.90457388373426
21.85267893265714
2509.070126780971
1696.8055558404358
1175.6069795836902
912.2618062885292
612.16106766234
346.09083840541825
54.58553119519748
0.026569331641209767
-52.072764053954174
-672.4938778910213
-368.7723397550327
-318.9383299119303
-550.2936254024899
-565.2847475323583
-1788.3946544588684
-2078.830361583202
-393.43459779983965
-156.1924029380525
-480.85788088081983
-374.92204884010505
-216.36037970100082
1.8557708834092663
65.50074144013449
149.13824910761463
-646.6950912266938
238.23273512247118
1582.3108259796488
2578.8207278964237
2087.4853146831088
1256.7204412759472
777.4889003604114
228.33402646753285
-0.5047293931034769
-196.4970052329622
-435.9609432291438
-1478.8011781301316
-4199.410650023809
-1078.74971588985
96.45413856660812
40.26585906573507
8.596333265914208
1.800504299103531
-112.08242736086164
-91.45495621613439
-309.0308860236778
-378.49848961638077
-500.8148322976896
-479.58949117357054
-508.1910947308194
-77.26340236381037
384.7971358095511
988.7910056388171
1280.514296181638
607.4840648392394
1026.791285687999
773.9027391493323
441.78796230057617
783.6787117745037
480.325699649163
224.4150540387145
329.9183338925704
229.1567881094373
432.9516793526705
150.98930358509986
122.59447106030689
138.02916309945397
26.229215727929073
80.91251121786529
33.54498150475692
4.295841761922128
0.2279948818768743
10.093206700463359
4.831073860237275
-3.3538741305527493
5.975337941520347
-14.418775617233088
0.0007816250190825874
-0.6325378770394219
-5.2738247789996455
0.06931691808465777
-5.048103918736722
-9.486381534093734
-4.407594653188699
-30.724886896754988
-39.1428669528719
-3.567363252514826
-17.85752673612282
-17.563633993848075
-61.573554216867294
-54.710282702353524
-16.528267021377772
-30.357259361400725
-3.5280473858949755
2.768775993530009
-33.0661203298282
-31.531646602348758
-47.211651904531486
-146.4203855816416
-18.561843379169908
-85.01155816714243
-12.282480037058722
-70.54645540063831
-91.32995936178693
-277.57708655216925
-248.06763262523776
-357.8492941531563
-244.41612071675655
-254.81564885240422
-487.6546598392358
-450.71843123497797
-633.0827068164898
-547.4050285803601
-360.0529912619236
-299.1294234638348
-0.6735506170270241
348.33251791653686
2024.481341938163
1645.5193721170135
1159.6017985255462
872.4537588810297
666.8065684100692
162.30220264257062
324.143242336414
86.42002328843424
20.07489718464033
12.109349037868819
27.863713722632404
-5.530107381877487
-45.92869488101699
-199.43371906372244
-387.8171130607743
-496.75170090782115
-796.0429962019712
-1308.7794102224775
-1563.3198174108388
-126.72521181032752
0.18674392488224822
-14.37573188832413
360.1549724500261
1180.8086645145295
482.2837933630949
909.1423712458956
928.2957717311485
561.6945851608998
358.242046939973
412.5006537412967
117.43840833705673
255.02776833488835
46.32656015089108
169.73164730520506
8.904709559694197
63.67802121960696
-2.2010372454725444
25.478849960131733
16.571912431044645
23.186106986902562
-1.7577295535086563
33.25415710322912
76.47020930591896
-0.49279981613122115
31.96419625327667
33.69962121637933
6.583180854599558
0.938343810007372
-8.037251156543931
8.428717792039404
-22.720435584205426
-40.37201860679668
-21.42860513350074
-50.79420228064047
-30.296294888610255
-156.4648169917731
-13.361791629847799
-31.42387289508374
-5.918213941729272
-16.419540460774567
-14.284593159921151
17.380733684917857
10.098250897206794
28.847754780177944
77.45894783349603
37.80287528566322
114.69889451549427
69.20041080195205
34.31425070927457
57.45894459599448
69.39389975362499
50.29118737357416
54.113273765201896
42.561698896213024
6.352497591125152
76.24853284129071
51.85596599318962
14.053414013727094
0.008632582691105397
3.4707981962940098
-6.073872003346771
-7.568769948261572
-7.905805472223598
-69.55122401978882
-301.31368910729645
-123.82073161955572
-332.62374920259975
-377.688965770161
-482.33410405939276
-627.5372337919343
-838.6785538438055
-745.2210923470009
-1255.7227693406373
-1081.5497775922336
-1425.8638415634089
-1177.4831168933983
-1202.7974745305137
-1178.3457563699224
-857.9523505146286
2.8383825475703364
896.3796890304598
137.19221627983092
-0.026548497429264264
116.13221514777588
346.8350372492839
368.1822070810768
-4.930583886424243
-83.0687260824512
-517.359995567328
-1082.7956111663173
-1975.289969586608
-604.9122020045129
-59.86859566196625
0.1764976189363719
12.836413493501777
21.99059935312978
14.5653384421124
46.06612215917103
276.0776902761874
1315.1718982432315
1368.4367658196377
1232.0995441529044
774.3886778229181
782.741130736321
672.6586452250623
456.3429780627779
463.5373437110294
723.6582544705782
504.45137723563863
271.6125327557351
290.2060375689125
175.1561691319839
177.85804799901845
229.14997391740818
267.6891004817974
51.73444756974904
69.18363645432062
145.16049036464662
-3.2649552147598926
29.690245503175845
28.34893259375453
95.8504296627238
103.61574812845352
-2.3936806830288186e-06
31.716603714465514
-4.341512074760203
-18.193999276161552
-4.657950243786786
-22.58533716402863
-69.42942787427839
-0.06360128778749284
-18.007055179545624
-7.190968054439557
-0.6612613906339604
2.8946733961069993
-4.128208853380442
-1122.4171095175202
-2673.672681701374
-3712.3914350787554
-6140.262565452105
-7480.975053906412
-6128.80543640678
-3825.257185176182
6256.469457163336
14653.951377194026
28560.957672192828
43141.81639679738
47219.743885058684
65557.93330607736
63728.498042853
77807.342177211
86496.64957542167
88892.57241576158
95587.19958986907
114315.25275658366
128220.82050781618
139318.42325142078
140293.95649330397
154090.13254174392
240693.8931030179
303456.3322946714
386135.312899631
499167.06673354114
641470.3136208612
668584.2646542959
613466.0011111331
559994.019963722
540060.8564242936
556492.4067848079
487948.59085455193
459599.72292397206
490488.06672029104
511493.74295610434
506660.75581664254
506483.9897105674
562886.8412350643
603920.7283202561
687945.3904246243
746873.0528214271
823170.302506871
1034638.9228517321
1155620.86265008
1748828.4016665455
-2369691.6900000004
-1494164.18
-1119312.5799999998
-762281.14
-762051.2099999998
-573854.54
-492047.9
-612545.7499999999
-595162.7800000001
-562611.5299999999
-735093.29
-727680.71
-784628.0200000001
-797082.44
-731420.99
-564934.12
-479672.36
-455191.48000000004
-291708.63000000006
-340148.75
-324971.41
-305629.58
-336742.09
-288078.94
-188143.56000000003
-88047.08
-59138.670000000006
-48933.27999999999
-42824.979999999996
-99667.97
-99037.52
-75369.41
-52585.840000000004
-52047.840000000004
-36372.75
-34120.02
-16766.23
-9682.55
-2033.0100000000002
-1624.39
0
0
0
0
0
0
0
0
0
0
0
0
0
0
0
0
0
0
0
0
0
0
0
0
0
0
0
0
0
0
0
0
0
0
0
0
0
0
0
0
0
0
0
0
0
0
0
0
0
0
0
0
0
0
0
0
0
