10578.899999999992
8395.559947618192
2682.8367525711583
1770.9528198369667
2660.2858883929907
960.0989668053406
430.2818801585604
-1869.9414837836352
82.4879654960329
5495.109555802784
2751.879735532528
4947.591771166598
4385.449627981243
2470.4796266272074
2049.028824078148
1986.9697375772355
877.1246323268624
574.1143550403272
420.85850083463595
455.5863780660054
14.925983163051392
107.382330368241
1.5617657419247968
-33.07237982614106
-5.2627133613790775
-52.87400507174866
2.862039579279297
303.6795923513964
49.2676548684279
129.85754901949747
1601.415088615615
1329.6147856753714
775.7255517700987
230.0761904513289
200.95673507801453
1.7803224618870293
-28.544997213052568
-46.19715724913115
-294.8290985837598
-607.7913071158782
-1584.020565245273
-701.1283268096449
-154.84155535539577
-394.41393440964424
-853.5274764330538
-2672.8363306965757
-6609.147644174176
-341.9591248615507
-210.94259101087107
-1285.487633674548
-3349.1006795304893
54.86651749415231
1620.3843540250036
224.04887040159576
-3.1693576423366223
242.24537577437187
3010.503382246275
1842.3613808067742
1884.7164709173528
3073.640278856451
2067.351171922153
1582.6387452122021
419.9950530252486
0.8501179891095708
32.36119457549939
268.75331777737154
124.65055781359146
45.955772813982065
1.3789379767101502
-10.073822293611144
-159.90431345769042
-347.53818167389056
-416.2702739915874
-493.30774893147253
-1036.4713094648782
-1917.7850025055593
-2866.8500658495013
-678.3129601036484
193.22510731856048
1124.909091405014
184.29323026626906
260.5670681536254
120.62717163191338
40.815235346416124
-0.31562463511407507
-4.813787630009266
-75.92637122015758
-51.56118565807797
-319.6809507913316
-1125.860176331222
-1752.5297135889866
-2058.6236152929223
0.07878271093380898
5210.230755319125
1571.4413876150193
327.7892348069743
354.89278810002867
-2.412391770615075
-200.85242795586282
-119.14468117293504
-32.057563819098405
-5.002048264837085
-249.42982286413005
18.651782572121363
908.0304506929363
700.9574863401411
143.98974171516852
6.418578862254286
-116.83606976703072
-459.5423479413614
-350.3056389325441
-1281.0995264446103
-2761.3749095664175
-4424.166439309243
-3138.021969318208
-1995.5250494353525
-103.43250821145178
1806.8472496293894
3299.040936505968
2130.017592887679
1519.2658237752466
1368.6168626162173
665.4032695884723
842.2512024557404
659.1625684454763
1112.3544036196602
1139.6158603101267
497.8753815242107
556.7785564759052
492.0348475289977
296.50324195387896
282.03339799994876
250.6305086125273
173.4788382678947
124.8944564636015
110.97366573959079
215.34614086387546
238.06633183705054
396.1270056159103
351.8379206802865
240.01231808102833
458.42773194698816
225.27948977259967
348.608801842847
580.711562412359
228.84942598488777
162.85008861091396
10.415926335747264
74.31445284089432
111.04451184742707
178.34528889377543
12.592624939511051
19.286411550669097
56.17942073933733
1.8795770638685958
-14.300132146351507
89.31574247206359
98.70159175532274
-54.46562339772219
-118.88930099188971
-7.581706341455205
-54.0288579610869
-175.94555014560376
-232.3441703791382
-155.24254084443652
11.415429893677523
138.67262094927864
911.3982689572103
344.074779025908
274.2842511466315
23.957948765076317
465.99297234873654
33.590357402917796
1116.4121540078015
3084.497284484015
4860.835574059752
-126533.52
2176.9564886941935
193.86888390262234
-37.384865868522354
-414.669994144814
-1268.7803742189285
-957.5552222011443
-2435.015873306251
-1312.3489671519194
1245.641868651412
1916.9942679820665
1369.897175130637
1529.8275885458677
871.6581097306191
597.668151992881
192.5517829457362
301.4748264891274
168.34714509884188
193.05645717737923
11.184103482036475
-110.38400465658162
-330.05214043112716
-431.46684571479767
-650.4016403840805
-1000.2034556365376
-1640.2971293390922
-1125.4828990626343
-101.98638507445237
60.69022343951853
659.0496249606773
1047.0886140473615
2400.6269272592003
1436.9218485585675
1216.4664008241998
2841.0222045978862
1169.1570797589525
278.24205958118193
222.31093070677417
33.572477302468144
3.805412033116304
-198.6950084944667
-324.2755642555358
-210.5862860475126
-646.8355595786651
-717.8345024627004
-1157.2777436687938
-1752.5496312048592
-2256.7165046671025
-628.611785404843
-508.0619188378977
-512.1074564501525
-1022.5380734177398
-2367.2570350109054
-2501.505868952978
25.92106044663073
154.10305175075752
132.60077418896725
195.1021520749985
148.564926948163
2156.2557971288647
2330.8988133896455
1834.3290986368615
1444.6619433275193
615.8492902228722
503.160602220099
350.3024288345713
671.676533386847
995.7640498129047
841.1449925460955
596.798039607886
513.5565445701932
804.8791939163932
601.3833754735433
298.2621686017021
171.90030793430532
333.7289609422447
134.44007558086355
29.609916019139238
-284.5353590033138
-88.63602487621519
-190.37804770263227
-180.3070442562506
-129.18338728949334
-237.5786950282043
-526.5384254828664
-643.8329999648292
-872.45519904204
-786.9167852350314
-219.81179987491782
0.09702177415402065
-296.3631241167807
-135.5479549041973
-274.4514213616742
-548.7397792420101
-409.8963404526297
-451.22151714205074
-1024.9201173015188
-823.7419400867278
-1574.2054937408766
-874.7910441957071
-1151.7529014124616
-1424.1310867574236
-1795.4597030449627
1054.921621235876
553.6301568072681
1950.6696370281984
600.1634645254597
50.95188480197842
-26.257849557200302
-348.48393503866964
-155.49797906710143
-10.550948637168528
-222.96957023463378
-851.8241451218628
-2936.7501037152574
-1194.165582025733
0.02063103411166481
186.72782447664014
-56.76024416107447
-1219.1401381812002
-36.83669621019993
272.44491164017114
333.3204506700296
330.0214415657804
1082.139982464856
1640.5356597329385
695.5604790838327
806.5231542867357
436.7075436896745
45.08837532332454
204.69256880321845
1169.0290272066627
317.18782148615287
-2.2942245757908437
-1.4145273468826631
-52.042470332402274
-60.55090305219487
-241.93306791341163
-1219.618976898539
-1498.6650349761062
137.345403071529
2147.9169553944625
975.9064269367759
2369.173813307327
1091.5936189824001
716.1788300208614
509.96546925917704
125.2673914851859
245.48674226693493
19.51462548601501
22.17876090850426
9.342828434607222
-13.69251332426552
56.98764296460714
66.32447319016362
195.39816896149847
232.91501179254388
368.8583880967551
2260.707208418319
1116.1154180900355
390.9973808624216
183.71991992992344
1.6018791183007874
1.9800425564379753
-14.042086491751599
-116.3462389202526
0.2714630338551525
-66.25364386696913
-73.45257534263907
-31.76484740225976
-21.303396441577437
-80.4819974939075
-50.777639505282565
-103.47432511195758
-179.2730061334601
-119.53128185843039
-291.2864361453259
-291.702865111009
-784.5148062550943
-387.9900701023887
-141.88945290283982
-154.94059636378407
-211.75262908158123
-327.8636768596374
-465.9962466267044
-762.0163529103825
-1098.2959178860438
-679.8690538426969
-402.2326838080395
-370.20233019321535
-506.78700327395467
-621.6555144193203
-724.127190615223
-1326.2162145783118
-1234.7012356241858
-712.6699357414523
-1062.3205604490347
-330.1821392544025
514.0222394735983
1008.1977286247417
325.0815592437182
51.239189294131485
137.55953480132303
-263.0712421622133
-676.5003533573123
1290.8198131552172
1010.9424334046844
401.269089391303
192.04543279414477
1162.3297187394653
306.06543001390867
-27.479860674450016
-394.57223704306983
416.9162670747954
307.8014513391242
3.7364987712613944
2.8580533564349326
-34.47228836061596
-79.96816303486241
-208.11509400219114
-467.15347970618694
-543.0549559341409
-214.02615406707892
179.01546668112678
-14.766822379789405
-168.80760971685248
195.88888929289553
81.4415396671556
14.01233467835045
-6.542411505779519
-40.2771815110451
-508.97244801427007
-93.33984769228803
617.4833098083199
619.8674347393638
350.6543840371114
334.72855419617605
387.38110950099195
862.7011416959924
419.58224213602455
51.73608541486781
159.24959011658547
25.220283509286364
42.60382309510305
9.619720534139867
-47.92972297450392
-161.13757174338946
-571.5523477162262
-1032.8115483521697
-2838.0086198519066
-2562.5289933445893
-1582.6732156938674
-330.43142696061113
1138.348275022075
853.6279535425455
112.09346729643175
0.21553653235881087
358.30929481976375
491.09501779729896
115.52755291988807
39.244747503930896
0.5106319135085011
212.57838827454302
612.3223067061516
356.19937945028266
391.075170887718
131.2442666810747
191.79635148669516
430.58315799197186
202.12681821633754
163.89050919447138
53.963833636119375
-7.8968696641727565
3.978978725613606
0.19969318539893977
-278.05727868832395
-738.1581381844469
-902.359538551776
-606.4704448390291
44.95496599270893
468.78125847671976
954.5546069724669
613.7827572784887
675.1094045644229
824.5135571017488
574.5797735184254
387.0298777461309
61.99626452576136
242.19920475433636
110.7710117600653
53.2427814749632
83.66408017167008
-2.7965139856670813
269.8951061760109
-3.8738963864705553
97.4865900200362
-6.85450492554664
-25.22152916121419
-145.94900506680398
-131.55463741434076
-338.43370678305376
-270.95972959008975
-313.1861542164098
-328.5307014214701
-158.2629753864485
-473.7543850238967
-591.6047391619304
-403.8432728680941
-602.3717578118865
-794.5624633068168
-850.521222073485
-1022.8068008001983
-865.6270271710966
-1125.789186143424
-889.9019021018014
-261.81079771359356
481.0621602302504
24.546184055834335
1.8865008898891757
-265.38651773368235
-258.0104618732745
-615.5831690452028
-810.0471888708546
-1041.2603242117648
-1394.8763726036186
-1308.945595587055
-747.1302205668856
-19.720793414548748
-66.54133478008885
-357.06488515676017
-737.3380011330836
288.0429307942917
244.3320056472112
1038.2904660441295
975.7093210414978
161.0635140174366
21.985718922826294
-46.703489271457336
-158.28116911244683
-377.4188659397823
-1188.2193753862248
-353.8448501938368
-323.56880414199117
-1464.034381932918
-736.3536322555096
-115.87495078238364
432.9966651561763
289.34799738188923
72.97192520653765
231.63112371633238
384.0149444893942
923.4542536285029
95.2362597414292
126.79039594514106
114.7282859556268
-140.0022960155346
0.571424227779187
630.9950013572417
1844.9302778465478
774.8357796029063
1091.390804977003
57.831513074006885
291.51475919812464
373.417185838784
49.58168542293893
221.62173705951776
2.089717899922759
-14.78023398890932
-5.901796425181234
-276.12625089431594
246.4781648330723
10133.68765896228
7208.316755546967
11481.578612688498
15360.057097811386
7683.727039390619
13327.183701633192
42936.35284534567
-188483.47999999998
1.1406573834786669
-468.47574280944184
-2151.3024909895994
-3787.960789717801
-2330.6466126408977
468.2885824726029
39.39654485250256
-17.951596873727766
537.7489467630478
130.54777991046234
-60.019734329349035
-848.8112786897416
-1551.8556314917803
-1150.191385983059
177.67372096734914
27.50742786048012
-638.5821310894917
1560.4762529334612
2392.812534964783
1674.9223425958332
825.131336814992
1434.9593728769453
2356.2148378605725
1651.4533501986448
1232.4119442226274
744.2110318936695
580.7612234998634
285.8816196973851
98.09565037757672
50.41270254400033
221.74423508623664
300.6094478684132
46.08180049513025
15.343691047278067
-33.927926605902755
-209.1469967328585
-2.237371343946667
0.40217262923446606
-20.36989241312853
16.666798894238678
520.2564284367074
314.6912066191159
116.79110853159233
23.453966337495203
-39.194094198676034
-210.76807806758478
-646.3101683471341
-41.3680644097
185.7351314317619
726.7678959379901
352.1990049933224
4.869418681527254
116.12013091465076
83.38548724130587
79.23761674939388
-0.012186401779203555
-0.015192005812651333
-31.54243746229191
-96.93360823284246
-256.08209747259025
-583.197226022621
-1064.381787548765
-2136.725716448098
-863.0186861142681
-1330.0485380843222
-434.9711045231895
-520.4658373537504
-1000.8488760838842
-1156.6463610700507
-389.34737443352657
-20.461098933825266
-7.76646637002247
-144.3245470801396
92.34233300006464
1245.056598171655
540.3329310093602
1.6693125912534876
-206.54944878764414
-1073.2397262504767
-699.5592839708726
-358.10273944052943
-613.9753385929926
-887.0742182134612
-254.02453760934912
-3.6059025206783772
-28.272747667542326
-176.07380937384332
-136.64928230927765
-81.55081849924053
1443.7981617962396
73.65459849948732
653.4285811981058
4005.177123990713
1318.5883271919906
19.304824890454693
184.13554623454112
848.9608254573013
774.2457214292535
936.9994343717942
794.7398659911203
802.7035911620787
261.7501048385804
135.90149203315383
170.42488004274702
127.25075395368873
74.70127475125655
14.69865297276703
-5.538892985907909
-91.55151339895856
-99.56768474690314
-105.16063034404502
-123.38895611268804
-27.975166537947118
-100.21528701825801
-3.6213806118103364
-68.50925651359329
-212.67557468045374
-369.7976922833646
-485.01055942015455
-968.0107500500975
-1272.5290708370057
-2060.1954237131818
-2034.0783517767663
-1815.3514636890877
-612.9067959925926
953.2430087026939
1179.8774249236187
15.44024245223782
-263.55289662115774
-842.7648045811534
-703.0196548347838
185.3487753647638
-143.3894017908091
971.538105224777
662.3207392599763
2976.996090276522
2441.5560583671954
653.1222560773664
367.5969944522784
0.93272338559595
-698.8683050789512
-1769.4488380971268
-1326.960828673998
-1108.585332142265
-668.8881314439539
-1391.7037336784674
-554.0560015908366
-100.90246159704301
-669.4229658040829
-1170.6502493005505
1.2000343573486356
197.40190054114686
229.29854212395128
0.38140385625069634
-241.3270995287853
216.34274975266072
188.25015803878824
695.9365168734303
1166.6895921837083
448.30634009876246
-1.1388785323235149
-192.09478579667268
-64.51257752670452
-215.94876305451564
-1078.3386854799955
-417.7431949807499
96.47281718512531
358.8927898175002
59.125932325194725
-264.54366317333455
-1240.2815740869182
-295.55546801893433
-88.86462893517893
348.6503364175202
-15.61559249393771
-108.11283158064774
447.3922209835962
67.23088511869115
-166.2859418062666
-1125.1332942570862
511.2195856537584
2118.4704114521733
1361.7522919272328
826.8397108826538
360.95149947405304
175.93382967535698
20.379119749723856
-6.242381810567913
31.249461898335547
-7.125497212790772
-15.919680838376994
-471.6242031760554
-76.59379663023094
37.60830791214599
282.7082860359386
252.4452292656321
284.48037332310423
-56.17014826869202
14.838614296856665
53.30916212276301
0.014871263948617586
224.88922364586293
728.2944437530194
-8.543237183371634
662.0652681354999
1253.2157708922828
2932.079221965164
2074.9249756855143
1452.8237540872333
1237.417761552299
623.4881487503762
48.891882017874124
-20.1239946112882
-376.973106709534
-1203.256961321244
-230.79423853431362
63.81617426623537
16.8375757482195
26.27937900445156
763.2591680577011
671.3771484399763
226.34340343083556
51.68737202820508
-9.434187047510127
-47.248192311404196
-202.65497032196177
-580.6266914572094
-385.89759142188797
19.24770687048983
-60.48984798818004
-189.43211717776632
-252.64573940796555
-32.98151787757939
-163.0472777673524
-415.2456794235037
-1376.8428242187056
-82.52260603819575
-32.34859283702842
-9.66628586389746
-60.44122423496339
-425.58113401705265
-261.95246191915726
5.336735272162555
51.870018672842995
149.15162843524405
224.62199153343738
104.8105828042109
106.44891778376564
226.88800519004
135.93593431733245
135.84506773718167
767.1111981071003
663.3429257923394
646.3124010376818
406.665852914305
246.12594477275428
-8.569498576185662
97.20926429779531
290.56391954625144
358.6635141010811
665.6556860590618
359.6000939653923
182.14257938595114
140.2782901967194
121.6587355904018
79.86556894973626
94.54391404766953
225.86451615775752
64.90093384481258
42.16766122893983
50.98301033899155
12.187898480995111
0.3831998285219738
-1.0419114675054597
-2.9387118070080365
1.8716503968081857
-6.413341818775811
-28.02969554904965
-79.66228997196814
-199.793739516007
-327.11920792586807
-253.4277622329114
-678.7901447660004
-795.5101277264122
-1039.9022124294156
45.676522298196815
234.65851852710261
459.0580613199493
211.76896202421267
145.3181262080269
588.0785156162314
357.60442465893726
252.30178803308584
104.44492853380214
67.31503354705913
26.95005922880893
-4.021833494287475
39.5471461122883
-0.012571455333778086
97.96252627324179
83.0528960190288
37.66055835259816
6.381914052473031
0.22143574484785405
23.65944142138696
-3.042696494441234
-12.736798369334153
-17.64845089859798
-20.77405168869547
-668.9161342090314
-311.3867662216547
-478.14309715227716
-523.6884557030586
-624.1956081391914
-235.2571104976838
-740.620483159016
-724.2959018009759
-1276.2348943995025
-1324.5677684044406
-2069.449003895553
-2330.9072449177647
-2873.61650707189
-3286.6956011015063
-4251.621150034722
-1449.301980388857
-569.7009020577715
-1910.9424970483176
182.43652246696135
860.5437371014478
1908.7264570419975
5624.878243972188
8030.726203300329
2945.012999491561
3261.8256352211347
4282.401609173789
6826.698292309087
13654.14478374245
-124913.37999999999
-21437.9
6686.151143182902
1663.2389693988375
2771.355914791352
533.0358616628746
566.3932772561037
380.3892611732499
133.59907187381023
1579.2057787577587
3564.4001865026657
1455.9922828255626
854.0978329769521
177.62031683505907
45.128218059821904
4.347929608922198
-0.7157782490383467
75.19396564329293
100.68852997137463
-87.2072963379277
84.22353911947785
-236.60127328251042
-597.2188390720277
-13.672712947472679
3.5136673897772557
-136.16715687715742
-10.400519968615352
1000.1201994235645
1171.0629280918504
112.0560994562667
-126.4940699333126
-11.231162816150556
109.15800996923521
-369.3428174239709
-904.0246688727973
39.30838174781298
609.7163557970791
3615.9550031684885
1996.6288813495557
939.9413938077327
388.12482003777836
188.9568152414913
51.9434099552375
74.64897161265469
-76.81080422006764
-132.88078651413616
-122.7895271701755
-169.0481799826933
-283.3782546445095
-11.693255109894581
-759.2859839828222
-1016.1796120755146
-1032.8870121556215
557.5690615540299
12.164273784882717
-186.28015495321404
-1805.9782224996973
-6556.814366282487
-1359.9241858799012
301.51465957467695
1850.0016197950358
621.1341287552088
0.6918817494032308
169.1187788700141
-2.9889618646438127
-316.37694768515166
64.75444391623293
-0.11270457049851362
-186.20611404687918
-608.2675941407874
154.6744903054856
6207.949182046641
2127.831091415096
661.4085310415079
949.8082886069656
160.30673397327368
57.07805237961623
-14.148933217596152
-348.75831708522117
261.0403228272676
7.554174961037928
-30.35298287800168
-105.46443911768003
-340.96279725504075
54.19138974413832
83.80311603501815
-135.02562519349618
-224.18370660759098
-420.2595711710045
-1091.4531979678263
-2741.6785426450615
-1212.0470533735556
3678.5837641346584
1836.0074899271065
1150.6116205114433
214.31766375221275
12.371349771128868
-62.29170254831644
-390.36363086488484
-3.8325929126633724
23.74282146465289
-461.5174175009189
-649.960570891976
-2373.9321255541
-1036.1130009042922
-1796.712616888657
-167.4231836518486
118.28247034875976
437.12065466991845
210.28712209470237
367.1655277783851
964.007778913197
874.2408564921493
412.5006269029508
313.0769187377023
141.005813640722
30.166761770147573
28.82262711364272
-0.4811906065840799
-266.8622695811674
-905.7609564388717
-1087.9311834826617
202.55343522887364
1260.9628781298275
78.88010291002443
-62.3763419736204
-0.16856064066745333
1.8701728742500825
-81.78179259668245
-782.1869249449757
-1895.7059976611888
-3208.100179496947
-430.81979060288387
-213.88426865408772
45.01221579157195
97.29917623736077
-242.38840360822573
-138.22772068831637
257.95488535670995
145.01532029160708
121.46582967452782
1128.301821212216
53.19114547184905
-30.70654447096053
-547.1141250677997
-38.37804359695633
-292.01072883657537
-238.66591001216028
-447.1818686449368
-1151.450528463462
-3136.2575948413187
114.46524456749535
382.57885398681844
11.801668624271318
1.3476424752615337
113.3075342713139
6.857629643020367
915.4685262118826
1394.5731737795277
703.0748346075911
670.7430717400243
491.00414815266254
55.21236429926365
-18.379427491754114
-44.01091760029968
-598.7887735342922
-25.09661365616095
0.2826373948437275
1236.5706607939005
861.4922214122405
475.62132662149395
31.447937301981433
46.70180750576688
1.5825743074784002
-111.63147799502744
-87.45130168937715
176.52977360825702
-1.8861539118091863
-340.49591431831493
-693.1053260841898
-813.0616655733252
306.52424792797785
287.03139507456183
2843.4736391802517
45.43477995923409
266.3660927879068
1244.857513295974
619.6499958579768
266.25613847498937
550.9669966837527
419.46894242126075
504.3606642388331
262.0179105224747
89.1397375205233
13.310451266266766
30.560633821406434
-56.659338039741186
-336.4849824497613
-1427.121664916576
10.550062696592988
1.8605442985043577
25.147420482658575
-45.00730910397667
-562.7638344503514
-213.17009886541035
10.628710420744515
13.474531234026353
5.320613943991608
2.7409446184039856
2.241822359164663
-5.241459979067512
4.791867013493617
-3.5637331503778165
-14.312681171593471
-41.62677701197393
-11.501497127319137
-34.94221709095952
15.360032305778724
787.588262964658
987.0581430114883
94.8605832332124
-27.264449915858915
-375.2049804215055
28.428351892288575
42.49335933378637
14.833777669211646
-11.105628412662984
-63.724110608972794
-191.52622356416293
-762.7302920115446
-2093.1196762281024
573.8788521835486
1115.4572695136726
480.3974293618665
36.984302543662984
-123.32971692505578
-214.33536365233272
360.0518866990461
399.22748535779317
543.7433782355151
667.6662512536777
665.9875097893512
135.4531770108531
69.2086574492536
10.639783146385795
-1.0976873240331684
-29.176363427239764
-81.7160369867328
-453.67362922915936
-521.683841069968
-979.371428639469
-650.7706160997691
-107.36288663511769
-10.751171595205959
-20.565583958186217
-35.66026535695587
-15.251986949999388
163.3696162799119
1363.2957340237642
526.4639855185975
291.39405909011214
133.42615558770274
1.842411767030192
-14.678733558859147
-346.1389742049288
-462.9595000103489
356.97418776439133
418.558802340531
214.44180724529645
15.581660321651707
-105.61456681993899
-770.9477166789886
-2586.5475868508347
-24.59590375944031
1279.1547862234722
676.7154861801268
585.24937107957
403.8418821465934
195.9199058407465
244.65939688402523
281.38451159852934
452.7916641999868
149.4591500935224
220.93589848842345
-16.615808917581443
0.7077301571551047
288.67101900180415
-0.3979656227736601
-2.8086173005721964
-36.10850319613808
-521.4501680246888
-25.243740376839632
-0.014631085367528274
0.2354757624362711
38.374098150781464
48.40952206272408
92.36314582335851
39.84581946938334
548.0917225309563
405.5438649748244
184.9323294378506
139.95232753283392
58.74844039269149
36.01718842933269
15.822721960336914
-2.6642262379567034
-45.145357430347076
35.359012245542495
-0.07030394449851218
-0.6465264960157981
-35.54317218781676
-12.433347601212624
-15.944022547415582
-10.397660685095087
0.026614824007816593
23.022570466991354
6.062610285861031
9.184548232004058
-2.649583826066559
0.11350031689606023
-47.79099010706439
-39.35013703957483
-85.9786680687153
-97.38740968791188
-4.369585968975869
-102.58906264464865
-127.2837321107534
-138.99122387048897
-142.64548317492347
-431.86232452406773
-257.37291105331826
-544.9886682054748
-342.7614658102399
-853.8020209588138
-795.0678981045942
-1099.0122129087063
-1142.1006840522532
-2210.2602738950795
-2192.468271204548
-3455.7945874841125
262.74714538121873
1038.1295736625862
274.75508481442694
300.83624870454906
24.007199534892074
166.3284542553454
638.5140304491758
113.7412857503501
-30.079753552543245
359.75543004125893
543.0509631132269
179.59656836291452
1.5893602319260653
-30.349640185464395
-158.55575543836488
-396.5446438002155
-40.54403547605874
697.2289211718589
259.0292177409011
968.8875783375227
1814.6352691881139
817.0115743310597
315.67851649208706
243.63988044686735
229.30661738735267
189.06547543149057
37.90954755658368
13.913794298643655
-0.8457880658578601
-70.90232870335382
-217.16354689486658
-206.6288864034414
-665.1270332851293
-733.3227899587826
-1941.4450251651429
-3159.7897861502597
-6017.241420043656
-3052.072985795269
-53.34915105650065
-9.149621727115996
2.901520398305734
-4.395189625601341
-35.59908827548347
35.599877726417134
55.32912922361962
-28.246434363887392
3.691370107420147
-161.86638328110465
-404.3741817064108
-1744.4011574113506
-4.967554499388761
27.891885855075138
-717.6624333923684
-91.13111023068319
11.848206715294737
-92.93517955403755
-13.735459487376948
1.5778638321560132
-115.26419320391102
72.98843934518843
46.51583393229663
99.8271765682135
48.163941139580835
141.93146026663894
1254.5735005395718
413.9857525297563
187.7326834184292
200.23646208057045
657.1293056686891
286.0395703707228
590.0625026765168
1027.3734307864877
403.517996227526
264.4908930090178
713.592996008364
274.63160856091866
38.64713196736062
16.028273443581803
-17.31946122263587
15.618422905289643
1501.5257808004005
577.3878966307603
164.98739869610526
585.1593485672033
2.0338806034030568
40.53817704585318
741.1254600717557
368.1256865341626
15.33599146546516
15.395030929422242
7.4358494206037244
3.6919862946646074
-72.12027338250323
-496.1333605384921
-1482.9853291925388
-652.9270978010775
-301.4004627118834
-145.644349148181
-579.5853044601333
-140.9480953032751
-126.92164484635717
-115.35079085259376
-34.5934740108965
161.00345312849686
61.03888070129504
101.74102100475214
11.974609618642042
0.9738848814051004
30.66861770689677
-22.228678577389488
-520.9436077518219
-763.4839906199838
-287.86118947654285
-632.8277962188536
-991.2584186204415
-648.2444746214696
-1309.7989982669228
-1937.6032491500666
-1903.150224977329
-4173.847309794452
-5106.129759481191
-2993.6296712645644
-731.1296916910828
861.4156915153931
-1.108359789821768
534.8717517882276
496.66006935351106
32.64887842601906
-1.43192589270407
0.009108038310135163
2965.561038232602
822.5107660089482
153.37038252521637
23.279151096566277
-301.95161981964947
-0.9667191478632894
12.976435277844983
-82.42389819380237
4.45099452740125
107.93286479366785
-98.71970966984769
-976.3483267182639
-2962.539232516536
-1258.5829954764135
74.98497446988299
0.008892572216597712
1109.770098911299
562.082385789199
4.07231743722319
-591.1961196157122
-524.707067193283
-805.916745603474
-612.0358652547079
-172.576503990628
0.07980830822518287
990.7137343922036
102.61414886638309
-481.0028699374652
-157.9839554192091
240.86675645297228
767.8768258926751
0.0227311990714169
-1001.4221250195615
-666.2120107931285
-35.44128902372066
16.320474703124788
4.080040204814852
-0.21347639568690646
214.876512054339
-37.498438653713954
-857.001607899739
-1472.0818072592235
5.349699199964967
1169.0045814949212
5372.993958334466
3754.738165779221
2247.697891327436
3726.974476362943
3502.507933731089
2677.48541747307
2152.929785351513
1483.5286454117809
1267.886176346452
865.0282475226662
693.0547930795697
418.4260867638595
230.6913443077231
291.738004308949
338.8008427155366
95.09873390720189
90.33694737575183
103.40270483901746
98.41312755588248
203.76698022253052
306.4822140719382
237.57263433018443
142.58658144581455
243.62524232100475
104.71926854559351
117.80319912310411
3.7715968573098335
150.33030809484166
0.1924598564425058
86.24149445309489
-0.5652710585991625
14.027760778999468
-0.010438147337616891
-0.00042741629569262275
1.9913057175804356
-14.057917967066933
-4.304053639610258
-10.510524353681632
-38.56202228639075
-47.53626820298415
-21.287682572400204
-28.323820909329882
0.37902984086091995
-21.11056572383354
-5.075112392397758
-29.154100487544326
-11.431467899755493
-33.26525144758025
-12.017960836415341
-12.711498709636768
-1.1592007006404126
-65.39092723649068
-14.983284392111472
-2.7775829283951166
-22.296305782210617
-75.32143627800313
-26.364221660514843
0.07125373679249628
35.910054410060546
46.7336408137224
6.692157364559511
-0.5361220325176492
-12.520625229963457
-10.679417653380636
-52.74479250587128
-64.8004643546171
-40.73748932721561
-111.37767004968687
-79.79493881141201
-109.35430457220562
-174.5682429777767
-220.054527795553
-171.83291329834302
-232.16595393448253
-172.79329923326273
-316.6858826716953
-281.1833475455376
-490.7839401333117
-313.62304512950396
-381.2128956286706
-381.32730949982306
-422.5296282721805
-386.1536437281622
-672.2808815007661
-251.83818597754225
425.9409973780973
773.402137676817
544.2370314139753
326.8796765058975
143.03007764668246
27.334551866782967
89.25347479664609
55.12933054984711
-11.846457095319987
-4.463392841148186
-32.16245281751017
-34.96074544410008
-209.8796649817043
-240.06472665257337
-165.66751629403154
-86.75568281963768
-227.07680517171548
-391.7622728400541
52.84315331374168
1074.4205576911565
617.7556885316474
298.96847479948497
223.53128921094165
271.1973673329577
891.6300372324552
2062.680699185207
2246.8352561953043
1385.2961003838816
499.2337197965261
367.8514557283125
176.14033738855335
139.87604204480016
172.91821815307358
41.663371680903644
136.7150585947118
52.986616746365556
134.0502354399398
6.509692581717019
2.508259049125893
-72.05368485780397
-145.74334132103579
0.08217358204180264
10.888052002940919
0.6085330534679265
-0.04513666531100424
-4.198156766243688
-5.712760516973933
-25.756459579667933
-37.10015368570157
-64.34424391078568
-91.34763616394584
-86.20279044656252
-75.21882446583567
-53.51113034494051
-12.574439699782724
-89.53976916248678
-62.52965224218002
-38.499090688249055
-26.647101940838816
-84.06948625371041
-153.68659302290592
-13.804884972293562
-148.01810000345085
-185.46087996703776
-42.58836207430873
1.3452813612330075
-5.289951252781538
2.8691162066660776
-0.9288267023963238
7.002377343686182
-23.147303736442673
-146.9630437067517
-117.66041334729158
-347.7363816034856
-513.6505905401857
-433.67641897048026
-549.4435500073212
-624.898882250683
-1073.82825427587
-1178.207644347829
-2208.5130124132747
-2638.1373402269496
-3366.2363519735227
-4058.4748130902044
-2941.8753143688364
-1035.3878752191163
-85.64677376530287
1995.1487724848744
1299.659972768306
58.08536250431002
155.97224841599996
29.22485597171833
1.414021763015978
-42.62058927798781
-298.97687958769404
-716.8209280294539
-539.0070904056382
-313.67144274600685
-607.4754585702894
-869.7523041843397
-140.0940139810668
-789.9288774372199
193.8597025855812
899.0608848759534
14.792335805519722
-812.8465052542417
22.861124725157033
83.17202126446814
1224.0178842943274
15.546676374459327
15.233849811283134
9.891510758045813
-5.209988998906192
-1085.4710713065288
20.694988852075905
2287.9263062374457
149.9733577629908
-470.14813366604744
-354.1243824314922
44.36081442638582
-16.479817326157672
-290.8622958623682
-48.38295975483615
-239.41901418448083
263.7300963874707
1170.0719498145334
235.39122710254338
54.23538383412584
45.347137490884684
715.9768335045443
3651.121442532774
1873.600736837539
822.2193597501434
450.1960935862983
161.0992673275341
218.611772430558
372.91992010424104
110.87941191017237
-16.08137639639292
-703.865475803165
15.763840634476482
32.58220018719884
-5.349055673598913
-12.215409570721546
-348.5598433554161
-634.2647206782044
-193.44895871817326
-433.3877123350737
-302.8955833076236
-372.37235648386167
-1640.8959828530783
369.3830471069074
-2.111069936329913
0.899283057764207
-37.823271850861644
-558.237314160321
-719.2191027378268
63.92956730165176
44.33482841237586
180.30783605984263
508.01385079796046
141.03420044043634
1504.4412435072127
717.6062147433121
76.20822604139558
-279.425580348698
-321.6824537586129
-721.4885285537583
-255.84210773845837
-108.14474738369898
196.25249356311463
-2.021878540846188
-169.64075778874184
-832.2692047545397
-3304.7527737027476
-1282.8520516534932
611.8879635297587
1123.963231017368
38.47212546121741
351.34339531776254
-0.6352434109668199
-433.6992582438506
274.8464842108432
161.028926859737
22.548339196250076
3.312908107651627
-310.7059566461287
-146.30435418493033
-8.41170278789521
862.8355541982947
3339.534258319808
270.06012640462495
2.4934461380173474
-385.7991380373527
-1083.8762645337563
-113.62440655224609
-0.4074473008074122
0.0021745810321103652
-48.824610688968214
-36.80902007478372
-270.4044525149772
-374.08812390574803
-17.757772111645583
-15.305943960849742
-21.37570247241324
502.53676079673244
670.0163945889532
-4.484804043098834
-1.7025383040628306
-923.9497076499661
882.0233588901317
1459.9091276298077
319.86682981793274
228.14930308654942
5.481956840218445
-278.3559275853719
-742.832971158811
-657.8108542323207
215.70473290971984
2067.839248913673
293.1704950279627
-2.6625917411248983
-359.1200980371713
-1530.6642170212422
-4814.062377449541
-3061.473470310625
1329.3906721517724
2437.978516237215
1333.344670340422
2498.9988383288664
1862.3050262631843
754.4591650541338
649.9939722929493
89.06682611598724
-37.14650502462376
-2.8037843371196507
-152.01148074266612
-462.1316749578831
-1598.276497922876
-2103.2237868987686
-1032.4032896955928
2098.0350101624067
3986.1844561248363
2540.8156415904778
1162.428761287038
416.5600507901776
119.28543351785095
35.959052964144234
8.806505938123232
-56.673129478528374
-151.38665696660652
-317.61131985775796
-887.2150364594333
-1920.2934421468544
-789.7903591274388
-281.7810782028886
-302.2702779306239
-59.32812522037025
-1840.2529280282406
-1031.4780268540235
-0.3143240926110157
30.24087916230324
-116.45342505954068
54.68774331252868
766.0973745438118
220.9600194173572
2.5861125109542713
-13.239660166309262
-121.225388251655
-212.07009403422913
-312.3550579876402
391.97480642377906
-20.30297293754165
-149.80852093694241
0.3622130312443727
-617.6937519938186
-649.5797520722227
-20.5805877826447
487.93990992610946
1606.7837576680367
417.39350353710506
-22.10941891365401
-1138.3993808279292
-0.2630457444968389
-51.124740995318746
-0.017611433422949442
458.634685451605
-27.193450317193097
-1170.0834611264486
-2045.9720388301375
-35.62755191292213
-55.003839626893
155.13093662430614
729.3386134870384
2958.1945756166424
1131.688059512637
601.4010746465963
100.12650265259151
-37.135285671315636
-127.32541826755153
-60.77286944128861
-254.90818484515916
-2.8371867764462644e-06
2941.1587276389
3822.7129765892414
2126.4475999743145
1843.362803231235
1636.3780075414752
1049.7238476499763
697.8705289309435
491.6790752799752
390.3253531319997
146.43334091771032
2.61289553904396
-96.33371367301754
-133.93701631608675
-294.3386936562949
-156.1698958747911
-179.92028341614565
-50.7546322030395
-32.41372656451202
-150.3262003292033
-392.9568120068742
27.53461668361064
-14.549162485298403
-179.2107869679529
-689.9412490011721
-1850.6027930469131
-1900.0265161436132
26.73338082836746
65.0789014426342
43.821908545915136
-1.3450890020949546
-68.3717338882353
-102.41541480153316
-573.8100867122002
-737.4819304673172
-221.80176751819033
1152.0596119050433
941.972875329321
655.3601949123141
214.59460783463763
8.345533267182592
-171.35350191895884
-277.85842623119396
-558.3487891524335
-1623.0668616668058
-3339.5376637166382
-202.0654754697274
1497.3244656859163
1262.2183754811358
1295.7652872221713
2771.024400075653
2487.5937154851526
1638.1575377548288
1391.5859008670657
1066.169789563019
975.0350754081907
619.8081806234861
207.26187590887056
-3.581848191663336
-156.86402840326082
-8.564674759592304
28.699823108324985
305.34669991604187
333.92652735181287
227.36195354468106
261.4349576368016
57.87973910729035
39.502531743011915
86.0025390198832
119.1291227360977
22.590520537816797
-21.2073136022034
-25.007879501467443
-64.07221587159118
-206.69474264858565
-315.29365437971273
-598.2010365331771
-735.7159173358383
-545.6008529596348
-813.5672922230459
-949.207545316006
-2420.788136480318
-3997.356513174369
-2538.0397051592527
-2395.76162647399
-4328.353007805435
-1866.865830407506
-1760.7265597100545
-231.84743628185953
917.1980409823661
209.32436775032855
2201.0978560190215
1003.4201684058132
71.30145917741118
66.96319138685317
253.7137717268861
99.74181478512423
330.0456890903711
35.15413329719297
-90.25211464223855
-661.6573809153153
648.0470075000454
240.89302113037337
4.529669710872636
-94.26120618006891
-1647.2378917841195
-745.5790487633838
193.3012314648779
1709.7651131899527
759.7834906113642
238.96692147467647
590.4619857735804
261.5239935515747
37.51583074318877
166.66399371589375
211.96574056926872
1311.1554743049269
681.9291499154401
183.89672263581699
22.55268990482735
-28.006225980150127
-185.43784751773185
-312.0258586917799
-752.5450262268118
-63.35593102870932
355.98177375791323
326.7123113702937
541.9492819468395
218.80223102203726
24.729996872149712
-7.286443137220598
-32.73539465593268
-180.18724426761122
-423.48879440368574
-1691.793869847811
-2940.134362595778
-3654.0253253466885
-2578.0430293465597
-1168.2041364585905
262.59879474205644
230.86507578760015
123.26701907087917
1496.3343148176757
970.5919144378438
921.2083105418926
134.7488925089679
60.65713163626437
3.7255755990615445
-0.03752171983004253
0.527725794918809
0.7871328417679371
-0.016927400568024092
-10.490181868830234
-186.92047162669076
-1227.1098015026869
-2367.1134475823856
-4317.270645641471
-479.69639062103863
6.020019755088578
279.9799549458665
256.0819494819659
40.469447909088856
-585.276888565768
1.381909376436648
1364.1510037856515
428.08095003258796
495.7687641399004
262.7546255035968
8.61003190963952
-117.21990302324002
-39.60568339482955
301.27097528168065
83.75794583553932
2.8626552596990864
-0.07960516192468783
-115.82275432171163
-900.6706171012949
-171.06272168901444
-2.0885444270641678
2346.0614936333727
2444.8526513264146
2119.9120247358455
1208.5485361695337
687.0318005793595
833.0454829622662
429.4951352569036
417.2126084168102
184.95929299667546
232.21998508033
858.229223849088
795.3770579649523
575.9520819098312
292.6204289822616
176.59037145008878
121.68455872492662
67.65640902437067
4.921882845221897
3.5417527005482756
-14.624428027159006
-2.037902001600665
-0.9601147690735989
-70.69335958256669
-115.21401483728813
-127.29417166216328
-146.49852269240108
-477.42757184615425
-591.9429224046796
-1436.2118232388996
-2255.1550645355883
-2086.2083054035375
-1605.27492610259
-1.9417801485903092
1404.651482439451
409.7567250352488
13.907264173520655
-77.32499848031156
-618.9772100728412
-2338.2961122406323
-692.1562018100858
-4143.24357217617
-830.8592656881837
57.932328708349694
684.7844796619486
1170.177389560654
1084.4651264753963
2176.6171064288988
3747.653174914692
3578.4401108613774
1746.5491973099258
1743.2283983527482
1260.1810601012812
655.8969560310962
392.37072875808025
167.35418296332264
15.093312123190344
60.174539539998136
75.24502885288382
38.67704887144769
-8.072843669668863
15.090123977432386
54.22218065960709
0.1800884164959622
-16.5282286718812
-175.33860113992841
-682.0173247716518
-552.0825326375623
-1293.8813340734314
-932.032110341116
-46.20885124107586
31.597307789426278
146.18919095451713
116.73726108320334
1.8388319045578727
26.932319827539096
15.957196740450264
1.8988834484139474
0.8182079193454056
-29.09814020785137
-12.637178350193212
-68.47528582319873
-21.048688322241716
24.06649993795379
38.89301204263694
33.50025092348827
12.19068858761623
5.231793190632942
-0.9620282189407435
-0.2896142076245142
-0.88939482210737
-30.41788835958979
-6.533307416284053
-89.38608271599139
-84.93805157110583
-135.51722163764362
-245.31792892789588
-272.75781531460643
-818.3850746263938
-783.8844728439249
-1680.4786965712535
-2.557772401238819
-24.054887110354006
-2.320392535317122
1631.450720951638
1301.3211454908285
672.979736407944
350.43711086600933
5.907473597837011
-52.801936362377305
-43.465772385241976
6.209288676029737
30.277666515579547
0.22380850594929844
3.1660681055073883
-2.9887296072171785
-108.88957101149154
-172.181221105549
-220.1557273797187
-139.95063390381543
-125.6844366961476
-466.1817959743369
-404.20633096314464
-655.5334612371591
-544.576588404477
-904.6221893812841
-1031.5382065465078
-1839.5320796435353
-2717.147689228188
421.6267956867792
2625.344277729039
870.7323455133916
124.57284250085718
-20.596394872882247
-430.4529225064643
-1222.608376900006
314.0056271093002
587.6689864525779
7.832861343714038
-134.63223288772787
-1102.0179926756432
-2323.656428619517
-3729.9357050109884
-79.30317185530754
24.681004031526836
167.53181496165485
621.4902603016429
1134.5096268714553
581.7826943586431
607.5423077660024
730.3168154452376
987.3481343815873
906.7916675156886
542.6105342157488
533.6868568872317
464.48737343601107
952.8679236572654
846.1113552888294
521.504565875692
325.0946882138196
209.32772432588203
261.65594555685874
156.96343872048055
164.96195679841145
89.8287201526657
33.645286082600975
70.59455242479574
1.853665033882535
31.265749238779378
-11.570671036884953
-1.2184032895329182
-52.61830694485571
5.501280941096839
-57.232652108570406
-57.13695866780191
-63.73829024722266
-157.54752900155992
-128.21003893434448
-113.91398341161229
-190.61854115300378
-146.1667805303495
-65.97181025978078
-190.28963886373865
-64.23474807362659
-137.46166907734693
-35.01909731585532
-94.31358430784964
-2.8103396895301853
60.87952515360469
431.1836732756436
419.26238081094994
98.06595726011341
286.31044159050356
224.435721569029
185.2466518462291
2.165352760507682
39.47695741496553
-82.29899207662667
-418.29559809546646
-710.7895160284806
-753.5515401647051
-991.9440430704612
-1117.9427924788288
-1163.2883043277234
-1271.4047743894846
-1834.4816914948717
-2120.8529409711277
-2038.403135485801
-2992.1975560573856
-3142.2262455792666
-2310.6263582641204
-1327.7540176143534
-65.00793997599004
-324.5853024591418
-1186.3683359020106
-485.05306045721056
-0.5478116643536625
23.788022282497234
77.37480781440351
257.13718202535495
295.342782959144
629.6903296298364
2422.7318502597273
403.23371065010843
369.36265779043464
-24.004200834404784
-943.024049147411
-2150.933910331375
-221.61516074145837
436.7944869152582
18.388704809345754
149.11907798383248
98.56687528959405
-60.46520121219506
18.63206549304158
-0.004730726388877988
571.2203411070846
338.1220726946834
139.69058609576743
130.113504265122
62.271239303344274
-245.60112959537935
-0.9124778412558113
6036.662878667441
7258.119566382863
4090.390707576335
4084.7073985657426
1802.9021514640717
2343.7399758041684
3538.735606514775
6475.106432800574
7468.10869259522
3394.6728701192546
5747.982841200417
8993.096738859986
7933.653332802687
10406.900293880886
21237.10743028342
52932.991426130524
-269391.64
989.338216956002
-258.5353008246608
438.5826716982003
237.17632015132105
-0.7506711545166035
-339.1027386359091
-216.5909093624324
-154.58677142600817
-432.2664284192033
63.15667908992476
51.62111356804639
117.37929936879104
389.5828073664812
170.30204370894154
1.0308905595551396
-223.70669465990244
-937.0605301018529
-1799.3038288454359
-2508.2969788408263
-76.42044926446334
177.14006248359806
-76.75647856958983
-286.6477490415969
-1221.0534375882412
-11.079363876392037
1382.5937883059482
866.4760107224586
-6.201568023596355
600.4160474254683
2.319148708685345
-425.8449344384136
-98.02129565430127
1.0910274577843806
168.77962403828505
535.3307878483344
156.23396286153923
303.7772856976974
140.94401961560436
4.928541471455884
-172.5799146525077
244.72256012525972
768.2192810496671
77.05794035670071
456.36666069338276
332.7602594799708
141.03573130660442
84.7402322294516
72.28234358049286
35.74235596673886
11.215008247604063
219.5263484673738
1138.4514209156969
357.895356099071
228.09075156995254
54.143233346365626
-15.559715023793418
-55.87741866740921
-268.40493564365886
-566.0726595510905
-1156.0678073590122
-1060.3305549670335
-658.8240135385281
-1040.9248984061992
-1580.2637248664507
-2002.4478570875922
204.28740856067225
-1.5989784903016755
215.6114318060272
123.01318990224767
28.055011527316747
-2.474415028183718
518.7469226638148
247.15399289473223
-4.361976185540944
-300.45997459179296
-1159.4572007523482
-62.94528140967636
12.480613073999912
-0.15650992332791822
53.36299536565551
608.0200774072332
663.5595033351856
210.72071850934023
40.86395046065354
2.8999432888967838
-13.448463692854911
-35.30373513241523
-199.91912486522057
-542.689281589177
-958.4324165771145
-30.57719124773122
-5.16120379949023
366.746075438598
-303.94332404449904
-1287.337852456271
-4.181095121265711
-379.91269352571527
1251.9118712285353
1357.9596384511551
392.80737290151006
31.78451918854903
-49.510636135977364
-13.136855917800426
105.10504030038854
25.6986057027583
-549.9090582916219
-16.487941881169675
39.09585788976011
389.1849427929368
18.872074089601476
-836.7616635539389
-3282.8213022595746
-176.58081300918383
-1860.051303629034
-1645.571939640761
-67.82307176117988
-278.4760488293059
28.659640507729492
1041.5078581558435
1454.094774206468
258.9934401040695
-25.551400914773723
-763.2187467540125
-269.39859658858603
66.73157094437117
121.61391813070628
1054.1986823209088
1057.0182394964784
531.861370810492
-6.9556617819961275
-510.8780420150445
-397.0789201630078
198.38461113617535
4631.862867052754
5437.743108453168
2652.3442555718907
3170.3248434788866
2016.2425416144547
430.09836020678154
12296.098968819193
11076.76117935635
9830.060545595592
11056.465948322573
11676.360113537343
7688.067810186632
10296.661527353828
8612.42758225334
11893.843495136114
18734.73748759029
12983.70450082835
39256.62868396571
-319894.62999999995
-264.3634355830344
-67.20909200151628
43.859102934186346
-572.3333158980888
-1037.6338890006728
-453.6215749213879
-476.33561634680666
-12.878856707991611
51.66934512901473
1474.8106395701716
161.3615750273761
-204.88168191589216
499.6050493994245
1384.0982841724758
2375.2200074838474
2477.4155993153645
1140.3897563693176
1093.7586812229738
183.67443641981825
-0.006775778373698799
-38.82572006498984
14.205774627520494
-1.120091532109826
358.7137365057421
0
-12682.759999999998
-12278.050000000003
0
2798.840581721496
991.9487780064649
518.6095540117278
119.28517031333935
-4.7000530569473655
-36.42285491235907
81.94483392506683
29.89844849710662
-232.32090749575963
-398.9823665495336
-1452.7297303531702
-2723.8704869804387
-4357.340749048275
-2094.6651949642164
-3054.0807171938613
-4108.330137086543
-103.05531326540908
207.35832188935188
67.46627624907617
-26.551871243551048
-682.1757720867795
-304.8626059215308
53.77781343170538
-161.37997165203745
569.1656026505223
1473.403855086742
2.400645584734117
-452.7099344999036
-163.01515622498266
-213.4885799751554
118.99418775910421
30.374728193941237
44.860649481785636
178.33852772102438
623.7101986047173
140.38221493625588
1273.6881036027748
-0.06062867869088087
-156.40082725988415
-2066.9520161997943
65.81600984618987
1450.7880747039749
2393.5731684069806
2905.3338139687653
2015.197591535954
1628.3974030739107
1152.8821500580298
841.6700121617897
471.79345464436597
119.29091090954077
8.783637126749879
-26.393831949856125
-6.281613751048391
-211.50461640258743
-257.273629199301
-1037.7064222719303
-1276.3686083429698
-616.0686410828287
-113.73632589747294
-5.293623400994536
-77.05476760638643
-306.1792643164551
-108.7143239316789
197.3231454352756
981.2787693939786
27.477945422335456
-0.0040780464250290095
561.3687856411277
-1.6250286553001112
-447.2619036154593
138.82024051938782
1502.205832361874
62.76763061529516
-4.005370753590348
-236.12140743883037
-767.6852803216365
-1220.486343185264
-1.6908703834008645
662.9494074537151
17.12800181486411
7.796098842685887
35.474630637618674
-8.69876830058804
-238.50826489940582
-659.4234562475431
-1292.9317046108163
-1480.7710622901777
-98.1062649869752
-48.762971398095324
-597.3919309599371
-328.8951913511753
-25.570025837817205
218.7774694974151
-28.854320733172862
-40.94694698191867
-69.31217121550677
-76.78076077316501
-40.18278464576918
9.786039088253537
100.17338612754057
985.6050830889538
1.3238569706826273
-848.7493239091093
30.602156071446014
844.3599220207791
2702.339013591078
373.3720898654507
17.833283897113873
-0.1696826674461887
2.2511272706609713
26.952781597869247
-304.31704901994624
-3305.7838173504397
-326.69098725607654
26.495869528650775
6.2844133762433465
843.3632096208461
149.40531453177496
140.95246564432242
3607.033032590971
5116.086306490756
4922.761134911317
2453.783654426625
2313.5384881010445
3191.4141884587693
2174.072195475841
1597.725111019193
1178.6264118333925
1321.8794800250957
890.4380187248875
694.3274111104979
470.7085145665182
557.7065683894996
98.05213405281562
42.108885596703345
20.641390400496874
18.940393358665712
10.78219422552981
0.7826301067918804
3.600571131886457
16.545756428411927
-0.007084271362452545
-8.431257488523737
-162.9390388134564
-87.49505488743557
-438.105564686261
-245.00556426560897
-723.2278553513671
-443.95541319845995
-977.2676691118482
-1194.1896181087254
-1593.1693140577083
-2346.6370234298874
-2311.7476771768675
-3333.5914430692037
-1461.0199003844878
-2014.1542167974965
-14.113848559032249
2679.224463537786
3584.686726161685
1993.4916098784188
1682.9421976021313
2765.04775270724
1736.9203974095044
1396.6439704158308
869.2743150681545
538.8512462999646
590.2128381263204
645.3773079130448
319.2509550591431
286.5600463433041
335.72568193041155
121.2456518567824
15.606134409947396
254.35234310620922
-0.09827293112599057
-50.08662537514929
-215.4188791146008
-803.5116948259285
-887.5336228980913
-745.4607296149974
-0.07686876862512575
-1.900679284584963
-4.922123913752646
92.8822365181973
-372.8404605520913
-163.35872535264716
-574.8160382719636
-209.23173812205127
-1010.56827083929
-934.5974118622972
-1420.0600694062837
-1907.2612135564304
-148.92519187111537
-498.7740493191121
-491.3862880673933
-624.6237790895959
-1184.9743784704829
-1596.4152521418366
-2069.348663831727
-2139.3972721811124
-1859.6978962997782
-752.3197628128393
-1814.7183751065934
-2719.813854150126
-2479.5440876901357
820.8791919184761
6732.660224395184
2999.8983972113847
1195.8832445657108
216.28848780148746
-10.386386062608025
-371.5546433156752
-569.1938869303834
-1566.6989746393938
-3989.272289040733
-16.817991510632933
221.77129020126722
2.09262950130053
-567.4902931952813
-145.11873399839294
1651.8758026255098
92.1958266280067
-698.9284736671126
-781.134760826249
-79.87550344366599
-274.79673271169077
11.20732465082155
962.7645427501773
223.4961297781574
127.9134885953145
741.8601165079345
702.3230807295927
915.5360423306236
-90.04733472255468
-1776.4019798921745
809.8898737121878
3212.0954161399227
1346.2906217587486
852.3566068569494
413.86979783443496
44.43438950472102
20.735253918773566
-11.57756734306562
-160.8930730151372
1.0187101200896813
102.68745617071866
8.19890688945352
-28.755397038136493
-380.60998797724045
-345.50905349069524
-358.60813463554575
-391.6559635922348
-672.9687133015848
-786.0040853322045
-196.0734753001217
2390.2064309276875
900.3451315170506
-431.11759591064117
-163.60988947366064
179.08577645150257
-50.4965335097872
-1434.0165379002315
-1147.3041531196
-4.826609184482925
526.22540857591
-410.6235208231046
-953.7314046913527
358.59854451426395
1082.9495608229493
24.358030445471904
-162.96512476119082
739.3184716798409
266.8480692592134
142.8527819620543
2.8747840561863836
680.2555332518045
1177.3161712154094
57.61092222974161
-216.11282449833143
-1504.913175582759
-931.9629147950516
-2100.6047543653963
1625.958965678839
1938.0785280889083
2994.196535918365
3307.134614094602
1891.567283312
13746.241986434652
20459.086314433895
40794.13409338928
38226.74708038801
88944.79716605235
104232.87548595987
122740.71574739163
137704.32791592463
162697.83207014014
162858.02578852358
180389.5903713971
186558.10494763346
170007.18724775725
209037.93063218863
199649.86742728166
210713.2277480665
227612.87134214948
228485.41837929984
270473.45802105975
301057.7453296734
312792.600752959
325392.40708911786
343550.70455172024
386850.5046927955
429353.1489276345
429539.1542682106
477276.74320471013
577447.795114197
700100.6541366125
742705.023231508
1032211.1398051719
1352103.6054474022
1725979.1509172055
-602334.58
1770615.0094748384
1941043.2398455641
2056535.949867772
2201725.4987768694
2458402.920207388
3146824.0355978906
-3213201.3200000003
-2281615.25
-2023159.1300000001
-1774711.3599999999
-1768791.01
-1485479.1900000002
-1171958.0500000003
-1290384.5
-1179298.67
-979037.5600000002
-690698.44
-425919.92000000004
-271047.06999999995
-283871.01000000007
-435883.17000000004
-493363.73000000004
-439010.74
-428347.01999999996
-497624.53
-447314.66000000003
-469485.98000000004
-459523.55999999994
-407784.79999999993
-348538.67
-308897.62
-350165.02999999997
-288218.95999999996
-220865.08999999997
-262361.58
-230128.75
-197170.41000000003
-162290.60000000003
-137631.78999999998
-127618.18
-106716.62
-90589.14
-88148.01000000001
-62916.3
-38713.86
-19474.94
0
0
0
0
0
0
0
0
0
0
0
0
0
0
0
0
0
0
0
0
0
0
0
0
0
0
0
0
0
0
0
0
0
0
0
0
0
0
0
0
0
0
0
0
0
0
0
0
0
0
0
0
0
0
0
0
0
0
0
0
0
0
0
0
0
0
0
0
0
0
0
0
0
0
0
0
0
0
0
0
0
0
0
0
0
0
0
0
0
0
0
0
0
0
0
0
0
0
0
0
0
0
0
0
0
0
0
0
0
0
0
0
0
0
0
0
0
0
0
0
0
0
0
0
0
0
0
0
0
0
0
0
0
0
0
0
0
0
0
0
0
0
0
0
0
0
0
0
0
0
0
0
