85792.66
-77501.65
13399.968682196566
5637.198232761749
1357.7169908650922
8847.555663919406
199.54201644355203
-0.11473220425720689
17.989336743407673
2389.361421249181
1813.787906589299
4038.9022698229874
682.1703919015722
-633.8897699191418
-2139.3498192552265
-119.89706393625919
-76.63133002514869
-22.294564619112435
2913.1371628663896
4221.472985987539
1640.7487008336598
2086.3317436491425
5233.832458331483
1436.0283513059273
297.6674343212798
742.8877790082948
369.2577234840305
356.13140662435603
170.434397764141
13.833621565263968
85.55107717057726
-101.60643303281003
-157.4006684138746
-55.32065242893189
1182.8398623412106
1500.2511424970414
355.3110099272315
416.58394428140025
14.804616207747008
28.997699610580558
5.058320900155944
-30.88642994353569
-0.16657920458912023
0.0031195403687231445
61.114930176692056
324.020042692669
319.9883227751083
248.16337452606817
274.1308275909557
557.7131827517472
33.886702986099266
57.70092612536578
602.0756672992686
4.918018801295096
-549.1036621123134
-571.2477318142284
-869.9015573839895
-1653.406696735025
-1096.4194596245384
-1264.7429376191524
-1609.3152043113907
-3429.5666142436344
-3584.580767126976
-957.4647969772734
-1385.9694725327927
-876.1417961031981
-568.0946010251691
-376.37111905682934
89.60892540861346
1317.093748504261
6198.369372959231
3230.38495356544
4154.653795132962
1992.581333045086
1333.5464205320761
1463.4239524394336
1073.1369202718308
669.8576551250835
63.20386863203966
194.1378118019772
175.80807527014744
124.21139230121737
-5.526260963674452
11.208836445835068
-150.68969083025894
-115.11644954699875
-81.98338591580436
-89.30857388671063
-205.2661054421512
-228.88862342666192
-69.82522570295417
-427.99033619010777
-422.8478591849291
-804.3157973503497
-1390.254912698737
-2047.1432868210227
-1928.1431722081786
-257.432752839587
-1.0162117421559
82.23139819481706
-71.52880178874759
117.3425627578116
-3.5144862364580876
-220.3845390062342
-918.5735312412386
-3289.2931521970695
-2572.8929997370233
543.3791172897402
57.06824207385857
2.9194193199690543
-176.62980209545987
20.65114862404598
2330.63212911358
1151.030776424648
1334.6903389640684
462.38525970672856
16.204831790342773
-238.33060851011498
-1303.0329682883307
-3494.764494603812
-4041.3291778600333
0.3555428668390839
1322.7985903672834
556.748404468886
126.2592518904001
-1.5449492796138546
-277.0181602739518
-174.1849285484864
-761.1831866816561
-378.12490326833
-87.64863344824417
53.12597117675072
-144.9287878071852
-385.8399892600449
-387.78748168806817
1968.9137167300548
2647.142415942692
1890.9387391891735
769.5835711149289
105.56515487644079
-2.8779227167126304
-439.2535539488059
-119.90472778173469
1.3467339274751498
403.62089596465273
614.1856153143362
27.00519412350053
-63.48502494469551
-434.15947516226237
-1353.9441165462636
-1815.8610412037283
-687.1463175018434
-746.0602604175069
-1760.397252282176
-2576.1540950759418
-6035.346460501822
-39.16800031034967
3571.0151785810567
-8.895283283395923
-175.73245216038458
34.085334984909025
-433.5226273300167
-2674.134686514161
-328.2018093197452
10.333382617436106
687.6998010639257
10.203277548799822
-716.6706220513436
-516.845824107512
-107.29402390701979
70.17382734053997
2391.060487438477
2532.6419708872695
1441.9433811090184
387.3451206439593
25.086329515858058
-1.3101580243006303
82.44135257894345
7.416774192317493
-326.0673858024631
-145.72892231810147
-52.09608159924656
119.52639039190747
1431.2662124985993
2614.8466888658695
2005.8218441706522
1560.7504055358784
892.2776938409983
591.9210120988322
1953.505074872191
3377.786910362999
2175.116241850901
1757.3278998789065
1133.7826627316244
837.856141465023
342.4255127319805
1505.3835945592016
1007.8308622459832
579.6075027157417
338.6404123122127
84.1308520722818
115.63101870038167
8.746455188973133
71.56334939950597
37.454366929324095
16.167582720917235
40.326750234748374
-2.2360775840626492
-146.43644034914706
-195.7827025280488
-120.14392950637844
-221.62578834276906
-322.73006151210143
-682.7016726298141
-869.6175096577945
-39.380844346587956
-387.3554625594656
-431.0064157352069
-651.8588941755825
-805.9531425100347
-973.6110793323087
-948.569065122006
-945.2435551411219
-1324.1954483472828
-1949.0670873668532
-1751.6711284844562
-2491.2288016920957
-4792.221571869031
-192.61544507933164
1819.0244186976788
571.0833968669726
-5.165101681569038
-0.4483117299969348
-156.00223588432573
-725.5883209682697
-6.388529728278581
-28.702028382261023
-282.39306428302905
3272.20307035684
1669.6561313280336
959.1139600853202
5.510840005935361
1.8165827617994599
-546.308878115087
-2502.8798063784893
-321.3680776715508
1263.8119709020973
751.4126681298601
364.22260226162945
0.3127230387519381
-155.7305786685596
-4.310810057789132
-159.26745275745776
-277.72820044526475
-266.8861435715071
-527.7095697046426
-629.5121294458992
-394.78038734900406
1732.8177212932073
1630.9775220126464
101.39012377070658
29.99416440484035
29.576575280987452
618.2998026647726
3576.38889062187
3993.2988347609307
2306.7082073006836
1406.0852866580044
884.1678728226822
448.46500764090194
1093.442627204556
446.18180100748356
295.99796948783955
193.03623202829056
-0.002939507263711388
325.6523238001332
107.42630335727918
93.11665757665541
79.54830964720009
153.831404667576
-0.16487571650091631
-0.17648418090397194
-147.9296573642065
-361.3577196777983
-509.6503258495547
-112.45075946976527
-18.976724535109096
-325.21011288530866
39.174563082372444
-11.682921725696453
1.4772049922983344
-61.76499990200984
-33.58021299436857
-26.66727810543293
-19.24964438650993
-0.009438179427409361
307.80874066485717
200.9555392599426
559.8841054257067
481.591486291988
373.0247327576506
342.10161448143424
444.08366327991007
178.44936496386418
80.6670734895946
67.04198496884307
606.4016132351048
-0.11519341529198325
-381.52039665908615
-348.23224681528495
-1093.5260579686806
-2547.09556925427
-707.5680998965559
-160.58400453860983
-205.14268357296936
-71.86412985079306
-176.2932453825939
-253.1109175828381
-39.32849117713145
-23.21957909055815
-58.44925095081865
-184.99727865242858
-1423.1665452441907
-2280.237543314245
-5237.884515273941
-6582.812426706001
-3181.8397964441333
-2929.3819237138173
-2764.259248261008
-10.99960069181963
3336.853432886325
2482.575198706536
931.4926748538818
316.79881433637706
355.5010695563926
-51.08763019750811
-837.6491886832871
-877.0109875419748
3.3227016218054355
363.16415253036115
1581.671833780933
4068.978223942089
2114.4454672845377
1990.6729704535148
1962.0661509676352
852.3320876802389
582.6519193484354
259.50645540451444
304.2468659484575
49.18030942468792
25.220516093113755
3.4119478512901784
-13.092619676310463
20.08354490058865
43.11837153629484
894.3552038902617
15.659688159337769
0.005920828144332756
-403.26486864293156
-804.515677266065
-2085.7610749068167
-1898.5679547332434
-5914.178021124932
-5518.475789211498
-3164.8058451428997
-3343.928099884941
-5954.8656688491255
-5.292855131817021
-168.4813952450897
276.36161492284117
23.265180241826805
-278.119427751768
-334.9092491575369
20.817891991101273
0.5578039299493897
-292.76888082927155
-10.513551668040606
-515.5275989928059
-106.88189820923485
4555.998212592122
2115.642451248328
3842.8849987828958
2999.8892082752172
881.9316457469929
460.60111305694545
-17.626391296799483
-48.23356480947588
-2.4483203322044833
965.9639045138969
2172.51700775937
1565.564935869858
1604.5178113342722
975.1246466174795
809.164539509164
510.55187025444195
356.8171015193144
163.07444485300803
408.6996786945995
31.46709580605442
766.8709373882024
63.90676457822722
223.9354658182557
39.86013586185595
19.722318487327986
-104.16933037662204
-9.955815903318005
-4.329514643502758
-0.04445184639492584
5.859443960703872
-73.98892710349996
-7.068156365315657
9.17577572912841
3.3505984457735294
-154.1454621291818
-414.72221396295043
-396.1268742685421
-174.9689285736443
-997.1461313119761
-390.61139270207525
-474.43675876205685
-1143.733632553895
-2347.576966700288
-1670.1087404382113
-261.36001056047235
-43.63329004031578
30.38963621458803
-221.77696833075652
-264.7732813245851
-457.2827995555451
-0.8615425543455755
-603.4223477350785
-632.1033791272918
-358.245975944272
1347.9798876598118
428.7594066483534
-14.141274653323748
-1013.7975447833389
78.19666287969072
208.90432895883896
516.4167923815063
904.7596885263628
366.28565299582414
160.80655020194789
1089.8875872250446
832.923658962264
530.6451086078205
358.43369582945826
254.68007684261187
220.36730196741442
755.7091338307778
29.864466675776768
261.30844740586497
53.65327746558836
40.29193554179143
-134.83943385098945
-91.45725144687245
-29.0852031550363
-316.23187408661477
-431.7599204072336
-21.069598773551743
-1.195345176220376
-61.140757147448966
-541.5436369143187
-47.37025089504158
122.06423305538502
-149.24567487039022
-682.0833347535549
-2223.3819751850124
-4561.825576509622
-5376.242655052718
-99.62574153627273
-2.7757549527154044
38.81601787812028
75.854977418467
197.5115383486994
753.1304666584563
2981.7985637154843
7074.238763193264
4597.894806524709
1770.9529961400349
873.5446072581451
549.3735720097969
247.3041922065932
87.24003583825663
5.582007534464317
6.487501253494122
-1.176821310080736
-6.000464839738665
0.7874596070324503
-0.4435111386570181
-22.1301731379543
109.94086379795982
4.81276894562522
11.54153993031631
-3.2342758957955633
51.95468154757988
9.048925982086349
-8.112147001567974
3.6991916190591105
0.33366155748232984
-0.18115095351098282
-0.607437905114492
12.789550425815422
7.897635414961643
-13.105170760886647
0.4958591255653265
-22.63969657068596
3.844173661625142
11.597397607596838
51.46706770206106
43.81430853893505
7.6141466514536775
39.01291244965491
-55.82090250446616
-44.290792731005546
242.4518579060947
353.287190329461
40.32672833843855
0.08518104260066418
-11.124824746637051
-142.37304203564506
-330.61430894112715
-420.3663316138041
-1258.7033780889292
-726.47807468287
-916.3837613749447
-88.92818167382259
-69.61887164569123
5.405247087969803
480.01484402065836
173.92566905660365
263.17664279282303
121.66571106536003
158.96792158129392
36.80558587537217
10.323424121240778
20.350923604005942
77.70997683280719
39.37453084800784
108.07262991780237
108.56154773661535
17.542122393333155
6.517439686839633
-14.368199091896072
30.222729617024896
302.8352254597339
-0.0017812006864644301
-252.2502584552215
-94.1031344421177
-19.50797679108856
32.77068937174913
-79.05426367995722
-0.0032546548302992777
0.482974600212971
0.07165089485405866
-255.08187979765975
-26.31782815300594
-187.25009929828065
-719.7325840848963
-363.84488502931845
-888.6706246470374
-872.3975852088212
-996.7004358350813
-1066.403095580643
-1715.8076108203613
-1583.4751751334436
-2872.4438355980883
-2676.0716378456045
-1892.7717302034885
-1507.7477734974157
-1439.5135374016386
-613.0455081261639
-263.99690050122376
-1023.0287677893971
-700.9055960869539
-599.4169531279928
-1391.080588035673
-1328.2338373142525
971.7186975546714
786.4967095196955
3720.6925651752217
1961.877783498416
816.9974123763164
-87.05285176098631
76.25825064572793
-1.9854326678456329
-14.218086746484172
-290.1032428229853
-1176.125182397577
-3985.0867459500905
-220.81108886311097
2710.6053133846717
2071.052640730244
108.58698454658992
152.98121935988527
968.6989298620472
48.067754797339134
-566.1064723041726
-611.588683925995
-688.4811615310447
-1065.176148047859
-898.8102264748818
-171.60744888258034
-476.0996132183874
-3792.741278359923
-225.46890094177581
1337.9033358818801
3705.303978850553
1660.1435054086646
1491.3128479115444
678.9679079680242
517.6993549424399
59.389482887397506
979.4521757303567
961.9629268326864
1127.2966714584177
231.18590049458476
-0.7187315621777404
1.7303363709489987
1.1746116940232207
-153.60633294672232
-168.3060375600291
-645.9941973637085
-1478.808997961278
-358.97187040538716
-1109.9783737192752
-2075.592422444879
-1246.7533594389258
-180.90592382212162
-1058.8149886255342
66.52836416831651
423.2368606303522
362.22874090073725
644.67172088043
0.42136457580741726
216.82445182302823
-703.0466033211173
-561.933462488731
4219.991125187336
492.3993026928613
66.03396872046348
-206.83247104990173
-755.8298770660859
-78.32900909280781
226.93887165962687
1464.9600688806925
4227.158764244256
7102.662278162513
4402.18624198072
1754.6711306111395
609.1048361794531
796.7141207994504
769.5109794778123
252.66544883914725
322.2690768862437
284.45903929211306
52.88823823486112
359.6385091479185
61.83914410095614
1.140712704990842
1.11818247263056
19.233953011079112
-2.4476913702499794
47.00182227707913
110.76268637095983
34.40128139349455
16.926053490712604
-6.801133561131838
-0.1403835191367766
-21.192396501478143
-67.1000750369708
-0.9384701244852213
-2.7731336653175056
-10.850489316979335
0.3262683652682841
-56.63010371613183
-8.982532795288195
-19.997192089748715
-0.7850093189425819
48.24704242847966
139.204052990962
21.674780609182832
157.4739053750854
-77.42232262875285
-110.59926589600522
-461.9348909009541
-739.2208033585557
-356.83742100654626
-4.962022114328033
-0.029236228207308507
2082.506976596917
1153.0266749879174
527.2058358760033
96.46960048511747
110.9221061400863
164.97165433391302
133.17682372703945
175.88205107967582
409.2523995393646
101.4360548898928
-0.05092450221951741
-8.797998831860244
0.030707644863778902
80.67610258043598
552.3208921157079
371.1605409500461
194.91932968189562
-25.946658138396696
-360.8622669079201
-261.47134441392825
-9.561923215258851
-243.1041321289493
2.8733329712404307
-307.61405684565466
-0.41089354646543225
-109.0495471526818
-11.170690819982632
-13.01073888508759
-63.86283642659282
-249.4566335936729
-9.860805646171082
-87.06253314561658
-59.44295955451475
-138.5683406901155
-81.94942900184535
-2.189745798548251
-3.635800815967527
-9.77096533787654
-72.59276106410579
-335.5294268820702
-825.8206176152352
-1242.520903761198
-4025.6453515679223
-2396.7460771803876
-1478.8970911487063
-1607.2718149972377
-1707.2684481710894
-2313.017041130144
-4051.52493130348
-3340.7484586623987
-1287.020846791646
442.05759941881615
3040.411346217002
773.2219543691399
-63.30117012360166
347.35970695307384
-0.6896008622812404
-118.9408068844294
-321.92451891625075
-815.7078362775198
-1689.3340320162774
-3614.074206787502
-4068.6434720714715
869.8016445355777
7334.164210884098
2590.2895610300257
1720.2240395859785
1106.2140805943136
686.4796514900322
2336.7417150116657
6955.108641744001
3204.0503386774944
2156.233189446023
1252.6585494292995
2848.4766442025807
2510.5452092192627
3856.8869435223123
13388.924928312703
19666.090836703537
32191.375675525887
31091.263387559244
21531.69088418232
17040.078114814452
64231.57991091911
213099.93609580916
-523628.1
-54006.79000000001
-772.86
-217.94
-210.29
0
-1804.15
0
-1515.9299999999998
-176.5
0
0
0
-2058.23
-183.47999999999996
0
-426.64
0
-94732.08
8519.718354131372
1084.6064197563803
1279.3438497609307
-525.9377405298975
-263.73165046756753
1611.7326550181772
4139.414001635305
1636.3774340212371
472.187859874937
84.29337608803671
5.086164000296961
-13.777379014111558
-263.5217438487089
-400.90679123263067
-209.44011722488182
80.5403187931371
86.78734652114221
214.7178172644651
20.091464450933124
96.37673407746888
1149.7874993379148
-164.47535168829725
-464.91851163984796
981.2590494151971
-73.38010720819408
13.116701315560526
544.9592248735512
-19.110503191633445
359.14071538165945
180.46530610751552
-326.4245851486604
192.88913006008852
623.1548092096231
372.95852556785263
718.3785599471273
67.02477838509915
-59.83149956701284
-1527.3063720336454
-880.7533083675899
-2.1374522018983284
119.61167847277656
-52.919227144221765
-446.5376983366695
-687.3094848987824
275.43773434717264
1860.476153945725
873.5171392824755
1241.9722160678646
338.70707533045424
25.81559382763236
-242.76951228464128
80.45342118283392
258.00260465258856
2925.647449780893
344.1522129160952
-29.16933224560973
-237.42005371172036
-191.54900870230637
-45.741896384817025
-733.1977684078481
-2665.9811576645798
-2632.9054371332604
-957.4944504910064
30.269928568564666
149.02783839111999
-43.60070324105364
-276.72667377366656
-172.72309564440638
-19.411167868880383
284.02976511320605
-67.06677976585337
-545.2809118405407
-142.76083069126742
-228.61988944648263
-294.66845011670864
56.59523090854211
171.48130466845288
248.1539129423947
229.80693795961653
1452.5213411000968
1375.9770108540692
372.00340138177427
100.88391291651645
-39.98458938793988
-790.8558963249862
-1813.4385270248258
21.67024116078186
1246.0915305635112
9.7925513438786
-113.14077701591464
0.045460400949277294
-188.65386884957837
56.38518582407901
2808.0575869949585
2225.3449165358215
2044.8205867529155
948.5065508442107
476.27377648300865
269.49743462224046
19.029592970017575
10.462627105240934
-44.497395614282134
-418.64572967590965
-463.8335750916388
-51.525223319722045
-37.470449205925554
-0.9063016883127852
-37.730340930328275
-62.9154179665027
-60.69154548479112
-124.36010205063255
-365.17435389634215
-2525.60593294256
-1025.123439765495
133.27271928695603
1.0636169903132342
-418.76299210914647
-763.9785341694485
-236.1284865742487
1870.4751434505333
4031.288795485393
3556.456306389089
1956.1188719237473
386.6954347533782
607.279925214526
106.09385815184957
5.75001441116866
-55.85157964668196
-87.25610017985142
-205.5507331607776
-708.5206180429093
-1551.289185392722
-179.70865073542075
-200.59910537792186
-419.9806509285718
-516.1505404830867
-80.00411594063851
-936.9737047225335
1187.7675845277086
2972.319959509403
2215.257520861237
2465.549087524851
1314.8109343106287
655.0442892963898
288.79430142138017
511.14851156713337
274.4750665002049
490.4068909515928
1219.448762118674
763.7736924498203
971.3256253258972
708.0980662216103
367.77053677980985
126.35737917235578
144.54185141633556
66.03798224075513
194.55535225298246
-5.098794442546465
-340.7050987928482
0.8798198055228271
-9.577266350685402
22.193301126841053
98.57589538540063
96.06523850933738
35.871232656999986
72.9498769540388
22.58373984613426
-1.6368862653101952
-1.6707605356041761
-3.0726264575037128
-1.5461864528544527
-5.613804603127154
-75.25995950335017
-1.4534730776980886
-36.62833600749356
-4.680756034628471
-24.525904183259925
-64.63750162138359
-27.177174456537394
-229.53855082051754
-127.04023571062942
50.42231558227389
-13.433461775585894
-161.81597879639804
-398.16984732384327
-459.83410172873084
-712.5010907609567
-683.4571631220945
-704.0647147878603
-1106.3800476499957
-1609.2455521507707
-1574.6680756835176
-1930.844803474085
-233.96592649264022
-0.0025966971916077854
224.03013902958813
0.5232327520948394
-98.7103218327136
-446.97906714958253
-2978.601342928889
-1079.1702910452414
-863.8828257845494
-847.6757144788189
-1471.2132107991335
-2527.5380319323067
49.00575440123066
1140.4609747723055
2380.0450538010346
1884.9686751773195
738.4688751931053
29.19150167162936
-141.06520156800414
-8.544016535961212
384.13362298043387
0.0011706655217537105
-551.6537143761891
-2224.9316257155633
-24.635081994292705
-76.67521662112824
318.9781241898285
435.7880275096686
-17.43123538565496
363.9417050498631
1363.8680136366067
4114.341089165663
1599.157188125464
295.75422157221385
64.8161187647419
201.27229395778085
53.01609014992335
84.0360079016214
599.28165031163
465.78294039469165
328.0074289756153
81.57798996685095
-0.10798623748635083
-72.47903054882883
-28.503419402480827
-436.9296298921333
-669.870346958058
-67.27579520665846
-468.2128107961136
-837.553077559473
185.09512460587314
294.40440355120813
-120.39849190403032
-989.1086757603803
-1998.3378000164143
-1820.5690602473148
-3616.118471613137
-190.736200787898
150.91175780913892
644.0632862619387
741.6036772002896
529.2499282577246
2014.7286505397387
2252.791640132593
1281.7538023515356
705.9615354336017
620.9106377354663
265.3737381310561
202.9858663400263
201.4116933983397
21.987669571283924
15.283349436427311
-76.55582336044786
-41.15790690769616
-187.66655962135343
-541.8580562158303
-809.7066547934022
-426.28309263510306
-558.2807147682189
-1137.7547650278525
-1715.2677722766948
-3394.307528233735
-2197.8033322701617
-2193.24863276876
-5180.431649394304
-7881.793050677303
-1624.4231302790652
-2.5678833720399727
-38.52165305849837
141.12234200192205
54.553702198503004
349.04053911569883
1857.1552666495434
476.8009675473917
-51.54619598142922
-588.7192670467634
-270.7503713843693
-147.08575833790377
-47.03920356174433
1510.321834560553
1017.2881524353159
1749.9430687354122
398.11235168137034
118.994038562376
33.93815305059492
2932.0695909502138
901.7421287093525
12.972850928770267
-84.25666328025713
-920.3497568616926
-0.7876826486813525
314.19593537429165
-79.07104013222738
-476.21249003786124
169.29979909713967
63.968301773830305
-210.6521995858685
605.15215589085
2206.94769156241
835.6397061969037
4566.7018011350465
1685.9565156485119
212.4316318412257
507.3858744791714
-3.1806319750980534
-50.06690264979758
-419.727587486472
-73.23147069572155
114.26985413579364
-19.53733130819709
188.25370764850535
309.1725503371771
641.9393614144999
3572.2250511842567
4156.070549333133
824.8241062727824
236.71982777916006
420.76712647053915
84.83825772092064
3754.107543423251
1672.0313559779213
328.61097857468235
9.786917759723753
-17.87398911700037
1521.6530099988836
4412.281231515535
4755.121283736234
11320.769969104364
20083.113055142567
21941.579231665026
87721.75474712903
112182.0538773266
221704.91250537973
397470.3517054453
409888.96706570376
663670.035749827
-283081.9
-70221.54999999999
-2863.4700000000003
-192883.05
373086.41665305995
365673.05617773
-106361.75
-57646.479999999996
-120522.89000000001
-82664.28
-46054.28
-72287.15000000001
-409204.32
0
0
0
0
0
-442.78
-16378.24
-70758.47
-60169.3
-32858.59
0
-163916.92
-17033.47
-265992.24
179840.56764022593
-149167.27
-159358.43
-590108.84
-297469.5
389.2536897084008
1250.6382370904828
150.86138815771767
749.4911153976216
-350.396183251018
-108.28336558596823
-525.3747357293869
-218.0310250248452
-44.82626154786302
-7.565063236014019
1113.0793860832491
59.935759457415955
131.2250246341845
783.2844138198395
681.3524244474033
3236.311060892463
241.2005077807856
-613.2737630446434
-376.34050170134924
-107.44672814513754
1292.2979773826733
656.2218574755584
736.9167994536606
420.60041355418036
59.00673244115292
-83.85603484490338
-691.1144909409636
749.0392989416162
413.73730055166243
-33.21358377944191
-70.12996401171891
949.9937423370859
1899.7541965115051
17.651607499142788
47.39095075320379
-25.411848004726732
488.4644162220478
1013.5088515628772
757.100934777611
283.48407511285023
-0.2963600010514902
12.160647363403555
-73.05674842857974
40.81257971466303
253.82099701633842
836.5289675702135
1015.1551183774363
712.4113774225352
285.26552058539943
108.40515337742436
116.27592788494876
42.821307358249314
-15.709993419730656
-98.90209530712046
846.2720595826245
979.2684483364964
721.0222637824073
424.16349302280054
152.1648822561965
152.26072594359798
641.564964077702
1157.8184072052557
582.1766837735345
95.69798166077942
55.69657611769071
-11.065320054999857
178.26605527053914
65.39474850081145
0.5879452562105447
-34.769064253436404
-325.89879491928275
-683.6255770246999
-1810.2601699886395
-4135.3528099505
-3380.983251805611
-3781.7043376212123
8.979834071984486
1960.4118062048076
914.4850705129986
186.61869650196104
428.6647889723878
228.89317631732138
388.0495454936075
92.85892478296014
37.52679598047563
65.36828439542836
1.9681830843095858
4.146391347957096
0.6954197603093806
-0.18527749306842356
-101.27549249950819
-87.99403888899745
-82.15811449319068
0.11026744905785407
2163.2089812359927
1384.0566785643018
663.479119820194
434.1375056285768
124.0033016401641
407.2259076737667
258.3188479264098
27.179562960482023
358.4059690375851
462.45290008884785
35.535442811215795
265.78762240248693
28.462372371100535
-6.465508549415325
-3.352972545602317
-95.50358200188468
-271.8187875029781
4.303030181922393
-42.68044902391403
-4.759278873231951
115.6335186317793
-182.92867182186495
-731.7023898608404
-968.2666369730953
-89.39767823303127
-72.64578068364666
-43.33436315613092
21.09554362093568
48.8456120884273
7.168227934767989
1109.6378465146497
543.3305560981828
341.9156956474517
6.030980810671868
14.457142568003308
8.693356074395671
-124.85534153505344
56.709317186316675
-34.6262845500788
-57.09844750726418
-65.48631025536
-196.5240594745532
-150.36468804598542
-208.06264102440596
-801.3816470401026
-1071.5625352237835
-2471.1192568798124
-2134.7137468025835
-1317.7452294821296
-270.5885706641072
-61.80018304332893
-24.58737874467778
-18.282042794035377
472.53359692929536
327.53161386011834
68.14893908000099
321.66104290612066
198.74381089678923
250.06347657392536
53.214122386741266
93.14823795085827
17.640824017137753
2.837485358961132
-418.88343661228356
-587.9111136094539
-771.6136257170455
-51.571151775490335
-340.9306960047137
-961.820509954863
-946.6679508014524
-648.2054726565977
-631.0234266845964
-1098.3536066427243
-1312.2825222893148
25.742940515744564
343.1616182324027
-122.5009224855618
-515.1928279084823
181.11905537444585
2178.2988036509223
20.838943179661513
-85.97329316128287
892.0965931989526
1778.452706137047
2207.027199255929
1773.6834130369386
1895.8188982655452
1011.9860465054091
1499.0391303462977
1708.7124195882425
1146.5292625455693
221.12506695619234
890.2730955260728
476.2297188608719
394.87533716558386
208.71545749508226
103.04876020304192
367.23560155575404
6.460295081220658
-64.43636942715398
-36.46881383032641
-198.36265621613222
125.70776616737744
85.69507058175151
253.22465765804264
47.24209395681941
59.27404844717684
45.1881742415478
305.8136498748635
105.41335823289444
1932.176787285438
1832.3808079357307
43.425252676755676
-618.2466333682157
121.12293203295849
1274.8259000390988
2681.3447233937445
2607.3171311110755
6.649200717750938
2933.483532169764
2172.8034365690783
921.2357727224736
444.71013171115146
1496.6160704096033
238.0529647325953
611.3551605578584
853.2346978841985
633.3107715742889
118.55456671405963
4355.1038170086495
1519.2570205065817
2632.4668571800075
13199.580221928321
11405.88469437167
6611.689874067802
10886.841368599455
10484.838399716187
11181.965866409046
15827.724881153608
10315.857609155468
11893.982350232749
63063.642554255355
-570325.3999999999
309.50602699182036
76.4147234133538
252.10403479881296
318.0814888291978
-619.2965420367343
-167.80068612590867
-754.2400325438213
-333.8158058558479
-660.5006981472701
-936.1139980603252
-1216.864584909226
-123.7170168105117
611.6021901483092
-5.960991495240374
-483.24866006185573
-26.442146253617196
127.04109970792692
960.9671408635396
2333.180771692161
703.7635174476379
390.9728030009743
43.4854190490195
101.88203101156881
32.382349744915956
237.0113883090865
282.39448133602207
556.0508384183669
1081.355337454921
3309.5970300065082
724.5801966323855
186.83666974439626
1366.4214498798624
586.2345558915994
12.517615477335708
29.804347518943533
-2.031354415483296
-177.24410532443864
47.41787500302794
-69.60234234099913
-83.06528938543192
-7.53562494833853
1136.3149522002632
599.3967819268972
280.41245725362165
163.12039423535856
-14.967333474422578
-379.471509905837
-2210.433806892895
-465.9330240375406
-175.75158000986488
-67.88237101648595
-108.26213666280763
-614.8071538236411
-634.6423398577765
-1115.6351664067654
-97.41784227339032
-62.45435843355693
2.316424154211519
-14.485278453470047
-55.98969778053696
-0.2356963788913321
-80.8009586185828
-140.22172809451519
-79.64511812077976
-268.22812057137844
-335.5245687446148
-59.883165041731765
544.2173449984907
1970.1639254596298
1624.9772158613232
1112.5300680821674
510.087826244544
-9.779218393564472
-540.5871911027281
-1681.2898242105857
-1846.7612154060578
-3374.764151634402
-3706.9492178358005
-2112.4164719208775
213.543741115707
2260.9268348214478
1364.7111958996402
1235.5501182675425
591.7903131950361
897.4183669677732
1180.7406055549236
2596.41826684054
931.6160549199706
342.68447632923767
283.3274601847505
824.460318727889
88.82489539631274
64.97696456373706
196.55031118014682
159.0017204826583
-8.681642539015005
137.81313784364602
1.2490482923776276
14.016908001014514
91.17767975509409
29.58166757923369
-1.896455824688988
2.7971163454675882
-17.568483713333492
-19.813556079107713
-31.2894368369398
6.393194713456104
144.11951005521672
211.47512727281386
80.38757227813902
260.46951459619083
88.03720183972563
106.94817894566549
139.51151674290276
10.80534969337573
6.018900447912066
-60.39137610242388
-47.069823317414624
1.2231314202964993
-67.28967775863627
-47.18442117351348
4.894583370024347
-57.67872778363297
-5.075875364909546
-189.3215567782065
-223.8934123768832
-306.9118143773578
-775.6283074285782
-452.6063909717948
-430.2563851825938
-614.8188840756442
-784.7657975000042
-448.73977279831695
-873.4588867053237
-1673.2755032942607
-2472.907176054941
-3472.0404903749304
-2733.3747164042156
-797.1975958998003
-803.8445505990452
-855.1028920636302
-1670.0349518330781
-1752.5958276224906
298.31710070661205
3174.982051669204
1259.6955114379653
167.14737552096165
-203.49763656031126
-269.10114687557166
-963.881420655212
121.90752575887933
47.32098707683829
151.40142390250696
27.07296378224548
253.69225230636582
197.2397885969299
54.10105178980585
296.7129687571211
3569.0171530779926
1361.5072107473175
370.15651557121186
296.3649460387793
22.753217457832285
-2.090286099209415
-198.5004487536911
0.2431984209047754
-12.8146410995266
-99.52688222304144
-206.21693084711805
-44.999987552605106
-283.4956751729935
-170.29508392971377
42.53942514036372
290.6649947915476
8.001333295676393
-144.89518326193007
-1934.6836932325914
-3607.3727646154493
-5395.904483805121
-1813.9883673812885
0.5317373059870008
-59.67311423156508
-189.62350769632096
-6.6962434908014625
-85.70631530231923
-1112.4637498448521
-47.53926221661421
-52.2237502943691
-116.24952879212451
-807.557607677641
-1210.6736138722479
208.30800368047045
1088.3773321632013
-12.486207516846488
-682.9827289810188
-1872.0652677385096
-619.9697202744594
-610.6870813608638
-582.7368091369582
15.267609177811497
691.1522003159914
2482.783815820626
3498.098453869239
3286.1246931295864
2436.900161831468
2100.525203678629
1075.4676407020072
1033.566345645544
3402.12186243981
2477.1321805079956
856.6817166377008
274.5607185562952
96.4190051047206
35.287098597004956
4.438768339078603
-3.117820639500233
-15.068627490526906
-163.56319607893948
-196.60416376832814
-979.1828810564114
-2406.35267884378
-1892.597541080292
-1631.4941988011624
-909.1961406804214
-564.584420569051
-34.84310253099888
-35.79399861006802
-787.7537670157739
-2305.3702624164143
102.87644788735362
6549.833504042649
2309.4801365294597
80.53312683391883
-127.82407629992433
-175.04811013800713
1077.0879066724858
422.92692027578175
28.769452124202047
-1.282218378822431
-54.27259815452741
-663.7785368049281
-1082.7993652163188
-2033.648962149402
26.976138142049404
842.3558051819689
516.3619241886693
13.482329296427276
226.41211763876126
524.1438027020982
14.11053462940433
-10.978849498235352
-237.0728086444775
-599.4660456837478
-1486.7901056238113
-1812.0151441083215
-2082.333276135046
-3275.9765061485327
-4850.553759724728
-109.74241312457836
55.67947944614302
-1119.617085529807
-367.87375483228266
360.70359626832476
388.41371912109634
787.4874854351635
1164.7206629016966
6633.254701656597
7144.0685094400205
3465.3053792803516
3494.273988600285
1336.6501145764275
1570.1051608438615
1365.3812994343507
1378.1286558214854
10147.863439869117
5702.863478329931
4673.45998535926
1328.3977567691054
2001.5706726598683
1054.8386185921331
1216.4162995892975
956.861688709938
1482.0008960026016
2226.6374224563037
590.7860183351664
282.51489047028497
393.4857648847641
181.73784023807906
3104.1938896135566
581.7491356409605
90.55335876759654
0.046466784467940954
-233.08921329368897
-710.7015448575305
593.5169338821246
373.82718369725796
1860.8602507912447
2754.1273668866747
18647.199807342968
16617.81436215284
57102.641225753156
143665.87418875843
-514693.94999999995
25.08593961065105
501.35232306203534
779.0796903868708
512.5265773985868
18.546395921760727
0.17744866267171794
461.38421238831233
3922.4424360493467
1513.7115013080195
673.8150356902318
-11.61231100701716
0.00026158396989627583
-102.07784603859865
-813.1182203539022
-616.4436975459189
2779.039961548661
1207.2778460417248
69.3995099424091
662.4188699760323
255.63974300748058
272.93242559547565
661.7990817883154
692.9035432748192
558.5700488533391
95.78903554479069
204.11858014405743
263.5483656518651
1359.5389194403515
296.32337023220856
-179.78469722317746
-752.6574956981315
-58.34820171860021
53.9730464796381
-15.876761962331784
-4.011574159815641
-21.081010164541787
12.50292266052828
-244.2247529390268
-344.55762643430256
-2.9665683652771992
-32.59767814282067
41.67853952383674
961.6450568425433
472.4787633006563
615.2580096147792
2247.578804379116
1684.022008169023
834.3288883867265
640.0380556451267
418.71511947410664
0.004014896919112847
-363.30703430604774
-26.96564170036523
0.09126093569206654
-89.05514057935565
-50.81081385140754
-107.70530795063178
-118.23713734549506
-98.16885995677035
2.944279519734738
0.11876271107189942
10.004260058568283
-63.34270592151779
15.564066857621366
-25.89980976468247
8.63067480748631
41.59003929616158
14.124643055285077
15.700169799069709
3.3400997036154867
-24.718813532595057
0.50715615982298
162.50172635738278
200.51373143887926
-10.730017518769126
123.93958154449894
28.04380796718071
132.62741615625512
146.73909546222276
70.30436900417433
295.30473558506156
6.561112981807806
92.27138536413138
-127.8270636564773
-263.3882573445227
-70.73966362182784
-0.7879640641035565
-63.13076387343249
-224.47062368838607
-152.56247225912784
-130.63098013544106
-163.35121776398358
-45.480648335636886
-221.04562972870195
-244.57674624595734
-171.1285825898492
-231.95775518210488
-467.6911202602324
-110.66848143411633
-934.2755969406949
-644.290988511776
-2238.847425477537
-2610.637632151999
-3181.7727072960556
-2474.3172600549583
-473.5671731358109
1.4214301379839602
-23.847134224152192
-330.23123438718056
-602.6605979270618
-1319.5010591877092
-1447.40800412168
-1903.8110928629362
-1431.4206371094856
-1262.1018207205461
499.753727557512
1684.7417627955642
2180.1557634648575
1262.7342397153475
-0.006743199186084523
-95.85867526574796
-1055.1743784391715
-641.0062861279425
466.60908631616354
7338.668774872032
5899.702875269218
1609.0316326588854
715.354720622548
605.2774802235476
718.5937437075363
278.57531929694034
205.38163869426774
155.35835097437445
-0.8573080929867103
1.9337218415158564
4.675551868954228
-68.92041135904947
-529.178490305312
-1482.6653739789922
-2067.6000677031825
-2737.000650413892
-5180.332647880001
-2518.3929233923836
-101.90370745166305
126.8859132347495
1027.122933340287
1074.145694721835
682.8890615701551
490.81379827798617
766.148917831117
405.75220256255784
1.1680729265182184
-9.625450028723542
-221.67564445509413
-478.85029515707595
-633.3115771465825
-1265.406984264674
-1241.2925412421573
822.5610233638351
1398.8152014328052
1164.6991478682608
792.7702999476271
80.34579352098228
171.7724968707619
1348.2584019222745
732.3006564264856
265.4219886722813
120.7522775804679
-0.7865366894022636
-198.4647251523026
-384.86782141597314
-825.3274663060379
-686.5695494202173
-482.22451719577856
-272.1117890553854
479.1187507463924
271.574560769483
29.506013096841542
-112.9772841681597
672.9276984508554
119.91861621884605
-0.08637358357346231
-4.1402932160149675
-171.3934744167365
-302.40117322553016
-712.9926485305042
-641.6383487879942
-1249.6810101599165
-1629.488150959982
-735.0396815413371
-482.0526227566614
26.34901608094049
-28.126862423839448
-237.77178338970828
-64.69354340835291
-265.14744647113173
-1683.333496489145
-2668.181695541465
720.2659765876913
1105.3761590354143
-10.55812911089073
-1569.0809897240078
-150.66768887362963
238.33059476579243
6.937883274461097
-86.91983836061735
-357.19451241515117
-3039.2590897777827
4.332393227322714
591.6046044626364
2131.9147299297497
3166.420921244736
893.0076270493264
344.1490025788677
518.9378439586264
1524.8096303050063
0.2820417670769019
-103.6163535422697
-235.9465041421712
-242.15149189071496
-453.2586428954892
-1110.3467079194984
0.14009727868122973
709.0588676114611
1927.5106029766716
1247.4490898769218
853.9643087163075
282.53510854570465
74.43495696652982
37.672165050990756
-231.022228777922
-678.2894513901406
-534.4321875371927
-815.4776009244272
-2646.051736526948
220.03482025661253
337.52389247989197
96.89683992237167
1161.6993905038628
1378.9837634501105
43.75817557725059
-29.590605960279422
-528.03673028254
-1988.5196467009723
-327.89860935918273
-32.8089303714368
-1413.8353456487764
-3.055282592339756
-53.489354027139555
-127.73404532259624
-0.5952849122510906
1049.43399974951
129.6656013093019
0.5839208420880521
4.9265817908579255
-582.112849438019
-1508.2043876880352
145.7287146271867
253.58148788161313
126.25062400225892
97.31937742728807
197.00241944040624
-440.1917712203351
-3320.2175830099773
-429.9133775084432
59.356119756206695
148.58777101989205
449.50606350913887
2554.8287541517934
1434.9164082456857
247.80075017187173
14.606839778365385
-7.609118539341803
69.49839710407286
329.987884785852
1.8443012590486516
-276.4534624477254
-582.6865351355598
-10.65960264032735
186.90065067811344
45.82656932669564
76.27172046755983
7.742804246432414
344.8771585083597
235.72976886050012
38.83606247390991
-253.8739901074983
-353.07956216394
-150.74282517787776
0.04486538635054846
0.018573941801604564
739.6940894271543
184.11327289342822
155.30962378446534
45.225607159694086
86.19079136502283
210.7752083149888
173.72934647210695
237.40296946955846
42.54335554346515
3.647718553399701
7.15202749260575
-27.070511842325995
-42.10364367079907
-24.178523864310744
-97.41737102340213
-100.41848577862055
-205.11959942949775
-0.9889134373599755
-156.0957196925462
-965.1328888477182
-76.44411346490091
-83.74602063142365
-41.94565262448802
-4.150503532848593
-85.49293992758201
-306.1068429707631
-205.2784732120758
-258.24960308493894
-705.9227985778876
-1185.2445002866298
-3271.692232823915
-9.977076020941265
8.828172717610752
666.9524255012807
867.4493640380456
1483.1819881682134
7233.550263505362
1664.8581409558758
1.275110102301074
861.9245974893563
764.0592998198396
136.44448056012226
69.23251732452229
0.07344385386328567
-12.636906512543618
0.5622380189528776
-169.64361712861967
-717.540395095474
-330.66193235838085
-424.0312359406304
-1164.4723098145748
-1967.1279950093603
-779.8442288854618
-1640.2669560842187
-2616.295525272498
-2021.5879202090075
-2586.872812284632
-1243.2420711601867
-1.9908308534685417
-156.60718289355412
-568.6051011240135
-352.48697391668117
213.91221910891846
-184.5051110000164
310.6278192618953
3543.9559714186435
363.56742406081503
216.0440677027634
896.9626792590595
5287.30607362721
880.6670185717351
114.51690169616037
-67.97838821588297
-39.79431972844603
-273.15794941535955
-1074.0233066297071
-842.2099873699267
69.43431064763186
175.2984701156627
-101.0470087620665
12.025047961586397
184.53400943249392
695.9641972809565
10.086256003647941
-186.9035040887372
-1869.496013184681
-1692.2158589822036
5.387684048524152
19.27055513551697
-556.0080950264054
-1.8835522209456463
1100.1137382382653
369.7929261762566
6.1164158305084
-30.955340777012772
-364.8591006320727
38.118760717038725
-1.2765612744043795
-221.39263599012838
16.96684981119139
342.8270167858494
-167.88102364286593
-553.7348677079076
-428.76351222289327
-1582.639273755818
-495.9293737049879
929.7297958927803
889.8502144975851
8.802828356160685
19.6126158636824
832.5853864241045
150.89262836004028
-50.71016207079679
-22.17880143643258
46.29254695006701
-460.8388999478611
-248.46430043508116
5.064275479221232
18.008994499638106
52.82251253713427
-213.42510047801107
18.07994214079094
1689.4729654483576
2075.8040599127207
1494.6832145674903
27.43908453061669
-0.020803202924264345
-20.32901298429971
216.8822322831668
15.069676033829188
-143.05202922762777
-153.73661611688698
-303.89543210378116
623.9988252331768
9051.934223654704
6764.945502032585
3821.7234133437255
1741.6278219431604
1115.3887335632053
386.9047566826771
374.33429669522536
1317.8494227135716
121.54511252061988
1096.2550805401766
1092.328919044634
272.08394326985785
168.7549334616864
9.383325135499186
135.54274532380157
265.16667214552734
48.18235643476912
713.1990204506051
1187.6030299278923
749.2940830948615
820.914470167301
1483.6841589845944
1129.894711524804
389.2843848275572
-1.7942287282016711
684.2115916310606
5058.372988189466
2486.2648027539044
4268.564535213627
3494.206981995557
3652.604002576827
466.8340728251562
15022.07184799789
17502.964238358385
35262.85741674138
49505.458248982264
141478.25843983304
154465.36994762823
124438.1065045872
169562.68223618303
-241723.34999999998
-468.69
0
-319.54
0
-1367.15
0
-281.08
0
-1139.27
-4322.58
138742.54362978486
136308.21777866594
194977.15469471735
250665.68311459245
-142418.27000000002
-115302.68
-95975.54999999999
-65289.35999999999
-62096.81
-44235.8
-70932.45000000001
-27384.990000000005
-34743.56
-24670.84
-40250.31
-99764.81
253329.92873085177
-309461.35
-49244.97999999999
-137940.13
-164207.27000000002
-206295.39
170256.3972868807
324501.3043854244
-503304.12
-259340.2
6167.655034464648
1060.7793032640584
83.01353844767264
-53.599098223957775
-106.20797704633677
-530.8117722074222
-5253.51801466707
-16266.110050381987
93.87075425863799
1029.6521243357242
1066.2491093780488
325.9857113197331
0.06857955316964627
-207.48339354450752
-260.64144610344175
2005.6230429268921
424.3851017674896
3.469013284192089
-74.30162625389244
-1511.6181077602405
-1770.9858172985098
-104.0308790072389
422.19755693021256
168.068855404141
1883.2697978826545
2174.1291691006854
559.5847121907718
105.47063924961455
-35.17408907636705
3.0591806386780798
-315.71536071989783
-19.688230212542322
-310.10835010951405
-770.0305590598242
-3492.2488941748934
-8636.559468398078
-941.8839404762573
270.6685144193509
148.67249897732535
-244.30712861343602
-139.8632564622398
-4121.240009131092
-2257.5500924517555
61.20406481346412
907.4565751902499
2104.89844261771
260.93888146852095
184.22101733724355
7.37079875690557
-60.53648189179833
-387.3778858217028
-399.961980372967
-1489.5150421447934
19.659248524115498
-60.885224155040945
-61.878135529138284
1817.8810984321967
-86.15769759797081
1069.6530169429834
739.6916246900103
-25.78523747627097
-1178.5105557203608
300.293181347369
-83.83868266549891
-865.6582381795519
-139.98129875405817
1036.1990434911245
2870.4069380148976
3348.137000153445
1046.3040930027214
264.4549724560014
-531.5837363861442
-657.8322239874753
50.94379065203054
-20.94290340034405
-752.1274182881616
-2.57326297582589
-441.9435976133967
1657.2815308228905
867.547815882509
446.96586981958507
261.55020382430087
-50.44867758507587
-330.04275910755734
252.04406813329416
42.902861709178296
84.9915086434179
-1010.565580649399
-7.333129771373605
18.525210841987303
48.60698515895298
22.9159301464779
-1230.7673755586402
-945.890951666156
2132.823733713251
2861.868148156247
504.60893881477244
702.1765430675796
-100.51580715950303
-310.19768673963915
-1307.4068153157386
-1548.8446163146016
2085.5405622155818
-86.23020124057695
-1646.4251732049888
-1983.23493344238
-71.07101563521336
182.337356204738
1.3463273593664506
163.1223002067957
1004.5651535501939
32.25140128823186
4.118072342155047
-2.879488459231239
-51.066733274575746
-83.62652063365523
132.1562663178403
339.16740865283623
54.50109093146787
86.52278733619657
358.4408862674276
55.1884484747932
-41.810935922870776
-391.4284629515213
-1009.4596883194946
138.05481885493774
3118.843147132221
257.33671079548765
-0.06786877992877069
42.75383932569865
1197.405053152734
169.25629924718694
260.87996151543115
3497.328491032629
3527.06238012299
400.43236844771184
919.361016134821
1068.8859709350068
919.8162638376999
697.7705056720179
1139.1320543605461
13479.948412737858
16028.65746903231
13425.360590749704
22178.311760808698
20714.046956189788
38161.650311576595
78254.05866099382
72261.32009739964
71587.1675050798
52427.887985911366
56204.9728080099
69479.0421997965
54762.61591053273
67488.58502028987
81759.7393411348
89331.53278570675
-16230.87
-5495.82
-7290.360000000001
-17781.4
251497.66610448033
375143.8156539451
-604956.02
-7919.629999999999
-109092.22
-430805.18
-33674.95999999999
-27418.839999999997
-59160.66
-40509.67
-60851.45
-396698.62
228.38323183437907
-167.97594503496893
-1988.9954918096992
-4574.706472129991
-2675.8869936617566
-842.4846163510198
-23.46435732993183
863.4150279041023
184.97841486427626
99.12662044082093
-867.2637807259866
62.44797913173411
472.0914721269208
185.469449770612
101.896903952889
1765.7064509882496
183.54694634329852
132.43528694009188
1.2891596904951275
296.16457088646223
940.8512767466275
632.2665060594016
-93.70178946815517
-295.50689709233825
196.08523703651272
-1.061329020118608
-604.2224973100249
953.0974800580855
4003.8644755385108
874.493332430088
0.1266842673042579
0.12715867750303841
135.0559151063397
453.294029079446
9.788852078995884
-0.5824041806288843
151.6277914912065
44.55963687003373
-1.3211865601750363
-363.90764507152676
-1380.9356650281595
-3030.770493903399
-3327.5908308708267
82.55754734795875
-17.059081360588166
-408.5047010203119
-50.60317887984378
145.182221573128
225.49887150367215
-380.18957125967165
-690.3857786842167
1600.3704845740658
2474.5564369451245
1222.4408774697024
2899.5736388408623
1035.7697277318566
398.7519269807575
260.66239702357313
117.47433984729078
357.23051296919857
-20.078520054351753
-150.24153118046385
-352.8586454274928
-505.16246905537423
-718.1371017450421
-1887.893508157484
-3602.0465280137887
-4763.410748091832
-4460.174223698737
-588.8582320276912
1.713566878629953
-144.08339999988655
1.9454364597289675
1243.1066148891994
-24.99977042678841
295.61909982896645
1062.5864899867715
103.71173520067092
-74.31344455239295
-78.3632263721004
1810.333522587549
1658.1016789336545
790.7782875563747
-80.24112534727512
-25.90744571384893
-947.1910808473026
-293.2866512198002
-267.48703376844117
-798.8220517738969
151.5683823078744
733.0569612738879
313.5723617111442
-7.793137959103633
-932.236793321727
15.367850295282226
-952.9474131657217
45.24599234887838
179.81232617411416
436.7448986435958
1787.1428617916877
1513.9061495682604
345.7470553543973
1707.765045835201
1146.0796853549746
395.66962604157777
957.0499035854502
529.3676954819549
402.67733978777994
210.26682691574115
216.53744166131992
8.697170479036767
-14.230037221676923
-128.20903530935587
-376.28841596181616
-607.6486761410558
-767.5886205630553
-1432.4117043589722
-1922.0446989393772
-2876.9451556308895
-4752.288901770406
-1191.8640040650696
32.63314225623025
7.08355883213468
442.8794906044901
-100.12548179499566
-416.4596346779527
-867.2326204033939
-12.25874145714814
1509.1502092136798
29.5362232578763
-1832.7663873427105
-235.1947383699055
160.6008658756708
2040.313637319202
-243.04264324498592
4.458796697784764
358.68346826861
-1336.748939131906
-273.78964870233494
0.14007729788022447
37.349616864342494
-4.602311603722806
329.34899066369695
1079.4929773986007
2401.4274458189393
392.8434413660427
0.26534987464073667
-695.2495424590469
406.8810418917472
11.64524566627793
-858.3677325926078
106.0744207389307
-828.5298475512839
-26.210358199557056
-300.97348373156484
396.81881818771086
638.79881888254
0
0
1040.7545726875592
-2487.6152685776055
46.798890200266875
-1910.8360982562845
-432.0690170829113
408.01916430041456
665.1060960384964
-530.00087487363
-58.482712772372984
3114.073791736704
1329.084539191446
438.01193392249326
-2.2602714367376686
-0.2990055978841485
209.18463195859863
1364.787229808068
162.87577420111063
-0.5524981019259132
-1.6006989918460406
-7.672275837521423
0.8667656845636489
-153.1985573757763
-479.33104191663676
-1352.8163522043094
-852.6336631798438
-1981.1272187443456
-3647.279300287902
2.159004567239115
1036.985001933767
25.809768969572815
-94.98506896844965
-369.8678025406048
-121.21009802200622
-600.2897583058891
174.19023981698916
41.64092434153806
-152.2189035289508
302.64320821926333
43.88312003208023
0.666806570465687
-241.52350668475162
1848.1650117166862
129.98245241512794
-71.38971434881404
-50.63349218712223
2.4177679012749613
-66.5667690396049
0.025985783761574253
13.136331198917935
861.2218581712029
2090.757478947809
328.06180006520094
-19.627211714745428
-565.9530763139819
128.54313794248645
-839.1740850314579
-10.70647925681773
2.828942024717413
-713.9119450871464
-120.10550924548774
-125.1229347736069
58.60775069838084
360.65396713453424
2612.0632260274842
6.806203119837939
-39.686006710350284
-2683.352268036872
-31.083924111673948
13.938100174388875
96.93326364551461
620.8022684320752
-21.044561140185536
-106.29429870234699
128.92668288267208
112.0403920364104
-19.411918744175182
369.6228769087087
-1342.1457151906868
269.10227978769194
-1170.5276360604316
70.04517275212612
1110.857774319433
138.67507134473482
-188.00228453568786
-182.9119448066446
-181.3341389029171
-24.210451132340246
-214.3527676985261
284.5102929625723
2362.23169033655
1889.9455012214398
232.33177570463516
-371.25773098429624
-772.8398062734454
82.5542006227562
-100.8522665558323
-1330.6698282701893
25.743060636649084
9.239139918632915
0.8639159270587407
2127.089103950535
0.6832612922213759
-558.3984404359134
-1641.9024234545275
-15.972187531553965
-417.8854927784157
88.43307421317527
-29.483499527684653
-790.6639307602443
25.22919358433179
-1.21705778767608
859.7255600715374
-361.10981760848824
-162.85067462162547
268.96591068785614
35.93817500085236
-5.3007243058544224
1057.6414306821698
423.13342842342684
388.7367587781404
-348.0544312148816
-1437.2367311614203
-1146.204279404516
4726.965956791581
937.4390754291442
-20.095483538220655
-245.21606072288472
272.120037362674
813.8365859844748
-2.1284646056572605
-112.76851036688923
29.62535961068263
67.56574949307641
-1.0502612876401747
-343.43997132588527
-2333.856309423268
-247.5110963719062
-22.19759190644676
60.08581357711923
378.6366617850937
-376.0416344354785
-165.97386379828038
-117.75599721764023
479.89260968454124
1089.569095882594
3.84295607880013
-11.47617683708466
602.1221451596199
-487.09223958630514
381.7947059702229
144.53607967938257
-10.395201418327039
-552.4428795540957
-243.22860501131785
-251.8992196424355
-345.8067728038433
207.55759760372365
-3.8360625395784016
-0.0036302753278974814
2513.9264378283897
1385.6109394174232
347.59937236414845
-10.446169310865853
-619.6080613014853
-157.69030581840025
-392.2582192814044
-2178.563379013717
-1132.4255845789141
85.06753124939414
-15.532182451281729
-2.786493296612707
338.8559977388641
769.9386288230507
31.765994195644385
-439.6019652804115
-665.3003746053695
-28.585749683785128
373.5377146834236
246.12740072433178
0.8760728264691252
646.8377346850311
-88.60288636551135
-768.1865591824954
233.4312036765966
935.2009276870106
13.141729062811788
-776.8142025369851
787.0347274678314
1447.2148828502172
451.88090852694006
0.1315066170185764
-0.6274279663565994
414.069688408517
179.3605499191848
-101.57547790424938
247.76273918371305
99.6695128301741
-338.075492663669
-1129.6482072345468
-3508.839420777261
-1183.5927586828975
271.9463084556944
145.0316339324511
-1560.5677992530414
-175.44393047531048
937.296559424664
304.63519556583833
-732.1178703675499
-1185.216735981862
-296.34356507999433
-1980.814398598829
-690.4713534069099
82.59239390909599
993.2436064424168
434.4426471081593
976.2221572010968
-320.8092947629356
5.443797767041804
2003.4307742300407
127.49725138618282
-64.66071755791852
-1079.1945099756058
316.1652933255029
-8.524889138551277
-8.945993646311237
-374.29303760287326
168.42627224011946
1046.6609105558036
-1.6965053143808735
1117.575857944207
1636.9203512070128
-3.8152964210697338
490.9029568423838
2097.6837187412757
22.79910904230894
3122.707980091786
2031.7530478553394
3220.258779142157
3837.6695657111877
6532.142933510534
7353.9047085351285
5377.007363427342
10599.500740795971
9354.216987816717
11144.103492837126
6102.470413294564
4443.149097926265
6191.1952041703125
14054.945014153755
6996.116973869842
12610.457921967452
12398.976915663601
6583.223501194139
5409.566377394036
2417.7690562294365
7961.846329182696
9213.013807962938
31043.213983150486
90846.3083228465
266589.37367424404
-482553.42000000004
-207826.61000000004
29026.981235509877
11013.20365138349
10712.479450195537
14295.648396399078
13172.019976255839
4475.579454190709
10082.724766337118
12026.05572571213
74665.88653492901
-350837.19999999995
2790.4511270653165
-172.11099004965166
-1412.440362916502
-319.22828416512687
-462.87907965601653
4.749750711736687
311.32671050769443
-70.65040828819147
-57.183464367135215
221.6056381717013
259.7886666038247
-119.00039063392211
63.85184656915967
1141.00400716466
-492.8604580364321
3.759996216799639
1352.7683191283463
831.6057008424065
493.7679779586854
212.57221816323528
1330.5413274048728
4989.969626882145
5514.74298282448
1230.7889627635304
5312.891479678656
10370.111139768796
75374.4239106641
80555.06248855608
108751.58334702178
83174.43667597992
88121.45073541428
279047.0324960755
-70441.64
-26682.04
-78078.63
-144632.68
0
0
-2354.74
112065.86719922177
-111526.35000000002
342524.8360650466
-231725.58
-60076.67999999999
0
0
66686.59066847745
80137.47005061741
45002.64015908943
-26437.420000000002
-30936.11
-10363.12
95722.72843616505
-12953.119999999999
-2920.1899999999987
-99779.76999999999
42618.044141766484
-369153.38
-435892.49000000005
5542.189819782966
3858.8251919652057
642.0546597598442
6638.841916833591
1257.1387594008888
40627.97031524
8190.388209101766
-14.12535502509673
-552.2964475629777
68.51601515334534
1768.1024442043156
0.058292044128940367
-301936.45999999996
-7980.87607699417
-7968.756127538437
412.50785824215814
1180.072573587305
1845.9042312921592
3236.250119476801
6056.042950874122
15329.107738949484
26189.987147308766
35646.24152380289
32068.015894130585
37395.83031469735
38610.088419754036
48748.03655159888
49221.34288030381
68458.91677671036
67860.74288600164
73776.97472177072
107173.28263190135
152322.62552256061
159737.1388082269
171939.21936185076
170415.6929412823
180233.32963198383
182861.16414064658
186533.43811216461
189310.36463298803
199950.39915788465
339951.04730937444
364926.8986328844
325363.35160685953
354418.5475284561
375318.8025170391
397179.33381942374
456216.22175360064
473619.02022145793
507849.8960411602
630071.0914953833
739827.6813295073
1065852.8158161403
1382117.1562249395
1772389.4648917662
2223823.2980393637
1611168.0596479618
1578081.5389132476
2719396.126234123
-3548078.6900000004
-2808160.21
-2647623.24
-1548136.22
-1223614.62
-745688.95
-677055.0
-530617.2599999999
-494949.73999999993
-530339.6000000001
-450316.82
-490457.98000000004
-397638.26999999996
-374405.1400000001
-343958.41000000003
-325384.73
-318729.19000000006
-358478.83
-347292.11
-278204.28
-269167.07
-208219.86
-244835.03999999998
-146429.57999999996
-150230.71
-125143.0
-112767.13000000002
-113320.45000000001
-83811.35
-69875.7
-56890.399999999994
-54603.579999999994
-48108.56
-57109.899999999994
-48410.189999999995
-45334.53999999999
-33666.03
-25205.5
-23437.440000000002
-13921.84
0
0
0
0
0
0
0
0
0
0
0
0
0
0
0
0
0
0
0
0
0
0
0
0
0
0
0
0
0
0
0
0
0
0
0
0
0
0
0
0
0
0
0
0
0
0
0
0
0
0
0
0
0
0
0
0
0
0
0
0
0
0
0
0
0
0
0
0
0
0
0
0
0
0
0
0
0
0
0
0
0
0
0
0
0
0
0
0
