32458.250000000004
-30447.65
2809.754095087021
862.0611126157395
2419.4504689071814
2994.0634475871966
2297.907501308308
1434.3515870732458
873.8673496952358
720.3413374145683
341.6184612365825
832.2237871446085
1504.3988475168578
928.8987595726171
1124.8435810190065
1573.4883282213043
749.2930704373357
91.47003793587825
19.89640852330224
507.69255413265154
327.83177201330216
18.5116912870964
-37.65650718144432
-113.78003187085376
2217.314434927482
833.4587710574796
53.92222115486118
5.0262892137077655
-91.7062271125682
-14.749559200698737
5.782545635122554
322.6761229152503
78.18916577070189
-125.15055369152876
-527.4460118468312
-1129.7860712578909
-765.5734377582986
-176.69298760030495
-1095.5452427822881
-1017.6648870350862
-3593.0510192085503
-3072.9657957390855
-1832.5886795349156
20.216994891526856
879.4684809279292
92.4914891280504
12.284518962075882
10.478055906341169
561.6575125755643
1273.777725945385
1156.5093297787269
1143.1069336857277
1185.1696410676182
875.3424359178134
887.9739132161604
443.1476132424926
265.6458889818391
371.2428506481567
219.10147783123298
452.769764867915
346.3396827468611
309.12125851046414
183.39390489202242
175.33662860691805
21.11084172412204
22.62783961368961
1.802202438336869
-8.486721959424742
305.1381402752895
427.63857447122325
494.7551357603788
270.19451609654914
341.9805866737289
346.02874319796024
330.5893753182328
204.0498732290837
160.77247392254526
73.29708817062743
165.49922301597832
116.83928875746591
76.22604417224562
45.401451359927876
23.29675503276922
9.300175894970504
-2.1380768474463916
-29.497022675793545
-19.717820134542226
-62.81041813427976
-89.32800005329247
-133.87433981153015
-87.62379279456971
-188.48155364383058
-209.64152603696056
-282.9581132010842
-427.1799723973718
-476.3661641245744
-367.53627972117397
-641.5354846721874
-817.4164828834714
-662.1728439897761
-659.0181263284437
-462.9071229692481
-665.2455740186368
-446.27257964241556
-130.28300475096484
178.05249004929738
2937.302777353773
2310.554403984699
1159.7815739395382
229.99864167112455
138.29857920034436
212.47088978175657
178.4267864251686
-21.267938708996063
-380.3103129203987
-274.29001484379455
239.9307723725271
168.05804356640252
230.1889207172305
112.82242709289937
79.04922377864804
60.588516496182514
6.46203044182487
-20.12065385287694
-51.438838994790586
-58.393544302165346
-78.17485333286965
-164.95279526936935
-313.73134392113707
-342.31563891422604
-521.2359114595034
-828.2321861722852
-1021.5654517946086
-1300.1252163566428
-1662.5932173852484
-1763.3744436747222
-1703.4450794381694
-2313.8410530333063
-1563.301330979039
-414.71583074014984
-554.6817374737157
-772.8767194705207
-266.48099531177024
1314.344184060179
366.1692892381236
-0.01968682739064655
512.6616550033755
-34.08572358677175
-15.732700852473375
5341.654322549638
2186.319014910107
1272.3559234281397
48.26429524712716
-139.30369030962277
-320.9463948099101
506.5136003790078
716.3557685704124
52.4703487456691
-95.00963101284376
-176.92054661309916
-311.67981430084274
-112.36087526711742
-22.721917347214813
-0.6019453714509206
-0.058997432547113135
-295.6354008005589
559.414738062532
3977.9819501340876
2567.8127512875267
1488.6413965393106
511.95592792587985
106.7797882261386
416.1611801975848
308.4363646568869
135.99064516319459
-26.482799288911238
-52.61765054779542
157.00923201445542
218.32574985368632
193.164988519728
171.19340244109424
26.83062100062688
113.88121491843835
328.7637646568573
137.18241403799425
128.08725654486628
51.5828031613721
28.60195043814586
-20.898897258208244
-56.24876904436045
-38.81629988133328
-129.0926918323194
-273.44565790922377
-485.5954517021623
-684.4330845719977
-848.6775129294583
-1397.8869597314017
-1541.1718191957116
-1717.3659141967
-1527.8009789850382
693.5915627452862
944.2370943033154
131.6614870902033
2.2737462061088802
-224.38947560169046
-627.5724946325115
-649.8681138727925
-80.48831394789737
-121.33980927246526
-156.38359425129195
-304.1134387270691
-16.27565882650038
-135.58276244251218
1.172980848980673
-0.012227668692560239
20.77772997229165
236.60510155852577
20.014814446300495
-58.50639789198434
-331.60591397500235
-744.5682501664601
-216.87018241817532
301.28621884995164
411.4176493775445
147.79498443137444
31.36977627519811
-132.26534105434297
-454.9543421417748
5.016694574300416
325.03334607595593
380.48296522315474
835.1979602935539
2926.741402537894
2095.2231566749215
1158.4020932931392
582.8447055745191
548.0376916597372
254.27504485745922
121.88621546936432
38.87980799019444
23.671786928790667
-4.011511450350511
-59.44803101406366
-100.00044736120692
-105.05511083827795
-158.4926604374905
-446.1714034495353
-496.69104174053604
-463.7838900606599
-0.4541300460993979
252.91809174475756
317.2675426557437
20.90088574165662
4.795977228473369
81.14169114413781
295.40813901628695
123.08939313504027
-22.056505808505296
-209.95954117019005
-934.5505333755941
-966.7312671546194
0.24817364012853438
154.62716353649986
-48.31762620505651
305.81165900703445
121.25484790873348
-0.0645999892268768
-244.91786158349564
-361.62897925206437
-502.47233221742306
-113.53409958177767
-474.2259557530448
-771.3464377248081
-1235.0618169186541
-491.16762637569855
-6.5524094889151225
-228.57919327614275
-115.38475063697287
-67.69643789602914
6.3531970080194515
566.1405109046021
173.33234609735695
149.36429044509543
-196.54169473229464
-41.06557553224752
-40.95775187337506
-221.41489115585279
-245.6377967247256
-366.3061869064627
-221.95257171681732
-393.8327570155222
-126.36187533936894
109.86015950540661
321.354012076294
7.781406252932339
562.6905875658018
341.0998622569352
-328.3292110191426
-994.8035136058543
1.0005248513664453
7.11913599090946
-804.4815173099164
-1340.6710042990376
15.162091195028916
860.51214360768
691.9531034730217
743.6506394503049
482.7770373573653
37.39337721112127
-84.91226763464334
-6.354078502547473
737.2795573781286
947.082030057245
55.58156500950097
24.825323328208626
207.5093387001647
574.594777144137
1879.0283470747665
3145.341684421471
325.114388817175
934.0584048203533
379.03206859227316
-64.17970275390876
-8.995992570277592
395.51643891654345
114.10991609794449
189.22390451436377
116.69291321117122
0.01986904536413509
-77.84542891332151
-13.14658404214741
54.89800547489763
480.21532794713835
340.91903597158597
-102.00202011178564
-159.32998549605796
5.843446602161514
40.95969415400016
-328.59774075226585
-2144.5509199696517
-1757.879339179415
-2003.6486655801423
-76.6890564498541
-568.5517784016154
-193.8760573304942
-250.78904415830306
-311.81701401226627
-235.16763834559322
198.95107821404673
-22.594888503253905
-782.8482028629419
-177.7132858485641
17.165561343921222
72.14638443813666
294.08462734271126
264.8211866711746
361.3725158309084
27.655112763393532
-114.4559459977686
-680.7461088694702
-665.1669356442644
-426.251964716184
243.31823339675856
5.265157167108677
-83.68445967791334
-493.10011780673426
201.0623267364038
2505.7796086490616
2212.4241550777742
670.2167509561034
513.4235503651416
-17.464736009192908
-286.6937090166842
-4.033977040251766
197.94630649571278
370.2796426241598
-18.099751783391472
-169.0813014859219
-372.38786524236053
-159.1656424434903
-103.72040804822782
-11.054496592394507
-41.10339806741612
325.8708849466466
1728.6788789610284
671.2346454142125
147.00064554647167
-24.763383854028444
-1091.7807227254282
-39.893901756820405
1.9524649178611055
-44.41437412368697
-336.47194231915296
-1039.2512054956733
-560.009460871752
582.5340433597103
66.11037270688612
-31.98362231134001
-440.38432706908986
-6.860299361001742
40.1047792845017
472.6405319604915
28.784922509694255
-10.835130999648605
-298.6031804460774
-1315.5526256487801
-752.1179948289578
12.618717219386507
0.7573422673855303
90.66984722481746
-14.455903347437415
-39.904745430987425
-207.85571906595786
-558.442098300203
-1045.9415790781068
-2506.850583802442
-1119.9786975477598
6398.8577813771435
9438.445759177519
4922.704831539567
3244.1657115475364
2427.721399601148
1640.4981173857805
1228.2697505440574
445.29915406915677
826.8489641418731
610.2903494639379
360.3168363539528
283.315828075443
49.06295109559813
-7.5093583005383975
-3.025042198176796
-100.6514590202968
-344.705433193757
-355.9161179291216
-469.2322801774003
-346.2719976822318
-684.2176535958318
-1899.9274321265452
-369.7037101667947
-0.40603413948143163
-673.9548050194958
-2062.4874202017727
-2128.127546424311
-1421.478877979544
18.738831407860207
316.5669835558166
436.03843871489937
351.0274944272403
187.8657097287616
105.64362230023826
49.22300413709539
29.144984675899735
-0.20164063480574787
-15.840852218570829
-37.016708072066095
-327.1475561558505
-3.287088845736754
617.6789872721872
205.31326529817
53.18814117904833
-107.3787934708624
148.88790835207172
885.8701297602104
335.7625022648154
34.796248829805805
137.67639862951447
0.014446280703435328
62.41482144196265
61.834061291896525
53.745793237523465
-3.7322891490068555
-30.983270446123363
-40.79354364145998
55.523678754976835
-8.933318217413973
-15.88347521252191
-221.4155398417541
-37.986969514644514
-165.22025422361017
-798.7701452800031
-97.06997812186856
4.675042760867834
-73.95262240529617
-239.71145175300592
-820.3078854363616
-2183.140820269301
-907.5273830406911
-0.6784239144868828
47.259338564919574
191.7763409004305
204.81308848384776
-0.3582790950195395
1.5683079167133673
-2.0519933570337727
-3.147139349736277
-42.653289700943574
-119.41016822199593
-99.42422318314176
-263.0856934575347
-324.8082438053203
-602.4828519128456
-676.5992094913396
-1131.2862940876262
-945.8087944873766
-1255.5540114640598
-905.8342479819015
-704.1783478803727
30.73102309415205
439.39116367356826
365.87669979363875
52.12734910114978
15.835745377319455
89.63053368038943
2084.5718851655834
1740.4121932529872
682.4161164792586
102.31244502172241
2.3466654880946907
-46.2542548044443
-139.98005471989165
-289.4495525217941
-408.5002475620671
-535.2653109857407
-725.7182522549579
-819.7124649685544
-626.9571766324714
-375.0492451999519
-1009.3649008211833
75.99066210094003
3885.842725037231
2871.9582603944336
2438.5880049163434
2041.6042678998592
1173.4694309405654
532.5851420495964
118.99207856383816
-3.5066943813219438
-109.17642263736134
-132.6340973095173
-382.65009220803154
-1344.8841074017314
-3416.9595453204656
-66.58875308758097
-5.857468040208583
908.6672723952538
140.06942682366372
-401.5867095404286
-315.8881873934621
2654.6552170348996
5524.00057291529
2081.103193946091
1032.8107090584285
292.5162022143473
45.79824108996512
-7.619618076563787
-181.77539650522544
-215.77231958728754
-430.4278911953127
-901.3749805258516
70.47934496743711
-12.052887575339112
-211.1619491587559
-828.3780854144243
-2228.9019152167107
-2952.039347470969
-39.80480108365477
2704.495053603358
768.2466266484639
110.31962960520188
-97.6224728352129
-358.1417300227207
-210.03190637451502
10.071703956452785
-298.61746931754504
-460.5248841425642
-184.71242757280456
1028.1660355092117
1019.8485448563998
620.8347959019717
1832.1661337118567
208.0449216778234
71.9201983990934
74.96544794942841
20.533945816564092
-8.845477562148664
-472.87304943688224
-935.9691708940735
0.21193983389681711
-853.2286232813051
-2750.076001568238
-1972.5864690610113
476.1043550809883
609.8714167876383
1215.2872751300429
142.02063123771816
-0.27908618269490143
-126.18223508160105
-89.50158261625488
-200.17850775578006
-560.082035845424
-3.7733159515932444
443.661575027772
1075.259856202212
2642.2265379417263
818.8686374779529
378.4970203848476
66.88801958900629
87.75313733170228
68.2585887638881
-7.397109044206238
-498.7637785322216
-1767.1160299132353
-1144.9576714625073
-333.467433169589
-132.37291404370865
-1568.3091173428843
-1971.8885958373967
-33.921778300978154
-1128.6762626276147
-196.87469023550676
1532.5901825998662
971.5521964319497
59.06910041898568
488.7930003968777
641.1105220489801
327.22142591480906
157.67068461500335
176.52323427878412
8.206503457556236
9.660077688085739
7.288000869237823
-14.016939648616567
-2.0195535678106977
-35.624752106696214
-63.431787664587254
205.8722282112263
-38.206434985109325
84.34021865701851
660.157505330684
725.631183729201
68.55186860731902
-28.62707559357299
-78.21443431371439
61.37418156675828
40.64464660777093
0.4002624827457901
-4.155415766231345
-22.529819054286968
-260.23829415693905
-553.1854079165055
-113.35905437352275
86.87013523604452
-0.4259694213884239
-210.81090825872795
138.20773329255485
-43.22089566689072
0.00046605853881572683
88.9199918243452
144.69790065999138
982.9471410812894
800.6718491460624
673.7856607484177
154.0844797833701
-9.571847248021012
-52.3683105900959
-37.95021569558843
337.3544606373777
185.6714693942384
17.16138254988602
-20.48432777655459
-144.76006505025234
-394.20925873566546
-1621.5002791639606
-1108.3502603199229
-5.647879613378942
-127.48546011230378
-1227.7720080984432
-486.7820605397753
71.81296870634564
922.3571132526642
585.9676323572893
368.9816384236402
473.2832341983254
268.19923267527145
60.30196592597476
48.379836133979644
-22.652754043991802
10.108078523876685
-49.96899241044725
-132.30057865897743
6.154365376587069
191.10627357626882
9.85277862703108
5.715243572722692
4.205321954028968
-11.136287993762092
45.94263594653024
37.56113822842077
-39.16257755850218
-284.0291829309381
-1231.579431577218
-539.4237897647416
-336.37008253502563
0.1408160739160785
48.08284981598317
-447.61550142927695
-2438.5824314910897
-634.5753992850484
-65.80897590803332
107.20193644454918
-153.3672400973578
-918.2514752109142
-1682.015865831639
-1899.158052219705
-406.59476651614204
-235.6557807691728
-207.1178479739119
-1093.1819840760536
-490.76601426497984
910.2112427256814
1309.618616570094
1952.3753689946252
1463.1743651379638
1460.692872822288
1276.6579786630011
1029.940623556971
846.4290328582899
1273.1451525455182
712.088070565884
711.0774165624789
674.5262602263028
499.00121531616253
238.074522730223
259.55765902800715
68.24424584167976
107.75012581463814
140.2702131172714
132.85410055583083
68.51896110256457
150.61415227074377
87.34220671495389
5.5478681740485065
2.139003171139845
4.544258491693059
1.0504864734355386
11.14890696028277
31.323282266588528
5.1194916192608035
3.21015813900196
2.8069957900740343
-12.059123513854201
-22.322797222666146
-113.17442638396514
-115.95962659645865
-226.85238478420752
-401.8960094985857
-348.9241786991943
-378.0638551970925
-288.6086461586407
-549.3187168476358
-604.4721426152165
-305.39382669436424
-39.64972613858975
-141.91279345624451
-71.1936984511348
-112.21566973608071
-233.31206650878045
-134.40490379560978
-199.5060810418935
-510.2639889869615
-436.69992477336586
-493.7412324840999
-604.0463441668868
-975.9682773718821
-761.0667850182729
-926.8669997768477
-835.8839455748015
-745.980014610729
-341.6663442319035
41.53562588020644
7336.53893462031
4914.545776142881
6165.662861671408
3041.8023399480558
1397.361263507225
789.4599721876308
552.565183039042
223.36711796178366
103.4835169751487
42.864679761195724
9.15707026745584
4.582242732520872
258.5747337110978
753.8360666629623
1326.1664993343338
417.0710323059891
331.98905043485973
94.18014608226107
3.0480452426785236
-10.935793023543768
-14.190078707738971
22.205843767363994
3.25710602194921
-11.136049014593372
-34.86920103463969
-221.12104021456867
-386.7480231686086
-360.5035348903392
-367.4818159165702
-220.02476358833843
-289.50902431876
-892.0796495597219
-1820.9154325762966
-1019.7489783177052
-39.453214613153136
-35.48026345233985
-305.70564129166365
-1767.1463315356473
-2423.9028727144523
-478.6778940590069
-0.9666783098718172
364.5140061703931
535.1514461717594
-5.996798791562564
-335.5648607222068
54.793666029236675
1442.216224874379
915.7090063417418
232.77339216751824
4.29712794395009
-30.094539415482988
390.9489721451983
1410.726773419819
861.0613275698952
186.699523286478
-42.61705767091608
-110.12488407583783
-637.6993352906804
-886.1198466252723
-1391.8987037698348
106.84118614847486
1138.0994231005736
273.2478163989411
58.1062890372009
-115.94325031315263
-251.04688669118275
-246.48617313254593
-1099.362866098059
-1278.630903484977
-2541.5245261747873
-946.5698831974836
2.4858528474334065
744.0762130503579
837.7396667038084
516.7379625196565
23.127039004544912
-99.04717734581013
-59.479704581342574
38.27245699723915
180.45293207012662
701.8889113093637
786.9106338786994
694.7842446262623
515.962088700426
644.6963877585042
422.9340316477774
182.98612536646687
659.2910059196021
997.6280593195638
576.4840637761891
614.5786586136362
739.8368099687267
742.066468527051
489.1900156176989
368.10927729629265
356.7883030806647
215.26830804522052
275.58768546804544
149.57566494418484
49.38800244889694
53.3389721699585
87.94473167519779
1.2671070724826525
34.76981569244526
3.1879954262579444
-12.030925729639351
-27.499239784713332
-71.17188702115064
-87.4838486196717
-152.17074459425461
-123.34222334576543
-253.98688681125276
-475.40422757370544
-283.40202722156573
-470.5567095368724
-231.34621012604157
-444.86781349041314
-570.9730474098185
-687.3853358750989
-856.9738601774824
-947.1680818287001
-631.0290476752492
-643.0821705834298
-534.2624394576628
-576.3337599848142
-632.7907167380288
-1351.2228671523148
-1229.8080374680053
-339.80602589555474
-199.1460075686377
-481.86696290817815
-485.6238318982846
-769.4863887672914
-771.0872997031713
-1291.592431479886
-1720.1329935851932
-4.607564327348629
1435.1405521004026
751.4444695352698
801.9208968896169
2643.307710754762
2262.4238303368693
2696.122487603699
1601.9923167246588
1070.2913330867004
728.8456100275893
1886.7108252565629
3717.0149902007965
1704.0088479722165
929.8728197301684
954.8248816379332
671.0996821622873
647.8268255629928
-9.761152857299695
-311.5896074169048
-28.355490113156158
-69.746925469873
-373.57219741440247
-399.87714856282275
-1045.9138354695517
-1547.6165091210664
-1871.3213385255767
-986.8637306611503
-1078.5436260293773
-320.4347452104338
-323.1897273991942
-265.4240298103429
-675.8446825489966
-687.437219250297
-1474.5181472193065
-3357.1773473019934
-6477.644337590197
-870.0161251046962
1395.8792142610432
2560.9306824808446
2600.68334834103
1340.099328982444
1845.0145761537708
1265.7973879560855
1085.908049409728
1404.382168676786
1333.9690200848704
2221.508341024039
4126.868145188758
3050.4795301805243
1912.4993736127208
1089.1128482831978
1015.7683042752453
579.155072676697
317.83882628390313
233.11306068087197
76.12140031450649
28.404134417795497
4.419927733804286
-27.180551472122787
-205.24883788996456
-411.6819178428052
-727.6053137748834
-1519.8349821754719
-2778.578991572608
-4021.275252712504
-163.97988110015316
20.06040922047665
544.1177250127539
199.52931867848133
-21.947683221390367
21.497486301460388
83.46214935539092
15.409618022201451
10.080818303821566
40.38669548314738
27.288313409835013
17.773073898810107
6.170850984441532
-5.43406596650998
0.3108371402510417
13.501631208905073
-1.308161657114713
-1.9532710977703394
-18.099052161482415
-38.95621800587911
-165.18919992429724
-31.8621904875915
85.9348503498502
409.6813449139957
262.436790798138
243.9147054692172
199.97131665623579
127.66116290734593
52.114393567042704
78.87607880647134
19.396509424113916
42.82559006102641
2.9530591072005876
38.7018198855698
-0.19737429880492452
-3.4482042471474412
-4.717000493418575
-13.556499823165378
-31.397984383167874
-65.09487101079972
-117.69124637255756
-142.6616750061687
-52.30596443926685
-251.72203106242515
-200.85970745927256
-320.077914998339
-372.15244188814046
-383.2752892280625
-675.0334875760033
-653.3990523353295
-743.8674406959183
-1003.84986401808
-940.2731005560353
-1183.960549043975
-1616.516233472409
-660.7329261419735
-656.5625103030229
-339.2477595254543
-304.8098597155214
-144.1195820352184
-338.3602790803845
-455.803520507083
-817.8463720006134
-958.8478600783305
-750.6163014774522
167.35129591066698
3110.6827037785224
1472.3332016605755
565.105380076079
128.92267149064043
-111.95609003536805
-352.1099276463848
-1579.7682552028139
54.83671959609101
1644.7246079871375
2809.9895730848316
212.79214708275546
-24.721996903300713
-162.63619039110282
309.535846744315
471.27114430121964
322.6695355627745
231.57995826909792
103.69478865534549
50.01705314471971
6.9082734060685524
12.856296806357491
-2.218627192478239
-72.89468607271942
-52.32268817263527
83.21644685838659
511.4941813103485
104.90435558682515
-93.62402872550612
-479.84240997416543
-113.87842592756047
-257.0351394929388
-651.3092737754627
105.66220525750303
206.85663622350998
1255.4375047835974
1482.6853268134137
65.80168366146846
-2.1169172868999624
12.746084896624417
-241.53656155655003
-2260.055544670875
-4721.752963786813
100.20678567574527
1962.1957059528995
1343.3035381176128
1023.9016971440103
535.0068893765881
160.15784977116465
88.24167466582486
7.148597912290917
2.9554241264581926
-1.140619342552307
-131.71592457970016
-163.74016720377716
-225.328403385135
-42.720236624816344
35.053229756405536
0.1546644798792723
26.40765375711529
1179.8745144030233
65.24668545961904
-8.443730810587976
-436.8009183209647
-496.683550743491
-1395.3625771516613
-55.255826991248696
49.65194314464772
192.07417413299675
82.11714472404535
66.88794756083567
15.604244119611543
14.114799689682776
10.310617829523174
-5.4046196368975865
-20.666818461383258
-176.56615951106602
-403.74302785321703
-651.7872285160498
168.808188500533
175.19739344012683
-8.211246988335938
-1012.8614655596107
-2137.74546300346
13.715099290943053
780.5768225370116
827.1779147417511
512.7746238608179
318.5617881351575
739.8288906081842
407.26994565630787
324.1820760194778
208.80316161378153
199.8921368971571
172.86658828349297
125.68205302959376
118.93661310810765
96.95913684015673
41.12861036272648
4.5601420844514984e-05
4.863068575601485
50.600077578160736
54.65658337286262
41.62977839675672
61.81812154217805
-13.02349733154611
5.507964630464636
33.46265705351251
51.268805276577886
-1.8834297887250175
0.39974933097232995
7.883531897047829
33.32573689956303
13.957556108532911
46.08474701198902
-0.8805083285555518
21.548764331054997
3.25412498038323
11.123999964736788
-0.8511013434863324
-11.138343470722752
-4.626359580733754
-56.79299055516123
0.028742905677345654
-46.389982783444324
-55.83125634872336
-106.14690906529499
-123.51625580979412
-81.8132020648793
-198.3936537545848
-198.78777828055715
-171.42321132824412
-180.9368456462672
-231.52881930091777
-264.97211283808474
-266.99622851268316
-511.41010300973363
-400.82123509888385
-448.4818485394469
-460.27457666491847
-418.14655419977635
-391.57740715675527
-610.5643473777791
-610.3312215002405
-726.2434333545007
-354.8861771974469
-59.84587108448659
-800.4072064661987
-2.417812588963111
531.6814724293989
1236.4689795436648
946.1649958320772
734.6911828349544
367.2876063710589
487.1288129124016
338.96957455021703
232.34872385759996
101.18071797464889
107.95504776634576
10.508693222540956
243.5166719219281
140.44498040244622
27.398266269895583
12.984505149200661
1.1519003576118318
-13.742372927681878
-2.9410358438872892
0.5742303662473819
246.07307115835988
171.55529021231655
15.15967856676821
86.38474602272561
10.70468671109617
-4.2591164498772365
-25.535723771961887
-13.63083076688209
-138.7644604090662
-70.86083265291894
-168.49150972596846
-211.41272684911397
-287.8321105632272
-214.08706391407105
-373.9545152697139
-337.76723581445026
-290.81883495328407
-231.786026768433
1491.8096249520204
419.100912393846
155.2764569687768
1636.2448876532312
565.370450073742
168.26393622857682
308.10305436216186
26.27237940799017
-17.338525764237243
-35.484179472031116
-308.74931908996496
-1195.5458035712873
-1391.5160291680152
-2452.7694239958264
-4316.901982097504
-2644.360139520383
-985.1523043900758
18.260660628431364
246.80179964721628
44.65442422228995
52.1803407440246
5.15205643334116
7.952173533583926
-66.85409971005886
-151.46910446755476
-242.25405342016958
57.309781140218156
769.1393325701131
1953.6531520357025
1416.798537699791
419.2215211418779
376.5143938069148
259.3430591012609
215.10828739894134
357.29295334923285
333.1539073474617
101.80677418842049
123.72634226839017
136.9644993666209
80.47562457563005
31.46566534993887
52.19507207705106
36.48022870903509
34.0353376920238
0.17645831867588313
-3.71805609773494
0.002070006146212633
-0.4129255944515091
5.765632479543115
0.6335828189287115
33.662236662024974
21.51538870321797
-3.0689869357761372
-19.45588195344846
-0.7064754929222868
-29.649064913272678
-25.44620359310622
-109.74396387366191
-1.2025094630204365
-116.13524287753408
-15.849713226476794
-42.52632675811092
-3.7533510220104347
-11.4911045432619
-9.43843845626365
1.6966223993060405
-8.819757572367404
0.07709243153671529
-7.812081134260609
1.954487527657081
13.182409138018913
-16.058432597988627
3.7925420569523682
-11.695646934723928
12.348171076750644
7.482385066167743
16.06920884296048
348.70808885638337
227.55225122724232
190.81542279671896
131.59131378418436
277.7870511683398
162.5637400011542
264.8029399321541
406.0881768918249
255.01995780598634
138.63272912460005
305.0557493314499
318.3529246705002
249.29201558402755
156.2378134407388
287.5095590157904
180.9081317877815
168.10522213781968
174.34377638145796
46.80906533024347
126.54990743818105
110.62459484684979
39.56177843510198
68.48513023485292
36.08093723587437
17.6901433380847
-27.8735272997242
-0.3896409298434286
-98.59529060025488
-137.27407188541093
-256.1869447047113
-357.7325228065114
-412.21791734900705
-315.74988027186566
-348.1566731608369
-258.62027036258775
-574.3809505412221
-1529.2943233975952
-1539.0861064554672
-2882.950686950509
-2158.778583721359
-1139.6032218773191
-755.9062965670792
-270.116009128605
-292.30295007347297
-211.06112878416485
-259.4131578958873
-150.741729942454
-20.31782189361906
-87.5354809000405
-57.958990792101254
-39.22988271321579
-8.251678024492097
19.21053823965397
81.68611895696458
20.411625912988413
70.77408802237633
85.74860032636442
9.786349145976036
0.08522971821052422
23.67699805618753
0.12981977364122488
0.9180498567778486
0.30842568808898635
-8.405835768963081
-2.0973135839918995
-21.975049818541343
-39.074058621841104
-55.95221760338783
-68.18506213886207
-53.58973563580314
-166.3851639517029
-109.30215233385789
-1.5784799524615247
14.169831602543434
38.549197006029644
139.51742047454846
18.7673255764708
9.687711915417696
2.0272305503911605
-13.563811770542896
0.08375431676686036
8.930343366252359
52.228801725989136
0.9357116739958243
-19.202415906803786
-29.433279508062718
-99.57523963744637
-98.19241285288896
3.471501304130474
105.42903383764778
190.9629724620942
192.36003254623606
120.77625098189479
216.87659034196273
92.69178274262934
278.5415256004299
108.59182212167174
87.06754455279633
54.845579278662335
74.14779550190731
20.51441134930093
33.01237480268775
9.880256777479183
25.13657737606382
2.189589114561004
3.4418432274414306
0.9931291448476454
-2.6691855497219157
-8.243298517819838
-41.692964353715496
-13.598841338527984
-93.75727566068088
-0.7616999742068699
-77.54393765437462
-44.84613316167686
-100.4376935220547
-104.05903346151648
-163.3537777536038
-115.34396088618702
-178.19072286539205
-221.598073876203
-451.48718555501966
-351.0691462720615
-366.627868124216
-274.1618830687114
-73.42372343464957
-223.01783663831378
-173.7080296613932
-251.06844508487154
-406.8121213410494
-352.04814352773906
-426.89238480169104
-226.71081522914236
-28.340331741237286
732.3836841598954
203.62995777942473
17.165178309212365
32.5186272070505
1.590427410259143
377.602126022159
1651.1781459219724
3853.767079595856
3485.623613876896
4558.311024901998
2908.9552346115443
1779.5817416136704
912.0730963478827
315.0749701513721
5.603150453198382
-1.4570020300991664
-176.93140173961058
239.80483500519335
490.036893823253
152.7703472672995
13.865065757428127
36.11625810915426
64.90137880885457
-1.3262390375178064
-121.8817444632304
-191.86643882489045
-560.6426668836668
-1068.9731687588808
-1573.358883695286
-3262.9468386322633
-2761.6622919979445
-3852.026046265802
-1370.414166040124
-474.2894729770928
-223.39898273817144
-45.3905974848297
1353.32982117288
1313.7051208530656
985.693177822767
692.1578620784185
135.0828959569816
-3.3925225237702064
-234.72056074555988
-0.06836530007664432
13.888517593227006
143.35309123787806
10.465380350457227
4.924140342416179
8.497708906300986
-0.7117603016068297
-72.90928361178314
-48.70351737476771
-198.58314952916348
-229.57029787408754
-187.04274909012327
-167.64968227540004
-83.3540138822024
134.44921462178237
1561.5690784239976
285.6142169428766
-6.702272689871249
102.29884887319082
289.9121961719303
459.1613043227937
-51.806913828005555
-1198.6257186845146
-1305.2182449897464
-83.3409308722928
7.415545107132639
-16.728422535894083
-3.5831378650771315
-103.31110925073227
-197.6547692480318
-81.5185849029608
54.43872943607215
29.164471847253406
78.89850106733923
295.0937642431299
531.139964254816
548.0790574866761
418.62596123895116
294.6083708548782
196.63361593598427
89.60937131901477
116.05958220595335
63.653138799666564
47.16198823438346
45.395870806975076
7.685298016503798
2.427915348818227
1.561662828681349
44.12585521856806
11.41108107543949
8.98108467205617
1.142159449678505
-17.306884934346634
0.3642095909917317
-0.5258922678805089
2.007747682646225
-50.340354054008635
-2.260461007911301
-9.973295963501187
-6.227599419578329
-20.641590977026873
-10.569732969307175
0.030589005922560596
-55.3588837616508
-8.460721160015398
-48.98402992541624
-3.5222837740299027
-51.20015073560559
-28.69059513787925
-21.01360015507631
-15.449881437618837
-1.6388939767329216
-14.677069235195747
62.6789719369708
395.1234081075437
2198.6702386221177
2017.009999478304
2762.121152129177
1743.6118081375305
672.073065955588
357.46672655647353
239.60461468046645
58.08150311632119
154.81139797935714
80.88122066785482
9.639570475724723
27.433025912576685
-0.1590266225187073
-10.615472252787315
-4.859146375227306
-35.80495812778992
-43.57125856618774
-32.18330142382698
-55.33299799929708
-48.363588997306564
-102.34565583438606
-147.21730897995835
-143.5648578392287
-148.98660575838113
-216.54529295124354
-322.47498888363776
-265.1376405596741
-74.91041921344672
-37.53843221882572
-24.94132890416749
-25.688467563356213
-5.8588679061751385
-40.69136854287542
-47.3104881234742
-39.395248498516196
-1.8625302571710907
-90.72124226751406
-13.272190410513556
-45.649271325048566
-39.587255533583956
-17.927021199829742
-2.319635901778064
-56.77467584235574
-21.01980547215654
-37.10201407407105
-16.072370660110742
-31.308221631303883
-74.87251769667841
-107.66395429451754
-121.05944903532799
-93.39781572033415
-150.49662353491738
-125.92183415693569
-145.38108170400577
-230.35015033921837
-76.30877681155846
-172.0711070196071
-348.2426652008026
-264.11972878075653
-375.4644863384754
-309.8653934768184
-317.7289569383025
-471.02763477198033
-436.3608487728438
-537.7321437290681
-157.09908301854313
240.62176241206657
1175.6367738410588
592.8287309254542
43.00267922056648
24.81555797639015
4.725645629330826
-346.0288094749299
0.6300038157524227
445.7546140584635
1378.745048694896
651.3475602442834
85.22163982338657
25.90195135438516
-0.07211413633491572
79.08864581329276
51.83315446355206
46.88452301636515
-2.8837360290417497
-99.37130705482262
-74.50684829493831
-412.03970087673054
-653.7965993415538
-975.3190171068709
-1617.9852077866794
-98.31695280803788
92.32950690800581
1440.511829736517
1247.6053865955332
1095.4281261586539
962.9748570005078
584.9443649977067
348.9285206961889
222.17616227680503
130.55253795533469
36.86292420741252
8.397882466173455
19.742897782339735
0.5427187685874629
-29.860197882809317
5.400362457729889
-2.1754988869284317
-21.89567469076252
-25.41321176836636
-28.047848383583258
-114.80688237674053
-115.50166962399541
-127.95798185010926
-348.03321753050983
-269.7933623148831
-337.83256893947225
-625.3480346626277
-729.5009605376003
-767.2352095054252
-1341.095813039063
-1891.832076485197
-1190.3523387797359
-225.05016200128432
4.219297017543003
82.3263638417892
152.65069938590293
2223.784169892355
1002.9628791025765
394.90459054825243
-192.77435243054893
-1787.0448186040671
-88.55249445496554
589.7254395183488
1259.1275149350733
871.2561200451223
555.7070812209009
5062.009850725146
17361.762253899702
17151.915147489555
40422.35046872134
50309.01807764959
61603.8969296966
68639.55283329752
128313.18695757922
91463.04155817314
102044.92292098986
104057.96842242478
116269.5143625132
132798.4296078249
207151.20937963444
234019.01436395038
200118.29643853265
209266.27840052304
219388.62246881085
183558.6818044964
175253.60253576
188673.964065551
193334.93566929386
187062.38651020415
188843.28899662333
223690.17641147133
212418.22233309556
219304.67861979106
259108.11770426147
278141.3405226228
319645.9142752891
384531.96723296243
408283.88019950717
497992.5622326654
605214.0200997458
880886.4267552182
2144558.0449348385
2370778.751178403
2310670.7361926497
2062989.1038521884
2402293.1370760654
-2085247.76
-1528720.52
-1702484.7
-2304359.6900000004
-1111291.3299999998
-754426.7899999999
-867778.28
-868311.76
-656397.37
-755920.68
-658210.0
-656966.4199999999
-554379.6799999999
-492717.26
-473840.94999999995
-417447.3199999999
-369370.64
-373999.26
-323150.87
-285044.32
-282670.27
-255040.69
-221012.58000000002
-185217.56000000006
-205584.33
-156927.78999999998
-184793.27000000002
-94863.04999999999
-97720.90000000001
-65682.94
-71034.8
-75312.2
-72685.03
-58409.439999999995
-59773.979999999996
-51227.17
-46943.92
-33184.009999999995
-19764.29
-12165.410000000002
0
0
0
0
0
0
0
0
0
0
0
0
0
0
0
0
0
0
0
0
0
0
0
0
0
0
0
0
0
0
0
0
0
0
0
0
0
0
0
0
0
0
0
0
0
0
0
0
0
0
0
0
0
0
0
0
0
0
0
0
0
0
0
0
0
0
0
0
0
0
0
0
0
0
0
0
0
0
0
0
0
0
0
0
0
0
0
0
0
0
0
0
0
0
0
0
0
0
0
0
0
0
0
0
0
0
0
0
0
0
0
0
0
0
0
0
0
0
0
0
0
0
0
