10020.060000000001
4133.23069417427
3223.312507735118
2819.767620525708
1859.1680330902916
1966.4660101736072
1580.8547306350379
1556.9310273975161
962.0465703676724
1120.2006893029393
876.0361509965026
707.2280465706156
885.5526403972071
571.6639295492248
799.1931117335007
1173.5053811932898
943.4821913649208
1065.7323809104423
650.6456808626476
601.0070643829922
662.5262653730374
266.9323644231222
353.46496705993087
351.572694014013
347.42814919517684
323.6571063879421
434.4368132343424
179.7999445099112
244.10906247976735
209.35496885944326
250.49787223686474
125.81486109373327
156.7363598020003
212.63672660485875
260.2000506954981
196.12102728853088
205.85787557478903
81.99969322563439
157.12380386705965
141.0422842178591
166.87425959223157
36.67020133737092
32.083694709792226
113.09896258064957
180.43805771575055
186.28547191441635
70.2286535832556
98.96025370036106
0.3585848006986556
0.00031722947872050376
-6.888776552432552
-54.62206632657918
-100.77240849966073
-80.65109811393015
-147.0607058451721
-336.1452446688576
-184.3964678429782
-464.99828660098945
-382.4631757077541
-434.1385955977344
-520.3864199960265
-504.3237975097261
-383.2025399985063
-221.99805802693092
-154.40047213509385
-300.2535924764441
-16.078006160969966
-124.02814299556317
-168.84544876737857
-10.327946621846468
-236.55575850463913
-135.3544205575149
-80.326309327459
-246.72849786853465
-109.826387174112
-297.2333641616835
-229.055993332958
-166.88778420453121
-281.76122186489295
-421.1850571250583
-462.8654514070611
-460.5766973908996
-150.53481583012706
-384.5977152405215
-229.99326035870428
-138.64689658397498
184.61039106924648
57.49935517211289
71.1136601674888
313.6667303300811
1982.2701592264375
1542.3015933128258
823.3405638727525
388.7805152156825
123.9749313062282
23.086115059679813
41.759391811678505
-3.0176524343413393
-20.443305770316876
-52.02463020349316
-183.6852374346869
-176.02283363994212
-426.7634029882813
-797.0816995856721
-361.05365052438424
-397.2106624754193
-747.6182920416511
-977.8554826182133
-1374.5347869110847
-631.8568930286484
-43.9101733858613
614.029395438727
1663.3618209765275
824.4561245349954
30.089880986122253
-12.210440072338068
-43.59216130362614
-91.01540242403604
427.8019566420444
3041.8583014459177
344.6144270387436
851.2970159014413
1392.9438846498742
625.2415625099223
115.12991688939493
58.76416901914574
-0.07576242823237676
16.722254167086177
155.15185274437926
-1.300830154124967
-44.267198731482694
-387.8279608496923
-113.57941180023363
-440.8850461419226
257.95673745556314
137.27659045344026
0.03064623076854544
-858.823152102965
-2949.7520338119666
-1456.98683092176
-497.23534044135994
-638.4493429738459
-1273.7492429976617
-2635.964725719397
-5902.658406102044
-10059.164240687678
-7835.643931943951
-95.83228800198518
-7.678669839147642
442.6849413335269
1097.4481756829045
1124.703102490464
1447.6404213082387
1286.631459214017
1663.460247159474
1326.3187393007763
1190.1507025082728
1327.58263564942
1078.6570290551608
883.6406990170727
918.9075232216545
898.7550527822722
397.19775649299385
576.1479513129657
610.4252023501048
647.167095320395
519.510496047417
327.7295093342907
299.99781286324935
391.97697677687427
334.52935846092777
199.71313137499322
295.132238751796
98.17258463577579
206.91174146239035
61.70204840742979
99.7774814996943
160.6611689002414
38.940655236127554
45.51659044130983
38.95357911736852
37.420654621600775
36.38260715659382
57.23443329650674
-7.311200187046955
15.031218111407759
-1.4666082968533538
13.880494595650767
-1.3642287711383596
-12.212525093117303
-25.834805148931853
-1.9391378750471104
-12.895824933703878
-33.39772548673412
-22.74659129235711
-63.84895947598317
-63.10537469626316
-46.057984034512025
-119.54551643943219
-120.33992494428136
-46.196037515712945
-111.55866474847937
-95.74781609621185
-122.3093429969253
-222.1809854699872
-137.3777134082408
-263.9472760275182
-221.67069153103373
-450.61982987108854
-228.64502857129304
-280.3599931727175
-420.2746004834836
286.2610451422655
54.31547424837113
-44.971948944275105
50.29476634886554
87.24421424981526
2173.3302523188995
5050.732770846749
3206.408533106035
2544.314824388878
2483.636124331495
978.7680257574581
1026.5660382009162
1327.4445715003435
3544.702894736554
2129.8684917687174
5299.5609704809995
8427.794278228916
3156.8326494790304
3540.2879677898727
3469.2850842210164
5667.516454794251
5681.118228565589
5156.5958749397705
2530.217366695034
1737.2020984452859
1595.5357786771287
2171.9405312026984
1981.2040855053476
865.3381090447008
129.19573391774685
25.63177561729558
-269.70206509516544
13.012205522421551
6528.73939942134
16383.211791853686
10249.813210734528
10778.650530928957
19565.9673824345
20962.52396231503
61818.54751364261
-432180.9900000001
0
0
-184.6858411067999
-652.2550874697858
-536.618952790528
-692.0861831547323
-1199.0377600020502
-1931.9408603895072
-2154.523136572888
-946.541023934269
-1100.4522246171166
-670.1816267275989
117.91037334230361
633.4608996968075
1083.5204591956908
814.2432662979536
963.4220773701084
1133.6095790942193
747.0355750917715
788.5402053775508
415.3034505244922
646.1516122106324
171.23879242185922
293.4841630359482
218.3437091596931
182.0090521725361
46.69098029590107
231.66782351307336
2.576884691462063
4.3871966617172005
-0.46725478168913115
-1.8956127960243343
-47.58926336607739
-3.077441406398006
-115.82681372316623
-304.43415773779185
-84.08254431705197
-291.1181425841142
-254.10388646924156
-468.62832312681627
-482.08838156195475
-881.9612922776648
-646.484757248129
-67.92955616756505
9.62870892044027
135.02630364124028
182.9480575741198
1159.6805014673992
2345.966695468097
1089.8590453561162
899.1046954764198
1112.2386728221786
876.5553206869129
456.4275694892926
166.55825452903122
7.758984170946572
-1.6251386837011467e-05
-22.374588758809594
-82.77529408731274
-87.80653620968128
-173.97024939023592
-272.86234206434455
-527.1926241184566
-630.3976686469781
-739.4137720258185
-1361.0707631141697
-1340.9820645486525
-1799.4346094383936
-996.7091125824984
-149.64535877816502
186.88094221527095
692.9988885208961
2021.0744143950183
1675.566304724047
394.7401080964561
-0.5145963521014912
-12.818619690880972
21.653361331143692
226.65424381475626
3.308491384015932
-137.12912612443154
-123.35697809922218
-336.47779340227083
-747.6323481631268
-1018.340435946138
101.21546217071915
0.006694393590209886
-9.63753783404975
-153.55537919985403
-175.67254181162366
-579.3592002354536
-312.11048573198934
-78.61710474970153
-221.29155394448892
-179.04095849113298
-375.82236181418955
-523.3595807810088
-138.40038071356372
1553.9433983934803
3665.1422043416696
5055.66036905128
3341.538104029575
2800.479624504466
2035.6177159278427
1574.9354696804135
1284.277407560035
1083.4098881072207
908.9528412964744
816.8402696015371
705.7775694578188
546.0144505399307
446.2677352575755
352.4701095133414
297.32841880459324
281.34713476136756
246.71883929910967
371.77594306530216
303.22506760724247
95.45287869990028
68.4977128975999
47.21093507019571
13.528710889258207
-6.669369040761476
-69.17752622853082
-186.57405894656753
-328.44447271359587
-220.28586054588914
-1623.8225826282896
-2566.0169855000872
-3154.3283512852995
-4269.942677636901
-2940.2782938976725
-1212.1274295671183
-408.5355017003158
-8.18342599822292
-43.87069612100682
5.00876568372144
-2.7229639671941444
11.059286381441266
1.7627970380969324
39.93799962600726
68.22084108652928
28.49917050985513
10.955564219191087
11.058744813250254
19.384258715982124
56.22059381104209
84.36397218707529
53.61949847102571
49.34171803459917
20.785687284269383
66.95566069568613
86.97511307954235
135.1222424372072
137.57040185084105
74.58235287724237
41.434791923976114
97.62366379451126
50.85906055604273
56.674400471578345
52.984780036322334
15.613333748736787
0.0025382145597374803
56.72504409855314
13.136560184092843
20.40777039582357
7.693006740832169
24.10929201382411
0.9644374572082351
13.417195723223998
-10.4126380219706
-1.198648933288441
-0.7458644344305914
7.585119589388667
-0.8643621880927268
0.41302403663882836
-5.068340088057938
-17.3331237195272
-5.44034325187396
-12.358994833976398
-0.06531634306727109
-79.96725943283563
-41.49756990952216
-23.25920250562473
-73.25868357553651
-71.02713218908941
-34.24825268261342
-251.47874396104706
-178.55280166968942
-194.47371119301434
-68.9589474442109
-103.68181616260179
-66.61135670437315
-40.9323979481439
-57.624331722936816
-49.57425464210724
-142.4520966867287
-253.91106395417455
-72.13800891659281
-257.8337550979827
-165.79481962162714
-127.72133806073663
-13.660767809256555
-48.845201386430325
-72.97088870557747
-77.26832316882322
-170.4219499599019
-194.5295662733348
-220.53075289697094
-177.48257378911742
-88.64228162174277
-207.03386663595558
-224.74776226500944
-230.0820503085962
-221.49732402044103
-278.47052193392403
-360.6803544664886
-214.25732367314006
-383.56576327440234
-254.77968748461603
-324.4743587340671
-346.18437613114315
-526.3126574897143
-506.76817508583537
-439.9809948546984
-368.2372881350958
-63.02036213464362
-0.08926303503277658
1057.5021799045162
2181.726408739241
2815.019605336084
776.5217712065039
1418.563057984404
226.78397754053643
313.5163495328246
65.28589157285123
1015.5972384328643
1708.1975536695445
1061.5766278217648
313.8966802540983
15.239425778896596
1.7586495356611116
41.434543676540244
5.22484321404745
-69.40991824877572
-72.38186603891921
-110.60219131765393
-116.37404188246454
-198.49633943719752
-83.88976640761842
82.10333711889089
85.74404867757737
-35.186530871686465
-3.4191769574284603
-60.9174500508048
-178.83540708696452
-294.7704674775904
-986.6659036588486
-826.1769737587856
-547.1458849087192
-866.2005400919343
-1962.6120110054917
-1260.9771014785936
-372.304781210253
-21.304600259263935
-244.60471716159458
-502.9511509255242
288.6532298470404
503.78026669343575
550.4840078140747
415.09782738401884
543.5221608451432
285.5604961187512
265.59376610944287
73.97666429002513
110.79261974350486
45.25140198551395
2.37262728961435
7.115989133598508
-2.1926816475474045
-14.625950340547913
6.581164130032482
106.17533799392943
189.3121075074256
55.93514461211345
65.74392135893791
22.386221345822193
102.05588283481228
19.61142986731965
-0.02610945610115687
-6.3277731979706875
-95.66841572886052
-74.01358300718981
-195.82901419894858
-163.38901308349205
-76.80490615789012
-109.29305872369441
5.199425394219324
1129.0299344750208
2788.2652347770168
1011.5895909233241
564.4891114280858
302.87886718426034
692.6933019117255
225.1852028634354
15.047457667570784
2.422231094438694
41.85837066381751
15.432425440280042
-1018.7114320116981
153.69965733800956
122.3748036821298
81.51370591010863
0.24724683758370955
1.0480539159917173
-54.81018552125359
-116.23974940314741
-356.1823707400832
-633.7422914002761
-896.9610088063529
-21.128551588035865
10.409958305964782
139.2633304651943
348.4916571640148
68.70019165648432
23.76608522717574
0.32410444888557705
-1.0898278462251902
-31.950940147573686
-129.51576644183646
-161.03118325177425
-324.17486361472186
-241.1138775202208
143.78344788786745
964.1218458914439
94.06264440980561
-134.29219907366019
-149.84716613426843
-0.11066905985834537
-204.056100032784
-2098.137889041228
-967.4941060643291
1.8165188385054973
98.31888241110317
117.26805521554238
182.52427797486934
108.58790314903675
217.26770106990827
168.61403706662762
165.60873355849915
88.090752922418
122.67552300842796
243.40396134629236
104.48335908467054
98.20854624274173
59.21571026417374
16.80960586111319
2.594667302893477
-44.62381561449429
-4.674924777367642
-205.69347636421935
-227.62367231631475
-600.7289915635338
117.76001886962793
211.18767867302415
111.33301502014075
761.7208005455743
141.74053553139706
-46.299611758527945
192.84675028909592
259.0997872753846
222.92982685133126
266.0764719989696
137.23498894644217
101.2071794324211
18.971666528011966
5.292508974595224
-19.59437290867534
-22.20057949754683
-3.7981421086301843
20.972134225787734
0.6859879949189489
-26.200001032246394
-62.31721797090254
-45.750957219286036
-217.97635232691016
-434.9467649936793
-514.3945481107276
-817.2167659231453
-666.0949005418756
-645.2248016875085
-663.9852231724491
-1256.015232177751
-1206.3567471070915
-1118.972599851101
-1623.6222600837934
-1533.2467812626114
-892.1002700745244
-555.0605056875941
-66.66827043123249
1850.1616357667135
2959.07502421041
2432.198068729371
624.6447227290881
90.26494239211563
-2.92170444974563
-79.13770351746463
-18.953446803969715
-188.59060853315066
-336.9236204312401
159.868289813265
505.29657551210016
22.64932743860932
-53.34811857596803
-333.88523318191295
-1096.0586739774408
-396.88620815906097
-3.7143912180242147
298.7113467060141
1531.5337748088375
1616.9287697661564
1193.413244021158
571.6942706938792
785.5678331802899
1147.9973993292488
323.83689138572777
-1.1984415777375574
-94.9105872049214
-100.83650146038005
-268.5216425675611
-999.3201666032786
-355.5563487410427
-333.733349589165
2.443994708706151
-50.197332682940896
71.67062207719388
2609.589346231145
2124.660147545086
967.4168297060531
1476.3146677201325
1664.13776799394
251.36947924694053
-0.0001516012319469725
-75.36535588006035
-545.2609288055162
-1433.8887192901416
-1082.2800222730266
-660.2695310663332
-1190.915346701607
-3061.4918125025956
-5740.023532339203
-1010.367122781697
106.78139110897081
176.86112233270643
39.73131750962602
0.21663246837968975
-536.0423020976662
-126.07868786726893
-28.689477006044353
-16.05606047742443
0.47443617954271144
1.4222138245254055
-77.6849679751675
-399.2844764612985
16.728294126133232
1291.837476084187
1286.1030063460007
1452.100989628833
1048.0846875541636
824.5358688461757
571.073877921857
338.8635743334898
565.8808950593475
239.96420586433504
142.8224222616073
86.63219482124283
12.435074820292634
29.969584145558233
-18.633960779035196
-4.852426432080945
-92.10348079813718
-63.88321415771164
-138.37187335773825
-311.51106998317925
-243.42321332832392
-268.4094771689296
-403.9861235225559
-535.16620875605
-579.3337320876915
-729.9893213586158
-1276.8259895005235
-1262.9573636915704
-1095.1532341085183
-1809.3179961675405
-1400.1229629226123
-665.2798920205076
-23.9781270606074
9432.248359858007
-25154.739999999998
0
1363.0626615626043
541.6201786020954
874.7470319195382
930.5075066731317
649.4979006592513
397.25201413629424
307.7105604829583
432.9899642510889
400.07052891275146
585.8986278788641
886.1425955645939
1791.4436847465126
855.3643440108626
235.98120855582874
99.59797032159847
-35.79285634667601
-257.6498685582508
-1155.9118638052598
-2090.0725687171716
-1292.4976893786743
-937.0767059797829
-1086.0896233140456
-285.95772580286155
41.640173883714034
19.014352533621057
113.30991160876928
57.83251277704619
163.46866301169015
63.43511810645248
290.78061721861127
409.9583103537856
401.14048840457014
473.42048963898264
486.84532992994593
200.6792674502211
362.9552497242509
337.39336580234453
229.26408580646654
198.46808409725344
121.48628309235865
63.76723148882302
133.1888725286338
94.29526644272244
34.61843034961228
41.01745003882921
20.930160347374333
45.57025826763143
63.24668127479231
47.064863413421094
54.97221394599031
0.010168553368856127
110.50517144890821
10.981409379997654
12.81165749983667
36.12933991963349
7.28227432826164
6.788333244074781
-10.348334384828037
43.499237807042725
-3.149282763582976
3.857126547035273
-15.980392668901423
-12.966695235182549
-3.256516937246789
16.60222165082159
-104.41835120313942
5.12406918221711
0.8431117546184577
-36.352585145040045
-1.7466406525487168
-24.774490291623085
-1.9706950423839436
-11.626885207852201
-18.735118165744595
-30.11093125072731
-3.666660727893261
-45.352222383865
-40.50661618116128
-63.242349613241075
-168.56327875435488
-44.119632144283244
-74.69333917912206
-210.34088840093165
-85.99903718011039
-166.80971352823332
-135.6265251313526
-31.542999943376326
-39.150998467335874
-20.206994599047903
-60.96260138308827
-3.400170737566995
-52.76329219432746
-25.352416155237393
-50.914585081629454
143.83350647029138
104.87770057000716
112.69067796610157
281.5715999137494
43.26498326813117
161.7723997230215
143.37133043084802
80.50010317157091
61.422378474588115
62.87263532393578
27.433707848912444
93.80243773474584
71.79027277854232
67.27281703125098
51.671941376809684
12.06181783624353
45.96512391272978
33.5746604685425
7.3081834908481875
53.92537160673113
5.57868805405597
21.83311307308464
0.2533869814083708
4.893162718320434
1.5490498396034724
-1.6921023038677112
4.910445514384063
0.5854245757112666
-0.0682237381850856
8.176990543151256
5.2059172610354665
-0.6301423437332778
2.563097561253505
-1.196629289070731
-12.802556595749715
-10.45324710210641
-2.4025309754691992
-9.053286905166631
4.593296371608667
-3.060914074235721
-2.1378418604056013
7.398424768071556
0.14912803988317277
-9.53172884354445
1.0139522706995832
0.1046725302321394
0.7811665892054294
-32.8224979334325
7.540407586276952
-2.186763241448224
-0.10372071287699731
-0.056853616086941866
-32.76846847818014
-15.146920695948207
-1.6263920866737664
-2.5244912208881565
-5.8882758989725605
-12.786533322081478
-5.162575966188725
-7.65074576923118
-20.50996927920103
-7.998140454332399
-6.972707615160333
-20.868470425447246
-6.611672244810455
-44.65257774743537
-44.641706626038605
-72.64588351089228
-100.16862743171816
-12.595039670131825
-0.007962411373380374
33.233027662542696
6.8689438833966
96.58884804216788
226.46550258602676
101.9089423257698
107.0499235784254
74.6860256294737
21.57575808031345
53.3043563922035
12.03437700732887
-0.7104049835860007
18.685139120550588
-3.9898406485195443
-20.161159441693826
-48.95588026165494
-26.993876629563317
-52.41546928092414
-134.90300977247
-133.32318549167934
-196.89282687363715
-246.361895162128
-532.9316885463785
-461.31291408763263
-653.6764934333605
-620.9364108989638
-434.3201635619115
-545.2021597746668
-192.47552599393788
-21.711080268227633
-4.83377095233634
30.02896411087937
-10.508838431709123
-108.10220538721752
-99.74761882082986
-139.96179155903164
-210.93856091458423
-211.64377634373562
-793.7217039003266
-2510.6544837984893
-2475.3983928686926
-2036.9425421505916
-1560.6509590093474
-2044.27132472393
-2486.789007861592
-1988.7856270235727
-2559.4306428573645
353.8493129807115
2265.898783507801
212.83780384403525
156.66781836609783
1009.7354898552712
4122.80585986604
4283.1855634617505
3561.564806480765
1126.2051792291463
2803.5658858890574
3146.32812048017
1303.649191139599
787.9363889611259
350.9453693120412
98.52363966093748
-96.1979098154546
-61.51711625618438
-661.8654552385685
-753.1832073909521
-2953.958003543743
-2667.3973880644926
10356.21437421425
5578.325674133251
3091.449674037325
1990.0357872454993
1128.4656872271228
370.52833531936744
82.63398545767637
-54.80262001030408
-97.63665243362718
-846.6197580310477
-775.1284807463587
-1320.1012117251016
-272.45801121251094
-1122.3146729133464
-1974.4707928527864
337.66139288891566
1574.270325876625
712.2223143357846
53.069816065687505
-16.539442024777593
-556.2346852972419
-1365.2504743515703
-1274.9452372594421
-3934.023624677905
-3841.8480048482747
145.4522646194775
2166.7042101058514
2573.3916464016384
1443.6280641770197
2085.2562888773027
1614.926832351952
605.382433949316
253.78666796906435
-29.05848569532962
-506.9692267804545
-399.3463836154496
-736.6030603602569
-1705.4586672098044
-740.5308750137735
-416.3101661451459
-414.5013387018894
-568.1091274141947
44.28790421188444
-20.131875745412174
-287.8790711006179
-678.9515538358843
-707.0396317214709
-2491.9899686825897
-5208.205171439063
-2351.062903870877
-1098.3195215086162
-343.4390522694006
42.68500184549804
24.25886518779312
2.040215360931294
-163.90292275287763
-222.84463163368426
-90.02545729853449
171.76941024742854
401.1463080376317
410.8394305150591
272.67130298994914
354.0926059414462
743.4963226784868
1209.3112631291451
1815.725509524055
1079.1159996700057
698.9214841643727
272.84116444447045
92.82423861217526
157.18191784404024
88.48684075792607
125.61065200585108
242.29239829420925
389.3146744577539
1401.3095325631602
985.9378003059265
702.117157145178
431.8839214955207
252.23805636320515
181.79627361678087
71.74725732994474
38.10058066919069
34.40161272255928
56.122993614008905
-3.7824983104714294
-5.470355968311473
-27.392179283863932
-70.47462684940731
-97.58907795666715
-254.56232852656558
-297.2002682395446
-162.32883046342175
-455.546364227042
-847.9924342140793
-456.73748012254634
-843.5860586163802
-1266.6884401961709
-1571.3485028643572
-927.4173832463365
-176.140104911503
-462.1699622200149
-755.0191223672722
-758.7980357660562
-159.91335648602524
-72.29062631244331
-14.511032961361288
160.26686402688082
3368.647664950773
1159.1208546462715
274.83472466410205
472.66985978390323
662.381093339723
83.31837281973931
-23.879411726114874
-188.85545931381475
-859.4828982199334
-327.01194512028434
196.7339252750666
13.58033383428132
-26.719724597797736
-127.68337947969567
-25.068662381832414
185.01207960665732
151.73331116772124
1214.1456044609263
33.51250041460929
1.6811750879615834
101.70207335499774
-0.08419309679886347
-458.4669677804176
-3.4762005191472714
-4.8592390619380375
-33.32418950406159
0.3761595352459788
-36.30235987602076
3180.4866470112565
5795.135238158673
5339.463943693133
3077.292052005413
1583.9922519313545
2424.932335672491
1698.8786812442618
1168.504571037825
710.8508412714671
513.8784865673756
218.00042193765336
10.31716745377236
-99.86995526014888
-335.8923096643648
-16.01921165502252
4.520229410566013
96.13975434616701
39.9174798867932
-16.38977674602568
-269.9014584301988
-156.94249186626382
3.4060089526067996
88.92627981762128
0.13271070372833743
-82.73965210327293
-67.70253348121167
-355.892940325641
-1132.7474099632093
-3904.268038865752
-3685.399792054255
-4384.617598999337
-2453.866185479735
-1050.364929292604
-1328.7449862453748
-757.5001091618334
-19.042212636230822
11.282617160374446
27.279043157720476
-0.49633451594172173
-0.8688281281866531
29.361505216526904
32.32356405793571
85.4380413048044
332.48247500340074
1561.382614857084
427.3569206808051
89.68111373194944
84.97044518917482
197.8720700961095
236.5115700360765
61.162102897403415
-44.070953842976515
-264.940475592401
-382.88791945643777
-338.111547055263
-1136.0720645774488
-159.6838149215069
-0.1838003609411178
0.08908357345474563
-6.89484092052124
-51.42016563580042
-66.4034055028736
-433.44977407968304
-101.36923035757255
-194.12507493352285
-358.4438191446154
-577.3010400154805
-1260.6673979773504
-999.0583538456049
-5.905125167881249
198.42784922907506
203.70275291380148
202.91811961740336
122.89070534294297
82.5232026705561
128.06942641601484
55.410098546882075
73.21169468085246
51.50030467110441
77.27328044592338
38.486924756963376
31.867662813246284
3.6779190138098166
-1.0108119876267976
-6.4230426514800225
3.3814388719756474
-7.085277780136547
-9.707033033327187
4.0961315572065455
538.0665435835876
1599.7909983952613
686.642148637798
256.6746517363457
61.13527345070381
3.128785945698335
-21.27552296015072
-10.46317672286473
45.97853779816558
1141.8238628721979
907.6170267073783
1044.8183774547829
740.3746332867515
394.5967802281979
232.81653339116178
129.79958914203849
33.256840285189625
23.191105778589133
-0.1847179797402923
-41.46061031457316
-51.57317231778771
-170.7354293727506
-307.33444791648174
-428.3590329872755
-599.6467117871562
-628.4156129411941
-284.9387140874794
-44.53113661053179
-9.487064114958164
33.093794924453334
-14.311164042188674
-38.537830608049624
-28.837667188507652
-57.98053759222664
-133.09362514425317
-104.81017231022732
100.85478024438805
759.1243373460584
733.7947128276655
91.02868458145454
72.1853597258679
9.591196266273592
-68.76010220849896
-231.61635901976885
-722.7734531448102
-1144.8301578686544
-2208.703285534484
-2666.888924036503
-2152.713558170515
-482.1908669694968
165.8624639949937
228.58555547354666
109.66806995353836
56.76909043264793
7.444812379836854
74.22371381252015
597.8797421863433
877.7050222250174
884.1252904194193
662.0866066901831
318.53174300320813
175.1844783329224
193.11769662069946
45.51847065250277
21.41077795392294
-0.6488184496344029
-73.34923850155832
-22.011245655771624
-39.18797578308505
9.16160222395261
7.274209534306034
-109.32976922377632
-287.71014553615646
-658.7324406484394
-729.2558207776073
-1138.6241381519744
-869.6375428420324
77.42841161405188
123.97952592402103
155.46138533448385
-13.202524275502032
-430.3842307338432
3.5048877375426013
72.0980661258064
-1.5883861346906922
-64.23429302480463
-60.976790834253926
-362.35329662252514
-521.9411961841257
-832.3385999810148
-922.4968280795509
365.3082459904907
122.73463547614136
14.878574854402343
9.138001675509575
-17.348473701209876
-47.32005550799971
-12.742216754189679
-37.12299128363924
0.5596844541639474
5.109378065444009
686.9688564210372
2291.0945741548667
883.9636117889902
53.392712382337734
241.16552354094094
4.441572513742891
-157.5202622481258
-368.1427269252076
-112.72517803442483
22.806779808678783
-4.5303607235363526
12.106226589454813
-0.08740600734113116
149.6191432219809
371.7458917411775
-5.951600387877063
-138.08643172432647
-307.4628453483268
-1387.3348385002682
-649.5557105788591
-1087.2054589031134
-1214.465493403925
-2804.145673474137
-4577.788706252861
-861.8603367104922
-1028.537944395753
-2848.074464846778
-2296.027296255519
-40.293386517532966
350.9276663528849
1055.8623300020174
1958.5771561842166
2463.3464849679513
1929.9107773872215
2107.539991749826
1623.2741804585087
1382.0817955606485
1127.945142031439
915.6332709544052
916.2608625234418
804.2491350971184
805.5615486775586
513.5355219427665
349.93536160833975
430.8960853533159
158.31338123358012
301.9095333399796
197.58770254627206
246.21685828968458
166.7334922715143
228.78562469858102
159.0302411562896
229.93632285461348
238.08942876862176
108.84802986403109
236.11696389350053
133.68523962358339
36.993222307927624
87.69717958466552
78.84856569798309
11.1078460751782
32.605673749167224
40.06326831850785
58.57638395592322
2.870288689687304
27.054932194027163
3.139989792981461
19.62317956428831
35.20181960760376
0.12251467168853887
3.451064723454309
22.005111011272696
37.77117664006801
26.0264199796273
15.242807028349345
36.03991809976639
35.72220094394497
-2.647773977616795
-19.466924684212728
-23.522702097282558
-93.95059736244704
-417.5777050063428
-655.1199859427662
-663.9524432943401
-771.8115893281396
-1049.309067332853
-1153.9709267483336
-1518.9390495317994
-1409.0380444301452
-1093.0263626390506
-34.48440887537865
152.48886525148626
164.58326895894845
111.67267089690212
204.10948219940232
217.56085448763082
49.60183850529279
29.41211883559336
63.138262234110115
39.8001516977099
36.637838541402004
9.986398299205044
13.226192499686444
128.08160597982413
103.03177099022581
44.943333799421275
46.301899639527335
1.3065826632645896
4.06632472030231
0.01747450498030362
5.223884899972621
-3.273783517020101
-0.0013564015179715447
-6.4357478869773805
-62.227954054430434
-72.15917254646764
-26.94839696251318
-70.06763446712294
-30.526739902565758
-89.91102732344575
-146.08645753806925
-194.45285009682533
-170.29818898118958
-212.56547809768807
-169.61406310000524
-386.4425538022665
-401.4897183029568
-325.0606653175698
-375.7324594873968
-472.4047550763375
-569.4659260346351
-107.56365974790262
23.838729319377205
1596.7192375027137
1008.3030713364001
333.1991637726169
62.64974554434234
-73.3396051599874
-88.64663911179548
20.080365880210937
106.2226376186908
-35.563692062347585
-490.15312205616374
-1691.6510752034283
-1083.8320208036828
-2484.4847711560988
-1627.290933019628
-522.456655499646
-1251.0173816496585
0.8770227095226717
618.2325572037934
1527.784513489749
1286.39185375532
1178.827450533658
1003.7345343920479
1060.2145477415797
805.713686077659
620.8015957740666
582.8091764726621
642.3854060799547
341.94038595720826
608.3682487697702
367.3299447613386
430.0564827722844
440.6368212082302
482.98919625111284
409.6617153379542
198.51285959717137
206.71260234857942
155.07225468107143
108.16346386808043
62.09904116455592
10.276453593558807
46.567578738838264
63.62596981217948
87.62393482549663
1.8868002068698473
2.813438306249018
2.86113817316449
-7.028267012109867
-1.2739143112839892
-4.031753126284973
-43.383148281172055
-35.415937778984954
-95.31551339005964
-88.45099911814808
-168.47314662980955
-274.3748024657636
-130.25517800069022
-363.99654081407016
-275.2565722437636
-390.8663701049739
-501.0701383897314
-658.0247792834281
-444.1019267520069
-548.0155096725255
-812.3097814504001
-971.3754528506597
-1045.3740814608852
-1483.7468123231074
-679.497821900869
-981.1118167720225
-1267.130130642924
-1443.4998623934853
-1281.0005216392137
-1921.6437608533101
-1639.7318333407443
-8.245721050832174
5190.240956716625
1264.1575167777235
1104.5019378036418
510.83642636291256
61.80511648897384
2262.4632130154555
671.6686705937427
196.23119420514462
-0.0009278312580614176
-143.60961707537427
-284.34093657191187
-826.6177931889733
-2623.2713232529395
-1067.1194467543355
-3.652367346085023
-122.53522271960848
-1186.4487000012507
-400.00798918566875
2426.398536370278
1360.2178443942275
522.5156460133267
436.0931527374804
1941.3010117491244
3184.319361236
2687.3348810809885
1981.644658064999
1758.3007743409166
1346.3049047871123
1376.385141025374
739.2740666276
585.8177670132095
441.9746417720755
407.7749856441669
152.4532200160911
77.37319069504868
-0.9612809057165346
-82.62364667779414
-5.786901700550002
12.574610559565873
1.9337601496502717
96.38318301168133
64.50174236238142
280.0226368518204
49.98160769628133
26.07908971537455
74.31143107940353
26.874467568291067
-0.38662252142288567
-28.459316903405483
-181.4350728521662
-221.0148652209421
-260.56324217914016
-245.67864149708487
-788.7892136972472
-1088.0723408787242
-1453.8010765451556
-2741.8064287521393
-1561.7057276516093
-2137.698758288124
-1392.3652817806887
-48.652274920022414
0.03241267952883538
127.59666034433445
11.623689517561537
-22.581224603416615
-77.19546750304376
-352.91441524473635
-1108.1677728647064
-38.266924401503715
34.064614290937854
-0.03342032253674725
-26.0869136554187
-124.55132821485194
-340.0160976657718
-684.1702886993298
-902.8632105271622
-767.3423213628422
-1739.0113405326501
-1194.7149723538
-524.5001330808907
-112.30299649943882
-3.6723724645774443
-24.265602285870536
157.52920178986932
60.49931068082372
46.725892181032
264.73716549361285
640.7474895257774
196.15754389450257
50.709490062492
39.12242382273419
2.0915843346747294
0.4928724543863132
-37.51204781450746
-1.7866574344456396
358.44923887345453
660.6724744634869
1776.0301539840816
523.9992021463224
1781.8447080384844
1948.3845657905176
849.9869791717754
34.94317500163231
-411.5528848568981
0.03813044787289745
-87.55917463823914
-1127.7343442151107
-17.474391600383154
1077.565527499365
420.34623888215
22.73442110903822
-104.64830557849155
115.04711821830867
830.4817523814966
716.6726321861803
823.1420475334752
17.513843775592044
-421.20085818244684
-423.18163039725073
91.1550302636899
951.4112763776686
560.4715681041993
248.5595205535771
122.48262407569266
7.527621945335803
1.5666691145871225
-5.052078479612296
-29.260696342101063
-265.8043061588783
-299.2915246081724
-478.45693681128296
-456.21044744907874
-154.1285735381747
-61.61322111856603
-37.19449263069272
27.397755862384543
-84.70868738517296
-434.8360011200145
-791.288000766511
-1001.398908231618
-552.5784774797247
-608.5087348988125
-468.8030392842812
-10.706231396390715
1202.6568214486542
502.4797876198047
1451.4678533272895
1407.6129572592492
765.1761065718916
209.13614932977134
27.45211590752561
-9.355828036461826
-126.27735135194489
-397.23241076271165
-851.4781970896306
-1917.8888039502467
-1032.3862586234773
-150.20005976627476
-305.0995746466924
-1180.7238895697926
-2538.678662235084
343.60454287384255
1106.9866757082948
520.8146772701687
4.688267854123089
207.41760051011318
251.52713966692858
125.35789148152075
-68.23059021845054
-293.1702005407422
-2435.7849649474556
-490.94598544102956
-1394.0034326477985
-369.7954716142179
-674.2128847552569
-564.4105720032974
344.92709812693295
-116.0950154525483
-56.40156764582732
-6.342931418395458
-56.35463459515863
443.3693744483463
101.81804035678118
97.63761193737939
-102.43606959917477
-923.730807583674
-0.18341444440608023
1442.8330515891519
750.8464629865616
240.41680702740175
-189.4028654280104
-92.33437440968089
440.36185462582176
482.2467002906724
736.9920315076627
53.05926397923765
-109.58718584191493
155.29270855353064
-53.711003382909745
79.19430286257167
96.18836510582953
-15.398866462703687
157.36743900915496
381.62328741705676
-43.34351503271086
-187.2876218266204
-144.24380143908905
20.07463719451917
124.42115622686126
-70.1252671143465
-214.52235821180855
708.6154102557252
164.3252325293474
-36.92061830189243
-814.910902424918
-865.5460555377757
-306.4145086304991
-117.01882349716857
-515.8060251311642
-713.080456468492
-546.7016795783429
-744.7671004281513
-497.53266302863403
1.8842584307290042
-322.2066592864533
28.972990040898583
-34.70638461359617
-274.7915298694963
-558.7728778920913
-166.68184372632052
-1218.8064057135502
-212.89843170964087
-788.6888820390652
-4456.767040921339
-1843.2120257954607
-40.42612202202528
444.8694169269151
2443.894953873031
1424.6534957985532
1551.9056690747325
4166.967758777786
2133.1299659527976
3545.9154088912937
5940.617213742058
3629.522267177769
2333.5877086566497
2686.3949576485597
5886.726225254304
1470.0319417689843
2698.8556082825094
2455.789032499593
1910.3392387498488
2800.008693091078
3417.2010046393916
3160.571703127447
3505.2950069791796
2680.616461188615
3330.384752031355
3020.0137026789075
8572.498477139008
7282.441140535928
10016.724358869698
17901.349372007207
39187.673718153004
79089.30910794645
-279463.69
5964.6392271242885
1904.6723310065026
2715.0967121217845
1809.2588015220035
2192.5303663236637
2713.8498508500957
1200.9361720853324
1208.4027955534975
2609.9296530402753
2379.525953367832
1814.6702546439797
2524.5050704428877
3366.5735008971787
4102.756918528025
1121.0955652610178
2974.355128814666
7756.236946463426
10283.90562718225
6056.753069620254
7671.465813157473
5409.628829094769
12188.227213474182
9248.057899244497
3496.2575811717343
5323.158131259144
4171.152278630767
4009.8901549172633
8127.831741722779
25091.28278237447
30996.75448255013
23463.361704382558
35289.905515285194
50275.81895425272
-272329.32999999996
-281099.01
-239.67472783078088
-1014.4473235816947
-1905.9685666179635
-3786.810325902534
-3797.4232031300335
-1724.2828237860122
-0.03908665309164214
1222.0918122991363
1142.7689769754477
1421.257274659854
436.615045124876
102.7169570704875
51.450839873653074
-22.99747457709085
-731.0465682314466
-1003.6118479810573
-688.6459227171301
-148.2404671831245
-27.30637299895403
15.529516671074013
37.86339172289834
1152.049171923879
723.2744443367894
189.28408926569222
286.7311043308853
24.901202887428695
908.0540779029583
1175.4533140531585
14.242196174638021
443.887548814752
1661.2622369408555
210.69068374007776
100.72181112538402
5.344287620417395
-581.2197074370521
-1597.5711541244484
-1028.7819296572827
877.6993351079575
78.51342040339247
341.201983482012
-282.5606221227905
190.06819327021012
-236.1013300247929
-863.1969385938878
-1146.2005859068186
278.88530169571885
1650.7431470328634
562.8183707288981
-332.55754545578264
-2018.2570553272524
-348.12885858070547
-321.23274857974445
-673.7549928972868
-118.63150513121339
-16.963023479582017
761.1044237671076
1211.8838854028074
167.11820007973185
3195.19971741081
3314.565091215741
1552.8696061192873
625.0493869922589
61.33093533670434
0.6426746556377642
97.36040531459122
-95.35865437374423
-970.8860437787222
-0.7322605745099802
308.2708629585768
1.5548272496445987
-516.877269406098
-2026.1093127204094
0.0003030206616893503
2767.373109893643
2142.3004860457054
1308.1154142192886
1221.9647737799983
911.8671306330508
6373.875417917881
2806.376295211985
2135.2599200166924
866.0079623031655
383.63889584068613
1588.8458057809303
2248.2163559011105
1092.067473172583
1593.1177304245125
3675.1503970065723
7169.099699997378
-147217.75999999998
-3001.71
424.1051078787258
22.067020376176785
772.901342560358
452.78975600376754
510.0207100764692
483.9140202084757
807.0985127010777
744.3274106141027
78.62089550392201
521.8440214231755
500.8145217640814
281.5768417218634
379.460745221768
286.16006229373824
124.18739123381135
221.1118026345499
333.4468293897871
188.96257780344695
20.852047067702895
3.2665967000948
-26.77926642802677
-25.224625851794787
-277.3785635419336
-190.12945795776852
-516.6094009211589
-649.73681035001
-1005.8046395921409
-984.7098412217241
-949.072587314627
-1036.3268345949211
-428.93205836732005
46.89745465701773
1905.7092552237414
1807.9285628702355
425.2812350914171
385.5162609381524
665.7382239161294
699.6573973045075
431.9283761246617
4.554764981052603
70.5433152470202
260.1966082757424
104.73837539945968
42.66355584025154
-196.43582417310407
-786.8694969126823
-1132.564070050479
-84.75862323009831
2067.271449460304
1476.5256680200432
630.1448251648221
248.46268460442957
-3.2955728648490537
-60.3079267412044
-834.1074476049444
-3.6778425786668496
-15.703174624237297
-190.09014813819203
-11.803092338452988
813.5557650182918
55.332063995415425
41.89859384671028
-183.54864185628392
-719.0504603250223
-2040.2587324096457
-1515.8989829601903
4.723147595515255
140.15546756543984
50.29551575308386
52.72765159156754
210.72842887120098
122.09404957906463
31.572901911864165
21.555796132506515
92.35247634403912
46.87340985766021
-10.306061941362648
-42.94819060969385
-218.58584331092587
-372.9827522753885
-733.4233486967968
-808.1268953118356
-373.224364736254
2386.654721411533
75.40880827169849
-8.743265784113206
-7.2035248699862615
-101.14281996689085
-139.99799302570284
-2.9783233306417003
4.831600109515923
-24.36559557691763
-0.052840291094202296
326.0522916324593
12.53288401943546
-69.17818368923082
-84.83450374768552
2544.533107663064
1484.8931366550873
717.9979039489058
302.24344859071573
167.68082400978147
27.578699169267374
239.43888967295794
1165.9511764044046
809.3445838577313
187.92092600761816
87.3381699992876
-3.7362076060191227
111.19720672288396
-1.8405268477311316
61.94170898112088
-0.6705721245728631
-6.523889510442216
-159.44423644010482
-469.9701605389798
-1122.7272415166285
-2824.3980186886256
-1128.608958504964
-121.51107957039659
-207.78024778997383
-2436.955030230775
-6749.08506703019
-73.1438831879656
40.77604306155107
12.361482256041159
11.852658545285085
-32.814462373762055
-160.24443327303496
-22.670493245696058
26.019191116826885
1060.6460305776443
788.2729916514256
766.6814131179996
1030.307675783384
474.29643470035444
309.2721036353032
205.45550009849194
140.34677176935824
107.14151700405401
52.3230896974444
208.26506426137942
3024.937410700165
1597.2854186145707
985.741184453973
64.15813703983143
-601.4969813472815
-188.3449016952823
50.48219582976566
598.2589802052428
54.06002026176043
190.18076299482337
48.44207824360492
-0.40207115794159354
-50.861216763726716
-116.76504833051641
-228.280222445156
-474.48094351983366
105.64810446502447
-2.238129307284792
2.836852972590157
-133.92292843279228
-193.57355597811528
-200.66596190611844
-26.34894755167484
-660.0951641489974
-2363.7851846199433
-32.49176085576867
-162.77204840964262
-574.669701914672
-726.480561007035
-508.0210554505736
-1227.8750748175232
324.7981839539998
-48.347580196073395
-178.7242865719034
-549.473633762786
-1534.8510898677914
-2597.02685830875
-342.18377810372465
43.19366265392736
460.83524911371046
1002.0115299307273
1080.0310552501278
67.26274988970661
-467.84173231553876
-284.95136377782666
0.0032334181624439247
-40.79353902627811
-441.7331580218219
-148.66272824981587
-799.8479031375689
26.47124537967578
-11.830632099354215
17.968112134511237
-16.419896224043878
-323.8966009524489
486.99918265848726
904.3756290833487
146.16766383207437
11.98438279410446
-108.7920501477943
138.301994531019
154.71822622126854
-16.802934005836985
-0.08815379249050553
-174.99171390272983
-3.6174583312043054
107.57990931640073
-0.814310596476453
2.848111164055378
437.22425460668484
1481.4479691406868
486.47720546974836
77.45056011250558
-57.67810540869404
-269.84551645834733
-1286.876445202966
-3231.577608731056
160.804580924847
236.22364221369202
206.18380313829283
149.91643628845236
464.26898695754164
1042.7057273628427
1128.3561557065702
998.3561737258158
802.8844046441423
669.4854899619884
790.9019952831328
609.921179313867
266.61966202332405
521.8843030356011
42.2493778828829
10.474810637477091
281.94471752009906
229.34596186501875
219.50791011624798
127.10226030203995
208.28938362802302
38.86129351896692
82.16851049755132
17.9142094667246
75.60864395558794
17.591706471194136
3.529508566636296
2.472977685586608
-3.1941639249478806
-3.9528541731891456
-14.578212801233706
-59.33032138607095
-19.0508094944084
-4.927221828475793
6.882820810456884
25.1710454504453
-14.761113422703433
-1.666430880088638
26.395760934811626
48.26576585235206
71.42022713838442
2.6950496795267442
11.213193386234229
0.9317096865131734
-0.8055689728158462
-44.70863615657267
3.015631514258998
5.383135258218519
125.31815988948748
-9.751490494043368
11.395594318543997
-70.6775681347938
14.018845897144185
33.96612589961945
-0.42250024345552223
-63.97221433334734
6.576103344924643
14.54702686426706
-131.2126536495386
36.49413757756531
-192.69807582941672
-36.7525503153035
-56.30428393516164
5.059029654341451
-15.565291311249243
-104.50845977415881
-52.25191009184399
-144.66343035112953
-27.084893899142116
-565.8628046595652
-279.73758322671915
-195.18995725852247
203.8769316953575
240.31513152126192
4731.621398615698
-55840.89
-14181.380000000001
0
0
0
1272.8883984840577
670.3887643224103
942.6103304763676
2407.794069011672
1495.2941526962982
1009.6574029029147
955.1137310070832
419.15812565709405
437.13447435342357
111.30743224607275
208.89148619743983
397.00073809518494
881.0551628153353
676.3155807481512
414.11836862507096
231.86462606426784
324.8122150745595
186.59266600594722
226.52592204392113
6.065785124147
50.323338787970556
6.762155137553535
-0.025168937500273603
-3.1877749190605993
-92.53632809776977
-56.74174444672859
-9.641787724364566
-85.90147821639188
-123.10340282576442
-171.08186485612828
-226.40430021330354
-316.8187478429998
-326.48769701941166
-387.71022968177397
-311.0127759518178
-286.6257519097458
-375.44987753693397
-534.293944307313
-515.7005328793764
-414.59635545235517
127.43782415812521
286.68043063270943
363.98826054792835
3065.978046901453
1062.6322607381258
79.0225896866211
-47.9524564235887
-771.3786905987395
-1944.2006498038718
-1665.6703154205848
77.81379452516566
58.19051730284232
-15.245213681881403
-93.2360191530827
-356.8436768674269
-176.6112263995805
32.975047018779065
835.4109179328539
343.6157200401921
-29.6744985988081
-24.27638765768635
-441.76134390604693
-627.6086742823871
-1772.6198033728456
-3268.0439641792827
-2216.9819362190237
-4197.05427972267
-933.4108364808691
36.64341579967644
354.35358117690384
298.3942376672036
344.91223703094204
251.88508558686405
496.3718423877823
594.64377844696
192.11111887639967
130.29393968213324
67.69108489314218
-111.19899460737196
16.26896085678159
529.3443888509394
522.8009038702419
459.97607050794136
350.76166071723827
258.2115135168387
206.67367511693135
216.03010627610345
103.93526494451187
249.87827368987112
235.61087474373193
176.79313943798786
83.84553608755144
78.00813848200234
46.23911919537312
51.94977390533847
30.763859640836266
120.89384451938426
183.22426692218738
331.55763200457795
409.9875543794333
239.8231228285403
116.90295346173394
238.1529312302689
111.34522678695257
136.06848229928602
78.77512477658323
89.611487224855
55.45093862752628
67.7601182830401
149.33289127837415
132.24487134890268
111.19089448017023
97.06536323069756
102.76561013234203
73.16863145529133
103.27939326099774
32.82327845335074
107.65376041609773
66.90300791298752
54.98188832023041
19.03988349650821
25.624080660751986
-17.034990683155705
98.0485869121859
108.39262361070062
38.0814267097442
0.15417391564264243
-60.58959991415942
-124.2388253523547
-280.0899701774053
-314.15663314285473
-414.0033472437025
-387.16641879635614
-754.5530817361105
-609.0462494909444
-761.2366498768627
-672.806267017146
-813.6797886929612
-980.1939431417169
-1037.8259540615336
-1234.3028449516914
-1119.0670262549495
-1144.0892553282256
-1046.8912513584412
-1295.9550270397624
-1221.5703162984364
-1637.7278123101898
-1200.3588246699599
-2252.6344973276878
-1858.532236040889
-1900.7833216108763
-1385.1975537265243
-33.610050464112334
3613.3043770363875
1585.8852963958705
1092.5786443003014
5965.028520253456
1826.7419424876398
261.4650238594363
-16.913078940523242
222.71718807122437
645.190245599953
94.58806048140613
-125.99286275121507
-1063.359383684083
-246.5316430463962
0.9554123368611833
574.5782228406729
1065.1711278579266
511.86838252834326
20.36708482636509
-201.5376138111408
-397.43355669110167
792.4070194598212
605.3484280667813
880.3108750705817
2878.478952160911
185.1823913051692
-319.2109232678192
-293.46840643029225
-28.277276690712142
-336.4535194963518
-1414.8780408231291
67.43543419096032
-25.362486427440988
-729.5756396943623
-344.77336386605555
-417.60860143844036
-226.23947867459597
-2.8268866948707436
-40.680169202108814
-736.6915875269923
-902.420249936119
56.49476385904879
159.38485449302078
-547.2135275946431
-2070.100876941661
-631.0357701452343
-25.426141802068017
-262.4598362226484
584.9413567685838
2930.064183110333
2455.1873099223194
1332.0017386784682
1697.03006409217
1233.1499994646679
1034.151898491608
941.7183763991729
469.2911878811783
274.24999216617897
155.3101353664813
192.9357513436788
58.30655790067249
55.04060670381574
-39.41558266759729
-95.05299341245019
69.22685955345227
108.71016845703178
77.69716421735903
99.45050577475178
12.303501127549447
-38.817956520103714
30.716987197163878
107.90027533721921
188.74656482491625
133.9896595043199
57.957495834346844
68.74374957841971
52.25237970491095
8.5076573080128
11.588508371220076
28.914129382301823
0.16636572404269478
-18.26677734860855
-1.3308467224269909
-43.456382602188015
-80.11221205288227
-62.52873515383317
-105.32767303086948
-152.42094994214276
-284.5782008497767
-246.7591095270077
-243.0759231386281
-320.276006915129
-482.77134721712275
-173.42232240614828
76.19885254263987
891.625957111832
307.093443608029
123.44225705485628
163.29755670325878
39.338083400827784
-37.659782583422285
-39.507484687845036
-68.86596421650934
-40.40603174852586
-87.5929923432251
-0.13902620194182017
120.05397919272268
6.102556654345382
-5.134441842965244
1140.5550493315961
2606.1366687006084
299.87882488598706
-62.517768042398714
-513.3506504556605
-1143.4623361660235
-2133.040956648554
-1672.1934738257005
-1203.6675630760349
-1120.1144800248398
-402.00721966113895
-765.0130126458592
-505.4021289538622
-258.2137051081591
-201.80338178040242
32.35455722785774
-32.13759157805406
-218.4733700399704
-11.601234802020402
-257.3073398734853
908.7709373809989
1330.0252201532196
434.2296109567484
11.091999825271696
-0.16836092416176568
-1.768642630029428
-14.5198158059024
-443.2551023281636
25.697531329324576
850.9100744261455
842.0582744544892
738.7502686816294
479.7623016677423
267.48098864582965
130.74222279804098
95.8836208310924
768.1449706457477
561.7511720100251
560.0087658981134
273.56676266220285
148.44245475633204
90.0741680451376
-3.198732718519321
0.5794350809744254
-34.13604247816837
-66.65380912897004
-264.07056989701806
-307.0810833960598
-377.93904306228944
-703.8228897989579
-810.1567143071914
-962.5543669812184
-472.2578174676424
52.46056954626911
1649.9721956143417
3332.689583234983
689.2152719663541
80.37924789453959
-6.889043808733763
-497.01406022660547
-770.0446007155315
-1511.6472242796506
-2408.124025710248
-945.3114585590849
-68.90198826718444
461.07032726761605
496.9457641622536
352.2600389813816
11.3185041055984
-158.2260962478775
-450.4456567568367
601.7122867865833
235.21865676907078
203.98171226930066
51.02021756490009
1.8608045616774893
-22.90342688733764
-102.22245431840369
-321.5285092670177
-575.6139978306848
-988.5653519440998
-696.8170030864385
-510.4844180387814
2775.9455668775677
2330.0451606684255
1164.0430594123932
777.6247220181443
599.2069569367892
0.0014704573001546133
-395.4391267342858
-1349.080345331881
-2311.414716403597
-4539.486232014181
-7025.069651303027
-1082.6898013743748
762.8411382316256
153.75105252236844
0
-45.67427449787968
-414.198159546277
-286.3752836847963
40.65471787290843
143.01502837461646
582.5828064503589
399.0185776530613
170.21954436959282
61.70462719960703
33.31892305292735
116.08528592418722
157.10932626785697
24.919972025635687
132.41629159485535
65.66975184639291
8.687124025745897
20.635778529395797
15.844939785142408
-18.92159144272054
-2.221708521628535
-99.26201643206133
-19.33598629152565
-104.04846782983773
-11.407651043208432
15.320183266696214
456.4039021827594
1191.7049108140777
572.2400822334392
417.3559999587137
132.5660549387335
41.04499588607249
108.19607249943269
125.44605121822158
702.9987675375817
748.0009560891328
175.19195867587106
139.71630174229634
3383.771198404073
2754.530690099928
1577.8064470865038
796.6359462272953
333.1053106909769
201.34993502221462
22.755817893304993
110.55178636547265
18.39040972183247
-1.7655168437539284
2.571489599564408
0.4591669244231573
24.09122842117039
4.435218338675837
0.08830268854103987
-111.57204354591131
-108.67337551475686
-221.96495844728545
-658.48201526912
-326.82862739039416
-594.9552018065707
-700.1834379729154
-890.3600705657961
-1314.3310321931367
-1934.62591824785
-1783.6022778311885
-1663.0759883499566
-610.1748838968289
-284.2224063760872
-356.4108880406865
-793.4993179563673
-1194.8614466802946
-1753.7159717512357
-1828.480682551592
-2267.8274772610275
-3460.6457583470283
-3671.1774779807133
-3829.5098358361915
-980.2325837219443
3313.3017583070477
3526.4144198327454
2325.304142661951
3067.914803210894
1065.3461941887786
519.5330399360938
138.63800317281164
10.56835940710449
-183.87786426392913
-51.17092004683757
1441.413240954009
1478.4304538175745
6473.5624408045205
8457.96784995418
5439.7763803689995
3959.1750134823715
3086.7549684346022
2187.606833650958
1639.8102259719303
1103.2228045033542
435.5215203150754
155.29039754688765
193.0690533375294
53.12781960361956
23.462280404378483
-3.3287367122903984
-68.4057839028092
-266.7078093980604
-275.7911527633719
-347.5315798752975
-712.43001592803
-1184.4810885440666
-1008.5542552730676
-166.92673538289182
-0.00017575598516445572
17.632901536068065
-0.08811360737719229
-5.0344318673431205
-53.33610436677942
-221.9353069940446
-472.99375137190515
-893.4583831553377
-1561.0807066763225
-1757.87042279037
-597.0756514618032
-606.7453193482146
-1106.8660948430202
-1079.5233461993198
-1965.5218654962855
-4316.762383693598
-320.5209689485416
-83.86728468198945
80.19970941725708
0.6002412346663116
-28.264841383088793
21.363823901416787
-299.931262469393
-1681.6312407509124
-27.336667861469472
1458.5279027977401
531.5077411582163
184.22979215295166
-79.11121801948175
-93.5444756500641
550.4840097656308
1131.293252177323
1674.9657948661006
1866.786040717644
1957.5297543592321
635.7707373447644
332.2832041733283
66.31467194729379
-0.6905380771651219
0.338188087593453
36.837724597820454
-24.343768812605816
-199.37573415862096
-76.50242904288004
-397.8224450358781
-462.4215859065461
0.4485828905117742
123.69270438946364
412.86591106894554
387.87051178837567
315.01389209643133
507.9810630307327
335.01484613994126
249.06768995171348
119.4544410400577
307.8669002196959
440.922867205301
282.60297660325574
159.29414328520664
272.5942951211679
352.0723447439409
177.3832770966364
108.35014328367191
54.91892371263014
185.41783353223286
82.46077383342697
61.6049842383583
44.12955513795812
13.91762674633817
2.1351304125118205
7.44788726853101
49.899890341120184
-17.541385428875266
0.23567684624808657
-1.6329253361588183
-107.43650997293075
-0.736065410089616
-63.579055500105454
-85.71302489043256
-127.59732482417014
-123.31520455704194
-411.61819062760554
-344.7554978166676
-446.5252079309908
-352.9040464454297
-553.7002258599098
-619.9656821386843
-702.3788652682281
-624.0216044738747
-1052.5530020099231
-645.5442995490027
-1019.9393390497504
-1115.1628104167337
-1223.7982145444332
-1683.3299163499769
-2056.5258388073844
-2309.870742866979
-756.7332638056257
436.16251261973457
147.16360454332502
-15.085408146454773
-29.522860501389935
-312.41430407184697
-563.4521546084318
-576.4844213923815
-291.11475125700974
96.96920765902935
925.9172428117663
141.29455338450538
-284.0757549823302
-0.5600114026708007
1548.8902361500027
23.525259508357795
-159.35818596169264
-468.3544568779897
-6.325862418587922
2061.953222940597
2308.581151880686
863.7129535090205
1048.4276159044143
1769.0500139735623
1468.8267537321592
1022.7385710427076
494.7759229539071
711.6048836765808
606.0321228091032
332.0627674000894
347.0726429112966
159.37776765645552
482.06489807249545
564.6297034021751
659.4509086264784
641.0964174013549
605.7144054745045
228.47905370720005
81.44874490297026
32.1374622496582
-47.63989787256
-57.92971875091251
-179.05164484842544
-158.17206966386541
-314.2359483549091
-871.5505015459879
-1466.4147189773457
-2505.5097224264905
-3272.593669857766
-1456.2097997990052
-1914.7732198120366
-2797.5137050901876
-613.6696349299076
198.14381462773053
-0.0978133446396724
-318.67406625408904
-862.9476545924399
-984.2680787596381
-1201.1053977968436
23.784521261355295
287.91934566235625
71.8584137348402
-29.06849036577112
-225.70680728654133
-937.2683626032448
-632.4815051238861
-1011.8943467668907
-129.29044898170315
-24.80137471632539
-34.03746195216504
-5.806556790331384
189.58553963153832
657.7614490485566
139.23162934679135
142.35248961881013
288.9950391987709
190.76506991325016
46.349473964148196
-4.553368857973137
-156.708710456143
-343.24824358139807
-697.0046721730207
286.5777635495762
2961.4300629713225
271.0888269749737
153.12628113248132
-273.252346452148
-168.00445101282867
229.44312922938656
-43.16152579846042
260.9243838954389
486.28781361191477
13.153437136043161
-85.4935082093524
-9.814613835943796
29.32208765293424
0.002162112895983923
-180.71111502089298
-848.9211582406825
-1928.2349739619767
-1372.1906265355017
-1456.0709229267115
-1548.2798927179365
269.43522740405564
2034.249846939117
1662.1945063428593
1676.141337841335
1464.4248833174825
1711.4011463236711
1404.6195219441365
1432.6474899368031
1061.9589457986274
551.0908986200616
708.9144298424023
651.8357853527814
707.4142035904753
348.0650349914639
319.27742557366935
275.63319840142606
138.50077908876216
200.4664916856598
173.85574736798202
84.36628571667386
89.54497594825138
127.89360072062891
313.80888176009154
28.16507986781241
163.95179286267907
474.95024196188797
246.97175781078468
170.63239756440652
58.49407164151156
121.79382078933023
91.41480115374878
54.842073287078115
26.74433411554826
-3.996007607673513
8.082965335832393
62.17596126519187
-210.04037462799448
-527.0656442058616
-737.8797513433065
-1370.9433760503305
-1929.0960204546234
2.1535409805867145
6.674547759649036
0.8805822855670362
-17.233097355468356
3.616303112858839
11.852319891730401
-1.4384711582990628
-9.034830657017775
-149.34827011005032
-7.678176542709175
80.15569116108504
73.87661158073978
-3.054090848665207
13.06121678313222
-0.1880097799992111
0.026081562990812938
-15.949723247700819
0.004215649730126701
0.14865060395639043
9.167063843946304
38.15221941644608
3.8977046983516024
8.172434424387266
7.637107249632298
40.20930282353391
11.117088693575973
1.4085900246134688
0.018115747250999747
18.07223672163626
10.631366381472208
1.6172791282667776
0.08741776891808672
-72.82502200208427
-20.3099266642562
-42.77077455374688
-116.06841117571399
-218.35618848792643
-381.9743611247731
-441.53294445661027
-717.154421666373
-539.1008982748879
-611.4766773821472
-840.486883186667
-1054.2562220583359
-876.8585048770669
-177.85724512217675
-106.79397931267704
-181.9183030154428
-338.23199581507873
-943.434712390814
-1907.8140080934645
-1820.8825231848018
-987.6204069607028
-287.50987986969267
113.91514462638067
1.2186887064091343
-3.237643913525801
-47.82944728881638
-261.4122501453574
-472.4323805152329
-873.5169602407775
-456.3768051021096
1075.113181782791
715.9025195036288
1121.2329804587607
1575.8350710034406
600.7886727465179
676.9743683152932
604.4050857346078
633.2854038519758
1026.9094361189757
345.4925627588304
129.00920880913563
20.72093776935408
-75.91625382715085
1516.999025735477
2344.558613770184
991.4295866525675
175.63340349928387
175.29811646758722
302.7189210356481
232.39301835839996
50.64526833135751
1.597463907513139
-102.2432709739335
-86.3084303865789
-52.10369493216512
-158.53969609346632
-286.02241278304837
-749.374441149994
-793.8922893032621
-914.3222352240724
-1876.748049114692
-799.6770726365046
-712.0969929197358
-2040.1601348109461
-2904.923911795265
-1549.4970474199972
-785.7156510999276
107.74907288280376
522.9612817384676
162.33590881535758
37.537573899985766
-34.55329422167331
-3.31930195515442
338.50094633249876
126.27131996939544
233.77640104176504
170.7457118881676
1.5036631812888523
-146.70955212262325
-816.8423289457098
199.42851255178414
1608.5686483028176
1804.1618018583406
1416.5370441164625
1111.3930501613963
887.0617949656701
740.8623080678537
669.7664627352223
444.8857585372138
13.622322115087918
120.79233963534725
413.17412735040836
269.20660056942495
169.43005431049588
301.13503553059024
77.45817018347684
93.12701675768108
167.4117314440972
151.53260239064502
95.37722908110865
30.380654566163603
33.83004366288875
2.1854070644960037
5.060105206021423
2.762760140483521
4.231955077529213
0.09227757748585522
-8.921298936594187
2.0537064778251186e-08
-1.8923444698855425
-3.5310154848798185
-29.788135552010132
-22.678882922290708
-43.86238159162296
-30.21929592295451
-81.96589154328763
-95.9702111350902
-108.26142587826882
-63.08181187474669
-94.67266693427231
-101.26796942813513
-45.198838759037656
-39.40257895512946
-22.35149716695976
-60.78295675135955
-131.87905915427038
-119.21030515724742
-207.30067878299133
-193.16655071200924
-274.67314761979253
-211.58397702594638
-307.2719046252376
-213.12837298340094
-250.67779568324008
-472.13776184100254
-430.83044694986506
-631.7146901053134
-399.93110523204905
136.3569608050012
1540.3439555633215
292.0202301503783
-20.10652553980173
-252.7539772903987
-76.8374437870832
-9.669660371135318
286.59709537619824
299.0584646326621
146.86368437479985
-65.16637439684604
-12.328834266151778
355.34792350713815
691.32823957996
708.9779549431115
705.0619688357364
628.6366573789836
736.41709145725
387.9084121479008
191.67179346865535
83.838106070621
79.67471015397867
49.323159286700296
-10.220572588138591
-23.680886179979368
-3.4193978876650455
-159.70842146339285
-110.05285610769604
-288.4047966011032
-304.36322802774947
-502.718153549493
-637.8268161555454
-622.6657875062854
-675.9651745300351
-1175.590142859444
-1309.525454162148
-1359.6087629029043
-1712.3250017467826
-1759.1746543122513
-1815.9677214556564
-1472.161065587547
-2072.912267195892
-3016.6042563485835
-2710.270275671908
-2080.1283145833236
-3969.536212814368
-6071.89320438
-7774.973400189876
-15923.24
