8713.22
3439.9114329754975
1282.2996602262674
1824.3670064770145
2539.3035595395604
1637.5563751682275
832.6932546294718
520.301074278699
2471.43582788218
3832.6557746970693
2220.220992711356
695.6753936345178
180.9204650929749
31.26884318149426
-5.86811309139546
-273.81705719920853
-663.4097393353741
1691.5522437267555
6229.148473512059
4624.745780810011
2486.985811519729
691.843847351392
25.982073397772318
-101.80043537952581
-690.0314201578379
39.8077264056644
3118.5893346332923
2554.6396826269574
1454.9948911655054
1094.1136800486606
1121.500345278232
1167.6612950752149
903.8679719969086
127.28865247611955
40.742184597393134
-210.48301025601617
-243.8846392867157
-751.5294791567193
-1241.7200756148743
-2730.908619543219
-4397.089802489354
-2972.4321642194054
-873.7029470032479
-910.3246501011344
-1685.1688277304693
-431.8382295642735
-284.7743852306211
-338.20499160864847
-120.57784819957399
-203.04712156816905
11.034474607091923
-0.35742243029625975
-66.81405304174159
-1080.4410203902437
-5.697495049759679
1587.571294378821
1930.2070003510285
2188.1142226089687
2983.951296330796
2620.439601974883
1445.4042187988973
1182.0526001283997
1116.899905962237
361.41134738439195
195.52128989409147
104.92858757727865
69.05837003866337
15.343064767590272
10.884033384427859
28.319431945350388
-80.01102412007268
-5.096072270855303
-12.321303662379355
25.663179889180196
235.458832100237
419.0663964809272
457.1239831118555
199.28074460162043
-102.3250017865072
0.033822228315856726
-0.5208888328949797
78.84212120841285
10.484050810985428
-35.20784143395579
366.6728655702574
480.58235230710244
1541.1304023745934
5952.505024556414
-61287.16
-128.71739175414365
-647.8889326064516
-44.40954957208456
-122.93881179540467
-120.60435367484192
1778.256590648064
1556.9266997041238
1020.2817656787987
482.22883878820886
81.3352685829294
-68.59360413156809
-172.819829351738
-1021.362381037648
-1185.1823513076447
528.0196470063172
855.5466848830551
385.25115344215703
135.81918005183107
0.4604519630430652
-115.25524476035571
-16.82054411439669
-105.3404834885275
-270.5471726968493
-45.63873794616711
278.43777903712936
220.40882460986677
-0.009324297216500094
-260.1760619412274
-1133.9061875027867
19.010966637460502
11.722091601325637
415.47183196669005
602.7144033834186
611.5717559113962
480.1472933556034
317.95000362468915
65.86001571587627
72.59145087004674
27.23246832208355
0.8579537644372636
76.49354368826614
-24.022445394264626
-297.20842963507505
-84.56696235845033
273.9432121426674
1574.929861762219
783.6634863106349
676.5601957521606
223.51888415482017
21.63723467927644
3.0167845772904998
-72.90631802339419
-221.7214007302701
-522.9191187717028
-1581.262492035593
-1679.4080925670733
7.121062219045748
8.88617186078344
-3.4204348029163936
-171.96708099275946
-394.4478709566439
16.647480532608572
78.7566460423174
2.454820918841096
18.101671693420066
-4.638583129297686
-13.330653389504116
-135.55141358396384
-110.8738246343035
-384.0549539434834
-641.7056129333648
-593.761235935912
-1.2485008602570036
-3.571815306599129
-45.78985807448305
-40.003039875080184
149.13411532657275
445.9237007158353
563.262260884436
639.723548161879
332.28741652297185
101.46755545407386
22.261193209407264
1.6784145546009726
-37.5999950017897
-68.76822828529815
-43.776664610259594
-210.8518259707158
-135.06772117267633
-24.768784746057108
-173.1799469840166
-322.4134517994635
-438.3593593383391
-506.86093085953286
-550.5988627212779
-605.478001333245
-339.14149685203165
-3.074392496417793
-4.810481269051288
-61.5000866399985
-282.24023149870106
-97.41821181102337
270.37161101639185
308.675360208995
91.3336388860186
7.372419331946821
-211.61855544538116
-814.2661158455287
-2186.7690885509046
2273.536047813943
4284.324931657366
3183.435246657281
1694.2114703511302
1130.936560768288
373.7277443329879
166.2792725893047
8.119267766370562
22.56389402034375
105.50095386434253
57.556375772944286
1701.3395043438297
991.9615716108021
495.1131727276323
191.73138630665215
12.436847085805871
-10.44478907544875
-66.21026139315578
-56.14548140163473
-78.5896991315553
-553.7768844542654
-1479.4660032040217
-1640.2860381936316
-3762.6699617574227
-3117.4224833211356
-3850.449370243593
-5597.149991695236
-3747.928206130914
23.830646719353883
494.1934413537339
562.684859307929
176.87843258304446
-0.2970002143699077
-198.11522697901282
277.1306564683835
1577.3577799126579
1342.5898999512056
1000.8777636226455
566.9286680414863
609.6099597473913
291.49319777761184
316.32871181124676
25.215376003059767
101.76606678436546
703.2081004346913
1609.3100389518863
3915.4334010299453
2104.6307836787373
1524.5862577120545
953.2879317654393
487.6014027902946
601.932061011172
367.5565808529802
253.07998838815715
326.83174843276123
48.662337435024455
172.1990593307479
34.65871155273151
174.8777307378752
124.67728960708197
59.90978970813037
43.50891427344904
19.80536199797787
19.693058014919924
0.000704360325825826
-0.3441588718136308
10.875272087151487
2.0889253275700383
-9.43249289224143
0.18439282150340977
0.29522507484676697
-0.2861968839942568
25.971092500654432
190.87138320995797
65.5769051909108
7.760024048448098
-3.3955524878501757
-24.691537537648873
-128.04970555261121
-72.14177617773366
-90.08907888580462
-183.32379678493777
-332.4293231142602
-182.8204932403709
-434.2088042294016
-822.0907780947482
-972.9577194838946
-1144.0033260901696
-1179.9392942491613
-1817.7326483005036
-1725.7126619672808
-2427.417726010038
-3708.5620156253763
-5569.349966901626
-2803.1432835552287
349.7233196937676
1.898063694844499
-11.22849730985066
15.604165819610886
0.28591825974251384
-53.500367868366496
-49.512188202664156
-205.52177541928552
-1713.3772871696938
-569.9342352340457
0.04168092085499994
-84.60920561707735
-129.54973605379885
41.43635285201558
79.23037988940976
-21.36701625485704
871.8881694754282
353.80150573009314
176.2070036592829
66.07693104513851
255.56570156656247
427.9414636814766
78.13331254896968
2957.7444279164197
2855.367961233764
2089.2826524153647
332.4701834752478
3.11747390135799
-154.76982681569407
368.8170611468102
714.125216793236
141.6897757515514
-1.4420009752028466
-128.40142055184634
-422.13841557539683
-98.13270286252764
-297.7102585373094
-947.3631104145629
-3802.709029908666
53.714587932045646
-129.92668963881454
-508.79459258776774
-1499.925194037494
307.0374179744107
67.00438549769405
-253.92474363838497
-1504.8999394463362
-1093.602266976363
0.24528217001921043
-5.102320290160771
-72.30817180272352
352.1172490801829
3753.889248051276
3390.193813620767
1697.4318032088174
760.8866582633079
1063.1077760067164
280.1525534952966
170.66464726156545
90.45476609242493
-126.71737039117606
-230.8599133499323
-1506.8331190761974
-3961.5393922299604
1103.2754310243818
4730.315555721401
2002.225548879308
657.8300867841494
556.6990087945303
-38.76413233451328
-87.91277647802197
-137.9080364100178
3810.0224074645785
8854.309224089506
3248.451620357685
3336.380915083907
1321.3589062154122
749.061054544225
482.6716397145011
958.4137012634133
357.6776528487702
37.098543852099084
-17.328804537534374
-701.6832086459046
-2721.231073634597
8016.671268771128
22157.667264234224
9872.083426683486
26093.614220972813
166180.3818269136
16700.486108526078
10564.91465546044
20023.02562632892
-491280.07999999996
-181.7760385161595
230.93485298859846
51.21271075246479
1691.6962709788274
461.24204877599425
-75.19456190189493
126.56784001661313
607.0885501484657
666.1185393902003
401.64775535219894
386.3511796322721
45.098784237707896
-0.8286592389021137
1482.696210227396
972.6101469756197
877.557769304229
596.9518624429058
244.99953400463835
123.61578555704018
38.56717720619651
-0.758728893200346
-68.05434338445185
-202.38669992823105
-494.9231130501965
-322.03870488758486
-366.9280396095461
-11.974934082407207
1213.8374147699153
102.03943460106146
2.0890671132210596
-1.144693896937111
-175.39691960350916
-788.1068005306751
-983.3739185083623
-230.205109118368
-727.9149816171403
-2234.343101808041
-1018.8889230425289
-3.6215159165794386
-27.979042325054692
-137.0413072984253
-365.20559318789844
-418.8941880282139
143.84037819594099
485.6398007076366
195.33761043009525
407.1097088547374
460.41794559451506
1987.458237013761
2290.477160220339
3025.222022030768
1263.9423665253432
482.3247693137985
28.719254126927844
-159.70628237692267
-144.6675866782851
2411.5852691364294
737.1221678293185
24.14816602702563
-164.68766412103105
-836.6711698629688
3.3120492529630186
233.9524074168838
52.99700086267316
420.9450605485971
586.4945571834064
543.4469632126809
403.0409804392921
122.90015636164264
33.45194831415644
-10.99808555322141
-112.01272340237794
-412.9135526241664
-508.3970407866254
-163.61023287012875
-115.68737738828335
-386.143132899125
-315.52586993709133
306.87946458173366
304.2793294155251
215.5202630607937
81.63925245907116
-6.136526056348758
-83.46270771869237
-233.7620419682046
-241.58301449361994
-395.73830766738325
-1471.9775243646834
-3942.899035510515
-987.2137848827484
-1225.6622995753182
-92.43024271544893
161.5866494001876
854.2570057171904
1043.5895479402698
953.3551111260067
991.4319395629713
542.6056943766279
526.0407473827155
278.41225708330256
250.29780783214366
104.37774783814378
73.34717320184961
31.837262157114182
16.352488061344047
29.943346393900644
0.07243443992996965
65.50950475249644
10.416138737255036
34.81004281013673
4.898044429158718
-21.980905778957716
-3.406431768380131
1.829200198833716
-41.6875069528126
-29.26154779025927
-157.1464113405588
-125.32410459003677
-136.51647735416046
-182.8261899600119
0.02448459754979827
-12.48006047044899
-234.62588413103285
-616.5856410409854
-1326.3107630472064
-2327.009433322828
-1936.275431156132
-2580.353103315573
-1051.1885134211454
-295.41394150037684
-31.779108353700742
-0.5303624578797044
185.4244965914295
366.98352160726563
121.34918105516113
51.795520371026726
129.18103900876716
460.07734941079474
1097.6718669053198
1044.8707794491488
1472.2543400593408
1865.2362424362686
1787.7845694427979
1473.4516593510814
834.4985841052267
570.7495789701513
374.71051249906964
380.97155343819844
261.704907811831
223.3852292873904
73.45369136473268
69.01350407110235
21.521426635212073
9.615596288084978
15.721788544014162
8.770371464166509
-95.9840591390332
-132.12566635020448
-386.2219140572771
-388.34147547067613
-522.8004524243186
-293.3287146331265
-100.20368194086767
-7.260181081520617
-307.38605637358734
-833.7236599167691
-1447.603564354057
-666.3566102991193
-34.51779488055399
0.0058679838347548445
-13.94801438382087
-24.19630080134585
-90.87561981832619
-223.46496645583363
-385.2701084091456
-946.38873013853
-1983.114611443946
-1195.4922779190804
-217.51815858781765
-30.19312039725216
-3.3389326818667874e-05
32.381460732980834
13.539988265978444
51.24303271548315
176.6214804187898
338.45102055719497
659.2267481179226
446.68758494866387
503.2886368267362
448.828044337565
209.01355028252067
199.67491557442406
176.9609197867835
134.83125960738278
57.7666363558651
154.95851192401244
60.2225542085166
15.07349980358071
29.292954843231254
21.04715340440419
0.033130156426733295
45.74165897490135
-16.180347650080712
-1.3525956409149185
-8.371763592075283
2.285522792876251
-109.93023565214713
-49.715493646125935
-64.54860300961107
-61.83166836785932
-50.51045586634811
-73.11928471490482
-112.75776282453394
-102.9803429462997
-114.59845069439773
-181.2758301268354
-225.5952358594389
-270.7543935500406
-145.41620261196493
-187.42675338032444
-412.00475450963927
-124.47690605189982
-466.9035985728028
-483.33947076112673
-315.9090438663255
-215.1853018211384
-162.54991667953874
-108.5114186693228
-3.9957517386076917
496.44808763512947
1733.2514352285132
2063.3116576494185
1103.575477854256
504.1269930006951
15.692985186690994
-386.2048033115019
-1446.6063269309527
-1493.7452597118047
-395.3475327590721
-32.01252213499634
246.19009798875948
375.50059135244106
220.66540856888068
376.8107634924873
443.1452267500597
280.9288017108071
353.7379040225243
297.8695216182001
116.90611667547525
201.70194960540397
213.40192455719688
111.4299884858286
58.28143287607193
144.46413699959058
13.36161278770711
77.82135354991746
0.0884153482367361
41.630940491928186
21.16746417009079
1.6866909757953683
1.0433087567359198
23.539362285272517
-2.8221805263967052
-27.75440262974911
-0.2659415297067821
-14.841975259734877
-79.08776009649654
-52.15419188375654
-57.50180077745562
-179.8431738078573
-117.02076685520062
-152.46620264142555
-222.77491115393883
-326.6090850925649
-220.4030263387162
-310.093531690074
-429.9569014008036
-558.15452306525
-427.32603418217286
-457.84990050874757
-510.6965391279155
-125.76162772523723
-121.9003471146076
-228.4901195279751
-151.6956476329938
-327.72459399278034
-203.2809634927473
-116.85927185437615
-13.933622212435397
0.0037035507150213706
969.958274492526
4341.26940409535
6062.125552619206
7693.522257553608
7436.76331605967
3564.0354646431238
2506.449820366073
1290.4436941057047
996.5170520570034
761.1794469290894
467.39528084901457
422.3811529966872
169.93022098455998
93.32343082623802
13.856361019281643
31.698212861958297
-2.3065694184830843
4.734186665007126
28.709106158449654
-34.985008713654004
-67.29002904902507
-124.1304824745905
-169.24724199552608
-365.27277332419567
-336.2392908928043
-705.1256925980574
-584.2054914586676
-624.7863500834303
-757.5145133656656
-1089.2117464839907
-1293.1328995138683
-1691.2124414524988
-1906.7965644998321
-1639.9950080417887
-1818.3474831777285
-2173.755513475608
-2882.8072834818313
-4175.892858953828
-788.7362417081056
-731.0735974224036
-1754.1394202704232
-4283.93240446002
-2934.5718961388056
277.58749717906613
6120.328794518729
5384.5838781121865
3574.671796950814
1143.13551125405
478.62833192428815
100.38181613713701
-18.441492368514066
-13.106130594951754
151.09154586555434
0.014955080947996156
17.554745726467807
-46.13873041760412
-38.3918533613991
11.930606481181325
4.284455681267091
0.52022590919358
149.99334572962925
94.41633533548557
550.2345688424331
8.19693199983782
-233.02281040362402
-434.8359993514578
1162.9359812162982
340.2461837856124
63.87853111401573
-88.59991995440073
-1136.1278572140845
-2727.7967460156356
-51.404146922959974
92.18453243127817
1604.288384303687
666.4877995276364
238.77584575427898
107.03653061502942
31.278078738796772
46.38409620496422
6.418943876633982
341.9316457350899
4.09178670995713
-144.9431436703146
-278.48265309877183
-533.3340907596992
-579.1736254171108
88.67668129001348
0.06334653950941227
-3.1388418958323787
-12.251399374875511
454.3948513181541
147.6859871103511
-221.35408054244726
-736.8511213935865
29.658029182720526
94.94325446379445
828.538678982299
910.858937480763
260.4780235426182
143.0073630743638
354.81097820531784
94.60279425072585
-8.597737349979285
-310.30825448472933
-977.2940106515393
-2846.34200793755
1239.8529246768867
665.6411352718249
107.69907365262931
5.3262729355943845
-3.860157083763976
-107.82483418916165
-236.50655036640083
29.52630419071669
228.72482375214545
27.682648295300652
275.99467594968417
66.00513263681667
-312.27218507527584
-162.63727873598873
516.6615569332351
359.1668582870118
71.67000842409541
23.421806964231823
166.7861276458391
7.795496546211023
-74.43679417312508
-326.5878076194035
-612.9904783404377
-20.79512597451995
1.6643210885809572
2633.7479764079603
1123.9328716030873
288.89350434786274
0.09748985313744947
4.6118333210803115
-205.29466627596366
-1948.0883361416254
-2190.345755218134
-735.7752823882124
-1381.1683484819137
-2987.5351394065574
-2407.6274527141227
-2062.925347636884
-232.33007778663034
1257.389426824348
4752.106223643217
2089.2965308313624
719.2130296175237
1778.6233912351217
663.6299902422626
189.37335638942
-3.3545074337839176
-64.28308713885062
-293.8941113150433
-199.08650218726848
-158.74905248060134
-543.2506282091399
-891.1575676697739
-2344.7960217686627
-2735.6568319835196
102.06343406797167
143.01468889950823
233.08445832294206
139.14207254285702
-18.331138759934127
-334.8990737953641
-274.0706395908379
311.2897551024254
191.52169399479448
131.3653709744906
13.337440274100379
-10.286811497155252
32.0994719074118
-1.1255189663311946
-360.894246081211
-1634.96364340146
-1643.520534864352
-2526.8233298372693
-72.0040234075212
15.924412916102007
409.04731107573537
703.1729596327792
765.4190969480353
713.461791181246
690.1363383130695
657.7151925418685
593.51418767818
486.18525440611455
283.8229452379443
647.0964138846787
258.00398087043357
349.9980357610685
183.06860262653026
199.09325460376508
108.24937007470717
233.64864611349873
63.1027210253218
57.827368637346524
12.948751695158162
82.10761833904628
30.253961809165894
43.766097341186594
80.01525814601673
31.95278390031338
5.262446287188144
23.45752423969033
10.459157753972393
1.0281493680554752
24.73737825583058
4.115280767613909
7.453878098682351
13.86337780154683
-0.06756238212036719
-6.262564943508453
-3.2398809581229084
-0.53521348985284
7.6836395737867615
-16.466407818794146
0.14232850881579223
-18.92886115469512
29.290217329913503
33.84088246373988
-0.33206846813022706
-16.335861637277485
-5.960685628444107
9.391056001365335
-0.15565976043623153
-4.680542191133269
-5.537334032500015
0.3360878528633055
-0.005214435843310977
-12.464558318090418
-11.859933081769158
0.00015903845857753518
-21.62350030100091
-0.05893420223070044
-17.688591195196523
-30.02649835628668
-14.11027695273983
-38.06575071973723
-46.22513495640706
-27.615292159140242
-36.65509316637018
-63.38703351467176
-132.34216842256544
-56.79949164571272
-113.61033912253029
-147.97783955080786
-47.10815719646924
-8.103990834550105
-202.16474995523077
-102.01012869309662
-79.41021621855711
-113.05778365536969
-57.87024780548417
-88.28528999086161
-74.87284991070884
-92.97542964356354
-108.06732409251778
-76.44736722597096
-71.64613852490123
-115.1254821073307
-145.5848051432145
-164.80274150226168
-36.403978457159695
-122.05169095635196
-183.9033057645508
-124.07916280972444
-107.30450748109604
-130.32393368070777
230.93535192265068
783.1557456435552
1893.855425123669
2602.155658793957
726.067071840071
496.6859714361749
433.5158742611658
329.60567780180065
308.790009740144
90.40708999544574
35.70005894905346
-0.25848023921123797
-17.731779517302822
-98.18194598114337
-215.39703903379348
-294.77000022132574
-283.65402189787363
-101.36097503325377
-59.34882419237899
-110.41831123202006
10.80308651923224
0.773213056756334
-56.446365657503726
-23.97795857227277
138.83335158521174
171.26746837821554
69.43225480091732
0.6502209767894057
-46.217068141980306
-7.199123301775815
6.589896122470529
156.72070123131354
47.20072076940137
444.27889829773574
-2.7804995954817286
-137.21111914304475
-530.3614686995714
-331.34549101847824
-3.0057895551073663
15.095315946968663
-4.316087244322098
-36.03352510823811
-42.673527780696375
-50.83743019647707
-48.6176106109505
-85.43481446792683
-124.125307049108
-515.1115251049889
-432.79073086316487
-387.114298675711
-430.38776005079035
-146.98210172649743
-433.22237002926244
-810.0830491750091
-455.1524241875979
-6.787574442528788
786.8173995048516
2.920577733628269
-522.9426029579677
-1047.8446596561341
-229.81465541460648
62.805402920182445
560.7879130022584
215.65719516999653
200.10419143956454
2033.6168806466378
4359.55242557818
2260.8169244088904
970.3080767191647
290.90003823446716
493.4579321147839
434.61475734655437
616.7654842442126
500.97878311984834
328.77560469438595
235.23142958613468
418.7385339512972
276.6853305181218
240.14984685866733
285.2319066041586
331.32064624799386
460.4785858517847
163.64155529050572
351.31241872626947
236.42894879058505
149.12626434277308
161.19573149338123
112.83223723796019
24.3511371342608
129.40162792369304
18.215532213666346
5.149844284116577
55.852093580274314
0.030306893842739616
26.39447007575525
17.882983301626208
-1.8235633726587743
-0.9209307453893489
-28.423791838343746
-22.81675104858329
-87.66307432981506
-261.37134303339826
-204.66960647821477
-519.8839506414897
-212.828728099042
-162.9288574961438
-349.0078703309058
-226.32026506662854
-182.6029044138283
-2.229937683687294
24.8488958981211
1.1628727138036277
-34.027948121790054
-477.68356827358525
-694.6958867402811
-1882.9048623422345
-2.125059952365796
60.24567615782509
6.899561703514504
0.4619140685300072
-4.883436489134471
-81.07969527987498
-169.91389813450712
-121.09905605987237
-497.67830032040234
-591.9452103694034
-1075.405782606068
-1460.7672673423322
-1794.8517917477207
-1691.926749881771
-1382.5145182669685
-1282.8750363528075
-1564.6001512301632
-1874.9542367335546
-1948.3204512850787
-2585.143550860475
-2784.3745495588914
-458.5064732281378
2206.6684763352764
1698.5223421587284
1858.286146962325
593.6417325930063
20.660818493526374
23.62852326878214
16.609484167622263
-82.26997477061244
-391.727953299143
0
0
0
0
0
0
-36.62749147237821
926.4612079864207
628.5981406518415
121.37023500568613
-75.70754679694478
-286.1276052261651
0.14007095263486452
98.99911019385539
114.46579963403822
13.332476199924468
30.132047442725607
27.71710207681225
143.73162724822058
4.845592244449503
-29.293740056188113
-254.68819188102006
-649.2135447463752
-609.7448043902327
-35.89566837946315
177.73795877487245
2.3764502496343924
-89.65780923864334
1898.3200228755888
997.7080864411573
877.6656982454265
658.8760652924914
227.1184654652026
26.053494573148484
0.29701766703774196
-238.27416240499824
-584.5350674524566
-1460.9219864413371
-2810.281606941291
-1.4010031922670256
1416.4217460395096
56.01657050734853
125.08657995148164
-50.95770430001053
-9.813222260274047
6.073414487125576
-1697.378128826328
15.956195752365527
2020.049972709619
46.348559968809845
336.41362496098725
740.0719824630025
449.2447039675824
99.27726379540668
-126.93389017192692
-942.1780979959715
-2156.162195333847
-143.76944870302054
475.25881480523515
285.37503832786945
0.5642465345551823
-205.81218819506051
-1262.5790241651266
-1492.906838712636
-246.06066149989476
240.49013340149133
663.3547015306515
-0.002172376642964405
-344.3636519510493
-119.92476158822735
-68.39122676655322
154.61335417237123
34.788136671851234
-139.66873586844778
-226.0538432113
-456.3836629161689
-1.9644945787388188
79.91378907383805
364.0062113862246
731.7167200544844
57.01322632778955
-1.0138461777475327
-107.84342713117051
-233.05525820325568
-1.2654323178540838
-2.5289864065732885
38.22406162011958
415.6647653401432
26.87785595763953
-510.0054149533489
-360.74111592217474
56.121037771646755
16.827947195978027
-66.82918934311851
146.0233282973371
-58.589452508388895
-93.78615145851828
0.46812577872425976
335.2273255788244
34.90861570645323
-1.4266387560503602
-50.80093652260052
-76.38556222165388
-795.1725482546457
-470.0820977841755
-13.758986565282338
-1250.7240947074374
-3595.0099819251473
-5232.098114695792
-5877.359842316011
-1151.9687414746486
133.67101244775202
923.4784733371035
995.3723075193753
1626.4750136449559
1533.1355953856612
1114.00210892748
1688.3202596177525
1078.2432020896267
930.7595959069954
946.0495399490295
844.7262444769966
623.5994774506049
1006.0838625696207
1252.6326299613331
1334.793127357483
1157.301763267271
736.855836548585
647.1373281839637
486.7127809657654
515.3546806121883
405.3170193237797
338.30810855072434
263.887048089357
226.44118873423986
328.6750834620896
341.86074143974224
426.68331704319695
498.56725532346024
193.59652828659767
222.4119340668566
94.1320338665838
71.60823649311455
13.330258572145379
30.203673529927407
3.9526718030193155
7.961808622057529
-9.872516591757151
-0.6834618030090858
-5.190673837786613
-87.59824175194346
-35.55251520937513
-60.55015119228396
-119.10537190377715
-189.59964450481476
-233.64487876990387
-206.91361580212998
-135.81432524843387
-429.85816291103447
-278.8702840908735
-409.92178581331956
-327.44887818352606
-321.1905327201264
-502.19256567700506
-493.84766171261873
-733.7211991783531
-484.1132919174264
-685.9762362320934
-677.5667188963469
-701.0234146177972
-864.2334019768526
-1143.7370798727986
-1211.3536272830847
-1323.1392692119343
-1361.52893885784
-1213.4485406655645
-1155.7270745374904
-555.3132248041743
1294.053226131965
6179.4332764095025
6934.93009683497
2386.54787153425
1183.9154236795353
332.7188742382748
95.44615352197563
-11.246085450052268
-39.09766459736451
90.08404937236838
1894.7936070871647
1445.7324477676182
545.3684399367252
147.41973800391455
235.44393759810032
386.6488832791566
-0.05099309710400044
-367.3492228236343
-1123.6154938978127
-1041.1345383579624
-848.4827078266253
43.188833354373365
60.82607253994492
-40.26883156602125
749.6568980380808
391.4507470176511
225.6102434885413
409.1557272161836
37.1985583848162
-51.412311103900336
333.0644124428095
412.4488187037131
169.32202161603703
334.41096777374935
260.10346551129356
69.31827072067213
79.56625554555208
-0.10492076316807968
-116.77472897569163
-348.94893434276935
-691.7579031137977
-1049.81259465892
-699.4785793475821
-955.8550590783666
-416.1950409859721
-365.57127069170207
-645.9314444234238
-415.36754954310845
-424.01927143579553
-2024.0783341058923
-3262.5751558780757
82.90154587793599
985.6797345467965
1195.4739632732662
314.13076668868894
139.46368022900813
-43.81802740834797
424.07397162627313
493.77984334579526
179.24141903076458
97.7121309000349
430.3532804492967
267.6704075902621
146.50843643236422
337.05189169071843
53.65553101591612
0.3228509833378681
-84.46919622695907
-97.13511406994891
-659.0507843190164
174.30285540547885
547.3234412673262
403.09184381129364
152.58836913027642
20.724311298169823
-0.006651986680594018
170.17176732741993
125.11248292162948
30.389098283446987
-3.5818100712868093
-15.880457448194935
-63.537209605552
-154.06359001032766
-208.07158547075903
-52.45593204959916
-119.73468104190965
-361.9706362510331
-637.3556803641968
-621.4313952938131
-120.60390225662603
1.4905929227163341
-466.94953742516554
17.037714368405148
794.8114528866047
1126.9995472400788
982.2358511511566
637.9711717837304
442.13811093612355
409.11565170978537
276.1604053702354
251.13705400376404
391.1015785640791
275.78316276159273
223.09699282082704
216.58778730451064
151.05972611895035
176.7812851237872
24.424519050615615
25.89468636926257
18.55588416351603
5.011960547287836
-17.36441468742946
-0.21181925792437892
-3.242228384431894
1.0615904019219315
-14.435926938679815
-73.86279295575665
-235.87464901902004
2.0715878470590683
-55.1162339122097
-8.479806275084442
-23.916175743382652
-168.88287024779385
-90.39240711525065
-125.91106263273355
-38.90940266941359
5.541059336666369
103.50000314428763
19.406080047830812
-1.4976156160180825
-3.9279502694448514
-6.477875692666352
-28.050197887988503
-9.408180503085367
-51.73210091601783
-6.451230782548295
-29.546700482448593
-75.57251239229419
-25.952170465104857
-133.44283382885368
-163.44798649571499
-173.26108390298376
-386.60388245336907
-296.11915847307534
-475.5824097625348
-462.75669665537407
-811.068026848564
-867.7650283602956
-1037.707358927951
-869.7555017621569
-1240.4978422359914
-1195.7821055988916
-1506.383439221308
-1156.2306150009067
-1070.3413718990919
-1353.514023332581
-1055.4531673734582
-906.9064840253484
-1477.943878738686
-1532.4820887334606
-1486.4839726490404
-525.7088037580486
2470.03232231914
1921.5792817447307
738.557291720305
1662.5466212305537
1.2092864286676905
832.6023017756718
1869.1271621163228
1707.699296289693
679.5836111228014
-0.02239695711826914
-346.9852319138788
-301.83742587653137
31.580308664715968
1290.7016771176532
939.0503252334504
353.59605178784733
245.6400258639131
148.36030443735086
-339.7981935131961
-105.14762510142104
-1040.6411567230089
-39.54381207652602
8.48189481989933
5.2214795702686985
-135.52087833472447
-506.15630122807795
-533.6393518187817
136.28883274861738
377.23661027969257
154.42392022732344
1.3541078738349992
119.78556909117349
23.85320796542185
227.31431119302195
198.46816386160796
-10.255348964712878
-620.6897949946756
176.5542899738143
1202.4825942126809
506.9776208826153
16.44739768469038
-192.2246805754795
-694.5609816891488
-308.2324537150088
136.89197236651813
134.99495942305848
-5.62181618612284
895.8428678995011
98.5278611784983
23.400807479628327
-9.812443354384177
-599.5516751949177
52.326575851207124
-10.386015056165348
321.27348193907994
265.98742475648845
14.021098687220132
-62.90019964511096
-644.1391574972399
-1479.0025910827426
-266.67518078533783
84.71070990121524
1231.5437058154046
626.5764956057087
-114.05605082816281
-2.1895141983212185
38.319474787894244
103.63556025711297
-41.077542202923034
-1315.585529703828
-998.209021090946
-11.442485243631964
673.7765200349123
76.67555986357645
316.5213163350399
853.3733913944947
193.06083674851413
915.6581863049739
680.1978727442538
389.47840369599396
112.08639123594537
-52.88141560118317
-133.1065702245066
-455.99698172180547
-827.4138021458253
-430.57561912490746
-613.990801196175
-1093.4493874002758
-1351.3552385380447
-1951.7820911231465
-2220.921231150397
-4259.547565316576
-3161.6818000835688
-968.2312702802612
-2358.475545479241
-85.87121303210193
929.1673185012565
651.7952915762577
431.89082241133275
701.8597831671767
59.84771745931198
2013.0493821665364
1276.7954925644115
14.845554577925752
-535.7705130025367
573.5225688859778
85.12804292521697
234.42512631264609
409.49976557224227
637.764477567955
825.0864017981751
247.79611349167192
-214.0673778481282
773.5839924440554
582.628384089489
-316.84320094423566
-30.674855384460145
743.3481018918523
365.31381058926195
-6.245002042567737
819.1292845982703
-42.99897447589703
458.6612018062081
125.27109039780277
0.3257822889504824
71.90179903772598
2930.061771672564
3147.1220963279848
891.9673186122698
2553.5225981998624
6338.8936029436045
6512.185728253218
3093.388982974669
9917.432774262648
33666.6481185463
81614.21042613892
-28542.940000000002
-61343.74999999999
-22021.010000000002
-76528.66
-24527.74
-42298.24
4154.486202642995
459.90346324217296
448.3861994276629
-7.551499764933942
513.4477898949685
808.348803181096
821.7387161013944
32.582002331932344
25.479708651530576
-24.34942259260928
-206.24856789576432
-93.64441825698404
0.9806017974800213
635.2360844449768
220.13248269852443
483.61029393748834
809.4484772375105
3.507215905462599
2886.8795534478086
1527.2267665615864
722.7566998798095
109.03965494923662
-0.12713847494964525
-615.6944221956088
-119.52618892954214
-161.66916462623357
-432.95354407339164
-373.11317310082717
-266.6622698607914
-1405.1359492006013
-2763.2862016696754
-1150.4426481617663
-543.1072649649273
-114.0761588509638
-283.6161096098107
0.013953059452376715
3860.1958214113706
1804.080380872375
1034.1221680636763
465.31224049830956
783.142429256962
354.7113493223734
59.36445087646471
61.85019527001914
-117.87318776159819
-379.29203249638914
-1131.1948193826697
-1690.7520241151476
-3540.2168236369803
-1301.1891043997987
-8.039861962066439
-119.16590645164096
-183.91690140914088
18.747738294816582
23.949229159134838
-29.991034878445863
-165.615620845042
-320.9689129371774
-786.808151481446
-1220.0124682492608
-1147.2620489796861
-827.1068360707386
-192.90951438520247
186.7865908497858
2102.108271579566
1345.2512950415448
479.0651846237606
410.19636372859577
169.56422905972659
10.47757215908858
-13.011115663446855
-198.77115607614076
-631.6966431956698
-43.486578937552395
274.01464390591906
87.80132181539483
3.8140732932898302
85.79974145828241
100.51888045899864
1570.1650964834575
1315.8751930566796
2011.8217689187754
903.5023400665543
111.21748208834414
1.4239038511376079
-330.99144551792506
-147.67278411889475
-243.5623564977143
-1212.3006077270284
-431.2231234757436
94.06380979984493
-0.10242210210652293
15.332564576403417
23.98680353480812
-20.00739684568834
-118.22051566874713
-370.2865820107146
-296.3994397216828
-361.789071423417
-324.98911067865106
1200.7795151023474
1411.5675306955986
492.2120187677465
699.8044159930931
351.743912057191
80.74403469058794
36.33239326605404
-52.505534589198405
-220.3073802541673
-654.4839391001889
35.95876763586669
1424.5014748519052
1414.2913582836113
851.603320377539
311.1655930971961
28.098576426341626
73.29544882980001
558.9483415276532
47.788324090205
-37.16464361937828
-55.90135944285985
-343.8614552132801
-675.7220556388173
-773.8900093962502
-1603.4677313735901
-2816.0393835715668
-2219.783522568079
764.2902410741733
158.00462116259015
190.68953686223023
142.5267613022099
4.048311472036051
-56.56252660936293
-313.47202635013116
-300.058686449374
-1.8129328266599776
8.77741305058072
494.61993142576904
310.9829690850458
284.845612452597
153.68917516396758
113.63110615905086
45.04435432275447
63.690808708693865
211.03897287096976
54.67538070587438
614.7074088648911
139.75015575457007
258.14942549446175
396.0489387807644
0.09153212929952764
-172.28496886375396
-951.5593342616213
-229.42668018380292
-179.3566629371352
-592.691816999279
-990.3052656340662
-278.918678947666
-72.80211907660058
-91.14088200586713
-93.35357308419283
197.2161242055564
374.02498111949717
620.355619883664
381.5592561524162
374.6917465304472
13.432643449561063
4.594662670277779
22.951169290496537
-27.7829215993986
-33.92138257072473
-187.60368153166223
-271.8265804555339
-673.4929784350395
324.804515622721
326.35802863985253
95.00520393480662
-19.743316808494647
-130.5855848632495
-371.5675919121658
-766.767797434296
0.8390774454357455
-670.9544815417987
-516.2157334832519
-336.40558334565844
96.67048865534863
1253.5313679650521
1326.7460281127362
928.4208663447797
611.5884981345058
466.67225710239404
392.4004741973073
281.8658198372301
199.02345062623365
119.55652922186331
54.87790047898325
49.94142289879967
12.347560019419094
-3.320030020009326
-39.79291470199658
-45.30669956282172
-182.50536749505295
-170.17515923375288
-277.18347259872496
-314.69645944974565
-270.9189453867566
-216.3118702908177
-210.4072288981761
-652.2856950715357
-773.1687064353664
-730.0406630524046
-1101.3500960393164
-936.308954264357
-535.4333420194127
-273.12700341720335
-1041.0745104863602
-1634.3886496666635
-1978.735852054648
-2364.7755026123104
-2348.252913154659
6.627014899961694
6817.827716798848
2467.2451109928384
2172.2109683691856
580.0207490680257
356.38881387644756
703.0785739373795
-51.34454073452041
-163.85854975783118
-213.86495788357306
-263.1305085124984
-512.827429443465
753.8495941320043
79.4952111966933
-112.44768180265261
-852.0359125685641
158.37527614281828
720.433012913184
232.67527048482825
25.163827750170615
14.978865703496377
-60.586055863819
-139.34978281637183
131.2498540736866
1033.5131661236544
468.74948976154803
149.5603111254232
225.8051544620136
307.98614953452847
-4.316245655065938
3.3200717003622264
-41.35590950177837
747.4608785105662
717.262975883252
609.7464835749456
32.18887270974602
0.9244132999910876
-329.6475805718964
-1821.355203251865
-2.180746734542537
2293.2299401428168
1019.4158317909378
1412.2070402391696
253.56220884699508
-1.971097564205263
-29.40583919804279
-302.6334910800142
-2082.549958563235
-2917.5623660234055
-2318.0634626520264
-130.56486507031525
2162.189718909266
880.660545500783
143.69047306356282
8.611362901393449
-37.95362483401184
-379.9883664177892
-319.50542673214807
119.94125403552934
-0.8539614221385536
-73.83156288506494
17.175021261619733
1750.3542497516785
1908.2133478435292
4240.95087191738
2049.827059519266
853.4859887937807
473.2808883321618
252.71406076126286
53.92695352244206
-3.333054030549092
-260.11672520865966
-49.67214850439068
87.19749563488881
-1.1285938585930269
-14.997194988823844
-212.7964959022081
-441.1180071240411
-706.4053443246509
-472.6401416189974
-567.5726329487891
-768.9777010459798
-1247.5452304784608
-1855.2965383866112
-2244.301455970355
-4334.798369275009
-5857.52776095899
114.59020585089374
833.7774241004181
689.7082162603957
297.53456920341046
102.74992896192306
0.5702786634421135
-147.62614606337644
1016.4152417902825
1695.1863089248657
1187.9613204146347
1115.855799154064
621.8465413784118
442.90870651477655
356.83712168278225
416.2189421066399
48.12505060031275
148.4338395071934
42.821079196175425
58.714733227851916
1.0622471220661138
423.02505626319254
568.8022579629392
1006.5907528468533
840.0340799924688
491.6933562795858
604.2098502466645
171.92926850253792
35.52962615262647
41.1136557472478
0.986032300207518
-914.4183827644636
-42.14530499305127
-326.6640916116676
-112.69702964623318
-313.5482349879982
520.2892468413281
3733.343121173625
1709.96523825317
841.6352736173164
1154.0113049648328
40.756472490026866
20.366994031735658
-21.89627753015656
-443.54819014799784
-1768.9739368103908
645.0849854563705
6263.758118247398
4759.261105706749
7291.960459410741
6183.18452590933
5080.053702910925
6207.387791568227
5416.260454962168
3800.0106097869657
4212.488235430927
4279.3712924241145
6832.2806570769835
8096.800480675345
18525.814488044904
23876.7437177043
-291758.42000000004
-383.94577991074993
-451.5194802065256
235.30164518599412
361.05653664608366
2137.4834740961055
1188.3821099834947
986.989500007047
1752.5651262947663
1346.9993812680318
750.7651497470815
787.5401864304569
984.7793193180828
620.6113836705297
693.2679046103624
471.49555045871614
548.40888845933
258.0798575802601
227.66688325143036
161.02206543892106
113.97918190750295
11.352663951751051
46.47956659385553
-0.10207516859559577
-20.285120421382835
-61.71284110771694
-40.15423195772753
-72.07801695684708
-101.75718494851563
-164.86079753040104
-261.7068267639529
-219.9219632987146
-411.1791361125264
-517.9341557321128
-619.4767517582495
-998.062328837508
-1074.2459467604108
-881.1411750020513
-1603.6996758011605
-1398.6993512617053
-1791.2808234149466
-1421.7948200037013
5.317857384253287
152.77759319396432
12.910889851879041
0.6062022447605567
-0.02994094312956501
-21.51275490984379
-198.19635695073805
-374.6047591633031
-1.838784487185505
4.526811622641843
2.9549093482324533
-14.443001006289476
-0.6682206760390856
-30.234113787681792
-122.80328870993053
570.988883789463
10.936756543451166
307.09665530337736
104.2322279118004
662.879745791492
1462.685470760547
1805.0513612490947
1598.6335147744803
1037.7050386074745
498.1114011963913
1211.767528715416
630.2345161588826
1199.4577979818082
1099.0211474760667
1256.380060781089
374.72176913885295
926.4430092865118
1098.953508085671
3194.2949486904913
-49271.590000000004
417.3177801531827
175.49224640897006
141.71466668977214
88.4479568302003
49.523998976208716
20.72807898065203
14.18973173759089
121.79667942486083
1.3359733782905756
-0.33671305115568806
-4.70974341812062
42.56969098928452
-25.33938712435511
-40.48071854934678
-13.986634357567294
-77.20766808810464
-63.768264192309026
-62.08579095758173
-114.02140773253679
-209.93058663251904
-206.4680758387307
-268.3261076550268
-363.1819323177896
-472.4748581362834
-871.8167065988564
-644.6914114963058
-490.1162566157434
-643.1884624875405
-681.9540433073047
-1111.7657496146376
-1064.4411256693397
-511.8338755475343
-100.20207531045546
73.49452791644053
277.204768040862
179.07639443663254
152.62905377133396
31.520101086504475
80.57822946194567
9.371483585904489
1.541386395940209
-5.907647058823528
1.9167419378451123
-158.09890074521113
-52.09288361679156
-28.997632669134195
-152.42919771474834
-57.13491359840173
49.97001222941945
50.085712674226386
41.904689619203296
13.849228202906996
34.91686357791254
14.62767750486397
178.14272936995326
99.17592308232676
39.25627054131662
7.665701138403067
4.4011328779166075
0.25757748252402335
-3.2553924005102175
0.7587055753784047
-6.4385368614511185
-3.2624023889404117
94.07134904619927
280.03859840488525
70.08326857856221
79.01730468735676
-1.006028343575668
-0.5980073318401968
13.783137304300913
446.4841308947558
999.9180129557913
1727.1958186103516
960.3053131408408
895.6234803261048
260.8384198200956
65.8855843873379
-18.291549981334448
-314.3908248082726
-549.5946953027724
-600.19824570046
-52.82638072394029
-15.50948697376399
-380.19596264842517
0.061314913902445436
42.006402529804845
169.22579379432423
107.31431433151083
82.30370711137496
194.90665999880105
106.8864131548514
126.15063836706025
15.970225325249308
17.58510721404341
-0.773751780994312
-16.033444833158853
-26.460798723559346
-45.962401430415305
-110.63973270078185
-160.74380277935535
-225.9530877582588
-276.0707927910449
-412.0346076443706
-275.13539507696044
-591.7918995955596
-568.0889555235624
-760.8486281057634
-900.9204685629868
-1122.6289439141642
-961.1143051210895
-446.04174573463035
-719.2822944381652
-309.64943411765546
25.578788739017646
1.3692291993818126
18.621306647486314
-45.30773604598274
-0.47945919378708235
-1.3995310867124837
-7.868102560601481
-35.79813055238988
-59.879495929137576
-57.52582404400898
-104.82061142858292
-91.918516487962
-147.6055842681538
-328.99497631368655
-474.15124951508795
-610.7826725670815
503.58026879623606
3772.228254051909
2769.780559134944
679.4040409511938
338.5964547458731
484.91736780704616
519.846860575972
-6.216130081042058
1471.8281245012522
413.22517278807277
479.8276857616667
350.7188043666754
1230.0707106568657
326.0442676333262
3.3366102139701206
-132.1493445103937
1284.3499498886124
232.6466957215361
36.96330659035365
-0.045973652701600976
-112.87461033522995
-454.39832097749456
-718.8261408271435
-1872.0690065369772
-4222.5285670818885
-1281.239935495845
-35.846283576209906
-190.07790815219124
-1206.6675258539858
-55.16268807128636
307.31682114941907
190.9350794209901
365.9136741828089
289.97973920673184
303.940574207646
138.21912494812202
192.31283948624028
-0.25468546432498856
20.5145309550792
-25.68477366616318
-35.71301522538622
-249.139455197571
45.006590124331524
346.67504359551026
29.134912041780886
221.09285613720334
304.3643734597023
728.4494266711538
525.5269712465509
437.3348109589343
425.3827648832935
441.40739411006706
170.41107539882353
183.26254246607294
65.01476466284669
67.83033692786813
15.819530581613428
27.89429526597237
6.757998672105336
8.683190098379974
2.3056092298736974
-0.004672091397757624
2.0779438967106336
-4.851065328690406
-10.656111759214115
-25.95400364982883
-51.73463077379686
-44.637216804600094
-29.318911151533438
-92.50491008456363
-51.01681707014761
-98.46547749380774
-171.13396724294785
-107.61111693605903
-168.8027740312918
-141.13678626479305
-235.72421230426158
-234.07030226192825
-383.6922304723837
-387.15351696670666
-506.401897883457
-465.42020681535996
-598.399631095392
-584.8539466443767
-910.9775448924869
-741.1419945212056
-1258.557291678914
-869.3785492113241
-409.45252436196085
408.4627344338494
2283.5600833278245
1392.2264719452717
2178.1840876671204
1213.7633835512145
2066.9675432949925
1149.934176477911
247.03554216266718
17.274230966537736
-0.6833938847754855
6.3399706860517675
-25.584610557643796
-64.80926528201677
-171.16585658017752
-262.9024492664217
-588.5589774202966
-882.0370243589991
-992.0826225680514
-884.4272629446316
-1162.5825102698263
-497.8354349015406
767.6886949997468
94.28996808393589
1450.0881241864981
713.1230041556005
357.3867629141237
1730.6109774378133
2009.6650157986574
755.7077491921547
145.5141266195552
-9.085312902334184
-252.62750337459028
-1586.9764677119274
-2227.3926308402524
-1667.1193542892534
-577.8531753257166
-324.3070352682579
-1384.6294461512919
61.38588584987065
-33.7064251515493
-852.0001804957467
-111.80038996621748
379.8105612051345
33.16365470082581
194.6896690006357
-184.5188244970169
658.8769878418914
159.1928281400512
-86.27873972412044
-1285.8843636632982
-2479.3913930765884
646.8552020647121
2096.624748595974
2439.4596493700965
2354.0153353169935
817.9959150949167
83.6785785679966
52.92875049250125
-68.44317806821277
-157.31360766302083
2346.117482739059
1590.7909975517214
2080.75463360145
102.20001202539478
1231.2498921567453
687.9818566391568
305.6921414893655
36.65183944290358
899.7430803987927
1510.781204903236
271.72714325844953
50.40823402644822
-19.94277533545654
-196.6587316250621
-148.1344049346371
-652.8989439410323
-1445.9726470347027
-2850.371597660957
-4026.9580932094577
-925.2115072225815
-1354.4507103214269
-1236.978752336297
-23.146707002074933
11.432929007327758
-14.00702916915673
-201.29539899304024
-127.02515844054213
-93.90132904587833
-306.56297142376104
-401.83413297036486
-3.714948346905795
1.030647264412993
0.016743848032795418
104.49026523888399
24.50893163117251
-5.516121398439488
-101.23989180153163
-502.39976214854124
-85.32924052449064
-132.56188517100762
-23.427011516047024
386.4843437669964
2013.8200102486294
1521.4368418613874
918.7154422925888
518.6289448753622
340.2630097642234
68.60816657413113
78.51581085261455
8.545199411358476
-100.69258988191028
-113.30196652666822
-242.37362062638164
-1102.7904097771593
-1285.96274909471
0.6226828327503136
-2.6281018092847686
-1.8553637399910667
-1.3337977005835062
-182.63974468710376
-572.1009587084421
-1625.343506757455
-924.2099433366345
-81.39543518801804
599.1478385413833
282.36911094453944
-83.5799693104441
-715.1437583578615
-390.9619631673112
-24.408241480858255
913.232636470147
640.2855943606438
233.13337179420785
110.65720690862688
18.47464586467766
-2.1458717424358333
-159.13301024311033
-1423.7096289694896
-124.44444605064453
1215.378677879773
1366.323754569238
781.7424587178751
312.3058355031443
143.35283812550665
4.882953101557476
-99.74970243351288
-208.12876780853608
-168.60917231122664
540.5065140086813
286.65133759842024
98.67732323474613
28.265670012190633
13.228283574337135
934.6983509161319
54.157924251991915
-79.06662400123805
-1082.225329777745
-597.5397502661474
-2005.1634430072677
-1686.095681231488
-3191.6069806792466
-585.0579774830125
224.47440771289848
1309.2793868428305
1723.5127536657933
1562.2889405485764
1230.6794093798098
1039.3078416752799
988.3042963298496
857.6905605290976
593.8664567894914
596.0349911179719
309.8465168950356
368.91433325927756
412.90859471499584
346.8048485772191
224.46925430337984
188.73948502633903
186.06893421106216
252.39320196219882
188.34827050016867
83.53763103368345
161.64839798162248
104.9562112570699
117.72291337564727
92.87879028013438
101.02476139285362
117.47079504722815
24.56521474867301
146.78902897523596
45.730319110832845
22.1335541829568
55.674659395197345
47.87514208809387
51.85663909752618
12.621332742655355
23.09533011826204
17.054225551972955
2.0022206670798535
6.073637443551036
0.3288774641082671
0.29880851870996655
19.589241220997877
3.1302868986869408
9.491681713164143
-65.60129583456478
-344.49170531826843
-245.31536492452403
-266.2391042462059
-171.89477364002823
-221.1570140579153
-15.347005109110995
-19.607596616623397
-62.531049068271265
-124.84571093562137
-158.59864855567562
-180.29705041934312
-383.31167998201505
-467.65806154468885
-705.3984220593991
-831.4690636471221
-852.5827071049057
-1665.0257506478183
-1231.299454170798
-1209.5997457707922
-1731.3609469768023
-1503.6081965391877
-2891.973275253834
-3319.58851998205
-3644.738370188835
-3490.024118773583
-4384.02198598249
-4813.912893126249
-3063.878590525169
-1297.4797424243789
1345.4052120282713
138.55019536172165
8.539900856536077
992.0005636211463
1601.3939956815377
709.2893359842531
199.31204972193686
-0.35816647022887504
-71.60617210689435
721.4111482339069
533.5178914043747
251.32501230783072
256.8372710018658
1046.5380800577325
400.92175467784045
747.6053171243763
514.2755288696783
399.0380724024863
24.667770008423958
-188.7954313679693
-662.8020885154142
-47.76103769847468
43.2256427410197
2645.243129521117
5659.046945104969
1311.5578374835038
8243.620508155698
8606.845547756075
15841.751736510505
21095.553415072463
24967.480754159264
23536.890625915756
24870.841384420564
48001.96357068512
51843.94360135199
42460.9332725234
61148.08151393609
88102.74692392175
94737.04298379409
102357.51754993321
215931.3376923988
339816.4255050509
586002.7764616731
463797.84414911334
434582.0383579262
423033.958963695
385057.0393208567
414458.8662632431
413930.7269959406
410398.9033385415
420732.88780498464
431768.86362562195
413413.7841277533
449768.7813863411
457313.2594157659
485661.5478167479
477254.1811313505
484927.42576212884
542108.564544457
604096.5629846378
779544.781442297
1175777.9839705946
-1727143.84
-1659434.7800000003
-1325897.0099999998
-1172278.3
-1136779.6
-1085335.03
-628727.5700000001
-834408.7299999999
-740223.7
-612475.23
-763261.0899999999
-341807.02999999997
