7049.64
3933.146258208965
7060.943286151171
1845.2461553475632
1622.0743555962883
3708.674580234738
2497.6560982869382
1029.497106800014
416.89580424177836
1388.8997829167402
487.2670021351454
5653.104760825164
4422.207115430054
2832.519261465588
1478.7501487525165
1070.022822243464
905.7565462759799
1162.841795218079
784.0823064458307
1312.7670033605486
1086.2247905660183
718.8559252823105
1320.394012489626
1392.4003961626734
1279.9705738168623
1061.1578789533528
1134.82387058832
1976.7933397115692
1847.8858423143292
1360.966997166272
1017.9045195950712
88.02422192084589
470.0697860816798
30.914512706880654
-14.045250963678086
116.1847033376585
18.052826872076857
-29.567125641064894
112.09502404232612
-46.231974845828645
414.1613072274512
-4.02179783547597
-47.92306724820791
-688.6364335179416
2.161633573845139
-2.0272174038601336
1.9676246039328276
3.798045210254963
9687.519883131681
14320.979108319654
7350.104777578883
6671.99343258039
6157.398315040289
2678.6514100745144
1853.4843309597334
7044.249973258698
4450.509902564657
379.8037337142622
4763.199115731743
11310.831980919942
10425.319517118647
47142.03586581652
68663.66951329888
57310.86501204477
66194.88972923723
129919.89749952519
-446632.94
-288155.94
2780.453964168565
37.63792529463291
3.7500054766400504
1771.190877736156
-142.76236636236635
-273.60063052536884
1804.725665780416
1171.7736481117367
234.65566199660853
-267.9753792798951
306.37500664739594
608.8338408823724
448.38659359534734
-1.3949399382535814
1239.2324315787419
46.05168674548335
10.646037810051432
-0.017407162544350655
557.9099401288098
57.50391570304603
1052.3321307583617
560.8976362945979
24.5765942261631
-0.08622163326155752
-8.236363998565805
-134.37463366109014
-459.7554950734613
-1472.4383869288508
-2293.350179415678
678.4950201300801
-1.6848172232442298
-264.5464349882975
-815.7206767863958
22.891836359976146
-2668.0058448397212
-227.83171799305615
-307.50460835520664
-693.1084143774689
-1871.487586368156
-2090.398133526579
-1920.1690039769207
-287.2624648430302
-116.03877772907725
-563.2220325932823
371.976913559705
169.03964196433813
36.5432620272537
-188.89072807719248
-441.4795374508309
-1950.653638105924
-3445.1978554479297
-1664.487131256839
-24.192692515605884
188.96448126956255
608.921965765786
2937.578514264588
3438.154643129661
2991.459479350049
2135.489260918433
2669.6487298636002
1653.5347062421708
1251.9063088126857
1104.578001677986
967.5313851402583
1035.6801015443384
947.9490827946697
1177.0804073498473
3050.5767257284997
1698.0754198728487
1541.3817933993482
1097.5572564089512
764.3184104204956
533.6312274824363
331.1213956895508
22.940180670657632
19.223603364012966
52.33076228617126
-61.95755019894841
-0.6716965644293469
-43.219305015240565
-291.9752124993024
-765.3187767172917
-262.8925680583692
-29.40798317481001
-92.92978730190944
-64.02551077478103
-112.55433251419996
-132.90941105921954
-309.43736285246297
-117.77567471040524
-157.40372093449275
-129.63360794982196
-450.6112697691471
-348.3894322236494
-341.8428360355048
-413.57246324889616
-356.5242189046694
-157.04189805386386
-226.42813763790852
-449.6765282719572
-422.31377825068734
-692.2298670404193
-458.09838678941446
-574.4165161288672
-1229.5613548461795
-449.85176082648417
-393.85948677702385
-495.26385205293366
-748.9198699619476
-801.8441701752463
-737.5401357893435
-714.3198400493402
1289.5990543834364
1855.5736750495698
1706.2590574206565
115.57994140260209
10.625203530118323
23.15432194493834
-6.954968184561732
-229.23460302994624
2100.3262216592107
886.6318784699558
405.07298013248476
463.67209907655115
71.39685267169456
56.70453324505131
0.1783996648188796
-271.1465483837998
-267.26338706237334
752.8552075908754
326.10558908528975
-9.490889538251043
885.0170169428492
2747.752697543235
215.2346568847684
4954.614513029251
13399.31759202659
-86127.25
2326.338333351951
206.02636977633267
19.26427814332094
671.4251530905752
110.05386582293532
73.82599142754577
0
586.9609306629803
6.180689096665005
-29.98440329768499
-11.538585449459998
325.1706995635411
11.135058399945375
239.41519432391286
-449.93684348071537
-122.53850609114107
-9.665870470241828
-242.53234819830132
-146.19583311657124
222.3458705558782
182.71883566883906
103.37750834969756
6.179273084906133
23.25031368448566
784.8554152520101
1599.899521349455
188.9831547648468
269.1860282859886
341.78333013367524
-65.58373749906073
-52.35345008271086
-396.6723896852685
25.05238625184207
7026.023195792387
-38882.31
2537.357635393414
828.6161320698955
378.1316393549247
-0.5554646745354814
-36.7022579740392
-196.28600601355132
-206.83992752238424
-264.4420141572383
-207.13254291031583
1267.8558640068336
1194.483310503008
928.5456115747268
110.16711395753877
-2.6994755228720946
547.2643863979662
4346.3357743104825
3222.6523948660542
3174.726211408895
2715.7040394782634
2556.5282654337557
1247.934454445904
2126.7674542993873
1069.3357258244937
651.1714019586626
1153.7404525651057
451.37234003447884
641.6079408122845
858.3005983304305
517.6510049890741
131.91420409881994
969.8571976924526
25.997299923429104
382.39639038277755
0.21850972312873157
19.711059748215575
37.09017958591385
117.33655434323414
337.2655821704354
2707.9261046571382
6627.572804734001
9411.043450332267
-135053.24999999997
1002.0466453451734
-91.18792792488206
-14.047781308269528
-174.02617480483138
3.4862224133556228
572.3773154544601
4.157192241210815
-207.6989066031199
-759.2304514538705
-3273.8403560439547
-1032.0051028278176
-1002.5689120724984
-53.636397774824935
-368.25256412242646
-631.5632538945542
15.703942565041446
564.8749605700175
1048.6752149905772
1028.9101916792956
946.856749339989
810.9503603937718
774.7431701091726
670.0399738760522
590.4214716305025
629.9985440134974
471.15294564115976
444.1145334895168
256.389365537166
575.8465580011896
206.41501732271462
175.15600326305378
77.17511667439315
67.37013206848982
-2.3412227869617424e-05
29.91468500997423
68.74088842515758
-7.125033197095169
-0.3189479024466465
13.548814949564761
0.47781466134906475
149.49727447360854
99.34781879291167
200.42920217389167
29.77481557354475
65.90377931061053
122.0509114537339
98.69186666620662
346.8622743537752
185.75707822669636
45.42635961206474
50.043246836647995
5.082476109512932
2.5762585146622645
6.2690048032905485
0.907169542726634
512.8577370518801
419.4485722208704
47.99505152202059
552.9892970896962
879.9077139413357
365.75110393576097
494.95651541601956
477.41958706096625
428.8332200191982
818.4863727089407
479.81835476522934
283.7362211823902
68.47891020067912
12.778869979840353
4.851087796142334
20.091750489464708
4.183947833861485
213.21243123091853
487.76666676265086
802.2958916268386
2326.09109348536
2862.7882892340585
3569.6385433450687
6606.747141858579
25006.680370731574
-199767.78999999998
7619.969851279513
4387.385620716894
3288.657383144557
757.0806236498006
416.13838324556826
510.64565776564393
47.845974019944215
608.5781635532501
1064.1048426801067
795.2266450792515
3302.221434311118
4486.664485277236
3267.4585062509977
2225.6596682967056
3570.6985769402036
968.1491120372418
2125.8624766134253
11974.715414699438
13752.029403813569
15217.732960687965
15153.228331165676
7205.031825386603
8383.535885953625
2867.886222802135
7887.770503347401
18253.75432167007
24505.67848024493
23141.759963430315
12943.138133064458
32148.963564830217
26193.973039930104
23259.104807236938
25100.86492647622
33943.302388549855
55932.49253388785
187886.46503511965
-410588.23000000004
-468634.80999999994
-1226.8497187737662
-1928.6609198042668
-1612.5864629853927
-1128.8870296762107
-1774.5642015476906
-2354.707485151283
-3306.197602369079
-4197.409235616803
-3340.387866079502
-539.9446281689377
-1955.518603227862
-820.2305013743239
-322.9988897939302
1055.4779611037245
121.62405972007211
204.24618289152272
-126.91921096580165
-113.6249236765477
338.2526599655167
436.03650815600207
698.300130642528
1482.3704834522234
215.45487320210816
0.7940518074308448
-321.05650164155486
-522.4258957846165
-599.7940338134397
1142.8956404730882
521.2810439342741
341.20236976764545
-156.5674533632285
-757.960910324087
77.78852700235213
1356.241194962242
134.56591449223873
89.75171600144341
529.0222508033854
941.3165921627948
493.5172130686474
223.53208749204202
474.2763225882344
62.11514408753962
-170.53202412679047
-568.0175032300161
-2.153894609766878
-5.3567698312159004
26.78203622027473
-8.080609207157446
-0.03427920648024277
6.802083285739457
-393.4059615724419
-1847.0615561128357
-493.9407023761619
-72.52537216648211
-44.5664648284468
311.318256737749
101.69139033031591
-112.04675769714004
-60.5869088653038
-14.074205925575106
527.8011473635693
70.00235317021664
-93.38946890086804
854.2321819001656
918.6800097472862
56.13805279057222
-96.11948405638893
1668.8551443011838
771.8179551766091
-6.730992130123445
-380.55830111805074
278.99274469832267
262.3389063513514
-15.140074293151445
-263.15194413324514
-1053.043267847466
394.8161452195893
-17.014509569233248
39.02056933514056
-132.71150148311852
5.415185931473799
862.9590593966634
1022.83821595156
218.05721886430462
0.6808062771911488
-200.58475286131184
-757.4712132301029
-1279.2387126448734
-526.2568330029395
555.2686316782956
12.01985708408942
302.90854540572377
-5.314465470901192
-122.90645004837432
-0.25968854067675934
64.19946623384828
15.433552953129611
0.988030815994625
-370.3870911937156
-280.61576967074336
-118.54993311561087
-139.30501962329424
615.8810778500289
-88.22066663511302
-295.2971170857937
25.950234410094676
243.97551360963263
-133.15411396100563
-1566.7604866333318
-54.7280676372839
-1.7384321568166898
179.88442031993094
493.1252954137678
796.1635316160543
122.00273239510557
174.85002751542908
2.480881694696322
221.5999088441544
756.1539667414364
1292.3694133236136
242.25361437765955
-123.420825593497
-677.0604924034111
55.94255113272728
-200.55735115450761
-162.60961917608435
54.471697529623555
-1682.4530766891125
-407.4094422422786
482.9811613220278
581.6986598689126
424.6135191192899
659.1198969331742
457.7299868382982
360.57368281012805
-0.47063885746108747
865.9392318388168
537.9622567469371
97.47823484382758
20.36818722662038
122.66364780701434
80.75812880343975
25.082352797009584
-3.147173347563808
-128.685344606084
-507.40749949702115
-1665.2054534245344
-1620.4696814279948
-845.7207702343483
-1090.1588837862855
-983.4513533611498
-1902.777803685891
-2.5690323170724625
231.27194646083166
308.81379039900645
4.704712052008078
-274.92412391704147
-70.39919827719118
3249.2207017626465
708.3412351982622
507.3977599602628
195.0473047440444
0.047150111923208976
-454.05667118021785
-70.98662914887943
91.83118124093093
-120.56880853807516
-667.3446863976294
677.9134400938457
151.8884321471166
-11.488974889899668
1337.9769638536548
1813.5878844555068
660.4518813012146
-46.372499157579206
-18.591789177943415
-204.12376647910307
-999.7140032664014
-1203.6964335211885
-23.660184458601123
1.9175348812002833
-283.5364881614262
-372.9567123258031
-10.243602588878122
22.9128318256463
104.29261712710381
-379.1312635025293
-594.0963291699715
604.8478861339081
1855.5689217170216
731.9489322689351
112.11125939680616
298.8127499846627
310.41200624103647
0.7042439710475894
-42.248949704007096
-6.074170904102355
13.644152580316373
943.8529942234302
743.2983827464628
326.8311928948878
183.11140252632526
68.42793072643394
2.413652125303452
-218.0300516248887
-442.9401978068911
-304.0402091285383
-1061.903221059693
-583.3045844629444
-954.0433222870697
-400.3549860979829
-312.16265143815593
-886.6325753086212
-2170.624354247494
-3636.6768805362826
-1072.148567472555
61.32590050319349
447.19229039931605
1188.0715305299195
1736.070218813224
635.4347484767987
99.05608056842766
94.62625994003055
401.0375395325664
-277.96388566124136
-1286.1047219303953
1.2683340927563582
185.5296782470578
-32.34297809874858
-73.51942815016508
-360.072353975023
-157.77556520309025
-696.7560055012517
-1339.4340927741555
-866.1652023320399
-91.34604592230187
-520.7011487507124
-45.533348379495266
387.84837875222786
-593.2165088903112
-634.1954978715639
-160.83471241046277
-3216.4871214510176
-839.3307066379442
-75.42998479706513
-587.769083002307
-157.2825758609644
96.67985134056121
-35.11674822783907
1680.5507161765167
2091.0747912747984
657.3660601053626
467.8892340716341
485.9190503393641
430.6696483205608
-0.34647087255186426
6.905986559598715
-1.5927928909056044
161.29099483711514
544.0870011209754
-570.7861006862031
-127.59166190707691
0.2821309133399631
8.16105003620768
1417.534208089525
877.918430271106
115.3377794782662
570.0607050536989
223.3548218435374
19.25578945480262
-53.13232897179951
-401.06354124600705
-2260.85778312036
-3790.568764343507
-625.574651516474
40.49613700620391
144.89662170897645
-131.8896912790547
-363.18517911346703
-179.2224533352478
93.2154857220534
-309.4817118350604
-5.897845100836314
14.457962455178341
2184.9872608695337
2097.930000618821
1503.0625794992843
1580.4367528276105
1088.2041852457999
1226.60869250887
982.0351791610307
997.8107909563875
638.7411984225109
686.684907625578
542.8858918946768
504.55858799287756
334.03781731309545
1741.6207629587498
1904.2711668355155
1179.6283696911833
2994.796717299144
2737.4292498262666
1080.7272629234285
2209.76794635224
1348.0041505440054
1649.4876033125047
2534.07756956839
2521.4521402410696
2144.9796910145105
1447.712455140485
4245.66390310584
3942.5625592755077
3242.8842079439896
2173.861384010163
4593.426945787669
5215.480640529548
6534.076466950438
2907.8744303443846
4516.429003716437
4473.215685596688
2527.534743641382
2939.7707057608704
7780.20017610542
4065.548950049013
9282.921525434647
6043.851455627982
20231.372535136943
9637.032248225325
10357.770894525569
9244.274163740924
13185.999357288414
14125.367832756849
9504.869363001651
21556.633671088766
1531.9265059802508
38887.78057243066
168970.1358758716
-436504.44999999995
102816.86486118032
139263.7323474661
-540056.7
1369.8184629095404
598.7787694962332
0.7269484059594027
-46.626556185935435
-528.0317351791737
-118.74508350299499
6.146637406058751
-4.256244263408825
-24.21162649443711
-26.701348992624176
-277.15295060850576
-253.13347087302915
-410.68369550699174
-180.24463968941123
-118.56490499934054
-0.018303499957050436
335.09610965443454
643.1523743793032
726.4225281996089
689.6753999977566
460.65541185305267
295.5803295902035
261.4518390350677
104.33523663888919
14.51404476272045
84.189135198725
10.509276424710958
43.00977213231815
0.6306625131902213
46.830878451606914
-75.47755102416373
-37.03929400205898
-28.372433366751647
-97.14629278137137
-159.508624898111
-95.76449562001486
-225.39509705415907
-380.8576281732232
-662.6937355413984
-720.4948033057319
-695.3076392960692
-1043.691820642
-1315.2754644682036
-936.3241701327258
-1419.9950728097397
-1936.1109142208643
-2372.6696007369737
-2783.2962350776743
-1975.0006787867537
-70.29420695107494
-35.833096949287714
-968.4626852451622
-342.47992353713653
34.563948821296016
27.515198791995903
-438.0330209779441
79.73070452603844
4331.101489028799
1319.813776443242
303.4340069258511
-0.15332814569468683
7.157511177483634
672.9817388417401
134.46675258997303
-13.025901821522053
-789.1710625017242
-920.1662033976489
-3.30172624059058
-653.0041377540717
-489.52930310709394
678.4215184701732
2102.8398532292686
539.640014254079
126.23121765248158
145.6290032808747
307.3391636653033
6.0304850147509
-153.60831291872012
97.89398039675436
-111.42592293283104
186.9954025260261
-0.27446401657467445
2891.844536079096
2675.9432286016067
1765.254327674716
1191.5154060415512
2650.779380318133
1200.394709958559
792.4373098068338
290.32339676541716
-0.000537395677925063
-136.44187638950726
25.76981118455071
-1.3412768601172733
-64.65640113771931
-352.48902413237056
-679.4951361389604
-1703.2118438859302
-790.7152321761605
-1395.264753785266
-2461.594178195984
-4203.46636566827
-3486.292918810692
-4565.443323283611
-8276.895025035863
-602.9608575744464
1934.4394645592245
770.5613471902158
1014.181633963118
1.1326151107248534
163.20368813970055
1696.4730468659668
3194.748026510936
1612.633532346856
783.5464608697248
45.80829145596176
-46.9482427687676
-58.54662583620835
-346.3532808979569
-1757.3654135829088
-587.284030795714
-3.8124072669505376
218.090237661599
20.090221238234598
-228.37293534635546
-369.7584698498587
-380.015611242039
-42.232063730663135
4.392966432509115
-87.99078181103214
-134.8100834571334
-543.5603606218077
-12.075965374525515
-57.16527801478932
-1195.0796839437144
-327.60870305299693
-12.783067996986933
153.46649788262562
606.3178870778054
270.36790706033844
218.38866563092813
16.156800039615746
-48.031122290868254
-70.94753785811946
602.8948149201773
138.16801059842527
33.046196373641834
662.304564463644
-531.4279569250186
-128.03277625958478
-314.6804257255667
-0.5482594126259825
719.3845412195267
917.470598127274
802.3866758838426
668.7222403710228
31.136426921530536
-93.71607119550156
-52.39310517508734
1201.873498216934
489.5125055833455
200.39857715508276
-16.06048155698334
-779.5928057915639
-242.0590116003739
0.005917760705064735
443.1195302093035
530.8511252059375
26.591944042576053
95.13228366965572
733.0624801655736
500.9507478612773
461.2512549406416
217.53375635258604
230.50349247290393
271.64796221103944
162.72166395275033
2.2813370753938336
-28.557282708686785
-104.36715936781286
-858.5294206365909
-518.3232058799013
-150.15314866966528
-138.9445099197359
-588.9784390401294
-343.4061377025781
-223.43012196352163
-235.3474471194231
-214.9102655985395
-578.0434941611122
-660.2815299267855
-982.1802711203812
-1523.182338015662
-2434.2260518821254
-2629.834870702335
910.131512462384
6495.947514398658
2550.998266563953
938.4656319216488
284.1262899891873
6.926677756428395
1.670737351958988
962.2449779536066
1726.2522799244043
803.5543975877147
920.6064487278177
375.4350908942271
171.21190635582542
60.79823736017906
-10.514483121144037
-123.85547915302325
-363.5396926076687
-978.4878576516264
1833.1891728870435
1912.4486284102863
983.811742487125
1816.6467801906497
2144.4641948795543
1289.5578808870205
1482.552838767004
727.738868501217
465.9524459210476
103.35211024070117
93.72838516919164
2.133441635931711
9.274442378586482
-0.22289291217061716
-48.43826777787869
-144.45348891078262
-266.888631605201
-426.15534849739214
-1044.7187009418917
-1231.1325204197506
-236.16118984662532
-49.16975005743936
-182.76298007094957
-179.48984886832443
-176.97599591487455
-462.3749015795713
-1225.8016275618147
-2422.2869054355497
-1135.8194969763429
-1265.191327281159
-1174.6549345259102
-1577.2941994039525
-3351.3945131522996
-3070.2731134043006
-96.35723961208963
1222.5661526577521
711.4447676827596
1461.7982115974223
1382.432560595504
1036.9418616351127
854.9047266631583
704.5846962160965
343.25771658882945
452.67464257969107
231.08542258642055
110.3127482618149
121.08381821771597
0.31514669089305425
-47.62802108848341
-63.92851662228845
-391.7033954698421
-713.407142061614
-10.37684837488798
17.00656380055429
379.71704396544305
-0.18684495988101907
-287.58063636697807
-2099.1483344611484
0.03028599960643581
-4.2875024706602485
-397.4116078477727
-43.60606554885154
-2.9054604179788495
-11.547521655540143
-14.707186072719324
24.1829586024676
97.2480452512927
1.6448292288921427
0.8916571349531788
-50.76999527410482
-320.6382459973569
-64.88283894105088
-1.8989984000441944
-6.556074822579864
-2.79495275051386
0.04671033504475437
-5.295150255528851
-0.9715733402600031
-1.9615042453747744
-10.141053178991328
-55.233624914787654
-95.67185887880069
-151.99931246463927
-255.00818021167748
-168.63000045817182
-255.96875266897803
-298.3750868327552
-654.888749225763
-572.1524797585655
-1012.8417431502269
-757.769838355352
-1436.3640234915486
-1201.4848947226365
-1009.1002250462471
-1325.8890210242453
-1493.1892543162012
-582.8668816530087
114.29203450833035
634.6933896775639
-44.888487404411805
-142.16564689047533
-22.76627615172913
-19.005869715977987
521.826993315547
368.2767898968525
1276.8481856159713
2940.926467780348
1236.4135463245866
9.327308337018463
89.34264198781898
6.4524766752295415
1590.707926804511
192.06420420227414
-183.16010919558147
-919.9837871043665
-455.1578190018919
-147.49423803963361
-566.4152227785061
-50.730112795128534
15.71352163538925
132.74557743584947
-14.73107568462331
-134.5098455307463
-48.56531635569812
81.28008621922879
233.91790052561808
255.00193942687784
-19.563288016323337
-18.96725115147153
-1168.5188798434758
-2280.8853657223344
278.24287057679487
1456.9553340778125
1342.299618926283
1304.0704690523507
1502.2248740298653
1204.1391849772817
1218.2827327742505
1126.6701123258047
745.705278906908
657.423026666077
587.3652119761862
546.368869690666
402.5193358781744
393.62495505417405
287.65539258548415
202.7337491619857
84.42666545561906
107.22668012357425
44.041011233609694
14.888407495768673
0.958716761062233
0.7099347088058405
-5.061717768620651
-97.03356233243214
-8.000558292473235
-89.6382408697192
-145.7044874994922
-266.8116734141134
-226.57523233109896
-772.8418843970776
-657.1530966947887
-95.86576050578515
191.9353422481174
144.65773180429235
587.083130026401
593.2790446673957
269.99637342929884
427.9175688041087
216.62849203959223
127.25957261745401
155.4037576428516
98.64788666350711
156.03211683800808
65.26734787196577
36.59947813414091
128.1290003535712
127.11098547738378
113.20863041461362
94.8995138510458
119.4018705536444
59.56295203850058
10.689217398545054
62.78360608951479
0.17768539479864887
61.483678554303324
35.14927324278612
27.243130029665117
18.28880928539172
2.8794286554696833
22.9131802715534
1.4932153981837886
10.272590662745912
11.034960207348526
0.007420391346684596
58.74173772324434
0.00994358719260287
48.87591937949817
4.587092104261329
12.620099223535973
7.029276940679804
-9.129224221455022
11.60525581091657
12.210834775352552
36.0794193649467
-5.857864441636453
-0.3692587588222842
-0.4834976036216357
6.502630511277141
2.460856300636358
-0.03298505020483785
-8.605870448489368
-0.5811572644952713
15.115057902667004
-4.811582299080731
-16.05432339675952
-1.991648647221727
-1.6883806908881729
0.16752706507401505
-1.1663684951649897
-9.36356977812333
-19.855962231285215
-63.9698443274523
-21.50820452384326
-15.197708637276843
-2.595510130166275
-12.626813057387215
-11.342857706367852
39.777310640672965
-2.0872404610555035
-49.41365182616333
-269.57368151326233
-309.2946483705755
-530.3651442179892
-475.65020833333335
-518.1278137350017
-587.8768052618034
-567.1043042750218
-792.2149788513611
-531.3943952096791
-127.30577867625945
-18.217564472450746
-0.04856881382307087
9.478628867143062
37.085879721422415
-81.5909166719325
-252.10014459814394
-359.5043136091151
-709.6354914741132
-610.6029186094303
-361.46929329534737
-841.8345259185363
-1098.910915413513
-816.6391396829744
315.5628984272396
1898.687459127938
1138.5724214972897
581.737463265318
356.23049121522513
717.5820014627755
1414.4206463585408
1149.2772002978052
775.6525482254401
899.96188814892
774.129596665751
424.42032350713737
378.97547966036166
199.78708486314963
375.0049528461483
232.73272705340213
116.78664294210773
49.327964817175335
23.08218550254809
41.76500537741216
241.90975467089353
50.90419537536196
270.2337267027648
-0.004734898390191291
-90.70620997979923
-199.41354775064258
-620.7567595530446
-1508.3164079064954
-399.4196386541296
-329.99251412059675
-307.7552316886046
-618.7512702225149
-922.176720553606
-1045.43097416473
-1807.1799470673964
-3086.0924268642993
-4044.5887508630385
-2238.2004659859463
-2498.67790911932
-3174.812144457164
-3202.3981131458686
75.97122831693596
1261.088061146764
222.8133046691632
224.58159880169492
-15.014484438216773
-119.24058352456001
739.9979381768774
235.3694549537539
34.725875461529355
-377.0957699164864
-1867.2938618246244
-1229.055952047475
-60.2097233677975
-13.095256013007344
1038.0414066007058
512.6083991203103
4.657099164888042
-337.48494464651355
-839.0999842573648
-0.032650627165057726
1454.3748979182196
1922.848256335416
2021.8420396657827
1744.0444464468571
1687.9224690908145
1282.3583717898732
934.912952484751
769.2520628214412
446.0149146191406
411.95449973711396
213.89233039465833
152.9763812759482
28.800218670717598
0.06057914546262831
-90.95682620477646
-218.06918767300039
-124.10230797307005
-80.04155977973232
-272.8828022355743
-511.2192029350614
-1168.670108199081
-250.85083730652605
-192.2125201184486
0.6530740764693909
14.397027681046401
-6.067467181529632
310.27937201548764
632.6969200091236
220.9227151587218
231.36948058777804
201.64569026902765
200.19224730758958
158.58833655250837
352.23087962361035
309.25623149845825
183.99558271039308
150.6610025995974
73.34462581731398
98.0622612637082
60.851458629162664
0.9514754730878427
0.03807557570827952
-0.29529849314659473
-6.286656350421513
-27.6916397623742
-29.0686881740024
-35.50805069746774
-54.17062342042631
-74.3182056716993
-177.4097928698444
-215.56768505585595
-14.803927588857999
2.5313349640930136
-36.435370957359
-101.13832349870621
-261.8206987418099
56.84700761708954
126.52492428714109
87.6655239429917
28.273927762105203
106.9901221059484
3.1601181820535027
-26.624324791268755
-1.4420190338252719
-103.85452966158473
-202.93428694768846
-355.5839513970545
-371.0083884975651
-336.6205449660209
-643.7834621945527
-485.7464337117899
-952.9507169114727
-946.5408787929206
-1589.292942774527
-1551.594635589302
-1590.0544462731862
-740.280126179279
-147.8405722667555
-95.15716017729885
-105.63317623911675
-544.3546435808315
-1015.97411229216
-21.57427191274055
4081.179352281429
2494.3327582980173
1170.3202935826034
1403.6520049324772
13.179866268604371
93.34373356391258
1111.3665606876752
1231.156424332727
282.8440544857268
-83.10767215855655
-189.43165242315868
-0.4547916046749729
-400.90494143383563
-271.4041079426273
-591.1962476567514
-856.727325744089
-332.5853227384177
470.99568286510845
-90.09824437106144
477.2095579342531
1155.52991640762
529.7685598009958
211.77159841859276
50.96317412151693
483.5576526890775
400.00073882367235
323.729442054799
71.91356643356671
20.680131175171866
-0.8274532609585782
-45.07729250097945
-64.23802385144901
-95.4483244127916
-183.39044736614517
-473.4932137850625
-411.11545916543474
-459.1547488280371
-554.2944750268725
-465.22967086237236
-1266.841185340855
-2541.2834564625136
-1505.8378928316681
1076.4212576384305
5909.395286233206
4024.2776613222186
1477.7056830318184
432.5903350787008
11.328736517220635
-4.689555823801409
-154.7288973909427
-0.19591151134693213
-696.3168863243981
3712.449027109894
1928.1453488720126
584.3539794034987
214.27364777354455
-18.425516496092083
-11.769957581676532
-201.65305658584768
-871.0382032402497
-793.5691384484217
-165.7599174093774
-468.64027525765164
-521.5643214375318
73.25828598991504
4.433920593969414
0.7460158817258531
-18.829958136648926
-315.2207883837476
-585.13459748248
-600.2577477709053
-2136.366835732816
-138.37182152587255
10.873110597812326
-14.90938585444999
-250.37211772918943
-732.9609521432944
-822.8647358299163
-1169.3774198165147
-372.07008036822583
22.12912238996242
331.86558137143277
1311.8066865357828
919.7528576731747
1006.954330915676
215.71232369346632
188.7470643603591
328.823728171338
315.0874434318883
315.6164384126481
228.76875126035733
24.729095880440983
-13.937689260269952
-1.9865548785283567
-0.37567387992074003
-467.27896453487267
-2717.531225697784
-424.42014115504884
67.47668671401112
1280.4820822989882
1553.3869083062464
935.2294620879766
1066.5877304761984
1123.8991225858845
800.0548815405148
1305.1170967708458
893.8033183243339
942.9952659632369
547.4709951302074
714.4078008809113
669.2681716083096
428.37935856291523
442.4642531439444
373.42773515532207
275.57166333300074
118.02924107611773
252.48212704288593
104.99319974928176
203.6164919753558
74.04817155781403
25.34892934002801
6.935767903812071
14.759438224151431
2.51799617970207
-6.984474339419866
-11.497184444778059
-24.641176126101108
-17.06598862175197
-68.4913880460062
-74.93255520527721
-85.05482259194048
-229.602231811982
-195.0223658628994
-254.36567016341908
-286.97691297859683
-119.31865857141933
-251.42783298386018
-437.6954461680683
-548.1600190340262
-314.47099781641447
-771.9017161557297
-732.2919523257606
-1013.5320082658213
-719.2248728298439
-843.8175454209402
-929.2076417915632
-490.51189864017203
-277.9833185237441
-1021.6831518078156
-407.2108286778135
166.50550808942148
-13.819458202525858
-381.8719102608203
-270.9008287923851
-1642.3169649833544
-2571.184167641362
-2142.6113717345265
-873.4792947084388
392.4684119250139
697.3372309059883
559.8608916044129
808.3055611458612
2336.456355971061
2692.1060926863365
2147.961250606498
1955.17766717298
1170.8514526787685
907.7965074374434
1799.6548010533595
1036.8990552173218
320.4118450074319
64.19436338921614
-28.519827466531925
-41.515648199185264
-334.60938072317987
-959.302738334493
-1793.4503210647479
-1837.1385720281069
-61.850656972977774
384.0740530950302
12.910850224683054
-74.64291911248029
-584.231004842143
224.89187697890853
20.868818006227585
-498.9634580496703
-32.768851251394366
127.15799627832752
-445.15810123431675
-1663.5356522749425
0.6855749213793996
-23.715176761918148
-55.313203551501644
-702.8151936988686
-767.0063429372176
-609.695624569038
-2783.179804688655
-693.8696410145245
1172.9335375724177
735.0789134627144
153.7571921918513
-1.7562546305857853
17.888851027663964
314.27505978570434
9.853792894561693
-75.28901400612192
-60.524031666114155
82.03120656511904
967.5628891467425
2594.465094412007
5313.004749548749
4238.633067154339
2467.399195506455
1605.9266371214778
889.3149957335315
1216.7372639323594
920.1363938245195
602.5207571977771
465.2427845926312
152.52892960455026
308.29092418523794
169.12722714078956
186.3385049131258
8.433227364939144
-31.87340645728328
5.861157000524851
2.5808187497059114
-36.582948526428524
-81.91542244552201
-180.37276733295943
-383.3895817504212
-337.10366732196997
-517.7733185147722
-767.2308175717611
-738.3048621697076
-1570.6385630538598
-1311.920915874567
-1953.8294375823762
-2107.273893054528
-2920.6813073603353
-3922.650917724385
-4797.938446820395
-4698.601292394074
-4425.751138164137
-3756.3870680158607
-2265.2719923359027
1658.0349005671987
819.5965872216888
109.5779514495996
-2.4997324680836868
-2.973693146808009
2980.658016342717
2172.4671933121544
1526.4016139421944
548.0830114506851
125.71399112650576
22.54183610427786
-42.01000644797779
-33.07038476524352
12.689735256496595
-493.1117826985395
-647.88833782267
-1554.3358294887685
588.9927030073766
2715.043521761094
2418.934663449079
1823.612304667989
493.1293031782135
25.837955553600864
-547.1228483960359
-1.24231374612215
-55.016185347420034
-868.4953648147084
-2846.990075755246
-2262.025642636784
-732.529617200098
1.6241367324100504
-18.280204258976138
-36.74068725063543
17.905402404980364
296.26482958537287
920.4474225826963
2637.4455766251936
2258.9100149456735
1335.14391011423
283.72230430646675
111.05631433190472
-1.3334225901789467
174.40554135655998
279.9444854133901
759.0740307615804
439.32564470281244
72.08003237631561
1.9542540890539868
-76.01415747498089
-200.29292896050185
-427.2401303559668
-1047.757154923834
-895.9078438693698
417.1218792405447
67.33288493459497
3.618358095329273
-56.3869951849807
-4.653504961123243
-179.14705323650537
-238.07461071304854
-412.0162075407187
-76.99970579907668
340.9502266379916
3519.1800093140473
1052.4831242119863
201.46869527192771
102.52539908393844
-127.76785708703235
-1189.076725674403
-144.24402712159883
211.69695339987746
131.3386430573671
-3.1293872725582066
-74.42752892586788
-623.0590157120215
-1275.64090971249
-2044.0848409228815
-2010.8113646940083
470.5235898042017
361.70608007178305
308.006043206914
540.2896749149438
174.41123838323253
-62.50525460874264
-1530.902701459038
-16.154772670579145
463.51086867454705
41.76374472722394
-210.9045190198179
-545.3299806802548
-2113.8967704536735
-3246.768208902182
-672.7049818572023
-4.158838700416797
1292.9226253659876
1711.998703962534
834.5623919982869
691.0093407278725
-4.608986097577622
183.32135828682223
12915.654798936714
25539.237949949656
48275.04428709101
56997.36588159342
74334.7046302245
121509.14479798137
124683.72583387332
131723.18695555965
123604.53807877138
141670.56118881618
161897.57501686516
181355.8249811547
298529.14240396506
712295.0751787684
622504.3075725839
616963.6292395366
643174.1015400351
672348.203361278
798819.4412597655
879516.4241045368
740426.9995007375
669189.6035497931
738444.6358117497
730733.8161376832
780435.4597914803
828288.8974263173
838421.9064002528
863458.4497971889
903006.190469832
976976.5899890102
1005391.3450063256
1017127.0676556112
1238491.8095224071
1383435.1795319237
1472061.0265869522
1333674.509311623
1392392.3212098824
1458838.7191728167
1612870.9579108136
1857966.9298349132
-1982533.17
-2123953.1999999997
-1777798.7
-1790470.95
-1760312.0999999996
-1541298.41
-1295992.87
-1539695.95
-1648939.1500000004
-2185017.9800000004
-2013596.0399999998
-1657382.3000000003
-1016380.64
-885429.5800000001
-652903.8200000002
-579893.03
-531730.1599999999
-400533.55000000005
-396449.37000000005
-387904.29
-295697.07000000007
-290424.55000000005
-275337.51999999996
-263021.76
-221471.91
-281008.48000000004
-228919.59
-189743.79000000007
-157223.76
-139080.53
-118325.85
-118208.40000000001
-81667.67
-95159.15000000001
-77656.8
-63585.880000000005
-46599.64
-34213.41
-25840.86
-10369.03
0
0
0
0
0
0
0
0
0
0
0
0
0
0
0
0
0
0
0
0
0
0
0
0
0
0
0
0
0
0
0
0
0
0
0
0
0
0
0
0
0
0
0
0
0
0
0
0
0
0
0
0
0
0
0
0
0
0
