17070.480000000003
4451.532918931986
5601.814829670165
2897.3683125265798
424.87333834549844
8.933300399985576
2555.255206066496
258.72566089495024
1100.110442641063
420.32113008992644
196.02415140535535
-98.37405029924838
267.53114162035763
8912.888795538578
4970.608334454738
2393.827696095938
416.637735757309
-1.5339608766517132
-11.893849200399977
106.86392763578723
-27.509287638322146
407.22246289904365
1179.9938722618763
82.25287937839363
1.9348430333562847
-164.5164542865834
-676.4358691826066
1275.9177749470011
242.50501725992666
-165.7373793582267
-8.195874476065736
-1052.2413562144332
420.7363564460116
739.393684372091
55.18413206768942
840.63579764009
8939.76797262591
2351.3201726899442
1375.2690485856194
943.1982657017263
268.35804095398373
854.2438084042531
1705.6767262769959
2019.070253043003
1594.754838222675
1249.7018094708505
426.25776975191724
589.0145766175964
97.37581258952947
317.82590595405776
-44.950595327270605
-15.309405994916414
0.016992495501757715
0.39118731204488644
-249.6293255825242
-567.6332403459288
-695.2778163103665
-2104.5261393911824
-3715.416212496465
-598.1370623831826
119.06510474058277
147.22672594875235
338.66413836804213
23.9676893846425
8.214086269753553
-0.04302551158759871
-0.08234056230202622
6.317172785735927
-17.806101470980455
-26.809027007772748
2497.1921555900435
1231.290827390132
293.24131626533483
333.3572043968564
695.5864640604191
740.0971270698528
670.6143743661064
102.74214806351907
275.12128667002014
3.5276293796729403
0.13735007828020734
-21.074127171044772
40.674580404391335
-66.37474276362099
-63.537796879992726
-283.0816138187248
-368.440170138271
-529.5046231284327
-253.2752874873446
-853.5480465089474
-194.80611185138633
-27.44517253991958
-150.66980167799767
-115.15267145964374
-444.5761604180381
-140.40340611619865
-77.18129593921361
-1020.6102288414337
-713.7164712635135
-606.6603428065823
-561.3738982800475
-985.2238740076289
-408.1210625869831
-2.208059003497431
-54.57135064828212
-65.26233379335156
-220.64488191524322
-116.47538619377683
-5.2867440865135595
-76.57076117479663
-312.44013944454684
-848.917877077071
-232.1890770251135
33.24757188824558
0.13966277945990085
-21.729297743316028
-142.15837401410613
-1394.5172233532908
-5185.94385511782
-1911.469965557574
-416.29140474208924
-630.5652384611066
-2027.1076624149487
1662.8250419339752
1927.0922693420841
804.42798397687
1356.490746744679
31.54624087141712
91.30383278614623
-66.67282449184808
-506.4276941995205
-34.3166895023291
-67.64545386845418
-208.78002774853135
-368.99271775706904
-575.9451430259473
-811.0898144712155
-1598.0168136328634
-7.247591394224787
1035.337160781026
921.6588951353255
137.52634875838646
-3.5120449816705035
-20.095697272720184
-729.0760511515317
-1080.9215251384655
-1538.649771092019
863.035279006129
717.6711510433978
183.04525851441844
1348.1180941574814
568.0795010776386
230.55084763444563
41.65097941476964
1.7562460191385152
-2.469646077421652
-98.04579825527964
-317.11824662471366
-1271.7241342065088
-1471.6511540255797
-1717.2692195558607
-3407.203243094282
-6273.831680508526
-1146.9760322142192
211.74158542769584
-21.197421917209244
-787.0881589652513
385.8437678989168
359.5648703780564
916.3649004279098
524.8428553218167
-0.06355325521681641
-411.40978480464355
-170.9677499447004
226.1913177730784
87.44016225195607
0.2538797255726507
-0.5290576939980542
4902.136541879011
3034.8223350103103
807.2856540478493
299.38752511299805
17.44649800060176
38.861270253798075
-4.60838386890853
-162.30259573204893
-378.1929298599766
256.3920935837476
-311.91880460405207
-2734.1821123742766
-5870.7211333901805
-1134.1756814607988
-770.0650331241682
-32.53205037366291
-1.4870164803939652
-52.83730951902653
77.45183560792988
265.26709550308397
308.3674761357568
62.24269195759672
-267.9090908875131
-172.07252614069705
-100.76418186870038
-2399.1528497251825
-2004.8035848478576
-113.63697030762373
535.5620298583519
4281.123937110709
1178.4385554200715
566.1124338219386
1155.0751869685932
126.82967863897838
-121.58201416740705
-909.6406134181057
-129.7471102710474
481.414594303188
765.323965076032
1234.901551712324
279.6211110375999
-405.3262408961481
-13.016747041701777
191.1034189768223
648.9884170319374
660.7395522616569
68.13676189158767
191.35947881655596
371.8769785283432
147.76192465130816
11.045450320800672
-1.1836854715379048
-45.401342118953096
-149.02761680875125
-298.0642133741546
-382.8453090530413
-1108.9801995735265
-3528.984067756242
-1002.2531878562901
1.1854472818607236
318.9027661998755
-1338.4578916844093
-654.7321799329936
485.41044583802034
2209.4354134371406
4955.422987944967
6288.810340365649
3703.2195966981344
1632.3675651353985
1312.1765662234136
504.2802756176809
70.45963411752132
505.7481948579967
1155.8445240560886
346.43052924976894
356.47440590242553
505.03802619453705
-37.316641645156665
-626.2251757858214
-9.065958413639347
-279.29706062896946
-270.19788318075234
-718.6357782250593
12.292434903911886
128.2717666465872
22.559409881809234
-115.05394290672552
-65.6467426529738
47.96670500051697
-1.9669995163529805
-2.513450523891806
-3.8267451227287843
-342.4976353516636
-261.95955638782607
-378.5530167761014
25.550041747352232
4.8855647928889105
38.90352519413985
325.42811996613545
216.84445500445491
-15.291768389903293
-34.660847277603835
-153.13798034998294
-303.0317038450662
34.550484537103806
-62.90068429545809
-588.7267780010246
-455.2804145991451
-463.1595542383432
-1106.3663645340275
-464.029053643107
110.93978115178088
1379.8148574922122
671.5422255705064
280.9581981055179
371.7273944465116
768.2596043277264
1632.320713112099
718.2432787213133
161.13261351904873
191.08380566792965
48.9587326311685
208.31969218594503
197.79761769453899
74.6355474016836
-32.640584933489535
-447.65872314351736
-800.8663160905332
-458.1716507606824
13.921277442002797
2784.085990337409
-69.77421181669321
-5.257512069340866
4063.8594179395513
2123.11092081251
1765.2347518289594
1289.005938961123
287.5260159358963
-6.301870320196506
-74.55547573533717
16578.151610890178
14907.859413127924
24540.267922783158
25385.322272638194
41281.81865334876
24844.699140229568
43251.819827361236
110189.89761393238
-388859.77
5580.1552786209795
5360.572144466632
2967.337175392614
1962.854085070494
2043.4646266129157
11378.409536657464
71911.40833109236
95972.24112057718
-82478.75
0
146988.15650660617
79019.35599266953
75235.20577085289
-245922.65999999997
94383.71845146455
-32756.57
0
43460.21357668053
93133.58751343616
76299.95837553614
57124.078413368115
-133966.75000000003
70814.1201024111
28962.875542552683
-408366.5
-240487.54000000004
-11897.92
0
112240.73015271299
217785.50845913036
174280.2862381715
195596.2267819941
308618.77714037587
-325481.13
-55168.89
-43528.87
-126403.78000000001
-130831.97
-279456.92000000004
-5051.41
-15732.87
-42547.17
-24653.24
-22427.14
-110336.24
-197336.67999999996
7006.177247961842
2863.2460069872595
241.89683427419607
-219.0592276014466
-1269.5303650361473
-449.17355728646277
1.7596879955614972
82.10943997989631
16.579985448761807
120.95499940635439
1530.1222806859616
87.3934866832343
28.91593964844881
-84.9598041648002
1611.1512887279123
933.3744453650324
-371.5724106761271
-588.7654018744114
-102.40705750992424
708.9813871366792
163.04539995417764
84.05278402243859
908.9187738002377
-118.05359510821982
-54.35379850949199
28.855743844710986
7.511177534655316
-232.52597009486803
-1153.078306468544
41.45797173022199
48.37918276413166
1817.8634111041924
2467.1742791199595
1701.784882481089
50.10315657338113
-17.73294051380871
-426.31332232975717
1786.9699425382828
2705.246214606297
1255.9572289306689
1840.528368433318
1309.5870206692784
882.431734407408
471.9583592212633
330.5490121705355
60.272353773833416
-9.841268756793141
-110.810963852324
-495.8911608851169
-774.5418166522393
-1258.846593953114
-243.0314389837265
-477.15139907859015
-932.4809719387812
2.8124891891378585
-928.148236021339
-2473.150270683827
253.37471385093318
11.275684329428525
73.6749095565891
-121.72614547886087
-397.2561347074983
-267.81789740324416
-705.28596489918
-1232.4027304474128
-277.36165690605065
6.456734187347123
-124.47779784332099
-1556.2791178517994
-1421.015195497252
-237.219437441921
7149.891542746354
2650.1685917965765
1456.3214148998186
236.65094377692796
-0.2850825656465117
-632.8203445084214
-1647.0410953255418
-846.9034940016638
-581.3804414175573
-12.098779544901191
609.8374564020403
1134.764709221296
1240.7058710349081
371.9732610931338
-385.3207573156306
-188.2761166914273
-215.48448376682194
-2394.1520731915216
-736.3991430243485
524.7388541808457
1316.2620742531738
1286.1272304300278
1827.3370444222687
412.06893214516776
483.20685951874145
121.74196661121002
0.39720282997899115
-28.832642923231003
-31.220258113775706
1.4627287160282219
-139.60954740793855
-506.096273154495
-1272.4279433930249
-4035.2611309698495
-6702.028533013905
-913.1157162725756
522.2880000338489
354.85966206478867
-160.3685114675772
85.47149040890574
-673.3913139501583
732.8119492712499
3670.6859237193594
1181.7664666470405
885.492440304632
1265.3342324095615
270.8882752990265
233.70194379848928
2098.757200133666
6452.48818582813
3674.629252588893
2419.5696450572555
1019.3542634043082
287.2543747253793
256.44943361813375
362.69668935115556
453.9160226410038
653.8136699602096
503.7305382211765
453.1737215449422
670.5403948714766
1233.0486362672577
635.1684371243302
447.4021428941848
716.3303104183387
209.5713729925594
400.20836015732306
116.51958928738969
0.036835083631290434
-47.57601795897054
-405.7453814758844
-816.32058970183
-403.9296680767145
-221.35530133510747
-119.75560854728326
-10.40213857857309
-6.322405847771123
-16.61144632551037
-271.6240846488007
-35.840612952600424
-566.248158588779
-10.79947073889787
-8.51772756043632
-62.3166079624981
47.19215304468953
101.68258299614244
148.68137024870953
39.92169623088906
-26.848483626799716
5.872254134317181
-29.973381794735282
-11.151301288708053
80.99790639235147
121.22542668173807
-105.73078693848443
-382.28629746653394
-1022.6599168918651
-152.6243561993288
-1147.0489399219382
-48.91619125543628
-290.53733648042197
-71.05903273691416
-185.44270522988342
-261.2075618624499
-5.415323214039771
29.04011251467432
30.313479808518807
-27.607776463314824
-45.432520372526234
-857.8966722209213
-1666.7738872129426
-838.541392755089
-759.4783270503644
-1988.6805309329932
-1759.179734992344
-2481.812198752191
-54.63728032961778
-7.715114228614088
16.85389658313431
286.52110821934394
2343.3647180242765
3039.9371592468115
2091.929599093814
781.5438695692413
587.2383105260352
2540.225115657527
1244.4613857970558
542.2191293560481
299.97966351409093
37.83329257277121
8.508426694728351
-15.27462575247608
-199.76195133158387
-49.78829105752626
-240.50411048050591
874.6618471807835
351.7066728902105
0.14011355103618023
-208.1435398588232
1.4613871886116891
7.863015687618686
148.88800303184527
-10.56045871805719
-6.76101002017246
-1.7087552513276163
-0.8550975270184658
-19.069687585811288
-74.4564454034523
-201.23876866608308
-869.7506516735518
-1997.8416499225013
-1953.178223355794
-4719.920809970224
-1537.4559928017015
-1257.2974905980452
-456.42565794013404
22.182969045380815
-128.67618611590055
-179.85912229008744
1300.8766839851219
943.4503641893814
1441.484093689186
1175.0245848695045
525.4410916135193
28.08102553858783
-0.016024762912028107
-47.5598775498919
3495.1808134241837
370.1102189232972
2919.395521673936
19093.215141640692
11192.982234036299
9540.647665089477
13428.282226663327
48667.05454822428
-241935.50999999995
-191.2445961686023
84.06047114680314
4991.500848918105
3962.775569785019
1762.5304681419334
721.1663524485054
475.74901749176956
749.3255454126512
719.4676694547045
802.0551064111373
110.27523673578808
3.7560914043094558
-219.1885121958985
-1009.115629318465
-3475.548090590121
-789.8207996527481
2624.3918471947845
1274.8611167525992
568.6067828208706
214.15945793363596
18.3903144765181
-538.0801376153156
-125.74053647608471
101.09960122352891
58.98844386983489
-34.61691483568335
-531.626352281494
-2311.680684147339
-2900.8171398126296
712.4488883268122
147.47642865247212
-9.572644263210583
-360.72625280650436
161.35902353279988
1.0714537643794937
-419.64214489349126
2955.200119905009
831.433663256023
260.45548857738845
31.48591918542576
-178.03602741165338
-560.2096027717992
-1259.9364801546433
382.35853755737264
-4.769304719159452
-959.036205998181
336.3982993080335
25.761166627149436
1.7450088560316748
5.378325576738729
-12.691437180132343
-217.30514912395728
7.016442863690056
-17.29955844689248
-6.4613945781957485
261.6641877466204
248.3358683771047
-11.210935577408502
-551.8583155051672
-2286.638835752547
-2262.2350776833705
2801.2843323992734
9362.661661121396
5297.939211845592
5698.925324383601
3499.5026270122416
3096.8796861416104
2701.3004733691196
987.4883679727049
738.3747983735411
373.23052917306063
140.20444064930808
181.33146349902873
478.68386451463857
238.77704639371083
129.149449299843
13.79243802166144
27.43502854263797
-78.52811793900145
-215.88865634338126
-679.2031450059483
-327.92883661318484
-428.40851730850767
-43.52746544366506
388.1974058245693
790.650186572337
401.37775526957955
-51.69437112753752
-24.098215336697237
-231.013475374772
-343.30022012477536
-387.7170002251733
-89.7051105170023
-272.50565716105007
-110.7132392314459
-270.7445699750932
-146.12103748989017
214.53339607963912
986.6985700969149
1426.1401734893834
1074.6109030483308
98.27610793440478
28.18672278028596
-296.45403870590326
-208.27446432870818
-548.7706978128347
-1896.5598121525964
-2993.939287086459
-959.3480263367503
-351.94516256052367
-1165.1340452453123
-241.36533110110253
-438.52234570477054
325.5227927447444
22.54383468418012
-179.91492784589158
-901.822152189287
-2518.6330315652867
-1764.335548906215
-2502.4299394950303
-2430.552493180922
-5587.209439469962
1350.2777589474501
243.34971927157528
55.08054090517624
188.3172462208227
-1586.8941623813644
-858.9416610333722
-227.06761136701977
478.3222767131374
2083.595892799137
1302.0183489391459
300.51118870472897
-7.186922896171262
-6.545789266757123
-1738.8981730408884
-1695.8078916099116
-393.11050438367926
1474.3515798681738
-281.8965249018809
614.685431537344
-19.040111565083908
-1529.4700028864504
-1709.289264265783
-166.65563631352603
-571.9384972608981
-627.26828704382
-128.73524156140263
5899.579929176036
6386.847842062364
7884.047828767423
5875.109509286738
4385.470400032454
1879.2087848015076
1644.3066725704987
1497.3476377468714
1265.150892766158
804.1131035319007
103.42608751274034
262.2673013200514
8.389532295809879
-8.218906758342863
64.47446294891596
-43.38226563228198
-32.279103912354806
-219.252145983303
0.02499924795055345
-98.25721451104565
-278.3308783730423
31.28984459579441
79.0647473414448
-49.90817936867928
-21.64489753560631
-429.8394421355458
-145.779331170795
-359.2921166739916
-1268.611262684918
-875.9140218198223
-1393.3390059393273
-1775.35170596566
-2250.111434754969
-236.0459916316038
-0.44067702778376117
-584.9414371930545
-8.646191353540292
-392.72401651776886
626.7033735374123
2491.770136715039
1189.0547428002747
403.2322375713975
23.157658592723667
16.52165627711833
20.157928868733404
-103.92237767032502
-178.37644424917886
-243.69037387730572
-436.11493024701707
-679.2351430500624
-854.7850740577205
-431.22036337635467
12.485991074724732
83.22095740781558
625.9446924981742
212.76217846647765
550.3475378104778
197.51613792603297
6.410543511773817
170.53997204073482
0.4243491761876451
15.221775379426276
-0.2851753317979958
-99.15145456432879
-182.41935325974885
-351.82262131095854
-584.0947704729485
-816.1111884209256
-1012.4196451328534
-565.3038822449787
-862.599562983605
-1795.5634523984002
148.90893393206193
-87.45565643906134
-1324.0389226512746
-5129.582054756435
-786.4220068226109
-254.12844809979197
342.38977914361305
468.30754028048534
1962.0407707508023
425.0335826318076
13.716499504390447
-23.825438659487634
-185.15674306707115
-605.1331616183976
-521.8568830581851
-0.07962799342456245
-304.387948624773
-3855.8908721672688
-808.479759245236
-4.858946254235592
-168.34880308413076
-434.18307394348295
920.6245892538327
2734.6361562531733
1222.6699912814865
1643.6532957487295
612.0439958789257
-57.1045524522994
-304.30928141654454
-2522.770249244767
-153.0589300792047
61.866717959060544
1020.915420235958
475.85016532106624
333.71282304469287
-3.2463430352124787
-466.6928630553643
-1290.2318862084226
6.914622654476417
1694.32062629806
356.19505349955494
-106.97896882875082
-131.5590413101586
-7.217123849036667
-513.5124182378346
-2536.797046004121
-4214.063096961016
-31.7126972123582
10.713976538662221
-23.74509693081834
6.592331695290158
-228.53501702781955
-267.2060153077359
564.5562086559548
655.0393393767841
-268.3133025609601
550.0021572748481
-0.010092805799079015
-285.61784013954184
8.194874168151715
1701.9214633377455
1674.1675621830973
520.0982354142909
2805.146577855518
2673.4177787549734
1447.3564580670156
449.1391905265965
45.67508422809527
-0.008630131357019673
-124.77192452605644
330.16715655385406
477.8711802764135
495.3318536317612
-0.2151685545866443
-4.530519494329698
-517.4074379070049
-51.110665028070144
-337.8541431608747
-741.7743007844067
-878.6219538536865
585.1425414698911
353.1868044206727
820.1738096273909
950.0360138964099
611.2489903355333
247.51315108534067
267.1294813530255
122.34244670213337
126.7166244178593
296.87045845922074
-24.878238833288858
0.6624301886887728
-240.76052254418764
-183.5074996626551
-66.18404447692438
-1140.7136738338475
176.88833173021405
188.3208366378935
231.64830400095568
127.87760508600948
-111.33112609569584
-123.32973618280712
-308.3840074175237
-968.7078662776328
-1099.9191325091456
1.6712529426906346
308.9497606036344
301.85130063916984
255.77875390677517
107.12302225415199
81.77939796286077
141.49664634767242
14.104859193510153
12.3234529256727
28.744620841314976
15.19435641365575
1176.3948161206567
1362.9282053602785
2288.339047172598
1483.0539375282924
2167.743577872095
452.69445693853964
81.46707194625685
-69.4314584665854
-57.52838094278853
-248.25330746380408
-22.660102827919953
20.518972935228973
399.00827884679893
311.58666221741026
387.9646498351062
5.625688800485671
144.6330851519435
222.7227479457357
53.69638010907611
9.113560246570065
61.280554539765134
34.24012864514387
10.792643849224854
168.67094014159738
159.8872836159917
251.25053267647988
212.05534875377347
258.55141537789393
101.34878903191023
4.307162908412674
17.692965054987543
-0.03157111864555745
-73.50467706846601
-235.48999008737994
-333.3250777424282
-107.63405639482289
-119.30613180389724
-214.93267642202892
-35.27335822012982
-46.79579005746385
-149.49746452639673
-54.555847033898075
-372.29047168747456
-802.1795121197463
-413.9574414843407
-422.3021926629033
-308.34639911139493
-286.5916398771538
-731.9177779311574
-772.829640403357
-326.4891340575486
-516.1860808923628
-287.2805387250272
-251.56923871767728
-50.87481599524681
-147.30277152559944
-624.340939251681
-2.863911253318479
80.10920767276939
501.0203664781011
2565.1436003198314
1222.6643655761802
684.7452577996467
399.24564810044023
99.7409352897188
-681.6454464052304
-289.0599121903274
-133.6935327924711
-98.75783918121869
-1006.6493448109841
-1143.18581246581
-1022.5033155190431
-1106.3851383399206
6231.286692880207
2985.4177198322354
335.2878339687652
55.75428143263826
1011.7706087305103
1587.0869840104037
234.79944643237585
779.9326219450024
347.1662757457635
182.55917150564426
182.5547367182624
389.7561523357567
75.22288038413755
0
0
0
-75009.69
2747.993016760749
2696.541923132614
992.7376797831183
1441.937453704849
63.47440550142784
1.0006413608866003
23.709520441525317
-76.55129454296622
-27.65611683239837
-269.98981074409517
-384.55624478449477
-208.76008195661444
-356.6181896967688
-137.2391955463304
1112.8474098281695
1186.0824641374415
227.28743855617012
27.985927207040355
-133.53322672366136
-994.6635921696021
-2031.9282334044105
-5509.011998879854
-9925.732062275749
-1180.2019959238605
-29.444889775051244
-1.8141589691659652
698.013962479792
133.1874597177775
704.3686544892641
293.68141396921493
49.450795886492195
98.52025923274518
554.6464361774783
-28.49225698445953
-27.648186272139004
-2.2551700578383347
-406.64511220810203
-955.3919868408968
-1314.0765414693246
-3.9866285879805026
-0.72724886278207
795.4897316235808
-28.822787302696064
-177.35843180876378
985.8431213821069
95.50176054376344
-53.74077412606076
-1395.7297744769712
-7889.7988799131235
-1654.0864362102056
331.43156248315626
1986.1420331248278
2261.0046530087666
1498.392760538104
811.8714106288743
868.1959612097364
496.309220815908
184.7598294586743
44.67759341279735
88.80102418327371
-24.20922678816237
2.89450226436373
-41.76225484087837
26.339940020331362
1781.243110975688
848.9878820981814
786.0209257358956
79.15579363860951
43.83480243287114
62.38998087899455
1103.1656631536623
808.9531963041321
538.0686946780704
122.88823748463375
234.06707738293744
244.37975736640857
214.82429681511255
27.000129794883343
77.10071231520783
-0.4611382839229782
65.16696844321146
2.979553388211041
0.452661674482029
-64.0131379184053
-165.86598833037093
-246.2634943310145
-85.2587054017082
-568.1435165568896
-463.6131386231099
-559.1302740860658
-922.6956457739677
-948.7471512966849
-1180.5364174391057
-1693.1741695181943
-824.8015558971215
-1420.7407253689557
-2136.689864482885
-1726.0952174557074
-743.7036377351321
1.74752213312123
-574.8564559289664
-2973.7174989015793
-940.0462518570092
1545.6054228490386
24.71236231036734
2523.3148300565126
891.0978915081137
32.926030549936925
-272.29491364404316
-1086.845197250182
-604.2232546154505
-52.14895435727461
-7.358572603245682
990.3785186838057
333.3670450293838
170.87091656790855
44.193101448198874
443.1380577698018
-0.005710963078334411
-228.09053977516643
-875.6924788913559
-2006.1411277928257
-4665.868644574037
-26.08639499443826
400.1684524502558
2.2438801272596165
-80.98787508796563
798.4773954318314
241.5036000856139
-105.73174967696528
-50.36763697216494
707.1719307378949
-10.314665665553683
-485.4718014650906
601.0175785811178
4495.535995580389
2233.813474206324
492.5008390599192
741.9205482829557
305.6933255224267
14.395847277675195
-184.47056652776538
20.048294275162696
102.96993765005261
47.43386847547895
-76.83052714407972
194.23795815729432
56.49550789393681
59.13494237857635
135.2412768439908
154.75341974460585
515.999724756416
294.55343207476574
39.11173689454755
272.0590733719942
148.994928323446
5.847552261046864
-0.24307801234334558
-9.79213958996953
-1.1755994112237462
-12.467923247593667
-68.93029256645056
-42.30615357546123
-248.47304024740248
-163.8190821441459
-232.45646354749775
-271.44628309219695
-553.0810499324466
-1014.4570265504026
-3510.8427946620695
-3967.01870599943
-97.19630937478225
-51.746058240954135
609.2078407080805
342.0513160808992
35.54000784009692
7.371664121366687
200.14318400066452
-11.068578649353189
41.28955709540491
-37.95386837820704
-1368.9856888333688
-2187.1827592166883
-6587.918713834775
-2928.32248993872
182.04112188264446
-406.63148450412314
-10.965362129027588
60.20501526401574
-42.70579838034436
-102.10543095311984
-352.1921822183613
633.0045578402348
1135.0936461138394
-210.11144364550904
1185.3164317620292
3238.948747327079
3042.8485149130315
1693.025756465722
921.5943957014438
178.19660687639603
774.9841316974045
2148.229671516247
1133.7963408065202
202.51682513472176
297.2597528685735
37.618618150037975
148.06556762701913
179.44207417655971
-7.978416473931608
20.301605798509588
4.498691185533994
-3.676335496743546
-3.676421484650182
-6.396906367715194
-52.82019584418526
-234.6358762284869
-434.0293640495961
-542.626662635869
-208.094770546556
-1997.5152959035363
-3663.840229693938
-1180.2123446846617
43.569595292414114
958.5748949609143
2552.4004568747164
1602.751749222937
2101.628534597323
671.0493393068032
10.964682761887591
-59.39893157128593
-118.29398434687768
157.63877430120237
-15.137959810916987
-0.4513746033789766
-341.3044147433222
-452.6573971157278
-842.0758333909299
-1285.4674612882782
-1350.1696674954317
-3518.5652079827923
-67.80341420142253
686.9223176102963
344.0369060507776
77.45708398430267
5.743850786017756
-4.836045673957752
-332.09684785827955
-1966.7348881918622
-2426.1011189682267
-2494.586270883276
-3.0424072761462053
1879.9414089271402
5127.429022403156
2203.4440259480875
1943.8190596497202
375.6647733414559
26.05465984986085
782.0443698442984
704.7424503603679
1604.153616026383
207.17632628592293
340.3305900730778
-75.0900592058186
-454.0425193015446
-887.727329953871
-2293.886380677355
-4089.5716505199007
88.23602319918504
1580.9983913790682
1993.357346167074
311.63558724489326
-589.3408105140185
-672.0719828177176
233.620363211116
5744.693717660126
458.6837350683072
2619.3898100619886
5991.784048055193
16865.659799099943
53938.20275229554
147076.08027652054
-367666.56
31.23558605357577
4.526123243155242
26.36362630163748
-422.3587060689906
-2746.6894165707554
-13.265232887031177
-287.068079609533
-85.44597306149745
1987.5407765349098
-98.24929094586062
-0.2582114794475029
96.15895980940805
-12.520921219902833
-425.52014852073785
-146.27825246368312
35.83284157387051
23.168046434062884
253.9376388596761
289.86747479000553
-638.3335704931812
-171.780122823966
-373.4383383356964
326.86567029042317
77.39665542870279
922.7445442712783
136.13060967371507
8.23207046965152
32.67627842266667
1359.237809968575
1731.3010593888682
1580.9291511568144
768.7340085783211
1458.1445592078567
1752.207161677576
368.2798171090104
-32.1392882306921
-353.48872103490714
-317.08116051483296
-20.08478563404535
0.5707945073561325
-291.14864573613625
68.68708149121404
-1039.0315201366388
-1815.2562402089707
-411.40625436333596
-2526.7959219681725
-3223.0505989276285
-22.96157246862339
9.189819385378884
-31.88132077211722
41.19505459978949
-241.64900805387413
211.2311962138015
162.42921450292974
-181.1036082535498
544.5884090652897
-289.08157472012743
-772.0835898985804
-7.872855052971694
60.65547952179231
-586.3715455497463
-1108.2846301390937
1949.1433273357368
84.23824161253518
16.867151139104806
1097.9194931721834
3017.938816953395
4333.462542106054
3703.5883368926484
2606.3734388786997
1955.6527678426705
1170.6641178613215
462.4035742532346
543.8043269880967
440.3744314854923
998.8528648017511
160.09012837838134
3862.9263196737757
1640.3628099563284
1078.819512541788
1589.9338732155998
6822.762946537693
5542.733711896633
6853.39457259443
9002.7473474283
7373.733605463348
7545.207816613183
11675.6426819361
12328.756010743478
37946.37868093009
-233488.44999999998
434.17969769868785
198.50427598493025
63.92352699376126
13.265077728669969
119.99997339469056
6.045459989361881
-2.959326153436793
-17.23464778164749
-158.93068201195086
-138.65881406003393
-140.9385129687615
-516.594400996044
-709.0158648833942
-749.5570230593767
-2696.6156621132186
-2999.8402672005923
-3177.308119188705
-4992.539992288672
-1347.0262671200862
242.56851773018883
1392.2121844153442
419.044477776182
456.00549318869247
-431.40936559126396
438.194796559279
5720.494581148296
3080.9571513086426
829.3308877618947
667.1573606811974
403.42291587814
170.03891661982166
63.51532554205523
21.318910643070666
-1.1935474843306273
-63.1736568648914
-273.3721886889067
-168.705255097879
-553.8512302868298
-396.9484352224155
-86.01804410042048
1042.8660608997
992.8664049604542
317.07835154487384
134.0015620224925
42.44087279789743
7.508495777737375
102.65318928486178
42.948950728475644
-21.58107064601777
-20.007207033233517
-185.85389028280952
-93.52130116679345
-452.4325157668097
-367.4561707816279
-24.496342022848133
-29.090016551022714
-19.58521489192615
-15.019863849854163
-831.802071330324
-922.5575607926819
-496.0796250441686
-442.7378273535811
-62.604830765198344
-445.08456339703287
-614.9418938537472
-1162.7438049937227
-1264.2834194010347
58.383473664536744
6.52250690681551
-37.70023984349143
309.594818689451
678.2445529838024
602.5462827024157
48.78157608490084
-73.5250405115972
-431.8944783438715
-1465.1420633141013
-945.7822700681521
-1432.945683156629
-14.867221707765726
2603.389338232366
334.6538714281035
259.01307675877
635.2925339864131
1162.2697377715826
205.66641535585325
-3.6031846099144422
-285.35168595712605
-505.0959227559705
3.886656137147486
-166.18602235543287
-830.6986344771221
-554.0138472221262
-695.7776899260195
1.8402571672086023
32.50061390443709
-123.71494919078091
3.1885450569447578
-0.8640668275309812
-1.4645850985300024
-11.520978341084891
-24.900288690908184
-274.0523097678672
-154.88061160268865
-145.59632262751555
423.9722261834746
-21.15812770636509
-74.54838477212206
-884.7463515597301
-842.4515327481445
-1808.3215393945636
-232.24071710194494
1377.7288720523254
4828.91616549595
4250.514750881062
2289.0270126911696
825.2473542072817
588.3614350215231
1827.775628482832
395.70098661952153
105.79352918347968
66.345666855199
45.01535834312702
-24.600764681176223
11.66803153761849
-2.9344368488484633
-80.7104309248661
-1419.3039362082427
-1012.6881835600703
100.01927045802
3.8009024512963108
-759.1906412251992
-3209.1562364794595
-145.0599241288959
151.56628549967098
87.46192610882983
44.68660315619705
-131.3106064543028
-2140.921169120209
391.4749946093305
1009.9994365098117
240.89122048419466
141.0215054116473
1106.1139718015393
670.3324405789265
1202.9000731046156
3396.733133273396
1445.0033799772318
1892.9921636809286
1716.9045828857493
770.2996368093478
633.5029285563982
166.1366301076903
458.421004490854
11.26685725508119
19.95663470954278
219.95175797154428
39.4853302716012
-4.069154956295828
-157.62161303125535
1.655052831509785
-29.13376281945956
-71.04897172820267
-58.02796152976626
-490.87033559387106
-74.87811641020227
185.04227097521706
-4.975859644918161
-504.93157144606494
-828.769938317378
-2070.7220556326693
-3720.501133768865
-5059.15551427579
-5917.322405370949
-272.0468316106396
-1870.013127494693
438.3047825449737
8.599798086432877
-0.1644566914335539
-799.4793454210759
-2567.697692892992
22.6871470946584
47.92969830291143
-136.08077132979298
87.70946035932454
-689.0792760805373
-1641.8027716159831
-1503.9296050920025
-563.7363700389168
-610.2114982718929
-1277.004218664804
-245.84041432025612
724.3083489913308
1882.0829812693237
1970.680401642564
212.96087333777388
-849.766005017857
-368.4232762368973
-526.3565936607001
1425.1703713776838
2190.0702342795316
35.859965184083
-72.38612725380884
-64.60245810614211
9.582718220951955
127.7503937518181
245.2475204796861
50.304970533341105
-806.4351722589807
-2422.3686603040555
-1064.6303396782735
-432.18970328584584
157.45753801435603
582.0022855000507
-1575.1640364083266
-1312.858559931629
-114.10892686894246
-9.38067353089301
112.63610872423641
155.54752319290458
587.0818562787975
1558.939254478825
1024.412429303092
129.24177448710512
7.858845205287748
701.7403490301039
-3.983600029197307
87.4946442242589
293.43677846326574
-154.22806939980092
96.70325162542923
1188.8604792097572
1975.474443514196
6369.198719012149
2633.5490494811847
1328.498230999168
825.7389131248426
210.84535355246203
8.123832110272382
93.44122582370707
201.02507108804937
314.63925142641193
195.9817440953
41.68870010131309
-11.490508003500663
-164.5333118531927
-455.37048458469945
-908.8972520288554
-832.7406480156301
-2090.618196402292
-1600.3538912953977
0.1301182639231571
157.829046728738
85.44582785625629
-10.166568762043614
-295.4657908723486
-2860.84912275211
0.340621628803809
918.1997514958953
424.9155649853613
76.21140340236688
-21.300213801657144
-15.898087600771149
-12.289331103560487
-100.80881314997923
-401.00247120426707
-715.5051071557435
-1661.011353796036
-941.2533345487913
-1670.0512494037318
344.33377348787366
1585.8311337800862
1006.6938224883169
2.9867871675757063
7.798853842276433
10.868380220496215
0.07068923069661115
-365.41265837134256
-1260.749146686241
-3487.084438475157
-788.6054874135486
-32.01701639888145
-16.825132843689477
136.25975732390177
2298.193179426136
488.11033830074393
210.98775309140305
755.4359026524269
161.19468443281983
10.789717225390472
-282.688637384501
-349.8824363409911
-53.00235103088053
-55.38532243531446
1267.2540874658705
2772.1379451541848
2355.6287637818186
3181.2997230531864
2866.422923583668
390.2764290040611
653.0760899657105
144.87496070303223
73.09179611666747
-8.973366185466267
-170.3014437966558
-99.00169765793127
-320.22407683423046
-438.63493602677255
-945.1245245003108
-1203.2790340523436
-2860.0189614213796
-3.4133132207526637
18.747843384584286
-138.14074467742847
-1031.125305763955
13.44934715428285
1273.6024138852922
244.0969376733829
383.0780231916086
2304.2716242092233
1438.6076736418302
1126.4831450728582
661.6045600684582
233.08017330840065
11.846820950561437
-54.81635416545808
-4.283369329864414
-324.38287140295256
-442.8219400064884
-184.947196708038
-1144.7725181688193
-1582.9952007483687
-2500.731917784431
-3740.726917358673
-4275.14183000155
2384.769723447299
287.12352919588653
-170.22255046423365
-500.4287708134572
-2004.419142802101
-153.55353100395996
-233.48445107423606
736.3872228939878
1265.4790311348538
640.8708550870601
1220.6782843357566
2432.4340347534776
362.90254788578426
292.2509815362353
2268.475691707292
1180.8289293242397
623.9613261928475
269.49077705910577
180.7101495662676
263.0021990371328
1725.18015258321
140.12004804218785
-96.73348944204045
-717.1516556820345
-355.3237409517657
-81.61778997000638
-39.872073088727554
-9.262347080341225
-258.9727288849953
-518.5500389316271
-1922.0170337900965
-794.1417227593224
-273.2083238524002
-274.42526133772503
-205.16846943676555
-814.3932588881208
-475.05522027772935
-13.79761767870431
-289.51509775520555
-296.9623228261671
1060.7307696359762
122.28664976027116
42.272170200559906
-400.07348302763137
1678.2059037992772
384.65070575564755
14.346078268020678
20.75385204851674
148.56641858938406
0.0033435462304477427
-94.96968495540189
-894.6384979112968
-1030.917110980613
-934.4715277566589
-29.4819261656658
36.779924323452654
122.80826900453066
35.54705365936968
-216.95673901428847
-521.5116722213097
-603.011523756375
-560.8328886234813
-930.3993740562131
-265.7809278977186
-0.3001041597171484
-130.22020660222748
-96.12970122859687
-1986.3417858009175
-1341.2318998863002
-0.06797417098277914
1114.3943457804098
152.28329264726239
2.4350862489904497
-23.39636854049673
218.77723009631342
-69.86392310297936
-167.89027799415476
-619.07783005485
795.172868230221
-67.4676528128752
-208.9604665952046
-19.80386500129638
155.8438147416284
568.5317882492053
282.33049810012983
8.233069554352292
77.7331944608371
-1584.0513045273374
-1711.6517952055294
-27.290751552368096
-0.67683362747251
672.2792287007233
3.4977438564756587
17.761221637408816
0.003452471072818714
-194.37334917531717
394.4136303474122
-921.5377381166998
324.17538916838646
-494.65686734904216
-2121.979295548853
-2154.35801609784
-60.819754434741036
5138.4793210139305
4271.546473931236
1988.599364018915
2890.0302207736604
5078.742558421849
3738.620368365435
2200.750512799717
612.2474983385516
1123.91368675201
1408.339540603682
1118.978049237019
1170.4974725771324
685.4850488694622
784.024179720118
651.1015396088952
333.6158970309042
363.9953692503321
218.98553827870475
323.1714648241525
419.1656549506977
454.36790912271414
449.5216556563805
612.3853070484108
546.7831528148233
91.16552446763538
43.11774670871582
-3.680582885437554
-1.2750541812816851
-24.658877719476575
-0.6991740053533033
-41.39559298341776
-0.0009871037689583742
-126.53568647510593
-183.4731963421452
-1.7983296393914718
-67.62844079233628
-54.18362459076048
-90.44545526562389
-37.68415107886893
-8.592980194880113
-22.567018288742645
-2.721369907460362
-1.0799627931246754
11.502961130236262
0.5535517654016321
-86.98302554950192
-52.830567098698694
-179.24530265547304
433.5755916253775
755.0577377031602
187.39211228668162
80.6617642969614
-48.55937172037844
-380.412616423982
-1219.4710486369127
-1008.4429516961907
-992.9220568488447
-953.373484872744
-29.92002442386729
-3.067338533260913
-5.571918661583972
-4.336967833868321
-3.3761767690368227
47.39318435855172
-12.535163258062509
0.14059211087479012
-47.46361987218124
-33.72204250647654
-3.947405678138414
567.6757044500227
467.04321005336857
258.3169817976874
203.49901309092064
965.5023900486774
140.87272369958873
87.6654748298913
159.12939920026582
62.86404098113857
160.08322557103227
114.57400671105638
116.50091564469014
61.394367089722174
-10.804356645140237
-26.76509566792007
-11.198686010082016
-137.67560289836072
-14.086773680579274
-503.61163520249
-89.84701845114606
-512.4588965964631
-497.2461284518266
-402.1016044255424
-1290.1827556261214
-1524.6827931950058
-1317.8186570379826
-1307.1749265233505
-1656.1924177065416
1552.9801525957907
3373.0601053943465
1187.1315973983442
891.9953011597573
493.6418554538334
125.3601110902389
181.79764544594227
274.9067183875477
163.78178123624883
42.26470367343996
57.01793455636657
44.805553176359
41.873403336248415
66.44370207375715
13.198696781995807
75.26200821063028
1014.6012380334548
1247.074883997619
310.72816199418287
180.12418922934233
741.3625420068711
148.1917706311346
338.83187753122775
26.509471765898954
-87.00883726016772
-11.375857341885187
-596.7613077646974
-495.5560764933406
-352.2868325659667
-845.3770566720126
-1234.036594256678
-189.29171649957914
-317.27758476098006
-30.13167612284005
-154.2261199839165
-201.4341199490624
-202.01753895710863
-885.5105819053251
-1275.438605251005
-1733.9734627825028
-56.87601975448653
92.49199700570051
333.1674232847178
455.1589298359977
2.387660194602421
-46.258262118965675
-75.93902604153062
-36.74044708524431
-82.00854933061534
-11.607582514202342
-88.0516109642711
-80.89163499977337
173.30807099088736
183.81533482240374
32.41287171585891
24.835543041861374
43.85251222207843
-17.758687363725986
10.770646205753119
102.7434195088686
51.64806197002859
9.025932392470244
-101.93448167518031
68.0302842085472
-305.47453577703175
420.15278126572656
3257.7494375009064
1426.5473224865877
1411.7326328856675
4393.271138519694
1421.273764188962
1982.513203093272
785.5231207140331
2487.6097030033866
1663.194664899735
6418.603331323414
10420.044121483954
33692.22440722861
34019.31525580498
47904.84984623385
96116.96327570367
-450180.48000000004
-251.89250703218903
-2775.7211607360077
-2582.2456127271043
-290.610173510103
73.61484213509793
5.947395387312929
-551.728254443336
-1600.7061745340093
-7.8069125076163255
15.65757481337553
62.40842020837875
13.477984162311929
8.32859237858378
336.1770509804477
1488.0285944518437
162.4429318628531
1639.5906978010523
33.86511440739844
6.357425535627976
17.47466338829397
-125.39835424253786
-118.0572385194684
-497.02324531478234
-570.7195825997103
-63.44493749161661
17.144775188381615
-10.520311403800322
85.0894306915963
7.1369899156217755
-29.037353138167568
1735.6352100075671
180.41223209377213
-988.8626240262114
709.3969462632804
-343.55037644871777
-20.96587570188757
2290.531426716747
116.78003947900518
-21.129478642571385
-1173.141817379308
1.3190247406090223
-719.9234885884305
-1018.4301841762428
350.63840613401413
2305.455746383306
161.1564570492985
20.34841920209216
-957.1149965677805
-2216.9420692989293
-106.80832181130202
-30.165038143303132
332.092466200403
-256.9194154238911
-1041.794337776858
2875.639228415109
735.9204496199245
3706.772274943565
3406.7740660073096
3030.1578896816327
1707.7366592747003
1576.9116608986049
802.2300271905049
841.8185819989523
190.02421057119446
329.5761669681204
604.9953842331183
378.450830753349
138.1998925196046
121.3395163848146
90.87173631549012
98.35433227042742
225.28228948402926
268.92047847289206
1226.3369459709306
670.0125205806155
0.456137807680551
202.26973304706527
-60.096125763855916
-330.9331044176346
-1179.6384055604487
-1431.7736638555598
-996.9174069547056
-843.0555507176425
-272.6121341472809
-409.17781614771366
-1765.5653321665382
-1349.6820327195837
-1525.8936656937406
-976.4768875671825
-1441.359778411105
-2633.660418402839
-2928.109407897984
-3033.9941811762556
-12.248840780748514
283.737151332142
36.53318323506407
73.47970911142893
35.3998621777497
28.224189087119115
97.49872990250958
-76.38298578859772
348.35783428105833
36.62699004524865
-25.220792078023617
1724.9506704893906
1119.2475297427563
264.9673626589273
10.768059308661265
-100.86564702470982
-338.8271640089865
-1645.46908999455
-570.1276239199756
-364.21873777282667
-1489.8033713068307
-121.39500409272308
-9.242093802712755
28.43367155934572
1217.364615778156
685.0951360151964
160.44735537803024
42.69211788431717
-434.09449611719555
-682.5823569379351
-1234.0672201944553
-83.41083220421912
-0.25605091990335654
-270.20874400898424
-1506.5427456537884
320.57163238332896
384.38413809219804
-32.099015791198944
43.68227598129806
47.26819647289344
17.366674117374348
-854.2136197416457
82.23784664806976
1214.9433161629338
-21.275625338670288
-1253.154093211093
-413.5203061225636
-484.7826112834317
-1513.7023946026084
-174.2303663713953
6706.409364821908
3989.149723414767
2191.635066828809
1779.2972640359922
1406.920203752519
557.6040489762271
892.7661704118215
1370.3114049837234
586.3004433412183
834.739800564156
2183.432561858467
1154.0025207373171
569.8906706784358
99.43202275582014
-27.352517762804226
-11.022418122651558
-249.3543543483555
-290.2552321062726
-142.8868100974277
56.055646455604176
196.60409307277328
366.3406713160633
133.16905268410025
-0.6667642699736704
-174.8960782941544
-235.8885844208483
-30.60304032937469
-40.188021813590375
-0.8025453916107665
-339.4734946565609
-1573.5944131963322
-524.1043425447526
597.1603790095953
110.63799496090952
-0.13293520920508028
-5.366905993397403
0.007628063464272382
-604.6330833384545
-1597.129715829281
-173.48780317036324
1337.0640254744508
1111.2462916499198
62.66512719713245
31.808152617869183
-174.47114849582078
-1060.405900297657
-1490.7933458299076
-802.694568563679
2804.636958870681
2995.7408771151586
2943.5573232518163
1030.2495810262387
145.0228798999561
101.3648762203135
595.3674377985551
208.36535090558547
-2.3831948418853997
-2.798558414785716
-8.75775435484638
-1.6519141350017659
6.060718790118334
256.5589569657658
217.01473047090644
731.3594611882297
161.83116255657592
29.72812265118789
69.06625874071538
151.8216015608796
34.7963667629715
0.05886380253434697
-4.833175926298826
-179.1015307030172
-634.8759854422831
-215.11767215173532
-198.16107530779004
-18.88517083480696
-224.59384713538543
-431.27828319767747
-553.2216016976956
-740.1265222467175
-1023.7599273112621
-1233.505445366529
-1210.8364294535343
-1204.9214157061806
-1144.4676642974878
-2103.147365844613
-2155.268931556572
-3582.0621937864544
-307.1860555811119
260.4730624998763
130.32171228421456
112.65576173965182
97.139522119254
-284.42236896663275
-1054.7381008727793
-1174.3946585095882
-564.5858979704033
179.93793207968508
2.2998765125984124
100.91080168046612
448.8374797648578
1312.9175494671001
499.4068167674231
1116.6514956683754
818.9728507011749
-3.5557906839506987
-470.4459665703623
-1287.7389869207664
-2815.7208037249848
-399.2680012121052
-498.7212784025946
1199.1109897196334
1235.058241161738
224.8493757526247
501.7571183826028
104.17180657417664
258.68897715686376
3663.805126529409
4026.2649576259205
7040.1767582328375
15042.926756685341
20937.180498916423
21481.5239171492
23857.567881688254
28521.122495916523
29188.26627803028
53300.26957871788
51725.255690399536
50282.37856969175
61409.967344752804
50313.78268220666
74829.77604438782
82874.75618558089
85675.37313453102
94435.66771172572
90016.97324225199
90120.0544365026
135247.91619378532
130306.75778573188
132748.36445127768
149814.2065890116
173822.0861390379
209061.80126679098
248224.2090257254
273950.3357546993
352964.39104936423
512214.4312684965
559107.51133622
601155.9808659679
550653.3420249132
704940.8246202184
835709.7303222297
1037921.9254045477
1205093.924537008
1398243.7314004088
1446841.8089319554
1879697.475703274
2764113.612006503
4915789.08568078
-3369347.92
-3354602.4
-2271350.37
-1363454.17
-1260567.4600000002
-896586.2699999999
-704218.01
-490444.82
-538682.23
-545325.47
-533648.7100000001
-525110.23
-569572.98
-466370.94
-464564.89999999997
-467867.14
-353919.87
-412507.57999999996
-339771.6499999999
-283113.29000000004
-341384.16
-265169.85
-220699.62000000002
-194266.32999999996
-163699.48
-199635.76
-185591.35
-192153.08000000002
-143288.87
-161430.99
-123657.67
-151206.58999999997
-106417.91
-100823.33
-88838.44
-78733.58
-34923.47
-40068.42
-25923.47
-11468.12
0
0
0
0
0
0
0
0
0
0
0
0
0
0
0
0
0
0
0
0
0
0
0
0
0
0
0
0
0
0
0
0
0
0
0
0
0
0
0
0
0
0
0
0
0
0
0
0
0
0
0
0
0
0
0
0
0
0
0
0
0
0
0
0
0
0
0
0
0
0
0
0
0
0
0
0
0
0
0
0
0
0
0
0
0
0
0
0
0
0
0
0
0
0
0
0
0
0
0
0
0
0
0
0
0
0
0
0
0
0
0
0
0
0
0
0
0
0
0
0
0
0
0
0
0
0
0
0
0
0
0
0
0
0
0
0
0
0
0
0
0
0
0
0
0
0
0
