5128.98
942.076753439313
447.19074076918554
2137.7297363165135
3100.9260682430117
1096.6693820070243
27.995651140726796
383.6374114215907
599.2096191032824
285.4035053043657
908.599572705008
99.29387084530032
147.473516945204
524.5051446994238
210.1478955367405
111.74471840746247
30.13717302630415
35.40329072000909
92.80267577441022
308.9936486352933
310.9827486897732
-31.05105062118692
-184.20592527854393
16.192818580344426
14.416032623680302
0.35382089052908344
5.261606935365167
961.8324777710288
926.3118190851902
114.88524364564475
582.222694045064
109.03203564228141
-62.20011162114491
401.0260278883727
0.1393798768213923
-235.62220776986757
-1063.9314231883432
-873.1150299613049
-51.987384220640436
46.9785632551473
5.471296702384052
93.75103424329026
-0.09722101307138256
-234.54435899758565
-52.190703224299654
-21.21150198870903
-4.097190040066403
65.5900607264127
862.3997887994101
13.290419420707554
38.732999578644055
-2.0661284602237266
-16.91410257782856
-144.0154026856469
21.417516304415866
-257.761165799927
105.35808685922885
233.50977852053708
-96.7492343789293
-72.85106822201713
-448.6569143097377
4.173087570425
-369.6125910848527
-255.61454073900975
-1795.6202388775991
-90.85088330746409
473.53637144309766
1249.8149385786328
472.6969641158981
1.441422365087039
-61.38094509195868
-181.03087598146334
0
0
-17.6981188242845
-165.5968911370868
-268.7894041217122
-239.2631820490831
-27.720573177868175
1603.134714816409
161.8111439605688
-273.56646105068205
53.238803062222864
50.62984858635575
-389.7247725886192
-578.9418349964996
-831.9022599710015
-68.71407257923019
540.0591016783055
38.87945576105308
343.01525946234926
2456.324457410702
3686.260648789972
2947.7812155831434
2005.552860778836
1828.3160333343735
1211.8107589620722
503.9041401989849
293.0070728465029
20.326611537757206
61.667304932895355
158.89552740445373
129.04754989400158
41.49484836692565
-2.571191587250525
-35.624726312129425
-116.52236680150443
-185.41678126915093
-220.99325717817237
6.857619662536438
-516.9159271313576
-813.3909773137573
765.7137393865527
745.3369490803866
708.7417068005467
881.4081748698543
1.1785012781283837
40.148780079124464
64.89516080766342
-1163.8989882233095
-53.87571980339226
2971.058798235574
1296.7696293106092
848.1338926067965
-8.657903191229844
35.285929020289444
15.649603144223668
-233.1581487304774
-836.7449127895064
-1828.7908762515988
-1108.8425492792749
-2276.6525888309525
-2887.222719794278
-4352.688811388214
-4330.821373312504
-323.155386460385
978.7971232928348
32.488150607725316
82.89507217950477
185.61109361946072
-10.742743472552466
-1116.3980257206715
-171.16549974992262
600.8195135484217
316.6731196751272
33.8300849590335
-93.40631716767103
-492.64052723599787
-6.301915368033742
0.8705132435063191
-32.4772145452515
428.470472337114
520.3209083537388
42.65881731391734
-276.74575733247775
-872.7948568697499
-1140.6299640137374
-794.1849287740549
229.83823758869363
896.790253356826
1057.7613157526857
1441.689989776516
1220.0764643646708
376.1080496836281
195.37514475456322
585.406661742082
245.0032172264578
56.2855005594721
-12.093614644775265
-137.90980670671522
357.2504623446954
57.041772836415895
-182.9509988049476
-4.180548593572383
-2.4905238648134693
-499.3321070599263
-469.7305358972711
-1485.8838592130114
48.730643835423436
472.03359332587377
491.42820745425945
1061.0398885812615
89.18855299420977
8.176538133307503
-3.452536783232069
-0.7417565591496608
19.715269989109636
487.2067497554899
1676.7101048074867
140.6411596625902
684.1250495949014
171.04536456313176
-0.36816259314322897
-544.1438288045489
-165.43920352734034
312.731100365546
288.57235007779565
472.04122791282384
80.11203500833395
141.3285019379717
16.455409519681236
-5.259234610926717
24.845545692874378
15.190565400049692
-64.55532796374237
-7.958068496295136
-87.8986435624369
-69.28106720575583
-398.54663290734635
-266.29852635589856
-587.7606572790542
-542.2381896725759
-1256.7069874903666
-1546.019279518059
-1423.1546833402924
-292.8301055296655
106.55820199545221
1468.049042053205
1091.3776109346431
521.2588322774067
952.9559744226938
742.60179018589
728.9425977214019
368.661906658219
339.89402231464055
904.8153806421994
1243.7113893518786
1603.6087431482856
478.2804059240695
193.1477421708631
190.40742249118884
-41.529774487626135
78.78302327156098
3.891519136847451
-74.6826850820956
-156.76910058456582
-528.435738780309
-1071.1855136469708
-1229.2965276783345
-157.4198872622555
-50.600254632714524
-16.80950896995516
-131.6924912326262
-16.510527279857584
-62.84261409648915
-225.4963624656089
-379.58102935794955
-451.98195439970635
-846.1396285742096
-1557.9089972883999
-1681.9151843773093
-1307.1704241719208
-838.0916494814624
-1527.2717573799869
-741.4271302322736
-49.38639995544273
-14.991258522704863
-144.8223806424445
1056.8892078336914
2764.6936783679403
1487.0082285679462
352.561445911166
63.84656578865441
-0.2893203851702445
-16.421145985630794
712.0942222523431
52.64008956380466
-68.1321587170805
-1033.551610727101
-1316.2054009944804
-84.83103907330744
-7.4856602098638145
-130.29346931086633
-60.31600144597891
692.9336590082437
101.20031434113586
73.74083128389705
-93.18651970763534
-250.44095540139176
281.7117598862035
1866.1601669396268
1160.50096284761
192.30124897626888
-3.351074985489257
-551.8123131061293
-816.231812491362
97.66305109121161
533.6560707521901
463.78915160373253
418.32203761375484
644.5749638341788
577.0593716782955
438.130666885313
360.38410849486536
148.29552483561807
469.0537905474892
424.2392161699456
310.5435134371482
182.28215949675575
82.49374789562324
79.1251229414783
8.838011189253582
2.882492863681267
-105.18398318056524
-45.985411001430194
-225.42356141515558
-698.9480183203793
-861.0881214843399
-2061.9755960307493
-180.0204883241664
-28.9100667357513
-494.76835468089985
-767.7514584803481
-998.6856263602867
-2729.1499037053213
-1.3247695540445223
315.00194164405866
850.9570307097788
696.9222648635298
441.05750592710194
397.6478469894341
566.0750619238495
548.3906128803976
246.02194693482275
485.1105732732203
601.7123757092371
208.78455072929765
341.8153254937241
225.56055504555937
87.12960908538618
14.848477336515863
-0.06088708735159697
-9.02069509424685
-72.9060445877416
-39.599057496638224
-145.08322622832557
-311.2667290083162
-325.190013003495
-413.23085789118295
-524.448319418139
-1021.0410024805451
-1032.730041081184
-1247.7687603564473
-1367.2616058375368
-409.20369139218366
2454.8116943856785
621.9697710842763
1072.367182650853
279.9837128639871
10.111178635760426
-8.29514771591938
-173.39446468564665
-520.6052769529308
64.65791275931674
773.1368085464854
609.1217950647188
429.72771967789856
129.9326043177153
329.1269068243
536.0413934720018
115.56552566423848
-4.299285428566417
-462.8887148449844
-577.8629017170039
-428.21347275927087
10.385562365125756
21.772178935942424
-132.1773742142778
-622.4643933828006
3.194961544917076
20.041204483244915
-163.9613999208816
-950.5642414206493
0.7970844406385611
87.1459876325393
31.896080336909158
3.3421455761259367
-3.2310803580492724
-47.29092067079817
-270.01930723659206
-306.9309094262123
-476.3476227707398
-1071.7054003755966
-1767.7095535550093
-189.4061645908018
70.29745263084813
25.44472995533574
-2.1500239681009865
8.662971312117488
99.65274489838407
-9.433369413784549
-32.55712166168581
-168.49507503678132
-440.2197155990776
-1189.2197970597613
-574.2612634313116
1567.9385829476996
1150.2241200082353
1297.3838239519741
457.0427455895036
-14.025148757125326
-27.355746249860346
-131.87220976195331
4.09209464642933
-0.8149433429947951
9.737213313634843
-36.048881378574016
-467.37188199621346
-807.6747680578239
35.28422901909318
28.579632111100654
-1.0239647179815752
-46.90874509321913
-64.42185611928934
-3.5039312552152304
209.37077686460637
-25.047376661140227
-24.76066424081253
4.730545040558682
-0.668908450472053
27.520329209898957
-0.0680343712632177
-422.1732585098066
-65.22375897113487
1963.958523782006
922.6752791947998
144.07927549485316
13.951239674860938
-56.9991116741264
-62.24274926014114
-19.09212700046251
-0.03710833279011561
-0.20545820590952496
-73.56927178274105
-970.7082613311004
-1766.513607528198
9.069015264304333
954.294822652409
395.0910542697943
126.36129096124394
819.8311421338213
149.4559719813472
-52.629349337748614
-343.79309707992536
-311.62020870314376
-80.32269831760745
-790.2546997461227
-128.9555014275711
-106.01499530986207
-575.3387322135098
-2098.3227201426407
31.136739801440292
1255.5682437908345
1574.8011882791875
1029.0240425303462
641.4261097892854
371.7030157974566
410.7136401636441
90.59297674949873
179.4367469661508
2.1905746387844687
-22.062936288845876
10.431130402095002
39.80649526739555
9.149163501285571
-10.632111255460178
-13.576004846125176
6.239562245106288
21.397141999948342
0.9566482435845807
61.54785716614653
-50.11228546223761
201.26499586489058
300.2839519922921
145.6050262694471
153.94134464487922
96.76359538932452
16.33427778591426
29.978194791127116
-1.2780751167984845
2.00167794809055
-5.293053567150505
-65.6620050920759
-355.6194957742782
-770.2504069015672
-862.0932812423878
-10.751183074658085
724.6371018641009
402.33861230884645
63.19753469583809
-22.463150168078762
-37.71738087433346
40.73375795236124
466.9885075439696
67.00075976087095
-1.4895977396159528
0.054382124986914804
-321.8126524689045
-57.3499160392048
-353.71272254388566
-110.6522200556297
668.3053377679349
101.49258136046394
-1.4185082571074998
-133.17065169990917
-126.22344410652704
-264.9705840135057
-390.0791452184721
-509.37125522831565
-20.728299412537194
-454.0991207759609
-649.0304829323666
-1356.2702605318777
76.78451249676192
80.72705458594925
-30.881032046609917
-55.59780693021106
536.8838308960368
84.98710086885953
850.1109184260099
572.353071881355
6.92067590416904
-221.3415378277804
-333.1035854152605
-947.5220504184116
-433.0373946796457
-146.15248616905765
-850.2326866601672
-518.869037105641
-61.62312950218485
-2.2528214795568258
173.93546123350154
277.72055716041365
-39.80812933296764
354.57471219249624
690.6009064197558
47.057474194303914
-56.62959619102612
-262.3220856408113
-261.0982775731788
-308.6571531509563
-663.0799094835116
98.36103866809566
1794.6673142278125
1477.2774266321487
581.6233813619466
222.491266298098
-0.00030426243585192147
-563.1833629515138
-35.34291320436547
308.6294537100879
1522.545748454851
892.7066534855571
1136.76108906742
1597.566837813317
1806.3935328734035
1292.9755070913939
447.1407170198862
352.318180065663
54.54572092713563
-77.19078439021985
-11.252107278148385
-152.27256419355655
-78.87452147325897
-25.941643836990707
-85.18689559524428
-60.32337790047815
-323.34267763239535
-375.70255854112236
-790.8384309198897
-1348.452821084047
-2242.9442425646803
-2628.528234005802
-1199.7226768144988
-400.9127528923616
-115.45007697579628
-31.055605819758895
331.0518932337559
94.29736174194447
98.84192193818504
1150.5997490029367
1763.8210884476957
774.5524114740468
2.0377575877093235
-182.60481674552858
-97.78733883051576
-93.16981117186202
-28.23924134284686
561.2935750719394
24.075621212685434
-69.75833321059599
-341.6875604920798
1863.0392154241845
1792.615501340295
775.9600899025781
180.25223968737131
-23.196868052911373
-0.6269137284559008
-9.614959040350437
-120.1874407134678
-289.6978570111911
-978.5164079253866
-1684.5698261505559
-714.4962384082187
-247.8900752326707
72.34904186730459
1655.2172189011944
929.9716500914791
590.6960472540721
136.51324650354925
392.4118438400868
146.8677750866641
14.810561816291415
-25.369952189791388
-109.49033435640335
-212.8434147448197
-410.17566509009896
-270.8528769789646
-365.13517762119363
-193.05687684093812
-218.1471775254596
3.404062484942731
294.2646961973654
334.19882716010324
466.46302909275045
247.930776851577
-56.68218438468777
-766.895241760193
-123.54754388322736
-16.90413527753511
-555.4495411013671
22.039942358146853
-0.1492125555391326
-258.67022789797556
1.3609585214516604
8.113484409968606
44.194599810049056
493.15543066238087
1694.373155138411
824.6863125142602
992.9163295318116
792.58877247905
325.99243543587716
173.3998630422846
41.2829599810263
29.27609576624877
71.76392237259599
-3.3218755185434246
-7.2549985898178155
-232.3355554078908
-309.3654125184793
-175.119620377204
-774.5080464012253
-1176.3871693884646
-1232.4871316321332
-1517.6693231624654
-1661.8472625106513
-2628.276261067941
-3689.9200143474936
-1107.5677830391987
545.8532060337193
1145.5020450462007
871.7316829941872
58.60467407282216
-93.7705534675395
-338.91336964023253
-2165.0009138382393
-88.06594347054957
-143.8828981242766
-20.3924259154332
-31.727818286798307
-243.46867630054473
-966.9711473361377
-400.9418433297786
421.01623547933866
577.2242315317634
47.274580167139554
250.47785702852423
542.5794581881881
1333.5326712970298
158.6967970542853
-123.01201752415216
-428.19896621102737
-480.5553261550359
-38.582341565624944
-27.30309186484668
-11.837961360091597
-42.92167116383938
-307.03361069346846
413.73726617018826
1141.30360362108
496.0972445378474
980.1383369963988
108.5600493767752
-53.956410465717184
-770.5163582460705
-345.91214899847904
261.8423505148101
-83.07231040341057
-3.3344637907587757
0.21274716913574365
-170.99566777665945
58.54439888225687
-0.22632807663324814
-560.9773531956113
-383.66247428522627
-9.108373335542176
200.1659896872107
47.34711476092029
35.74520761305287
-29.192540981598622
-231.20746523883136
-859.1783733801586
-740.6951196442027
-91.09954756860755
-279.6865782743309
-116.90026387864842
1644.3788629307287
6198.825582314918
4087.1371606535936
2241.6952144538413
2317.9886685714246
839.237324860291
1925.4769433233987
590.6602983612165
341.4905278224684
395.4596393113124
214.6132176316726
100.21458954416796
0.011439507035541295
29.32690705036321
-127.7180309108515
-133.7542690069066
-197.36033382354236
-271.8392896830891
-677.3474141916802
-851.0352614720508
-676.9120095121611
-1324.8222490106784
-1589.1812214779802
-2364.5437599518937
-2473.100210029453
-1442.0936199352784
-2.777650741631696
-2.7453739043050787
267.1364366842989
210.57326229366046
-53.03753689795957
-1281.6507967373245
-300.9200216600748
1.6656825477039887
-69.12845102798651
-264.6921192687414
642.7057420860876
155.36986897587343
35.94556223086455
-10.448800044697789
-78.8839065081855
-162.17040974974594
622.535545808473
716.7453844565448
53.99371761782927
2.283521730102149
437.7768481525477
1338.2767630900214
242.89619921747297
40.82079638762502
10.78811258734759
-13.69275340861725
-304.95734942884934
-172.18531070432385
-12.466271469395286
-997.8722557828366
-1327.1921680571184
-0.999539767320715
0.01381814366329618
176.38057653601825
-0.741006216077092
-39.92160720514407
-119.06252603315588
-481.8495530814311
-5.238338768044488
952.1262224731515
209.35564627206244
1068.462493108173
677.275757591409
19.35056111894903
112.01625354330635
74.912367595385
-1.2158224290371298
-315.9714741845255
-172.30497157016293
-273.70647881920775
80.80986857390636
2170.3035020597454
941.2907710359071
538.9683272435299
172.01868198637868
431.58752598564524
44.18034327919806
-1.4386624160912924
-133.88664551392762
-549.7980255757207
-1500.2381901575243
-2301.5166522731106
-3812.633069910988
-2427.3916842799053
-900.7783267349918
270.4653746101238
0.35599635422289105
-91.9755412705072
6.859062822564832
-3.516225152527663
44.11820068090412
170.51562595690118
135.19781295471506
-63.46966301524452
-61.00677777092017
-97.07773808498553
-79.25473546813254
-63.55700965213386
594.8984893860578
704.4757536874072
16.790002574002465
-21.538499049215925
6.031999322741635
-87.82154513132208
-2.687292288431096
-0.815558983146169
978.7210853125998
1058.9872422269436
456.8682528505103
-0.004746484052229346
-50.93800756333539
-620.3617343338881
-2231.5974835304996
-357.8618823879727
-97.38091067392682
-84.54566488867303
23.75414362123399
222.2906516508945
149.27771003825256
2141.3896667310146
1234.3609728604206
517.0288836615161
48.4711767109297
-182.7423591396037
-225.7876414958136
-665.0719310562625
0.19267309683705627
-113.12194101605502
-400.34326583602365
-796.7036262666782
49.14979302929651
767.8865818893523
50.52979703962337
-463.3235252187819
-1100.659041192606
-667.6322541327427
231.67629190297865
923.6670252627927
289.47649217506785
-154.77853653543585
-731.4430112024495
-143.91296025462748
-59.0491470585722
-37.73768311787588
-188.64341679071578
1.342411847693464
121.0681683552059
73.21623181152103
525.970211319436
-60.307609742405695
387.1685267618145
-106.1926778477783
-213.1311524352501
-119.68672034758148
-2076.758499355031
-1374.4456127061937
-112.19427517346674
-78.36739687353395
31.397354460939436
151.23485013727623
341.32591987594924
-0.2227480923011803
1034.4720406879303
-2.8994845321071407
-486.18448193384506
428.30432047199525
13.066542136768977
6.780551372095718
-21.812023596842273
-604.1434355433719
-1675.521849619911
-1347.7428640976655
-88.32692405850437
-122.78411196002452
990.4143066605678
2153.4810197580427
1321.0981885308915
1356.069970700198
1815.1643292755184
1647.2504811729102
808.1033492218706
631.2592512685075
716.1615111869044
1139.4787719895382
1000.3127146293043
896.4708350396058
807.4360215010511
581.9744925130041
447.9381785626369
332.0098660332821
325.8742487299148
270.2074873323462
209.0611657737095
41.93633561249695
71.20935053949322
94.28288386622987
18.0406593250977
25.507994717923662
12.984248211180324
-20.38282700856894
-18.37701794206815
-33.9103149714383
-4.362607545293167
-12.031639356461389
-20.301420616037632
30.810891030718153
103.29253323593147
-0.30026059039914277
-34.83260979746242
-205.3984681993197
-197.4574825739922
-115.7309473545362
-242.49741671915518
-240.40654297337176
-223.17508391434987
-396.7051339804801
-246.38525711161572
-155.15149491272726
45.5810830062845
1109.057349911316
2665.6756094607504
1777.5001915755047
1615.5508217237739
927.7474387155756
499.3852083801215
603.9586684336981
295.83541921844983
119.58655211453795
49.89230867805075
158.13852402564865
19.047749348118028
163.60216885199685
14.50821313376403
3.0768321148183495
0.011853610837650146
20.5022349715302
11.265142416262478
-29.522315112053217
-59.104751731420464
0.0021437902943139144
1.7810020452622852
0.00010460340303991038
-2.3483887507992556
0.0012276003363341542
1.486670728748205
-0.8428674722692441
19.52354587641804
6.382722899404916
-1.33036356028627
-26.43545516225411
-36.89342543972339
-305.80022523956416
-281.83014518225974
-387.40608740512636
-707.1445443670463
-815.5390460662503
-807.6513773702864
-695.7930749477802
-258.3822085977848
-226.69257497932844
-274.97462708729046
-280.2774991451315
-522.1746711174651
-549.8747986259788
-435.60133997784055
-586.001814132872
-920.3890797397135
-592.7302190726981
-1054.3722864924362
-1096.3961263133233
-1380.475610712353
-1827.5233093641498
-2728.977816881433
-3233.5265473594586
-675.4825830865102
1437.7112205072158
1433.1651244002287
325.3451803551568
58.92222701892984
60.603722191837875
260.8296331440085
-88.05113773201401
-2.7091280280135632
1447.3668985059119
141.42607263038968
-100.57146645861349
-967.1194187243
45.500553297437655
592.8591874984227
12.661314519058479
1481.1744876262992
1224.97539160367
264.97571990497477
7.9334859431088045
61.62704167008009
276.6130873658684
1036.8837085565647
540.6487703754648
485.8373050807687
202.3291510970894
143.67222851739496
188.45872051240366
294.8364942735446
95.49631385977055
184.976038422771
6.41339755191915
2.3018599535217446
-0.05714490204899998
-40.81431516022154
-147.4710439789285
-353.92807566105614
-328.9360120490589
-787.3685613465615
-725.1293635412512
-1678.8159882416937
-2340.3821878470017
-920.6100021755993
-654.9140442273476
-2270.4588307961503
-145.44369007954612
2.8089875734751395
304.1898492464852
2777.910785320998
3285.3644469501482
1093.2263963481093
860.2884032500292
935.1031008680454
430.5925531886826
106.41876364117127
0.5788457158489236
-18.57512902661033
-213.40187339998948
-716.6242909888324
-383.1573944053623
-264.6867727003766
-387.2918963361358
-568.6681382814924
-1286.391117562548
-1880.617939776597
-2013.031606536368
-1356.8370991599936
-12.893955032671863
1435.800245602411
2933.722455043262
1034.93427042322
532.2625239394414
501.9835502964511
195.47188854564033
-14.051319073937451
-504.31908374225225
-1289.2069889288096
-99.56184200571157
-30.795716023007365
200.38357420560646
-12.016158571643228
-299.09878553481155
123.12630712407969
22.639649156136475
862.0163049850619
79.85772625946309
-51.18510212428116
-193.5562054416566
3.8037514819316596
382.91288185587905
343.06831808470713
75.00664603842812
-105.25153370736118
-830.7705994605162
225.270263074054
1091.1314151136105
1175.3820847725447
1337.6861889067327
780.7447869473681
670.1583601731002
563.7454828067137
6728.918350136496
15933.398437534477
21083.44275857255
32076.395541605292
48312.23293231428
54761.10269344714
66029.38901520861
72186.81653323186
83712.13940021333
83740.73445126164
111532.45718315788
116265.73674558567
135739.77038262459
194431.76872881956
254011.82747314553
274733.4899239722
289700.7040600716
306565.9524859991
307906.4500549111
320860.46598943777
366240.0827384644
389151.7833933287
398126.64238551294
456029.78678859165
674004.4320740582
836112.2883002125
919634.4774475908
1339535.0723316122
1721322.5816723248
1439620.8672570016
1069092.8174741983
1001670.4025559573
944812.1608846718
1050702.830257916
1161828.5819374316
1173124.2156983363
1202669.9040198647
1163254.9351019077
1345367.9158550247
1694193.142889345
-2147150.2
-1807409.44
-2660624.76
-2100944.9899999998
-1260626.5799999998
-1649227.9599999997
-1673075.5500000005
-1437172.3400000003
-1259624.0999999999
-1060856.9200000002
-740572.5800000001
-724036.3
-736249.6300000002
-802080.2000000002
-607630.3200000001
-303056.14999999997
-310419.8300000001
-300741.93
-284918.38
-377314.0999999999
-453774.21
-384865.11999999994
-219670.46000000002
-148914.95
-202194.66999999995
-192614.77000000002
-81603.36000000002
