2561.079999999999
5165.446575367478
4469.128270947225
2616.3841702121777
1627.8199352055221
2150.5637098132543
982.4173605941243
1379.7853212640339
1326.0871738995331
3214.1515386834885
5372.070585337357
2972.9448746209005
1684.6750313784705
659.6383469477364
547.8741222956382
160.84197010192622
74.60520642013661
29.578503920576516
-19.13672104965222
-47.080669003644665
-310.19891952132156
-356.24796382650726
-758.6156010016341
-173.05113848368006
929.2981215118311
1434.2395341687052
175.00538173160422
116.19478389863849
796.6845490254058
111.70054289542666
10.59954332423544
-31.928987442382677
-336.2714232020003
-646.6021101334734
25.9158803206735
175.69878599390265
16.820047437136733
-144.6777183097603
-101.40348757238756
-390.2615010239615
-626.7246858419735
-6.083468386300552
416.7656502177946
3117.901936204196
1741.3406525814025
739.9238804486686
512.6986947918541
335.72750599245205
246.81119994221544
29.918139983674042
-6.4794053748448555
-29.24370657170363
0.0018113103165021472
-5.8307988071710115
-309.67344281588
-156.07201248603548
-573.8085042649566
-780.0859597267552
-1892.3721929967742
-2359.3906496931913
-208.8737435303214
124.11851512760275
-126.43721347123025
-317.85072107395433
-1.2778739959055696
233.90658736428978
-14.967427931394894
-279.5604737142105
-694.468891651592
-1490.8876544146815
-623.40367771265
-4.407361983628677
182.50625984632208
1850.60618024402
4065.126920804142
601.1678272164265
993.9731378375167
711.5170650364927
825.3877550618331
344.2647887724016
611.7835310418935
406.70540036290106
272.1888226274709
65.83561792026624
16.450503271346765
10.609940236308276
-0.0887945974356587
-260.0261491685434
-375.8814277901992
-857.8554861807647
-665.1594454051395
-31.052524860040606
1.6854665975476426
-563.3839936798452
-915.3962792690145
-183.23457238706717
-5.0943815763317435
3.239736884769372
59.75268546642344
1570.1777456238294
2159.1824021467573
1470.3531216056706
822.1993973934547
365.96944248738237
72.3908772878896
116.77175667588685
112.83799660712138
138.52051147120187
59.23031670576149
7.411919688901312
29.308133462024912
26.826328661607263
0.06979278830426933
-9.682986259776593
-27.786363968643307
-160.99147735579663
-260.15195450924506
-150.69142974637114
-212.5738595102846
-329.87138493021257
-647.4293839139038
-1415.6455325110232
-2146.6229184823314
-3325.1078590971047
-2509.7835647883485
-599.3480535787608
328.4036123506345
316.989334593071
86.7244077176109
770.6423116977724
391.9357125993154
-0.0013654863338525274
-11.60898651907499
-179.09571712665314
-119.16654635702815
-754.2320938395171
-1486.4088063226025
-1456.8484822363857
-654.8492605616312
6.593477785771393
31.348148827356844
267.3943720997103
-0.3166887811069955
-136.02597871201476
-74.17175056016869
98.16137149328493
688.8089597220419
189.12480883200539
-19.457223100462627
-112.56026054948505
79.05556327849516
352.3447594384072
279.7428725498212
6.327884769685887
-62.52652943084866
-137.0280706547637
269.1001949479269
117.24410368261142
396.68313911562177
218.81719768597475
-0.7783195154699625
1.6854043495984623
0.0384369906884432
-56.076435080229764
-382.9480634111924
-869.9238869665662
-243.31662009492186
-291.20458880351293
-489.2861743064615
-156.43124810178693
891.7953724136046
1296.031803388099
376.1658396789911
241.22617493879855
-0.5339718218704501
248.70238112519667
198.46789583498105
78.04985483447493
-15.801531442374468
-201.53280527276442
-113.94117746512876
-336.36176446802426
-19.73772209555522
72.88887540579493
26.436745307778608
360.5588406175328
64.00388160313497
-167.1363418005417
-1030.7048862058018
27.438277971901513
-38.09842740614362
-82.81833905590295
-227.51225876464918
-1057.0199800154853
-1241.732911443649
2.556729206507933
-151.63707609112586
-616.9993004103475
-25.23077467308089
4.548132916689849
1635.6372865438484
2509.933305733006
1908.9287299446437
1215.77356459535
487.40427798328125
120.88892377132402
236.74708368213535
486.81561540970097
592.4885226648386
714.9633475386744
607.3297050025333
577.2047894723869
632.9523911867972
235.560466478116
8.677908286915965
-114.99873347008261
-430.1755246816875
-228.40588214240262
-78.68714348948998
-164.90475732484882
-35.712014837495296
-88.04674525263977
-48.095007251196286
-97.3371537424133
-179.5691710202228
-223.13365098208533
-294.27212531153145
-454.71712479208384
-755.7128863089265
-875.7360169330136
-132.16608335678154
-100.8376357057828
6.046926994041225
31.8665644104049
25.847107776031823
80.10737856293969
392.70488704556743
601.206739738804
849.3762478910558
406.1551857912509
0.04447542378147117
-102.40175814178644
-391.7774552125561
-42.48430893757974
91.76164919711033
49.10821832482259
-1.1442708832869415
25.14891278611145
15.098444940811678
31.788088195581018
16.708770867166233
103.52680803777389
358.4611406345074
173.65989496945093
214.41010859531045
25.96343937449799
18.147991933789356
5.9283659776274815
0.5268194376759837
-2.477668247754417
-49.810775737189054
-105.43022011874776
-133.67039942428096
-221.12282278499742
218.77542445137962
874.0789503033897
623.6206774128302
359.2291031055787
196.72101355626955
14.7226926520405
2.4068187335797586
148.69317484098002
105.19827888368563
68.62895554317953
7.431214521886837
-5.68998062140501
-15.303735497029624
204.36544966006332
114.51653715101125
121.10619319678656
151.48469342161525
198.50295398398632
161.57891421104597
110.91003754601128
99.18621501116104
52.28275875623431
10.331017886824235
42.48565460903511
-17.253664056980043
85.37739926864933
-27.739082965942945
-0.08559564720873533
-1.2069231184064433
0.871201518345416
-0.7770757129489748
35.87380127646456
96.18153684611016
-7.011553596924674
-13.54347067695038
-6.123915808748591
9.583303663175817
1.9204814200049705
-14.916520122597143
-5.018289399634086
-56.56690218620334
-9.48183736689245
-4.6397435123160164
12.111594707276462
2.5236618805285698
2.0590955995361866
-22.234809274101593
-2.9490954568747467
11.625816466359726
-11.74988683288282
-8.493058061901
-2.386335513404271
-75.17275558147617
-35.421552931009415
0.28270268258576947
-56.06172125679617
-36.88893575948122
-60.12052454001898
-103.01526562686337
-67.11724785503506
-182.20135946684246
-180.78064321831596
-330.10382857698977
-555.8444632366459
-828.2397313195742
-930.2480377312379
-1353.7385195284928
-785.5676947592747
-327.97044177347874
-147.64162714791695
-239.17259081606002
-424.07096767940385
-967.2886679336173
-1021.8398684921337
-132.38268912995005
346.65211507687064
421.9417226524141
214.33275403100282
115.90352643500606
11.694588833997212
1.925745107191502
-216.28282392676797
-97.09839357469718
-287.0417082638636
-6.9182102728955845
2.3015843355277465
-106.37858196348495
-71.99035377660684
549.6315918238004
499.6574619992833
52.49862148063592
-260.38769684441525
-671.160206073087
-168.93107631205558
-56.72876259588732
-521.5178651940897
98.1552469886915
18.504729514814677
20.169501902705672
628.5261990605707
25.64033196377693
-327.6260723003695
-33.281605491984166
-235.39532709898518
-265.2260044702013
168.834478190891
241.40716573284732
79.88615095026059
94.977406815499
21.88707921712517
-39.53884333540424
-120.56655967474771
13.18588523552588
11.196103327104069
56.31311834781029
129.8344338332968
1038.6073794484514
853.5374408564614
132.34614060812504
3.0387196110210146
-0.5473770649640889
57.823042591052086
92.90282981500064
18.478100466503513
-8.133976710883879
-13.799414264636523
13.91880688193488
13.045737621613052
0.7692333205611337
877.3686129609405
375.5773537800043
46.32042372507166
19.43296617083707
-104.47152004691497
2.3433424075992906
2.8234306911117746
-76.26294275118676
-527.3966150871637
-959.6621839492196
-396.79025823204097
-221.74951864467872
-419.1209731016613
-391.11525238691405
-385.0218454347986
-207.0788325397479
-634.291928659585
-1012.1928978521216
-1572.2118352018747
-171.91901357209187
-6.610492561624502
-0.8408282731372748
355.848886733078
360.48094682077533
-1.9019882136468804
-6.122691821911651
151.2683995805869
1189.5285898923255
3158.304182016696
377.4045313691205
6.953271691971731
-187.37155740279854
-293.68904545876796
955.6968085641494
94.5266368797515
-167.4958327488264
-374.53822482912494
-1402.6039549720242
-1403.2619380925166
-564.9948786885677
69.25614735608656
845.0792958762623
322.4222240854687
41.35210878152908
-156.95429835419205
-405.512478556869
-344.6785283021087
-70.73214737470468
-0.06030111969849009
-362.0104799986833
0.28787578806416453
36.449562656666394
96.07583892453373
50.345655196734626
-0.2620887076328688
-206.36209292760495
-339.1754026225059
-30.697373400280775
429.50848764327594
334.9775438431576
2.5792355336472306
3.4427886227978286
162.24406856405434
569.9307176295489
629.7189124906594
769.264128743376
776.4784373911151
1514.765273804404
1121.2729566096257
837.1874990120901
884.9487768516876
517.9052939986113
411.45063188677443
193.47190256042325
610.4882767548529
254.66856142344417
298.0447818572035
209.23083504950472
92.42925437120141
4.1369810563658485
-6.786293636218563
25.851514958718905
142.25158848955277
40.53171229424081
13.40917409528302
11.197264024061623
11.944438151934051
2.2025425618519217
48.642055923293995
50.57513591244323
-1.5993740116050588
0.004159069050660567
-0.707495988337907
7.2578102710187995
-1.3431942198556073
27.73313138200911
37.87672763273848
-0.9749890913542582
-17.777581482597324
0.22692745930765018
-23.60481235040236
-105.24966180900529
-295.63876387623475
-396.61489540935673
-86.7345789323336
-24.286336266363286
-2.987684118909179
0.05575321172395111
0.6663645225441237
56.83387267573136
64.0891277733489
176.23565791309696
151.45911790608707
103.52817734047342
227.19357028274902
49.21245566629972
100.5407944664043
0.27330487912942664
0.413595016416329
-5.234436463623778
-15.62951052230085
-33.81784789559186
-34.34817467425271
0.01883795329086628
-4.114984621186173
-54.05231727469734
1.477115602947165
-15.443394290869314
-55.675396324356036
-17.62092607156638
-45.59565702573441
15.080713472122145
-9.74165925309686
-7.12898505078989
-48.125835559038435
-274.74831513971975
-485.48390965159524
-704.3276686546991
-365.0281537577233
-675.9629971717903
-678.5342146122111
-557.5576574467466
-729.2340650024344
-692.1922063968179
-514.2836107868309
-1069.9960578888642
-1497.586129854893
-1822.05220639663
-874.1040572912348
-565.3315318786503
-617.3651802594381
-522.4244592163999
258.66931572240554
2438.224569134769
5022.2946006703805
2629.0356825073786
1305.829546409505
1571.288607781086
1150.4147938386957
745.4936464158204
267.4761119740217
119.76878453243641
-0.08315133867313425
-22.82395173266433
-184.8001211652701
-124.38141745476176
-238.40342669327822
-255.60530906472178
-97.44262089063841
-144.55266868238252
-168.2057337378628
-433.96377072591133
-710.8146434371437
-1449.3143515559188
-2190.5443257120983
-3462.315953296522
-2084.039838918149
-1626.0608346277902
-1331.1512732712113
-45.71751398989139
109.88060084539423
-138.242988144043
-550.5204313384301
-1.0726469234264155
-2.4333319938398814
1780.6164392148996
1167.3497625048658
5.0840156675367405
6.13467034427481
215.90203387308912
70.41955663700753
-0.332496486408763
225.5954746654342
724.8781613134535
35.61696934110296
0.003883950673043499
1563.3772712644732
1432.9023243030674
716.8305666621761
216.28201705207198
-0.300218890153279
7.965924559969412
-74.48024739665522
-71.11494101575285
528.2267138405484
1787.0320299599896
1105.8117349351219
253.7929134791257
13.36070564510461
-9.16949792940442
-0.04228693148864735
108.9969048163525
188.88323774939988
55.73290177921699
-84.54941423379668
-68.80047990891839
-95.83112050875224
-272.0875042002885
-597.3182726168628
-1372.7190925849318
-2560.242620979448
-2788.251769812319
-4702.054234156865
348.8816875783395
70.26374363385233
-28.637777159941095
-610.1494585093662
-386.0811002538454
4.328032188457535
24.43927801595415
-140.23777818531366
-1019.1656423548479
-1100.8117580324251
-31.82434633716555
-6.413156038705841
-193.12956878971002
-27.258479999474073
12.776767833236311
-30.762649737791765
151.3671535540264
201.7387003441532
-367.193669942162
15.783043754126176
103.64883823034583
546.6795726013944
169.98304965804368
2768.9626167297433
2455.7423407462848
739.0752116328537
60.49354608990629
13.787057430357242
-6.561618780995758
14.194471730870863
-42.125592982447216
-117.92169577014778
-920.6034194000767
-2694.309697128871
-4168.592184652447
-563.376772728279
1.8491618176293638
-0.4183190098325359
-8.505267897933084
-15.20131809436132
4.190997984794357
-11.19812577572536
-80.21982823449547
1332.3430141089016
379.5922976901444
12.303138421066755
-60.44084552134009
-0.34956519242243095
244.02745111224792
-35.441392661956534
-392.6319539210486
0.10823386690301443
3.878550465848417
-364.54059742017205
-1390.1598407337417
18.11842462654019
-200.8833971915088
-890.7598597254455
-1167.1398110154016
-1117.2517547492098
1049.5523318978144
664.0681161628737
1209.2993416976533
1888.2803858681668
2177.6022741931565
937.5101953825146
91.23033210994578
-243.72382285175024
-792.3097957796222
0.07316676016436538
476.63444360213697
3.7969539236006735
146.9074964268677
690.993261020154
634.1349346909104
-244.54315962803588
-138.38019338352672
1.5769796152893507
0.9298692470752451
218.45667251819043
-96.77835415555774
-477.47844365158653
6.881044182721435
612.0142447408587
3252.8967191931897
1210.71147946871
113.13104214899697
-4.995260735915414
-121.29597522230284
-61.11871756400066
610.515867322434
294.34066935911466
-140.63812201659604
-32.247556575898344
19.824979076796133
47.06979652050685
24.70806111227035
-8.461580409754912
-110.69767270063966
-709.8317493850541
-644.2907814350283
-33.94189861150328
2.1048462344910415
278.94301541727094
-0.7149357087625017
-632.2520602290616
72.55414178803044
1373.9860271541975
1203.8346748630327
704.3627073020552
257.4922921301114
85.19189739522795
38.89256665129486
-9.997519795622651
216.59628957087904
180.71243880324883
263.99096591511744
186.6749719188182
44.58329539339117
-0.7769424654620598
-87.12204250266353
-228.77783962796718
-78.04430035628985
-42.11741157401259
-160.24759427490648
-293.3599858160299
-466.38016039638103
-775.8140975843326
-0.07456565425921755
1684.887020665836
1128.5615655332942
929.2884200559686
309.104125010326
244.6516932615644
312.90498991134405
293.79032182536747
187.33751535861822
187.96612732048646
133.49847127321505
101.79540257911351
150.79064986156214
56.66866565015236
23.538878339897526
37.541141383477765
9.687069289496998
-0.15848875365740556
-0.022898507388930466
0.019222250060824918
-47.85769648455285
-47.65065137675175
-0.19634946382267365
-61.36122353940095
-26.53928080651127
-114.47358085548902
-271.6721759313857
-135.85049370031237
-303.4306869245875
-380.4684455227359
-615.4134428426141
-455.2463077332103
-752.1575212645662
-61.50234824545687
-2.767720060745706
-480.93658576927305
-127.1475996364486
-23.38564982118983
-381.60775268292093
-974.9161759694705
-220.499328085513
5.768274956119146
-1.7563356622215578
3.5936376238501624
-25.145650926892046
-221.29917833489168
-116.33787359099962
-377.32482166952343
823.2314477190818
902.8537090009462
571.9142128445587
255.83918572234512
34.067560080780055
-2.694443001756961
-33.82860390592013
-175.52299959065618
35.641539937749336
-19.16429349512019
-33.838239142518525
0.005630272559042357
425.7571875224019
-0.4645075812069841
-7.177841626642162
47.94672217266299
81.28770901079174
-45.857022348143616
-177.25259682691055
98.89947015613596
124.03498020354456
46.03990434925602
1.18531195330725
34.26905841742652
441.2043611923506
1027.6752667566789
729.392680629024
89.66494293775688
280.7236825886732
533.9421320648803
295.66255372937803
0.27886589042945975
-196.61669614753185
-592.5070489324049
-55.827790662796616
-45.17284907039571
52.63350775782283
6.850701064740349
4.246400686715796
-13.616437386642067
-163.42414379828682
-445.18417737011123
-321.10192938549835
-1334.9645572420375
-1204.0843893655526
35.8796996140218
1749.4939693835781
1805.8887530091658
984.4853642487225
774.0931717533783
384.6803972810522
106.77537014661596
27.759495182609275
-8.622016594905817
0.005240625599161347
67.58098398109519
46.80804016717288
-6.436053848381263
-34.346823132575565
-129.21963037215716
-567.0550981158427
-388.62146862879626
-221.86928713301498
-428.80298294825343
-625.5342481289665
-776.3042249339767
-1016.2569063891965
-1001.8287310261856
-1204.5370837376101
-1574.8564461628607
-1052.9325445162435
249.5758528452077
243.85354086944585
281.37282337125373
1092.7839103667698
997.9752352454157
15.23800659876202
-181.28416197572903
-707.7168398721388
-1130.0352641609911
282.72107655942494
-69.44905208218955
-698.6063519969855
-103.44993908741604
37.97675543456013
-48.05805383951136
-558.6538884977949
189.4007731217028
521.8162196003826
366.7034888175881
465.90426660388056
104.37632086108302
111.09307892675089
28.565008112405554
13.534766530323008
468.9255555125617
528.4579636046203
327.83002973106005
97.64781668904209
33.57342972471867
5.924111334901045
120.46918070178451
179.62204806058753
414.09453287823135
335.9727894932746
171.00434710131864
116.55547660807862
168.8065506363148
26.846999544743998
41.535722366138565
62.832409150301594
64.79846273204402
130.17638736896964
-0.4500723369584481
36.07404159932854
6.65984073924297
-5.540153743622962
10.401466654132472
-1.8672190928999437
-6.519450183978772
-13.36818534526231
-26.114752133301785
-14.940024352274905
-31.001027342404623
-75.89673188666177
-105.01407924520129
-120.89638170620788
-314.1945008897659
-253.51122400538077
-285.47294671866473
-275.15093947640815
-496.71148596034186
-460.001839253728
-564.3990690686749
-398.59861881633765
-313.74301856471044
-590.7047845741588
-1018.0911491888346
-702.3296808680163
-1087.2119897445637
-993.3239142230007
-94.3349747693378
169.547620224164
1261.7496646721543
438.5272604761461
222.0665334498027
123.47291111777372
262.482984436054
-15.301078328159557
-194.60769306553027
-144.20367433377425
456.77061825604477
1899.6730761834608
2721.7994200961366
1800.8448834806677
1313.33041832223
617.6095764343195
674.4108895356424
487.8647148247669
514.3356008645032
482.4512204175039
803.351763202033
411.27324443514703
186.47279717529236
25.228805789069458
-4.14492726552268
3.263951281264047
-607.1937623652703
-20.710104109713573
-110.45265982869408
-135.42614432891236
15.132543907872904
9.181623153315089
94.28962931903348
32.220962193338224
0.0497932642252223
57.27234224805618
41.19706566359925
12.278495843698217
40.94476624521635
23.851461427071442
-10.16141202417581
2.3918259704677123
-53.581700290842036
-16.56898095111572
-196.06215227629036
-188.2172045003286
-285.4870505789025
-958.6350982546812
-621.011007171884
-882.0100210339417
-1294.264902744704
-1835.4261782413887
-2152.3509877801553
-3666.3205217325317
-4389.255499602583
-3824.8797492249096
-295.79680370771194
-161.63419658241747
-55.700473680059105
0.8459988054503811
791.5863976608468
412.8573116957615
144.90177911123118
-21.238608774721616
20.452806267867008
152.44600269099874
2797.6425365531295
1011.4792256621163
499.6833504925037
319.0772094619261
486.4093904893731
261.76116949564664
39.17364835800763
-193.48536977999584
-198.54933739908526
-20.433113107669474
-42.250638477639576
-14.633144777284187
-91.05505365112433
-519.7896224912419
-847.8136641765716
-15.381616950913012
290.0364495176572
0.1260335992350014
-130.17911071924007
-793.8861637239601
453.9236193511231
2417.369400506671
1687.1900975394633
1385.6953385390973
898.456325064345
548.0699391261439
288.3887327088076
549.1022568613226
378.12303071491147
419.16865072218343
662.8473672833144
496.62759577409383
495.23452709351113
411.2996861493243
467.03566695708514
347.6402464618686
191.80804777524332
120.99793090047103
16.231204171360126
28.751067520329773
-15.385058055144736
1.6244370080970703
0.3060427848228541
-2.1828808615158697
-85.77847024102317
-62.049782726408964
-143.39871089072864
-45.118298381063056
-180.48050799323872
-255.13007242847272
-228.9128040691097
-335.18995645402276
-492.86317429528526
-394.2910098391731
-577.6648259699673
-407.22862034082056
-464.8929068714049
-435.4903016222116
-569.3350461932271
-513.60458762567
-760.3463333874383
-1027.1588138158163
-899.2927143515894
-1073.9233930908779
-982.5928105444557
-257.379369517638
-511.8536674242209
-965.9396786948173
1417.0691595343103
350.5746306670566
11.835816290522406
-161.3825216425418
344.6973995821703
1631.817476090673
152.59970504229693
-78.26953916023409
1055.6337696326802
656.9598535696247
182.77555549663964
-3.6376337390685323
-54.264435291101236
-187.90092113851148
-783.9029787040838
-5.350492209914011
28.554653352537127
-239.3895173745177
-1049.7780534662943
-1465.2651876144955
-0.3921927909300886
2326.071231899522
1342.0649495290527
1147.7969535212167
2148.777303003285
982.7775398932422
511.39113107703974
94.17933726691977
-2.9130008111481622
-124.94777206652628
-608.5433220410564
-1137.1154975595796
-81.60133992210888
642.3680932787742
518.349517240028
490.6033251373077
185.58464870826072
163.20239166725563
23.253513104297227
-0.6299482649842408
-17.340535836807312
-185.1838249732784
-196.77379810161597
961.4188680208567
122.20932303755907
30.679940084549077
-2.115933340164535
40.47650402249634
0.09049863263982966
1.0801048260490047
-0.1898883728969297
-90.38817874210388
-417.2236218010786
-429.0752509847761
-58.08637606732902
583.6594608082194
587.3031848948817
607.7254574058255
388.5421989999106
146.65424208496694
63.16261763828194
-0.9536533315705448
0.06926757440322853
3.2286632936747104
-0.20947009690282373
-3.0757852162981676
-32.10274057781974
-113.04549671401249
-245.1552199839025
-515.0570825586451
-734.7388356570182
-1187.9457276965645
-893.9070286236331
-1527.608351950707
-2318.209204198908
-3521.3027786869807
-2017.4201211451054
-363.5811479935811
-901.2770111912944
-1698.100286971869
-1707.9734351794461
-1585.223280364071
-382.7855969352662
-107.09296927194006
-134.97871796618384
8.40966667243004
-382.4047917127295
65.54838363847338
165.06828386149184
1275.2002637032365
1976.6871428334548
206.13709546839996
-42.88110888671531
-24.95911715328366
-110.43355322918427
57.20925853749524
417.3394506918234
668.2551482643577
129.6173357643684
408.9912888964796
139.49981129252922
-57.67983004078859
-1145.9735202068844
355.12443954609626
880.4953173863026
-101.2780698128392
-398.0080480393807
-181.03900272058718
259.98713851035836
408.8634480100093
12.610164448676388
-11.219627593034792
1100.7937483931582
1151.4333484733402
558.3017881629883
2.1793916227740544
-519.1011405694487
-1035.3440325628048
618.4168031580382
487.0852865759597
306.899346453316
109.94436395681967
-2.3214366785576264
-11.167495342653405
607.4043080483227
69.43525103312761
282.64787982567657
739.4619803227463
98.44720179979781
-45.980933303211714
-736.6287989518894
-1658.9564583832528
-1886.1106041082603
4.524819773704653
94.97152089225952
252.69943300350965
600.3299954855975
165.96133768974954
-1.4371629761139468
-40.059696684370834
-36.80049973645751
-231.95900579965073
-175.28196307703422
-410.73694685063816
-577.2581491328841
-806.2593930538992
1.232397523299543
549.8793761509414
1560.3570218505279
1043.3267328257532
808.5208529831823
198.66164212126324
107.85005582648648
4.0159251482047775
16.62744496899114
-8.685192942314089
-225.76721380156468
-564.6895275729181
-1071.374497665065
-1127.9226898757286
-771.1670570037859
-680.7760573659675
-304.02266976200355
1102.554538553134
846.9132432954917
263.63474010770585
38.738089852705876
491.18085971932294
681.8095228843215
92.12381460834976
63.14545945778717
-7.541226681563353
-29.154341349350595
347.1422475827685
207.0269945703315
-77.42235387358299
-428.919516370956
-457.5805659952979
-226.97701723002515
554.9039441302391
68.79099305619913
-151.16366158549525
-208.08271231603624
1327.6266906589265
202.2722505806189
-196.6532309975057
-423.01805125475335
-1890.4180288443215
-43.76458525242199
-18.42987894068758
-540.339086032608
-0.00724735975404776
44.91929170110318
-286.4575077466609
239.9820192131886
120.46750901487863
139.51241668599852
161.9227002611102
77.47548441040237
42.33869510990826
51.74426372870524
122.57934161559183
-278.4301831936493
-804.3881393753422
64.46285990560774
145.86454992431607
0.11988358855128431
-5.333238795835534
-39.13011269335552
-182.63403382942897
-541.0977419529981
-1157.749199145819
-1368.8163802853753
-1090.1049350486337
-27.58595118498166
530.1713747448188
0.981659211512643
-3.053133831038909
0.02302986968926688
0.19765894406628143
541.1979413077581
67.48559556688667
1500.297443776708
206.8396153976167
-94.74123983194818
-0.16204709624093278
43.930403624760224
-132.87711041491198
-971.8620689096692
-36.92197503940764
-8.042748144284216
494.9731354017446
527.2355848592865
158.39521089512408
16.80383139689011
-42.60959229080802
-188.15000287274444
-956.2114693503529
-940.0816883318051
-6.18633637958578
538.4722991891938
148.5726000821883
190.57135656378733
3653.6082639943133
2222.01215758662
1609.1565603796926
1052.5470240646493
1443.0022022121598
772.0902552886449
1468.775869438776
967.132719073502
577.858686713813
533.9394941908588
146.3381459362212
137.6218429770999
86.99533180778015
207.08318798397113
167.80454722815108
5.9159549421395
-75.36366455443701
-110.12827192014215
-351.34123277295726
-1496.718658695109
-1419.5756345264722
-1365.0307797493515
-1378.1364075626182
-2224.123675448457
-914.7746010966604
-1025.4957177987108
-474.8846739949864
73.71463069303552
756.7203179800567
210.79826882852223
173.8803507307265
-1.1480828483846388
-82.74134029882887
7.394936119054526
159.39498476990772
22.677054367196746
-74.58670455043153
-929.4659649071158
-1260.0393919192493
353.58385922079685
628.6647050233516
-21.93993969826561
-599.1965187084977
719.6236153537936
910.8148107752704
205.6369538128679
64.1109209224575
154.04675290294762
157.45393503333503
269.2243141862082
158.64617155177632
56.250665595996594
-1.9804499738187216
-9.02920351789267
-59.357032439090275
190.84207978966245
452.6793108185744
1119.5674656048773
1286.6402701196293
742.5217533306165
306.77318540766487
269.0380115853123
197.7951930621415
200.10870988907084
76.68852626136437
78.78803086607813
10.450656668017734
10.48581170794559
22.091408023034187
11.752873027256344
205.96942614858185
137.09686261630418
15.263584315490963
58.81205560162414
7.206297065530823
-3.2117315941083406
1.713606105020674
-0.042176413888143485
-2.207051493048697
-82.00576307830832
-10.753750056618955
-121.5331740240727
-305.81048982976233
-155.53783274640207
-178.21495486534783
-380.47916287960356
-895.344394123334
-802.9492391542738
-823.5940623457475
-1581.1767292193322
-2145.264968017182
-2874.772325600793
-2253.77010975138
-324.74575731103084
-15.715942605056249
-80.45592765346551
-152.6246270519026
-133.3574035585852
-264.0179878321498
-160.7531013077607
-213.4554252333165
-569.767865495776
-838.6017705256721
17.170622734020903
-1.0201713054211425
-132.66251236777347
-788.6409603766343
-814.8006084112274
93.42621150201863
52.33083718932373
263.60776848882705
246.9215968293328
-0.381466501141346
0.6119350224425105
890.4845034169089
336.05282998681764
-14.844559622320302
-859.5547917775822
-2.2766820318927024
133.30389345280457
0.03186687127645347
-81.54993119095522
-209.59349824816513
-461.19435205746356
-876.3019615075914
17.35123160372219
202.0776783806074
1.754275822261632
-392.0250037476106
-1026.6578655310186
889.6608008814269
1133.909316389287
1932.6512818577366
1841.3445021968332
538.1276654725436
300.051729488406
341.79182595627657
53.639347004165295
-18.488899573243508
-186.159414761957
-557.63296045661
-1772.4534465659121
138.14120113941803
-8.129822022275334
-211.32574021305868
1179.3245156221437
1138.2382905962832
407.396528063847
7.6999340465417685
-95.24781149710154
-238.21612490104852
-783.0904272604341
-2898.8387195303317
-1059.3956640212314
-187.18949567628292
-40.47935882416705
12.473648325138239
2544.9496888888916
2563.1330687915906
1256.944177813862
292.55699558367644
48.74184498178592
24.43803956296843
2.1535058744794995
-36.62288157736015
-341.8297595120322
-708.9762717460839
-929.3477474626061
-51.557624898681475
-387.88565784316705
-88.58098569029795
17.7699000255637
-0.05936185409679775
-5.34208857499011
-77.3291645877844
78.83585562681014
665.1424843337232
92.44955992351842
-6.211562485884594
-170.93324108501832
-434.89702859360466
-1899.748392656034
-161.93700874421816
-224.56254244664615
-698.5774166455238
75.32740308878626
649.3474011550413
134.04142328421483
3.264781840584245
-200.56196762136568
-30.320450576530874
-231.29737842549883
-1731.0144558729462
-88.13195759273596
353.06267561961545
1430.1174224906504
1771.6148398503117
1594.6577189523719
2100.6601051585094
1507.5107805906932
1221.6877707343406
1058.5123306460614
755.7179271238506
529.2595581462164
681.8681157777228
307.6120888889153
141.82889208878538
120.67516704670052
77.31045650697357
3.3476503968013014
-1.4530588731668526
-106.26742681571423
-134.03622087253314
-127.25433807296035
-134.5168100313443
-148.55087244917775
-123.08235836840953
-240.266744041905
-297.8097775751702
-379.175507719215
-175.63453150386945
-597.4263235431413
-326.99008722696476
-360.91196533389336
-393.8088271324074
-498.3483484489417
-847.6500751926684
-1257.5418428336393
-1053.120142814753
-101.59426052102161
695.2429915891731
-23.34425398863766
-347.0977064877277
-140.63239253476104
156.39592023673612
709.0015066767724
494.48054168324984
11.817734597119241
-236.32215813639445
173.18455908751008
1291.6742851381578
357.2059724454983
197.45922127465946
-31.231010840074987
-596.1851661026737
290.41390411527766
795.9930897488276
194.67860921112583
30.605993789059678
102.97288456239828
325.4607906137662
303.8223790419616
169.86726424025608
5.730323148484498
-10.887302499009692
151.82308405994186
119.37176682852848
7.725603530023737
1.4058599550439337
-8.766562976731613
-12.091859507074071
-26.77823092213415
-103.67092426839247
-237.12540850471362
-331.6080477959465
-506.48712701389456
-563.353175664106
-1023.0005433059249
-853.4556200275455
878.4430957317921
1941.6591523555387
846.6357084018247
981.6129259553542
41.60096518935969
-6.0273355820880585
-841.6976208902591
-413.51629855198206
-733.9707241067172
-793.8991393547449
228.4683988825167
-31.688335230508496
-652.1709318687092
-42.54934616688778
-620.1661895957167
220.67968796029916
2162.1702083030164
391.3469390578639
-12.25467456854419
-380.69066507930415
-994.0687430843103
420.97108047127455
1375.5695564975053
1162.215789624277
448.46924864040125
269.45415260912415
136.70697265089615
36.38321159657351
20.92816343113295
109.57309495720196
262.6912564823167
124.72934615550824
39.60054710415031
-0.32318293929748737
23.562972343584462
345.36300750808505
128.00369571442133
323.3213361023683
89.08264937387297
-2.369218714523249
-34.22167712212066
-95.5709288344559
-164.90778718204083
-256.3388191903078
-541.2285317906319
-252.22768800087124
-326.90678477400843
-610.2762885994105
-559.3247663905283
-1452.6145830964665
-2546.329911518536
-5158.4014655860265
-1790.4324186950462
270.3566050104593
1295.3090459099067
955.6504209442003
85.51251104481626
974.8031182473826
-0.021764809016432022
-639.8781508200584
27.712954461483594
1350.0842829690987
2946.6635758061793
2162.2751038496313
1285.5457193810491
1121.4097463987955
1275.6172726933034
1193.8634558178346
581.7484418698148
582.4344129869041
376.63675578655005
151.23027720505877
51.45992302419873
132.04793157834035
16.365765338965822
17.842487802176432
47.21107831331631
0.4615063588684217
-19.993215233139793
1.525071179110445
-2.7133880857307284
-25.71618319188383
-6.4589232351905315
-92.83572918276627
-319.4895048975422
-238.1707110216411
-444.2603145649021
-693.2719911012399
-896.5471821768526
-1567.2322664247617
-3336.572139614138
-327.7300530585803
343.2759669556025
323.30741690696425
421.8965483907712
541.7855359303525
375.1184784045817
264.7385415028933
214.98468622902556
437.27948668102533
286.219149650197
1223.656859141429
721.3691466326015
210.08709244148932
382.57274163741846
173.98015703634633
114.55400900934552
43.85274233372644
88.78071393656747
59.945022786556315
20.472820079798336
45.05729826404407
29.189730182183798
15.973159671711738
1.5274225446855256
34.73261262828045
-128.18512399146113
238.3415075298399
-163.72679489109083
-177.87303630477118
-67.92176537052127
4448.3390969722495
9652.99266166089
26308.65334141383
35685.8618285006
47149.61338376711
63267.622399730615
85955.96061080563
97043.98501134387
119556.08703560385
153513.26009954538
166857.48570429377
207689.82590045908
236125.6156770204
280340.16218611016
361921.47715338354
451332.2638034438
313921.15581459814
261055.29551363562
288710.666157547
295106.732980085
335305.137919031
338599.2829047686
402707.9569234237
409992.1063224843
421552.0807082897
431561.25239884265
469354.5775447368
476226.09936140693
510743.4217156874
506476.2532758434
571214.256837226
597134.8327881155
669459.6275890504
609919.7010245755
675451.394974095
713295.5150163082
852562.9954445348
970086.4057853784
1042145.7254603261
1393536.695339166
-2297776.06
-1615766.6500000004
-1523900.6199999996
-1615207.0299999998
-1400602.3399999999
-1416049.6799999997
-1525206.5
-1389451.68
-1221407.9900000002
-981172.8600000002
-1036464.1199999998
-796858.47
-32005.399999999998
