11690.910000000002
3936.3496310862743
2804.8624677203056
2496.8192362777895
1505.2204569509477
2791.6952935329687
3884.887786623001
3773.2631685868246
2370.026467184878
2010.804709122231
1596.7560134671212
938.3020530708519
1010.1014342989516
751.7153956129489
1481.914169112461
3833.4025844200296
2474.0016933895345
1988.9988358823157
1165.668784631581
981.3301016237424
963.3635853461435
390.0258238414899
184.22618876425116
74.94333908527189
2.044850970957448
25.291744222206777
-0.44051056497997737
-1.1025104706267743
28.293886376636337
0.9841581250307118
0.04130663778180026
-2.5403202397992084
4.6137803323901885
12.837210838628032
-18.843106438324533
-19.430450683591292
4.130983034103734
-0.8934462938395098
16.935095409410742
0.6244010423644317
7.0873653412118225
1.3725607963547617
0.009844710861086193
14.43041630405422
42.17695421961316
60.46957862293539
4.735625085960208
46.71569190127122
1.4947562610680813
26.30263189957541
62.84480063627396
35.857882940352965
-2.1969081133286164
-0.8742914494968717
-3.3258620888803363
-42.201802555037986
-52.399075634588485
-61.1956281277068
-65.60993336257545
-100.9366459114302
-163.7697404601489
-457.7702124017841
-170.2689489152817
-118.30533171835353
-159.23170565056995
-308.31976321561825
34.14223757062473
-37.78485492525285
-43.105901157985116
-13.418029078152784
-170.8415650061031
-205.5686551136958
-91.47381288222131
-303.2797912351085
-159.13408705806702
-229.37627140739545
-475.87857090741045
-816.520303198808
-1816.0000046975192
-2654.0682079374155
-3047.7770290414032
-458.3884631707818
-98.42581507632235
-398.3844063208934
-214.5144040169946
-374.6451455979282
389.8052649363958
302.19523231671747
81.99263280905774
134.57701618083968
3274.9608296721817
2479.3984652206714
1007.0703266512578
389.47706238750277
190.11047076155847
154.3241678145014
88.15207347629858
24.761850227809344
16.335257967285948
-44.13276170118936
-135.4175399721125
-341.24469841316505
-500.9162269795418
-986.2888883789267
-518.9843005429625
-680.1091263682054
-659.7989492171323
-1275.2058943048874
-2313.0793070315954
-2712.7380153150134
-37.81850268342709
234.36018759222202
1209.0742748489506
850.5309001846615
147.99508982278428
-0.2948813920757943
-57.43586987327504
-365.60054312084196
8.480090005936805
589.9207611507427
-1.6675941703015749
79.70153020841695
724.8751716190284
171.6875171183682
-84.97716475985516
-39.119201718508606
-7.083560162716752
94.46881014029285
346.353945004184
58.415608883218155
3.9000910973085015
-201.5829947792431
-214.30840563618943
-421.8157743623027
347.2807679526163
76.82887831611447
-19.61085186156512
-570.8945736781545
-1726.243171682092
-57.02994851941412
76.3615110436201
0.10982390863310829
-244.2548356581653
-1111.7102740979167
-2082.7898578817194
-4301.816300803434
-1450.0220563817797
69.75388548221466
1255.2105389289181
1180.0592060832173
1404.2369801171712
1283.0494250356548
1228.5540069233452
1990.1874007541442
2501.992249011796
1415.0504604946755
1261.5502270590625
1420.613905592155
745.0015267976155
499.7487851197893
614.9669327888099
1155.2430155107813
951.4166114355812
716.285167073905
148.42023437312037
123.87191997281664
6.321635828358337
64.80507604437649
10.192983259614405
64.41865712996827
106.36388959420294
1.1563825943271704
23.817194490268736
2.916341869370051
12.886510252620518
6.857648266538576
45.313291661164975
68.44699866299506
51.66621663109137
72.28343345209281
98.98412041395427
86.92054942403391
190.25547056245375
195.12020675602344
7.745241069252962
17.290878569160036
-46.109821887018676
-6.265038412847663
-4.311197389449597
-10.760871103694159
-0.1577857373128788
-6.446164874885913
-13.257745653043782
0.13578456296344898
-0.12927143104149652
-28.678890075985187
-35.34623562594905
-12.180017980498251
-103.23176257298051
-281.93813554682316
-104.48991539909625
-76.93482353906936
-19.63203744071364
-49.81467600820217
-57.949580525093836
-52.228508977279375
-103.92384356197394
-226.7721760989998
-569.300917972494
-682.618642811204
-889.0989899036147
-873.7029193750715
-637.7979329096729
-556.2661876148645
-790.0943903098721
-1432.0434535282625
-1457.7285014610534
48.72085786414173
2091.700471803155
3682.3267745546987
1619.5966073016766
927.7189272453635
938.8539849984684
1133.6591555766422
629.0435021743635
958.5449198341721
1405.6089916592618
2464.4836584402983
2370.5147699633494
1662.112992404223
864.4160557833236
1030.086988660783
1058.3481816011918
2222.429607401045
4369.667366737177
3939.399006065841
3532.812831597427
4715.175809612359
3262.8565540168283
1007.2187078790705
478.2835052038588
99.10931313202036
194.22785567283051
-7.19115974951269
203.73681509464086
9624.180312122844
29383.85144535236
15331.012061455582
17552.16327652946
34295.556458255756
29051.771207803962
80170.5859104425
-461701.97000000003
0
0
-11.67552334809267
-275.2257398781102
-109.65728791213665
-201.98317179356695
-740.745508243376
-508.4017693187388
-1262.04604174924
-623.2614864406705
-192.638799933864
3.9608809387920205
334.61123010474637
787.8063658627391
812.2885328625364
1069.7060289942856
2178.218478294658
1754.8084561656053
949.2644009392842
688.7737170399873
376.73542275161867
314.8866287049804
2.6342588471912656
128.8576308822224
43.28221768087106
37.17238725782694
12.800324883134568
47.40047298532917
2.7143184558772937
-0.10428704175127322
0.02042149000051105
-37.50261287713974
-145.75022801108528
-97.8582711054586
-316.30422205764705
-599.4069020621149
-361.47959313750795
-732.2053621950805
-1134.8958667633517
-1309.9659746487368
-1167.8378455960346
-2220.9180723578593
-3326.190688747548
-3027.6694034464954
-564.3767646028275
-0.6406037266912403
183.80851664261084
1676.6035440598157
2906.267929333582
1180.6763016302962
1465.4589717636
1773.8461488786634
1592.8294050803765
700.3136393760133
394.90119885344603
80.09515125858628
53.23649159961625
-10.313591713455782
0.3163712755030978
-49.86860963569703
-93.14544668477087
-100.55143843761888
-339.0839356113664
-417.6969132726514
-696.9584953809544
-1283.1877949495579
-1493.7331823618838
-2122.1153973712085
-1503.8535754656914
-185.4229117284739
31.685232200159504
264.5673330543323
902.8454324541186
883.4503869844289
275.3595869296891
19.779675089715553
-32.78710167430858
105.42675910558802
509.15759811497577
100.73901558277147
-54.200953846813746
-28.422416666851813
-83.75318043355223
-595.112243571386
-1080.686413992526
448.03580767548453
1.237876366609059
-16.971263387456165
-348.5653309551826
-660.4380006056942
-1482.3293034335647
-408.5178173531543
-63.99415059603899
-217.14144902730828
-205.21828408700557
-506.77664235038355
-783.1823887457915
-393.5920214607532
854.5383746532614
2601.570189441252
3159.9739326557215
2415.521546500734
1881.9955697215337
1416.4301322393335
1011.2598656292175
781.4097306056702
350.6572943847109
418.086295253741
372.6015013532915
103.57734345831925
154.2913531568898
152.12542156929638
110.38036008293417
68.4122735008899
60.80880914622628
206.39376158827156
862.8560205612749
448.05712097167986
276.483114195847
29.77225412778199
46.23079500648975
-20.102905274004506
-26.35377508147296
-133.2312762048965
-119.65467412232084
-169.06401310578642
-152.64673234359438
-680.43989711358
-1423.3548864335428
-2072.4982377561164
-2470.9760206907367
-1929.108810555635
-766.3229709176145
425.65303671344793
552.2593777669983
125.23502563716663
369.28791466725113
49.60505192884847
28.212182801952864
1.5957148848478862
49.1212451911487
58.751985553171664
209.3566916140216
137.57568429765928
179.26908942827538
141.91316870901906
89.89804331616347
142.4192912049316
157.42424714398922
135.820688575191
134.31751479977163
131.10959095306924
53.86629664049261
108.97691068860067
68.91784107012393
65.45390277042125
9.22131553129113
25.745628636886735
23.212554144890582
1.183500571866499
-6.235691624745881
34.04702167792066
-1.0857113548938067
19.215960084445225
9.166735300353375
125.6004457917484
45.81008169683301
47.558459503740565
1.6704368863139583
-69.00029157711704
-313.94050760942156
-309.2939743710547
-92.41118920380639
-0.3789615327924155
7.5252800644275935
11.105934921009037
51.76614040963277
-0.0957788635204625
35.98872015074423
-0.028616656446591126
2.778456266789852
-39.51757912945054
-48.77120918137295
-55.34711886774778
-74.53883621148313
-48.03447707012024
-17.2661756026091
-152.9142482594015
-221.71852290804858
-250.53272674377789
-392.42154736259425
-464.0901575526664
-19.911356659749924
-20.10697791216485
-31.202484863618064
-58.8217151371732
-96.58282333321446
-381.72521040192237
-153.2997575856229
-186.0905885904579
-113.94032770608754
-36.33557682689099
-3.7048350393993372
-22.554066057713882
-7.572967357513901
-68.9754327969682
-58.49340194710712
-199.46371065135804
-22.747672850530755
-57.20705709673056
-67.62898031425087
-32.38411080119906
-42.07934478328409
-32.48279564510701
-3.2708083011886053
-50.94075997199134
-41.735212801940726
-83.10642998426441
-113.71547474339218
-82.45112536067205
-306.8815431025219
-405.2555536546223
-555.1011503836002
-654.4710747852318
-606.8201412319454
-696.3981910702979
-386.5731002001536
-294.10691943437473
188.96003619911835
362.88016203988633
570.8112821580103
-2.087711741887614
332.50919530221364
497.69496142398543
374.1871005904398
98.3656422536812
591.0919646559914
946.5069596288182
823.3224651862672
347.8290741529214
11.677690712045983
-5.2200446390335795
-0.7420824416435039
-11.801016325454794
-101.28345480321727
-68.24324902428947
0.14508758823439152
-29.960844881999463
-277.0923556273548
-25.630692505421646
530.4510003489895
238.38018206204603
43.16893601550857
46.12228200791118
-1.057101846519322
-41.59705387653286
-145.4948097832803
-265.8649527973661
-72.96202193077117
-85.65485308565948
-196.58846035160292
-536.1077759416842
-69.31300087784388
90.0888080553213
5.709660973360132
-783.6762150096359
-1258.2703022713213
886.1608769148268
1425.786611663608
1007.5394322744314
551.3886409703596
447.55895509835995
174.3811859826601
128.51268368381494
24.848719493531707
39.78525675591368
-8.625446387109381
-32.84735970966383
-123.19200832768692
-279.86741249173787
-541.6970360999417
-153.76516316166197
60.0992089627792
108.54424958008401
35.78320448211707
-1.5700197732955528
-0.24038264055664124
194.27864494829862
22.672897393430958
-8.441555117481446
-34.829705471774204
-120.28471160098428
-242.50323611769795
-589.368922880963
-566.2551346117317
-803.500129891881
-1387.7623528685529
-451.91591763072813
610.5721395617834
2325.8245892231716
615.2416377291908
173.60865612058544
28.3013214642785
144.2310969316039
-13.780323974578726
-219.90589096598876
-171.2544275858995
-39.88451755102902
33.84414345855745
-276.7516717984606
2024.590254080965
620.9202668915708
685.1067593364684
292.7739633643947
30.829321588519278
-144.63435694021805
-111.06595828004936
-344.3781288091673
-1672.3312615183077
-1270.707643985199
-4.717262229819939
33.7999235950779
743.6971057547448
1508.06316469241
675.8507276402233
408.06123517262756
192.2611054580208
56.283553647784686
-0.32323442689541015
-44.16788281377802
-162.9059043807808
-304.0567391266557
-340.02790801473503
17.11975065580421
309.3683923594045
-4.178567156733814
-524.7162206799933
-373.0175767393114
-31.155617282001895
-87.87368210164078
-877.8249417044334
-61.74469094911326
67.11569395967034
40.18485413981291
22.004365531781342
58.16002144409295
225.85164893562586
190.3723783134486
115.39054160246158
11.61386999249293
54.30686623748474
39.46727395534545
134.54993574481642
114.85051513630827
8.740753295202008
-1.599240612258832
-6.327450428795222
-81.68339772924091
-308.87774206315294
-139.51859271656335
-716.7265509314382
-909.0230203273819
-629.8006935462373
1155.1693817743849
951.6345062337487
1389.8623729674878
2155.534672228412
250.61976391486314
0.41676719358823106
291.30359530342105
234.51205620393472
372.2273143119293
261.0721199536302
179.26389131024192
135.54733490232292
78.49980585667032
27.684719550011078
-52.8349275605868
-15.555418332610081
12.891198134930118
975.8541062369611
58.74404714829643
261.67524210606587
205.5699017594398
30.300921452528893
-31.78110545954432
-276.47390130213665
-580.6592401705411
-1578.0946640491138
-727.2466536496203
-270.8827708968738
-342.72755583677133
-669.5812223033997
-820.3097478600577
-1214.1069360788852
-1633.2945803953842
-3588.36234243782
-1677.6858403470674
-1172.138679862041
-17.674241369250947
1511.643697952004
1781.4271813309965
879.0714907581734
156.36132586627505
14.324635320103418
-21.23942848370797
-9.29068593433008
-108.97739901300443
-185.3816439320836
-608.2311819275266
136.5171742494386
547.0175862747674
18.36770886298033
-209.48518318308888
-395.84925957637495
-1437.4445341898208
-1554.4914156939612
-254.1565292671978
62.29137572334347
1091.1137549424195
1348.5417459669602
1178.380257338929
631.4721485309628
639.1662934708204
1227.9440059821732
433.3483541798687
-59.50917011474975
-151.77280763008338
-100.62724168490372
-59.88160286226825
-407.5058576630116
-165.42524420693738
-97.80346440831306
37.71544856546364
-16.633855302502948
-14.301545163479659
556.3490354193225
456.6258309108916
114.81324993491933
856.4341468337457
709.6284980647267
41.61083786294405
131.14656186110903
41.87421347571875
-3.7569018936191894
-190.64964817814567
-330.70064501860446
-208.51333661988065
-187.88528717776967
-315.86511280291046
-744.3902250278477
-1.3401408716616185
1226.4904560664477
1157.7935153923281
660.4642336049108
279.71055105091983
-1.037047294393946
1.9812865870913647
0.09918980484913106
-49.48503152839873
-26.124071730986923
-98.91127287350416
-90.92097021859567
-242.11818892995615
603.192394085244
2165.463574135927
1486.6902838466171
1228.6635527527735
978.6872851121647
1043.8787623963487
449.4295288561221
435.93944507010787
109.74436140280055
48.79217698010453
131.22937111200258
49.81672191304538
0.022211082630769825
-29.721987112451398
-103.21404051070732
-349.0611660813321
-697.416235349726
-474.6032497453348
-394.5702995977581
-228.97457928343223
-123.46727558827851
-429.6386214150971
-468.29651865500466
-309.4118309835211
-364.7873703732837
-664.0098137572256
-405.1596870922705
-989.0183107722695
-2054.5625195071757
-1528.2398818522252
-1703.1299602841495
-1203.9974005775148
-129.16036006452697
9541.097570048201
-33534.69
0
382.80105679652763
138.28827571987435
306.7002513434415
741.8862581708365
417.85323232533415
103.68193069865869
51.40968222133958
336.6701699525291
225.9333825116154
174.3369545945526
220.0817752810023
868.6388254445317
233.77630840132431
48.61511006638218
89.20239212037738
-53.82160016848296
-387.58241487921777
-1038.108342161957
-2364.9633463268647
-1603.3686742301809
-634.3499967703907
-446.8659700722294
14.10385949792443
396.43216715653233
240.30244853475136
547.4308807409784
117.48174972188622
852.7159098836769
1217.2036031649434
1167.5149835858374
1547.8393097823364
801.8054671662767
836.2542090959748
730.3174157367245
371.0792932608239
693.0747381705773
346.55264506783976
353.88279705476657
312.7211060971196
210.85856626975996
51.29194995706588
186.31342309570243
60.969369408685424
161.10625261695714
94.60474835921153
12.459125164808931
49.928616191620556
32.487773807234475
2.869545715151189
-0.04124627896839369
-7.465835275200171
34.52775432055949
-0.464601854947943
112.83689303431733
31.95955903373634
2.834156026256924
-28.354868621897044
-32.29704872244841
1.9131474035447034
-124.83060629494103
-56.80621033687589
-72.03091594571727
-8.06851696059985
0.12343000257175146
22.55011780647054
-35.841758400597044
22.732727495078855
26.803428217967124
-0.34932920884275
62.996780432244584
-6.051221494720188
-0.14256511486382856
-1.454165676175374
0.000285412124203088
-3.6457580613377547
0.37439634458578674
-19.211214897856657
-54.16635218907595
-37.43747659891681
-186.59628201282567
-73.6421128386824
-261.7320677238602
-388.987236080435
-359.7603253815896
-549.0564350598522
-208.3097851913181
-10.707252084681077
-36.18498426478655
-37.59623066720931
-159.1105480943087
-186.1487457785305
-871.5172927857051
-1099.4160308743762
-1769.9266604751956
285.0398746652445
450.75883354099466
340.47389873948305
609.2479236394563
405.66894720009793
552.7133357872005
460.23237050734815
305.4726365942297
354.187472345023
171.7320807191808
213.71484807974292
344.7654169642389
330.4938847020608
345.27030752368717
231.61842170844795
174.64755725938957
151.70218809826233
159.49116895944974
139.29536109792969
118.39875546817936
30.091078769001985
11.866356496121995
1.753312702098745
-1.0857402606422375
-67.41768974338093
-73.97831555299457
-24.24148466179465
-167.1764569251398
-71.86263141213328
-17.92394937084537
-122.57223808611963
-377.8941961928635
-567.5778455687026
-496.4874758528474
-153.56680871608205
-120.42900657608466
-75.19826959667103
-37.02450438870001
-19.004656551391186
0.20306354096086163
14.449705368693959
118.13838764392644
156.78187178690263
168.7589925022384
244.4344580501974
146.95332550348076
106.60895240869176
102.3870369877977
85.16416812787264
5.727224640342477
44.66696568948865
0.12587735643003112
-0.025094990966357734
-7.515282329827367
4.729066917599731
-27.886440757816484
-25.932084263888747
-20.274860721956294
-30.293457885399587
-26.79550976955186
-49.682625842773064
-129.44006990792835
-70.25469201504004
-236.55472241778253
-209.29049991521373
-417.6284866968415
-279.31842591256543
-311.5467617421996
-617.5654419920543
-863.5728412972037
-208.09445815521477
98.42307976459102
302.5600603279844
568.9414627046908
926.6237056938908
1007.5643734730994
452.1041905431717
390.91801895495
219.6675130370608
202.73061555189884
228.07150027470112
42.94835264000125
78.32766834802531
28.380536321121742
1.1194457118968155
-10.971576200911102
-0.6070091927615682
-32.78424984461665
-49.72673594023639
-99.8042349068344
-340.8442829490873
-447.5085364467319
-639.8517287237612
-1022.8975394421882
-1266.678987089363
-622.8596359504886
-455.84331944006277
-321.2354312679362
-115.07716110612014
-0.9846934629258595
-0.008204554361842942
66.83967385869998
0.06192578887187193
-64.01544275759083
-82.37389051129836
-133.3148967630382
-328.89990668383643
-231.4973911355957
-1377.7441665925953
-2442.6012641035754
-3013.662604094073
-2109.638912556447
-1162.5406471921171
-1655.646788728721
-2810.3337561759326
-2562.742068521029
-969.3001193947622
679.3778443324918
851.5358162775715
-0.2547311060484674
19.414000203681248
376.69503304236156
2144.715007578775
3070.5150624654466
1715.352688702983
354.1106518372624
660.9197206403469
1986.4144713953015
1717.260029648845
879.1010701610128
562.3225038812498
227.6128700647014
41.300685915533016
-0.8602332893341607
-110.56370335415552
-272.4237767006799
-1498.6097604013012
-735.5516291503703
4994.363927132729
2138.584938948215
743.3158880483359
550.4238360230777
233.83794469121682
118.23471584760247
53.798849450720255
-2.2117309263915113
-4.077631049765162
-378.7905784386096
-279.6450059008953
-631.1976331963012
-423.12224296944237
-724.4984095416984
-443.1111857745448
523.0778482726196
557.7397590272606
108.53108803124356
-8.254083396361093
-243.05691903757545
-193.1283659301164
-342.3968520956572
-333.9810300968395
-1007.321376791016
-971.3525868943278
257.45927192892174
339.99361841962184
94.47721107837049
50.76933994792489
216.7050744865552
575.7675598755502
209.57209624231922
42.45476409532402
6.9439951695191136
-22.93581479809682
-164.03715331213766
-290.8056564008886
-530.1421613196707
-312.2799791252864
-168.46201694621124
-67.2776281035656
-0.0006059253094945879
303.8862596104807
47.59155610758102
-25.915870992076574
-208.98080443491617
-271.1001892079345
-424.26053479466447
-641.309786108473
-155.267774954902
-25.949161591008007
367.6789874892935
542.0231417956904
108.00543305299671
-4.869164660189205
-165.61516545594287
-157.2129411183743
-127.69822976932304
6.709413510911958
20.31574086632162
0.570433993024886
-95.04950832280633
114.15453329974727
668.9058394519169
787.589602686417
1451.113473879719
529.1361476116808
173.61459229587044
24.91791483317855
-0.2365575998547766
-21.054625304585315
-12.853357472784438
1.896695219945528
44.98004614135888
513.4395203910944
1850.4931706493962
1553.7288814161932
839.9889594960559
557.9291406296668
311.5680417180971
169.7043692277084
116.99719841803406
22.357772163704755
-10.949998328714582
3.2929822665516917
-51.204080073554046
-12.632713929768183
-9.493363607549673
-116.10837677084831
-118.89582758826198
-157.17327111593877
-159.97210570913117
-138.3333921320973
-1083.5464912434372
-967.2894716261881
-817.274036914291
-1080.4286434678183
-1484.519994819354
-2353.0164401625943
-1211.164549494123
181.47675781925844
-0.21343845418846055
-182.21800744017597
-230.33314331844855
728.3414570280777
231.8854341209416
2.6252290381345738
-203.7682066279936
817.4224366387199
100.79249394191523
-47.235172430093066
-90.07671703146582
227.40510962439802
38.64619061751647
-6.341146847528634
-115.67649786453984
-475.3598354920095
-416.9725916187881
58.8680194757131
59.29065368293193
71.89569934523499
-37.17246348490561
-174.96280826873254
-249.19420956760956
-445.59402290863534
2.2134030245369534
-94.91531620368254
6.279568979706031
68.08254020171901
0.7133059724486528
-175.26715312242783
15.936468676527642
21.200852816624177
-0.08623388788627256
-16.029654749850323
-110.08022074882672
152.04245695510423
1682.4402244784774
1170.1145058514533
466.72607033192844
471.81483440526375
1725.9366911717711
1257.3828965737025
929.7141622585575
440.97288794201876
236.22116196212627
26.520362888435315
-36.49354671959592
-28.14855896299797
-221.7126625560682
-28.71351788014833
256.04187015692867
875.3321771928469
311.54686773766326
141.22570619583612
-1.7267710096207574
0.7735287765045331
41.917817078740164
241.67463309773734
74.34166533011488
44.76385913890018
5.760399397136473
-20.176451600437524
-209.84414408026572
-595.9337866900033
-159.2221523661962
-1168.2145315550658
-1120.0007185322868
-631.8128873147665
-297.84024996150845
-183.66919027550898
-0.042557394823427026
-0.03541588517708494
8.488955310536172
-1.1926755078657454
-0.8306672898340984
0.005115393806254963
-13.162280679628207
60.029452087321296
1188.7971071152847
3098.8098846114326
932.3112964785909
455.06513223324276
127.82412981196703
185.43425151450074
123.2994766537071
13.939224495751812
-65.77028785828756
-116.76235242793787
-207.90514819266565
-419.9522023970502
-838.003466734962
-115.35183332298038
-41.24470912629235
-146.793977105093
-218.56752080934035
-406.07536577914635
-364.97016072904586
-534.0968051043491
144.20178168536495
0.12368224013613073
-30.043626205283292
-334.25986408164715
-1405.3465451662664
-927.2069794506498
96.80810094327785
191.84048744433647
64.2771208108783
82.36714126545391
24.422519714399236
54.54870381525892
-0.35187358067609364
32.89041204887767
453.6246975327224
465.1024540710074
161.96210876082137
64.60957963811191
93.89043055541629
240.29816102625102
88.77191208983047
0.03244767217852982
0.820893100872472
-14.99110549431063
-121.85712327262353
-93.3881635652245
0.00393100176277505
969.2864775805098
479.0108718572197
65.30573884626612
-0.06046224573572763
-30.51915436753056
-352.01987776163963
-649.3791938590728
-72.28191962110729
769.7126899421867
1138.4748691440404
2051.3360976879612
1108.5486788700057
324.9529259596207
24.004191627078804
37.56896456376952
-32.77435967489821
-38.16516988541359
-119.72390743906458
-265.21364956764296
-194.4553069296531
-587.9901740922863
-973.2326338805318
-1091.2075576785487
-1616.6660727475664
-2704.7869328891543
-1830.2132455171534
-182.49601674516498
62.493090380263695
288.0559495417929
70.74485302906533
21.11994640201221
24.0104486316933
0.3797811604921226
-21.66283099605307
-45.039546629402125
42.65652316824224
682.0764759449402
969.9099868795404
326.53931469592135
191.01865519939344
181.71240702685938
-9.045783809963481
-75.93634681706118
-194.2385904346238
-476.5264329230625
-1622.3233835958533
-2359.738969570519
-2578.99270512117
-704.4073238321073
8.881527918497993
93.3369359609188
22.66236275518954
3.6885778266714695
-7.519671722775904
77.94129927927483
1116.117666204916
1650.9907613841278
1827.0356903764828
1008.825130123449
660.5778624226397
860.8787173017619
795.1255248377302
351.895897299229
167.90693955515925
125.1243495001176
2.8389628602607004
8.24048886773845
-16.447861875540465
-39.34433540379764
3.3380094696218747
-138.607411491762
-524.7753540691374
-689.7561553123144
-1077.5971098547632
-1334.191750155911
-1340.396640753709
-40.528622310544826
12.30573699980696
70.28538164121697
-0.46260053794755707
-263.1159343050376
203.13944805407166
303.8972778239641
28.9193956814417
-1.8514477290237825
-24.782964359373437
-148.24016382292888
-401.01375934406775
-799.9402704699888
-862.6587709348323
215.22316775939302
159.82280362950246
92.33031890392473
27.51827536338065
-20.397025869418098
-37.005227723578756
-107.57442676619186
-230.25938722159674
-89.35147093309325
-420.2372003515597
-282.1166323961845
-55.762732753277064
-251.75659832471973
-160.01845289503683
9.300687490647967
-30.393291504915325
-97.5419454080404
-198.24700323914908
-0.4667788345766825
162.90500972309823
101.37600096059549
95.49170547373633
240.74259817419102
1412.1506856496408
1423.0451262145518
228.43865901683543
5.072423208078954
-18.585462234644538
-424.3794258492676
-103.69859214398653
-261.82817470647444
-423.4455617233266
-1750.719911249208
-2056.7762189176806
-386.22639610379423
-1535.868352370451
-4302.195582622278
-3071.850583012835
5.488797756006696
1099.7468160148871
3687.697257271804
3671.421419520404
2570.7329913730264
1834.967422045172
1619.436193941891
1422.5448308478367
947.3565801232655
885.5164946831777
760.2328444214368
775.6364865874338
604.2836978670043
519.1329212767705
239.06155977551413
222.24154252929733
313.3051980773352
62.92604248513706
495.79903187887305
355.55983372665185
328.5804899976269
235.64562486336703
329.18576662576504
98.11344776425884
147.3956928967843
202.2724566477333
61.07657751832096
82.8650326444902
29.67608275950907
-21.5786935842171
1.308791220443242
0.9459475228316694
-0.17796265366619374
-6.197769941445529
-41.794413925456084
-12.470324010747554
-33.90077864108332
-15.584653639342038
-13.369763596265518
0.5870773718173006
22.748339223335822
0.16887137272684524
-24.36545453186942
-6.4768033676689765
-6.546433166822609
-78.20410552431058
-301.02330978209807
-394.96310267382904
-190.82406759023607
-146.38707187557353
-172.13752170231461
-85.16682679215884
-370.5303998558828
-367.7702532639054
-547.3267806545265
-241.0154640007587
-383.2864159856134
-611.9198482904296
-770.3931269603527
-1360.319665156073
-1728.656693947074
-2217.9388434178695
-66.91795894714774
2035.8102941396248
2044.2339864568553
1370.0018547865222
1512.7475055141792
955.6776300931947
823.4449227936431
743.5793282332303
518.1298363007762
230.5252653332909
127.66260414974136
-0.14383089175216507
-21.553651408456076
6.890267184384521
324.5542524808805
94.71181915106067
108.39677310907682
21.90082080794448
9.108092021638166
10.502048400969931
9.76111020537736
12.88195874614885
-0.1614784203921006
-0.9747320544787468
-0.8274485472836256
-15.37918373942902
-32.29122838784507
-45.16087441328915
-36.08984734689322
-94.34292105738581
-278.9082869684677
-308.82415801647977
-221.9452775957004
-378.20665817721834
-381.7676608104817
-791.1915381596589
-759.037737040333
-795.8062543032277
-691.2923781317497
-1318.7441291530347
-1822.1020894446278
-1748.1433394774458
-355.57638576285785
411.1616086895069
664.8668580317074
331.9103981159004
265.37559803774775
22.189546092565593
4.5156919768456625
167.4104043389034
246.39536832221384
-2.5101827621478368
-235.62674782090966
-1130.0506103609307
-636.8569925352829
-1278.542820263759
-459.104374639036
-117.88643748538988
-106.36503210618159
535.8637022630785
2328.1724282128453
2259.4611548521816
1403.8262451283576
1006.9870805284113
632.7328012826981
845.4046688772353
607.0667099096906
535.7092782129457
659.5248034945854
253.91145855586825
106.61057161628443
252.43813767488103
156.41769318989012
92.16895276916863
150.04745833514994
87.20717099118166
24.004709705849802
0.8614278829305921
65.42191047171963
44.410176200559405
30.051383339980145
4.650251361257325
-10.767384019359994
-20.154000134407486
11.459036078739645
44.23970133179921
0.5641584851118846
0.10262315543037268
1.6242030760429758
11.242768111469243
1.5210334706533188
0.07207483879018475
-17.967158913735368
-136.41950341034072
-134.64629216562412
-52.323948721147936
-52.9474770427478
-98.35059631463326
-111.42280177054162
-317.54411678205634
-224.14692751009264
-279.48201024093163
-468.77090584127006
-559.1196577576761
-598.6502428081865
-738.9250028222234
-615.4525420472444
-385.57298164416943
-395.08560098714236
-597.1198082295207
-501.3940488549343
-689.8166024883868
-707.5637983676294
-953.8966639958539
-598.896909848288
-1424.2296068538308
-1696.6630505545563
-450.3143726452435
3004.9345568376434
1559.468851992823
1318.3327290122454
449.2310100550339
201.60922918503266
1875.663267443823
290.4753626506246
29.774919042622408
-149.5009750126411
-758.5914519642779
-777.8884252723109
-1264.9146365180195
-3049.278310319948
-933.4762388464515
110.52393645677726
-11.856795183445918
-811.6646806005158
-300.25720817770184
1706.647873116628
901.3200575336
331.5268137321149
109.04559893309005
687.5586560166365
1841.4660720611448
1319.7580789735757
922.4565284793946
667.7645291198353
512.6802302956662
620.5273273842914
143.56645493308167
328.2829842914573
243.82553391759433
210.2707288858573
89.99664088113992
170.1210913798274
5.667573136465163
97.82975156076296
154.77820307666275
270.3615992548353
736.8044545102906
1704.848750882276
775.3045859203069
481.8211874885227
99.72748544021943
13.615752226329466
-1.9422257641355287
-5.048280363373748
-20.73449507246979
-38.33389809670552
-263.28725633029285
-235.53631417971042
-377.17349687624585
-407.76537363095633
-685.3112229574431
-1194.3702608113908
-1683.7777135025046
-2650.762245563482
-1774.1388363281208
-1720.2866139941439
-1574.1789241584102
-76.55904552240015
149.49897935067352
666.4715485841564
185.61265889115626
55.732427930907974
-1.2806406398924641
-101.3039000479558
-309.95905953723155
32.38394674542657
8.732879097395173
-11.01671329914787
-15.869822577036356
-160.33276969991795
-480.65810422511856
-821.3643063855428
-1052.7652984477722
-1090.9306606069854
-1281.1249442837714
-174.96768227530666
-78.14220311592351
-61.32645648615794
7.605849738225597
-214.6357588591652
9.306166120861553
-1.183451424062131
-68.48051841035974
-0.19264739812660803
525.8156712577493
46.07688813821323
1.2665608467006695
5.665200756786355
-5.626470745893631
-94.31301105155762
-851.0447722803726
-1762.9290393291396
-427.98767149386634
-4.413611046768579
516.6268048569453
16.027402069491593
534.6063286850035
537.1155982063506
0.01358309317963909
-21.796378010789688
-260.4004187915027
703.6389777219855
165.37433121415927
-77.1155131347041
73.79887299238138
1498.4168451324713
211.8619108625088
-45.433678974102726
-244.7545788796567
44.755068496985565
717.1835764163895
945.821483914584
1154.913479702237
115.47360494787021
-112.1568692740541
-35.6120363120379
710.2117113032414
1469.7467802395743
968.018644933567
516.6529419877509
184.10564678013236
28.84965771247751
5.967245517977248
-10.756899041479443
-5.099173056641467
-134.40382308879714
-233.514718440871
-366.2327068078107
-378.7807993723202
-117.62594936871376
-0.6759136487942548
-3.4495368386574774
4.893713295490233
-23.857186182951388
-343.9117784673481
-570.8071328754222
-691.3444634894139
-279.0623660857126
-440.8139670464777
-1322.7546945001413
-799.1582525138214
217.76898676352417
215.97490004321205
865.7414264748782
1211.6108035128968
794.8156641408345
238.07504177677833
48.81717000595592
-12.772841030016378
-179.78915155596854
-569.8656692571424
-1311.845694395627
-2109.280813673188
-869.8075777582742
117.99583660301306
21.044308846995175
-491.4906658011713
-1608.335067676461
733.4432764975326
1009.6448658003167
350.5325643885379
-94.02334157172459
62.541149104584775
50.89150578430636
18.282918792640523
-130.51410274414886
-179.62178681620236
-1791.314949628264
-347.22251622682916
-699.8039913922751
-248.95122614577755
-421.5249013940494
-400.09708519017795
59.386421811097755
-107.74723826915309
0.5858985158516138
7.416582263164634
-53.594778331153854
169.26418347521388
-0.02616726272897174
47.67135755380305
3.3513475634755094
-245.98897239158427
-85.52030772803181
234.6960875646964
428.1300778708493
324.08916800313773
-70.1592473453996
-1.227878949961239
290.7918446878904
316.9658917388424
353.8328833467563
1.8073402423404592
-102.93637222082488
128.33473973157913
-52.59938321453325
7.971965001128761
39.79955547369686
-63.69505034835629
-43.96419516679029
39.52421999278907
-182.45096817929786
-57.722331842183806
10.745221953944657
306.4754082709343
40.94765800071581
-38.737786634041235
-11.999154474411132
1145.8099158644723
288.730993657631
2.018058640574222
-577.623090149841
-664.670297394407
-541.5559713007713
-226.14722266154655
-678.7827005718343
-575.9098485377638
-291.89317482626785
-251.43952030867212
-771.4658617463788
-66.8462131191952
-220.04263136277808
5.413812812776114
36.701044569260716
-52.60792965815995
-207.4530576900269
-315.78588390391724
-886.9852523689577
25.7357243955178
-3.0988260578585516
-887.5710062246891
-48.375623871474424
260.6262148742389
1632.4206654911384
2502.6831437635406
1598.2888572715979
741.4908365055508
1042.3120148079106
275.8365671155417
775.2027912544055
1136.5681770977553
653.8503917593612
682.3755918064894
160.81168334694533
33.29740846042756
155.93780058186826
389.38164742811006
439.8386657301641
230.5518098249924
166.4012199894516
153.28931437008973
61.445602851771675
78.79285396936778
-18.156263914720093
-17.07042492320727
-154.73652159055194
-136.60579379427782
-7.396566117048158
118.53202771057603
1162.5132089793228
3588.3482802036633
6078.073807085924
1448.3321999751136
3870.7646501434983
420.1885243279792
629.0782346222247
820.4597534413147
-37.38714552407323
-7.694388234968201
361.26668471276326
136.3653968503628
289.8017105635793
0.027237574203042257
-122.75105675584643
503.8017589266981
71.62875337530008
749.4073534276118
154.58951841661215
616.2443459163901
3285.939468930311
7614.6160192203015
5669.61786463885
2421.979081640163
2223.772258727738
3788.6841057441393
4848.855965007254
2547.3615300573542
2729.7941269472826
15875.867323948905
10557.46465437462
23747.75353866174
37705.31160041845
39684.24376896388
40754.47561539567
58633.90729857768
85585.25611695168
-280371.89
-300682.20999999996
617.7719318799674
-6.451008281066786
-458.4661041154494
-1890.4524223975866
-3173.787337977383
-2495.819648870098
-119.85008520309148
258.0304363498926
309.6321384164784
635.8960330939859
225.8150720100103
118.89750292276125
21.201785865694855
-18.886526764762998
-435.65754139711265
-563.8153443734781
-1147.6571601441995
-473.6675901818191
-135.46752036199047
-10.090210108116697
-8.341293111387788
259.4640033440818
134.13260018317604
44.57863021913318
48.0848273049485
1.0446119029916339
665.8473625328459
294.73859979372247
-148.4541412149243
48.741774879738955
658.8587390752416
159.58073470944802
52.877872216790834
7.020003522813229
-169.63321037521234
-614.8720769162358
-606.2030529173369
90.36587404015646
4.936515226748239
410.03654163422954
-134.16679557519106
375.7575087583877
-81.08362388899613
-335.1334807593214
-296.3276657780435
275.82380068748773
313.64224559922127
57.03911850169664
-1487.2638452180954
-641.2329321212719
28.407584119276024
-89.66741388923586
-225.3219329965341
-170.85687891232007
5.170164681163386
581.0595644797188
871.2849673082719
321.8689666047375
2829.553806176837
3365.308692977278
880.34421747587
1259.045587424765
50.46796774166748
-97.88143858024873
3.497310308300454
-5.149869906199234
-573.0402584683909
12.092763727459749
30.516596234119337
44.13419788058681
-209.8458467099365
-691.6071234040107
167.66718987556925
1916.8502913190227
1781.5243231721774
547.6433476629084
287.7431523342219
832.7348950108989
4775.307080854608
1939.147369383003
627.6549777689737
124.19195419550304
122.54648239939372
2025.344557338033
3081.9490676464584
1645.1863073417883
1829.141557401116
9011.336684582437
11540.176094983755
-129731.2
-3086.0200000000004
264.4583153596218
6.550986948124388
490.0817615350163
178.78081987377925
204.09837230786752
433.7697368672926
917.809843534726
1567.9662569533564
218.41446973638364
1004.5967409518482
798.0676624282482
555.4750664574882
576.1191123270495
567.3521819357674
236.72359472025624
72.59215415014825
73.50229249644511
56.174452078530706
-4.12803958637854
-32.63417758941601
-51.960899815168915
-149.37942143522554
-543.203027506691
-602.138653756077
-1266.5129163123052
-1421.642316754851
-1614.7283405833073
-2109.6130831051787
-1569.3835651093682
-1345.7764820194368
-848.2544539319467
7.26313382095959
793.6616592665201
751.8162003030579
135.55894273426537
8.070976527239301
142.7969729301239
168.582079263049
8.770738577924172
-163.69479094963032
-201.15630645068157
-4.6846062536307205
-56.10777739641497
2.9984886465380245
4.231368750310588
-142.1944851467706
-349.41321899624495
19.557518531467935
2664.8101014676995
1781.7703452444723
720.4770166331512
350.1523965372066
-18.790074714395402
-260.06236176809557
-1232.6340270900137
174.05037454554508
101.39595083563425
-53.59221859047624
8.802203268348247
1045.5274014215256
54.68992377944252
64.05597016037844
-33.75653148726447
-241.63369607706443
-1672.9883885419172
-1098.1342275818388
87.20062745132651
458.4491803161244
157.00530148455567
146.91762786067497
650.7890189495578
403.1525340910247
0.7794906595768798
-69.43211215492548
519.4858961846603
871.2918083931104
426.9778769702229
97.77668662220448
-0.7713057792961314
-30.41253988754648
-194.72027834822725
-403.917373870701
-774.2798791584526
40.659460447604076
-222.98860993268482
-676.4443050449395
-69.83158487727218
-368.39602913184393
-164.27016599207116
6.852533350817318
5.483089634512206
-36.4408632802569
-37.361421984274116
139.9484854571714
-9.702838843406239
-202.1366597880058
-635.356584111087
712.2031912164589
547.7860813580534
296.7103498048764
148.44724389211788
36.2971763453219
-20.12033726623141
-8.46250756276467
190.18965039088243
163.43481062733807
-0.056982568086866366
30.252584876775753
2.204596034020067
129.4902534505739
2.7522332156835745
113.13537084578326
48.98351201518343
24.65673349994267
-42.67817448210399
-276.52730655634167
-873.4251243962807
-2502.332363585183
-163.74475335219626
30.55196808829547
-41.11416341627405
-515.4180304902155
-1750.8426082519072
23.073193036377575
165.95817058289234
16.118608566085435
-4.192551729952779
-169.33017797317464
-287.7700590120656
-680.4504350369564
-85.99404041927266
802.1148225899503
1018.1422856074953
668.9055738786677
694.998843234754
145.21262233152828
70.89777901714051
7.293554500772698
22.563614830611684
-9.962581230180971
-41.7840550786051
-17.301684849468618
747.0606430659659
361.28693953384504
230.24286445445188
-12.93019793477779
-1304.2668472416935
-560.6452992618193
118.18982640294801
953.3959831694918
244.91381577633473
828.7829648536817
451.278969041606
177.62971208271296
0.1148972019833469
-13.131768354117996
-46.69468450412684
-573.2315070818574
-16.95717566184859
-0.010288234561648709
13.006797992247636
0.4888103674120931
-37.65185847036448
-392.3723626620638
-482.07854069312305
-927.640847793115
-1168.3890554425068
-57.75901125019415
-179.90815218110635
-465.1766731267991
-464.9425273582445
-436.190677553496
-582.0414969985312
358.51346887460625
326.9699119806992
108.53669597145877
30.332826320312797
-563.1926005701358
-1141.9692695907886
-411.3732014354616
-6.9190099601713335
150.0598264287422
582.7061653031006
1066.6539359737385
34.10768605841154
-261.4398324897761
-65.43459569484295
90.28479708856061
141.65447184321653
-183.7616718377394
-78.64899210024507
-480.2443682872216
17.662832170640012
4.697491327368976
101.25135370648746
2.7171608769362807
-156.33596063793402
178.03715152670347
119.9513406558434
-6.54534263242018
-49.72109944510845
-5.939744836763401
29.812205907137926
7.327778381149093
-147.1938956893049
-20.385879085468243
-102.64864317711026
-219.74492988929848
-11.037983163674944
-30.863038561831083
-11.540447552342979
146.28011634568708
1544.7089610380244
1237.8324283292602
331.7610185010032
-7.331786671235445e-05
-83.50954291672988
-157.67111342440558
-653.2542111960823
1733.828161366064
1099.4350799198994
1294.3282847576183
732.6372086748443
593.7123812715431
744.4344356427736
792.5424630651071
668.0499353587668
371.29622873295
216.15264363712643
156.04552836060205
283.6870980059762
475.51761749548405
832.1564491306603
145.4475819673748
114.79196697724444
163.27837861314973
112.45680668066284
96.56240047618553
64.82547536074787
80.53020336704097
-0.017049642312952838
0.6781910758135187
1.3346505764092518
25.743011219308315
0.8551378383384406
-1.9386076377739205
-27.81212598662841
-23.008574870659103
-5.4326644019551935
-27.759094021602465
-21.193139048916215
7.508241724359579
107.09141565555561
66.58828674703544
55.92318037074858
175.34500735819142
-1.2093566113393037
-16.18111635083076
15.945594183285085
152.32453430212098
186.77025695741904
597.6266297714327
10.175909733664719
25.732602545822296
149.2033093753694
491.509549876925
969.7385417364927
697.4021095701552
535.9383749772422
209.25654162689165
473.76272865345885
41.63043360973384
-0.43964366749344164
-9.598230017459239
-98.49425625617204
-91.21344142588536
-8.62172318169621
-47.12157054053653
-18.734754488634458
-131.9941081232342
-50.29485772476183
-8.819457326899073
-273.66228608753414
-13.833143283216343
29.201066634324466
-528.6258689904489
-245.75148995164352
-335.2511231767102
-628.6257508164017
-1078.5598828579016
-967.8997725607069
1145.4752178339454
1086.5447757106904
5587.154502442274
-72407.72
-13575.390000000001
0
0
0
1070.9171135016618
197.22001388387682
818.8680315733296
3332.7941976075826
1787.221914886989
1232.2856686513885
645.2534913277898
533.7692028078286
196.0430675279343
38.0537854301414
0.3902621144138576
187.10048640954113
871.8874274449835
629.3669360195138
418.2596959210235
340.22466385412963
289.98083730816825
159.73472239188823
166.93606165642777
11.799494471005005
27.871195740966463
-1.770006566092451
-0.015545720663894255
-1.4360259141778187
-25.177772486780846
-51.25166635720253
-91.10963270792723
-37.579002898305816
-129.04548184669193
-347.44027255384265
-308.0171956334945
-390.3278455409138
-319.8521425645648
-326.7610130280069
-349.61856935384617
-422.1629485306616
-578.16457375272
-1100.762232875049
-1314.1604967663468
-1528.9657700278115
-1134.2386875310847
-424.4107869014565
-78.00809543937359
2143.2576886879533
1229.977990012391
82.26117570803241
-15.801938570624134
-121.18480113640064
-14.681146132659169
-40.51092282781812
757.4971811550681
246.20403424878057
0.12818967154490013
-46.36789650352054
-345.6521193248262
-217.42050400803353
139.52849902431663
1241.83359260553
124.74299965780848
-104.79411214639664
16.129684145424605
-198.80068330270575
0.03853227047350442
-474.3454961850225
-1621.0284976303033
-882.2043253802902
-1711.9811979248898
-426.8181514234473
282.4159307297409
283.8558631516135
43.27903580224909
18.89616243263366
599.6572359597569
945.3627219403645
649.5244270544586
24.458101930837493
0.47141441824888514
-65.21126641183677
-601.6834703953957
-64.9824954556211
192.82983592311132
396.06615758322755
288.31810117173393
190.0304793838981
162.9534801370821
158.14453183644912
98.18431481461087
46.224203350218765
197.61237910266357
644.9101736581633
515.2001436888355
230.79887831096949
89.2622841907918
-0.46299721883834344
-0.9265905338987404
-43.40376907402599
2.5369340600468506
100.72701589870987
879.8921176553663
673.2440272400007
493.6118599773413
237.24247437381896
277.6445126049314
321.2451579825809
308.48328211900093
197.45781403165262
106.29955401387487
67.44900959722523
109.50044938361337
118.88978754835777
273.9337348063683
168.46556677799379
92.59486387604858
41.330160531335544
10.564439362341238
71.6205441445088
0.21029906416186706
24.098652305163665
14.175613233879645
0.012354849135224921
-21.326439913546054
-15.917336162183076
-50.0477119776772
29.96495263813959
0.2838868105537614
-9.876214016534789
-116.40116282630584
-152.49659931824607
-149.8169257918174
-152.85623936101618
-280.2097289903336
-372.32969257138035
-368.77560379609594
-761.7043917787481
-579.3985997144734
-478.32378670486395
-288.389359809727
-588.0376277602945
-480.66488705035
-512.7470572147021
-802.8140014347512
-863.27831344473
-1308.0376799785258
-997.5525593028686
-1203.1522325823912
-752.6264782222207
-909.3735677530881
-848.8450780231497
-1708.9020869461092
-2463.3868196586495
-3284.974383340103
-4285.980244968199
-1767.458019910684
754.8519537409803
393.8767503807143
661.4828352596714
4321.711055728754
1560.5387994745743
343.3922226910928
5.056333681679964
571.3576800214769
1860.050865174278
485.0250643093533
-8.912937500438282
-791.3172074131188
-33.76667007874164
11.494958119815358
773.6747739299583
1436.9355916515553
731.3711716112548
55.64080975866416
-268.3831867862309
-797.3162099875974
9.846778932355422
-17.66567234076775
61.04658205695216
2092.03555165667
233.0783073105213
-50.602752335555714
-266.7489582546045
-3.017097267180971
-239.87661557278227
-890.9831400013567
643.6460764122718
13.549685384560494
-86.80158095271162
-5.709881369883409
-175.3002345644911
-132.15005798500283
-44.456154770499076
-152.7703101967275
-1019.6626167764493
-741.7996027969974
87.5259731885403
174.03023927789434
-294.9168130790132
-1670.4570838333243
-274.88323055827505
39.19950008011627
54.13800238877635
2301.6882010689164
2988.927264408331
2691.692745766529
1540.0684091802495
1338.3337321600902
903.7328369041342
668.6924794743076
389.18923036264096
101.91301213210234
109.96677723449214
12.10130273070271
2.870721018591478
-35.76827723850297
-172.1410446515474
-895.1229113328438
-901.9087692201908
-0.5345644241880934
118.30589646714293
186.78825190041852
218.04159968323776
43.84488892410734
-8.64790867421606
42.50493989554856
156.41888377689133
134.90553173255296
148.77626641397265
194.08001409323984
112.96961410550183
67.01512345040355
22.116365725688006
2.2015506608795126
15.3431690740586
-3.713677838080988
-33.685795636032225
0.5278777880414336
-22.55850967344635
-173.31256949591213
-141.85341299171012
-36.46173432939437
-106.02972489284957
-206.59901844833098
-178.18014198181842
-106.32584098882447
-250.13812292843454
-125.54672225077424
-42.293848369929925
159.11845202107085
1025.1320492382074
498.6237302251567
249.17096284046272
497.32124934280887
103.32446237988515
-103.65062714809368
-251.40810460472395
-471.05491967377674
-479.0393553791582
-707.3939493757218
-793.3518476821808
-211.20381693298424
-98.17780810988592
-211.54967792674552
679.2026692853351
1233.9749236218763
113.83468791853743
-39.77052398940118
-437.3791095557817
-709.834762007252
-1875.3485560227573
-871.5740359936156
-229.55109012978784
-185.64553054452978
-27.09319386649223
-74.04349502713725
49.33372843109148
124.70220939870646
0.10182442498545301
656.873515873021
102.3152691361785
-25.643064647011098
46.56375967097005
-255.6161384241425
77.12499903751402
325.89062045840853
123.42530650202754
-52.365919639832896
-97.51495442610185
-0.5842237238459456
-20.327958301042244
-1505.017320031497
0.7289117268641079
1260.4045304743959
1158.483986400508
737.2999121758212
639.5629656166708
255.81786625048846
173.98927564648523
142.45139046629518
1070.1735765303858
646.704583652513
661.1809331477692
358.45010464095196
105.06106388346412
28.53031564531783
-1.41726811198646
1.167279475496681
-69.57591110076514
-65.62897464246964
-264.84005135397405
-313.76693865163065
-388.77760305094614
-817.1554965581206
-1318.5787245422648
-1337.250445893553
-2326.5671838691524
-400.9880945258485
83.23329466382779
1635.5328255081886
262.83781806071136
21.37383477432349
1.1314196666200134
0.2864705997654783
-63.25079443845194
-689.0143131429493
-2035.540954988759
-747.8505348670594
-12.048594049551074
258.9034226099688
592.6966246793004
598.5069628228292
177.11832166501426
-67.93510517466693
-323.46127008143446
649.5928926255058
307.3334685128417
353.24024983476085
92.37082863765178
0.06999158680070838
-35.14861090089207
-83.57264855964937
-500.5807247306306
-795.4542975882816
-1175.5007821591578
-1095.4029533047833
-807.6374717025955
970.8066739199276
1104.8807795432729
1162.8392055923102
599.3553568076949
264.2130301597894
-0.40777765787649006
-80.05468840429685
-220.7567859161908
-220.93018269254605
-1454.7885365944305
-1876.463410842695
-85.08176306835033
1012.2583292843187
318.53300754193333
0
-137.7155193626403
-701.0174526208
-37.29827081507814
83.19690268830354
110.2391324934745
197.7428726129925
63.95697724196049
8.517557515460819
-32.459967950040856
-60.503740327767176
235.91714703183266
93.34390315554248
52.877228047699894
108.51390367518295
45.006201266713916
78.20128818987132
0.056987495338225495
-36.57090603496368
-65.05232550240235
-18.021381524903035
-36.08703269010989
0.7853200164238362
-54.75125854364157
-81.85786251205421
43.21759679234361
717.8234241655206
1473.9231900457642
691.623329283902
205.21754916738985
-8.682888327125971
-43.414699865092025
-79.63196640900884
-63.36972788165769
42.77749443009587
5.238631995109984
-78.37578120343083
-32.04568216946803
1838.871176775259
1229.498267177261
286.3676385342962
52.73278596689219
-228.99422886749414
-54.374418628353894
-64.75240182440596
92.78301559050482
33.93761247918972
1.9890436868225716
1.4135507552709978
372.53200619270865
275.75783799828685
400.03801944795896
60.948324303284814
4.77253746451449
11.094022273785825
-23.98149303408605
-134.47921671490138
-85.37914386695186
-202.86155733588694
-244.65511509172825
-434.77398350463386
-448.2845822983028
-558.963442934023
-453.3584591793251
-293.58943265518064
-18.040238030779957
115.49007214234908
39.08019449772157
-0.13660352851014837
-29.32196071921272
-262.2271872758481
-422.8419701667733
-570.848428203144
-1333.310140888589
-1633.043054513087
-2158.6954703406586
-68.76770466662424
1652.6291775075938
1307.5218919017561
1044.0428775011064
1559.0617562442999
390.8781845830054
80.2253940215224
0.1849762055622822
-15.272427247925238
-624.0719933421922
-535.4422706569214
-19.382812832840226
-79.70007797119597
382.9891360601466
1682.32800348522
1602.4404462006607
1276.7144534130123
724.3806947384708
756.7602741450758
483.84961138140056
814.969314694049
460.63498264628885
440.8529032001336
168.92487551675856
276.0457107006758
90.34787574032835
109.88408845787106
65.67557314502086
-0.02435506618988295
82.19030545803994
-5.0619376044581905
-186.37569793957095
-661.5099281716248
-517.2820574776179
-225.91148618291203
-73.5314771287523
-77.41480334049356
-23.606124189364596
-174.11571249932416
-240.4378662499589
-330.72221063885803
-483.5699108975638
-565.7078657581195
-777.3659374155947
-1243.3830278638482
-733.4252749424945
-537.2006619170777
-568.7382960464845
-296.3434361285679
-1114.2688413398416
-2163.4247466128836
634.5127650004672
770.3570104101809
596.3391827049486
213.7942708181372
74.60594666676128
93.44606415680661
-132.31442459534986
-1404.1189875501047
-42.76930278845491
436.5549716084114
11.282792010761312
-84.40907310320073
-252.57686461827183
-283.49704354767664
59.82728927740999
277.5230194040893
152.76144626578588
459.32441292892383
973.2395278225886
54.33319314693645
-9.446213507221168
-271.65464132033065
-908.628407207158
-250.54485987829815
-14.82127566223593
-437.1302700558784
-473.78032703633204
-179.30767434147106
-316.14738809389985
-75.05033107689216
676.0782839209369
1776.8350207595827
1355.3233225876334
1438.9770000699702
1318.9383350387752
805.1006995753546
718.18521847536
617.7095926227752
552.275502224508
607.8992660580809
504.8573081379333
365.0971233439657
348.1449133563377
331.8308345578061
367.84993845050275
327.62529698298374
198.33317717624368
190.97984993662857
127.00758462235251
90.19214024904039
39.92356552448737
2.405628492128894
5.427329242638027
4.181802595094244
0.38486701715666505
14.417257639975949
-0.6289662763020436
1.5434409287748307
3.4335576037727265
-1.1846741782906487
-0.1615188222955275
-48.85366460389883
-79.41172393948241
-42.599961214473154
-34.354877471792534
-53.79253675599063
-180.6950207383098
-331.08955747640647
-381.0070523466329
-306.6023502693513
-321.4405672241434
-434.8922784623119
-373.5313129725919
-549.124841544439
-224.3162813175022
-444.0915130224283
-289.2323434480977
-455.75646186825463
-981.0777035169358
-1235.8822428385615
-1458.2455983596737
-1248.2636362252144
57.19423058963554
186.57150281029638
0.8370391229391247
100.1395243883091
-1.4623155328189208
-85.58013553420741
-177.59160921995016
-122.42375502167596
33.0845691313161
618.0649431986474
1.3847004239304206
-643.892644928022
-121.05539586168956
310.18072946322474
-3.289052909963303
-42.97647645173051
-132.8773993241773
-93.01140969444512
473.8834603017103
282.5594962756413
24.82674803274297
-1.2505454372388491
304.9054893029778
251.9341627742155
323.0698030750615
142.4801002498831
227.33226462568433
396.1555108956359
251.6166525047857
179.65810716444633
41.4409024619389
103.44285447294159
141.2500731619337
196.05178515781543
146.88537078806903
240.01553137960605
32.80306594447258
40.69000563745223
-0.20009775852439732
-91.97147194748072
-87.57876750531632
-156.66340568476568
-67.9048377595293
-272.1896098129906
-189.75492414018174
-268.97244657402507
-483.8062904744631
-1283.822368791412
-847.4046818270667
-778.2844402260466
-714.4737679413437
20.463036175849176
553.2152430377614
81.27637032020925
-67.84531631800174
-121.48854554636864
-284.55439877147296
-563.0935060329343
164.21627685997203
980.9881915558299
210.13516816374778
-14.375201144287601
-151.5743715973451
-748.9425575943235
-382.51463052152394
-730.0520703919067
-103.39600054393458
-85.58532741799596
-186.41173273319495
-104.82767299664619
125.43604856439407
1033.9002012227343
387.0852881359059
10.654216070589076
128.70823089882225
744.7365902853937
366.2490892097495
-2.3756525899854175
-174.55616883699452
-750.8097282438039
-2166.8910626162287
-266.82388422429176
725.4206961624441
50.25080381519979
0.284129965089373
-179.55334139924457
-151.6705795853121
309.0131244432595
40.15107829966122
792.5812369736367
932.4334092117438
159.59607546578383
62.5993787284939
86.17854739338608
252.89590380623184
10.991533714576974
-124.7044145397237
-406.50070774678625
-1317.2387099862635
-1535.8661535801962
-1994.6792552302704
-1774.1343813811384
233.94045798816038
1923.1011885433077
1178.4273169600992
1163.4109728841681
1682.624629616057
2009.9784190323562
898.1791434418448
962.9019996034151
612.3476885928552
382.7640603329178
419.0953134806421
226.27135737737342
362.2133679450955
138.28607841426123
164.85332973378294
178.93020138993109
75.6646850197895
99.24264240559909
100.78054879706181
4.454033230548794
-62.643999723309
-2.5363627866870084
74.1460547527243
0.9705489432287326
39.51417577725777
32.209174298876086
2.638629554710236
-7.357272873389411
-24.228825944935327
7.788815019260498
0.7243995722404026
3.272620888115919
-0.16917186613727425
-0.22543337242660538
43.39202116302988
120.26675326679273
-3.514447661532791
1.2052912996307439
-6.4810300855869265
-109.02397226671852
-306.23237775645333
-0.0006040924503799157
-0.33375427478667774
-68.00837608361414
-327.31920920432805
-417.2282507410162
-183.59810682141145
-469.8318392409212
-361.5081132795854
-299.0568273877937
-171.9207839423052
-17.129946600425058
-4.18316049462155
138.63068827573522
118.82238593472381
51.06498815126959
87.286161595452
62.739021176618444
19.595477970669116
45.453188643604285
2.8197193049998095
116.71712413868447
9.29088549552959
20.255080004471615
68.38303681260402
37.439070303710224
134.96908226132496
56.852650025003065
165.90876698294107
277.0713338574255
139.07946371701127
78.09340169971654
72.84737831466494
35.79346554625322
6.598342828271339
-4.074679243563738
-70.62836059645765
-46.43980009096449
-323.79430597482144
-467.5902646095245
-611.8097463646261
-710.1482479786531
-613.9372402937466
-718.2912462406174
-994.3431305124557
-1182.367105503667
-485.15463208797456
-238.0552841163488
-381.0490925430403
-911.9786490022087
-1343.209004034467
-2164.6436467414405
-2020.7498015676852
-771.6261702479119
-52.32372514064411
22.772959302531902
218.7520146654736
228.5353712781436
11.784742166958377
-43.25406634904574
-402.19357227994374
-928.7209357090325
-620.358454793212
1964.8881438312435
529.8371906104867
152.174700264463
1068.3885972548026
518.5328719823766
550.3694946381829
490.9280689881657
191.43475905330763
561.2974008808462
260.4654456002831
9.763775255775766
-58.658296374397864
-297.5154806477599
78.08196587071882
772.2697932801997
442.54665525454783
218.48167318760716
549.1276329490402
526.5489246141798
371.8518746189036
166.89505635819535
54.11699280673779
0.39633585046045383
3.78431564531344
-0.6622576864813757
-61.78584031418225
-330.6876591046494
-1023.2496353178767
-963.7500300476848
-996.5237003063003
-1804.8936234415423
-819.2274818300026
-508.8104240280187
-913.3415436929602
-1048.9941689600075
-299.9071082945018
-0.2702113231828932
957.8505151183388
817.2269776092289
226.15331986603724
19.514269882785527
-83.31486320598627
-110.77107179886069
977.5282504195087
793.9187743938201
394.5639123006673
131.6246092551885
-2.538303630385185
-129.23149762765038
-114.45926903228764
562.7992079914474
1760.5902943201468
758.4126687775629
340.8595914198437
331.4781418308344
481.8644146421673
496.5235109933802
508.84007962687133
340.6406350401609
92.6668270753629
174.3309011189247
99.38851135691593
276.1498475266634
253.22354387880713
184.20030499623698
56.44146768562481
120.36145809873317
217.50606550861525
231.5555424598455
205.84901305933053
134.12603738572304
145.39121894922067
27.592476083615985
31.790886512223917
-3.322785557278605
-33.73523457699602
-8.736329329582167
7.6424038727016175
-2.67118043459958
5.20268972075805
0.1320682972865532
-17.071643896246805
-144.6295692186428
-85.32348483660684
-61.79204275305443
-312.8593984861111
-603.917702060342
-396.45624956891027
-436.07109352910464
-84.31271974894426
-131.46782228038563
-61.26088042548974
-18.61022752906477
1.1821326990425267
-4.1785430448058225
-2.108556094364981
-31.245796208901023
-120.33256244819297
-127.95932367821092
-241.50762382188145
-288.26034162304165
-303.8474024522008
-22.06749686018932
-39.67429061972179
-160.62932661335685
-420.98083167929775
-858.326971477483
-969.5194179947
-59.47493886974789
856.2482854565236
249.74496935014133
-0.01072311589012266
-6.775044672752072
-9.054014386155012e-06
1.8068559707812877
551.0599935920498
1160.2927222404844
8.537097200622224
-890.0459652685179
-818.0568641717704
35.95370162863652
193.2044539256408
323.7374509582713
449.7676051097328
405.6524542458961
1354.2092762900452
550.0056681359093
260.87596564516286
99.41266381451419
55.80040569555577
14.876981167367793
0.2551955475799361
-50.678152256660084
-20.8805186162648
-146.56269856655328
-131.1225655556268
-233.68441314066564
-215.16350260646053
-440.22674479080655
-514.2209115609423
-468.72275907375683
-580.3926894625159
-816.4783755748274
-1273.8938114632767
-1143.595082239519
-1298.6076609146967
-1468.2862175761188
-1370.5434719310658
-1667.0050290733084
-1917.8279310547746
-2671.564830545895
-2117.788109414082
-1466.4649973084584
-2353.4596510688107
-4545.303130365601
-6907.570977045198
-15456.799999999997
