10233.239999999998
3441.5487773042855
2704.167581740387
1770.0923452126594
2879.015058089013
843.5140223635755
93.08264717516528
609.5132423856152
4638.880103924062
894.1127540448391
329.66022727431425
184.98570473766694
7.775765793987142
3338.217281940936
2215.919774234606
628.1193972574811
-5.807595873338762
-377.2648438512537
-47.189967836870096
-179.41520449966936
445.3710392834419
559.1867848489846
832.202836936007
212.97800297170102
-13.724003853995812
-498.8692234959086
0.18972101798102972
525.0114398809916
395.40294070853446
39.35836543936958
-9.901925964679052
-298.7936679277774
1.5784996178429789
5263.6923043155275
3468.2504991989936
2686.9505249200656
1517.3883069787744
443.9461707797254
705.3359675284161
1419.7780014373868
1159.0065465425323
587.1619870494684
417.22962921186206
256.4455848288377
157.5322065668679
161.5153756835406
225.69270390939653
326.6302924361785
70.20755863535666
34.79198167830531
8.781948329895176
15.713868744700962
-0.053658021525148675
-162.76109861585337
-123.95576922293534
-444.16817134051445
-1443.1986170584742
-1208.1189548464486
-676.7594510850184
-597.6521217371894
-933.7738409100225
-783.4067072792235
-1352.2087996750008
-1891.9831328392843
-2594.652542540058
-3761.1092261127146
-2566.839501927422
-2329.9575318054654
-4109.96419132125
-5180.065891555212
-333.5630154028802
240.5967992777262
213.29079543693555
362.7464332403
2117.4036178152837
3473.3568954941393
4169.357392616899
3118.494460683769
1856.0512350082508
1184.1164409457206
863.9046110568476
501.298536405749
82.15068007052759
137.50043374798065
284.99911547546594
14.535354526390643
42.5868545944679
23.633882345139934
50.375133284146344
0.5663998930966092
4.630521775766128
5.676639780317533
-1.7429365578946712
40.07554530655564
6.299311998501395
-4.413048845061903
0.5369731121775614
-12.252983859122665
-38.211062270112194
-19.629935270455917
-192.44821193856856
-362.8421180165721
-426.18072816146764
-634.4930446986859
-396.2686249097534
-662.0239111726967
-761.9141453571328
-671.344122354937
-727.3678100591077
-673.3682996122672
-452.7786979274009
-605.088872301413
-805.1826234204404
-856.7937356308988
-855.8314258906871
-283.3918578486022
202.58114935348678
685.1908336054798
206.47887614978646
201.42473654000412
473.40549810360176
4.208275563469953
-2.973988130705699
454.50763140965415
1870.4334638768805
857.0001248428772
267.7418309063707
47.25967966673526
-32.33411576325755
-40.71898262948588
0.0014433893809507451
-8.900799167546335
-291.8432366570861
-201.97623233398355
-598.2574341072341
-806.9243350576905
-897.2329264741973
830.3454439214008
1132.1506765479735
939.589570150863
468.8364153593071
383.2874722563198
399.80510716847544
104.55424140690806
40.40376756376968
2.4196212555270247
0.45145692888600525
-0.1313582480680469
-0.4496319469424908
0.9074859034914315
-44.0181009554556
-5.444990533516087
40.342411244997976
17.473460615673467
39.95218261175975
96.85403251175762
194.79286097348012
69.95807207709929
589.0767787646446
1288.9782791392456
539.09270919097
-0.30490850203048775
-227.03259972640555
-412.39683764554354
-259.8861321743914
-214.7612626940746
-192.47116028413024
-538.1136104693799
-793.0605192627122
-958.481039185358
-1439.621722961155
-1672.8688367738152
-632.8547498893575
-453.8295814930203
-133.10111886677754
56.719620145884754
19.88657132736008
-20.155154200151042
-29.731735573834257
-91.70720950119657
-183.021060649035
-231.49151985863796
-108.7696047295928
26.65609159610858
501.4704633644063
23.86058966411532
-12.700429628609859
-1198.9643750927858
-50.421482412060264
299.07412195280796
-12.221816730896442
-391.53591066639285
-894.2737889896352
-1954.6320804903462
-611.9251476573904
879.0577606532084
597.7438977847082
308.1992203828083
244.16229798871467
46.48239393893934
2610.056123904107
603.2049764391484
392.45724904538963
14.680435509064933
173.46797771776394
-69.6189760825384
-186.72015643400982
-142.17796105906274
-211.5533982402332
871.616894823749
1499.5682365113923
470.45410737448753
255.11764210148024
82.84103217983126
4.892933010397687
-24.9188761935609
-255.39259200014487
-8.734372877630257
451.61145826334246
106.93028647149912
-0.25650683937549246
-22.06468145520933
-43.025647804495186
-733.6538099655916
56.397283379182646
199.04223009829232
223.57133456932098
188.48867396116052
139.74070170316722
11.113850504069806
-21.381206975569313
-172.1150967761024
-11.94455904323037
2246.909093985266
1676.8668646792428
1422.6626151701817
745.9797599885035
401.7711472575542
34.41372005212736
15.202909840263818
-0.59143951047688
-0.3090465332026623
7.397616182697064
-0.3515471288186164
-89.54960380112242
-3.5883314283324674
-133.56656108264053
-75.19967823140955
-83.81325192668683
-171.74358019100308
-120.00601835702965
-221.80118500120372
-630.8309060545346
-1114.604926364441
-2350.097656176339
-1323.5115788010637
-46.755979848025476
10.20362759473625
217.17324680957793
1763.8719357246587
4226.321233914805
2693.637197191622
1829.725297546168
734.4407402128148
610.0442611286544
500.58264142771594
157.60647170861168
114.96706973248692
32.89223487249834
-5.254164236710016
70.89522716582314
-43.97476814113712
0.6021920521659577
-190.10068514376823
-254.3844127997414
-251.22179197017596
-187.8558974562414
-200.9394818052568
-493.18429943214124
-322.96506123262327
-446.00937146727387
-239.84000095498337
-271.78824337579965
-373.479111923423
-515.2852523465783
-905.5331092602206
-734.7575249386362
-823.7564974084964
-1865.5773524895228
-1216.9755832421706
-1425.2953319173603
-1897.2291896694712
-1170.6755425556476
-138.69726816083966
634.404066899078
337.03492864992563
641.2066302375874
504.12516595697616
19.342720717335492
-147.14572011414933
991.9949329072115
2653.5379208267022
1802.924135796462
997.2992219979415
712.4870626375609
490.10946892702566
290.380323863594
234.09533073894966
89.82967419539222
8.015187425389618
11.041711514064243
-1.9741579391213766
-87.92524547604701
-423.0677559651284
-410.67743634568836
-1159.0634353566682
-769.3692071499621
-49.03933090916359
-16.48363510657798
0.07273344379340865
-45.74355627526144
-99.49017537378111
-113.32567449715957
205.14385578453403
-17.672042343039674
-0.18969977457645956
139.94146934289833
604.630592467203
7.022430436698487
41.25604412385156
-32.76950929451814
-280.4043836664955
-752.4152345460216
-34.28997273948665
1500.0415383541972
946.934335388408
439.6147539596716
109.29357536697367
32.72067795018467
7.181773830898849
-1.1150883244943293
2.448828839025419
-59.50382806737295
-389.21043469723355
-1151.6614651092834
-1121.9292673865564
2001.3225139023616
693.1823158877468
97.85622067878728
-0.0006523340385090946
52.31269137475161
18.22623722239924
9.82784828722404
0.4882197385522545
-0.11308899911399131
-62.78970494659532
-61.35588271910161
-463.0643788924659
-543.3089203289177
-398.8928126479236
-1583.9734020967917
-1426.3282596213153
-1907.8574129566277
423.0958886859634
129.25373912670085
-10.096374250410744
-58.50330825749466
252.90150493582703
116.38442735317253
-23.190876132648388
-215.40645853182616
-297.9282184328116
-807.7123307694106
-1365.7921857132235
-3.309138405364927
-148.90653581771124
855.3292723514639
1529.0029306257654
109.11645432349344
-58.616424395498704
-949.8312348360424
2913.2552136342993
4405.579657191313
3942.864079815723
1489.4823100690223
853.2828367230647
1210.787017866495
527.464692902584
618.3662499667439
389.30850941040484
208.0844636383776
499.1000279975152
135.96800108420325
-3.423070831941061
97.37577867297793
129.52230968127716
53.53846061243185
-477.60909237856015
-20419.059999999998
2.018653568640275
-617.5260180325237
-253.93517161378446
-712.3757171058676
-1226.1568095794698
-2904.5604732346246
-1544.0477834611786
-259.628495542118
-3235.696738845465
-405.74715229767435
-422.26054693109677
-1518.3217994515098
-1185.2379107849774
-1227.8291193812704
-987.2219536034659
-123.52062431223376
458.7982675725599
2610.021351652783
1596.6407072134475
536.6966540073716
726.4304447584439
540.2393556583719
264.7147014810189
123.28444099120763
-25.689364853597137
-203.61308476804166
-685.5170409818493
-60.865531282624005
3.6882760861405677
77.01434552370945
328.3964099300076
200.6367592039334
-1.5067524271713926
-395.94981842018353
-1325.672902310183
-395.8797434831493
-542.6538156271597
-430.4958318461903
-837.3030018286096
-948.0728201893394
-523.6731656261421
-12.357435204594536
-10.100778678670594
-142.0903401653651
351.40949396166474
590.9494218583036
146.3482131008944
119.0829491870823
383.43018431431307
341.7235876015076
721.9133967799869
755.945747227733
3193.551338873499
1963.2032540318623
1290.9647262890696
982.1902552102933
694.5587120390762
435.9834412062307
457.9648883927413
1096.984162158256
860.7667657902291
814.8680426006895
778.6078963446548
521.6998953138811
436.3590376109942
207.06230344789333
281.1904077021195
96.71637840498525
161.86039914062337
1.4555856667263156
245.47926723600835
51.56341012825649
168.4407071690892
62.73728020368301
40.920262557864454
55.26522242226805
14.883134914199072
22.027964687580567
128.40308248091497
236.82635019926607
146.26162518443908
3.734288153793109
-44.92178806018801
-84.51138898327716
-145.1260355859099
-203.31122132050464
-221.88541243788796
-265.17015725348404
-171.00088319708448
-149.65794828241573
-218.98618200261114
-146.7845890418901
-247.39367168682446
-253.6740855264966
-275.8806154537111
-351.0891401453401
-242.50908705608825
-351.9240783107675
-402.3119457473347
-788.0260674022358
-283.2148987420537
-249.72129312856828
-182.90144647390684
-342.6735711206044
-610.8182856465055
-636.4800907514839
-224.23395585006062
-81.08574584789358
-74.76099197154807
0.6512884157882367
1.677501453826246
68.9670901477582
111.95737194495915
179.26928147005233
103.35365909256095
126.70589754784254
89.13640612928857
35.80242818518914
1.9628626236723885
24.935935373490373
523.9312130274905
189.13722809121037
155.49374335692826
22.475221901645195
58.00914022456037
5.0911104258993065
7.307694333398054
-15.457277799032939
-24.365803479658776
-73.90387645441001
-223.0444816290156
-223.6655054984463
-652.6950340410518
-573.2406441660451
-473.81685579555824
-741.2477150769901
-1260.775197395104
-2673.036514590335
29.342119179243653
9.313785848076048
-7.8754785234683045
-58.244063220885295
-61.359347798973374
233.637797913852
-12.61340244936002
-165.6725536294531
16.646900808379446
33.00201790520924
134.78130327684522
-13.841521509933177
-380.27599096676977
-965.3605729170072
976.4225451526866
734.8226265651964
226.65535444766218
64.6555675372006
19.051111442455724
16.47919455132855
248.96267724898206
100.9790061950005
-77.73223406381558
446.8390391313776
638.0970648415902
979.4291746140062
530.0736169982143
281.48056958097743
26.989044621309624
-10.130089374332362
-53.09643912328479
-136.3454042070848
-318.0348627284085
-1027.4615532165076
-2136.877051134368
-2538.4150962798212
-461.33653833842607
128.57984110767975
1742.4399673943888
3258.975684021173
1372.184938002746
649.7961327836686
397.51738959198633
207.0970231687986
19.229507913510478
-2.1812031314117393
-102.49260707983849
-183.28156385551472
-182.82461384434436
-22.68406178846969
-409.3041018489027
-1033.442391281143
-1016.2257486160129
-580.5673107504515
-708.4449110731541
-1445.7005904000696
-1923.817981688745
-279.88953048960127
-0.05824106068811603
899.573182662676
1931.9710585484631
3087.7424549799925
893.4142110814772
16.1989787154695
-155.38818126807593
190.13394568879048
65.18198732389114
163.6870220780287
-5.693113480389812
27.996565688763297
112.88516950175554
-88.41439719937813
-17.605407966106338
-211.8608403700918
-13.694315767226174
-95.4797737171361
-481.84452166095906
-1188.6237418920823
-1765.8253073489254
-1439.1361859742437
-1723.2957404428716
-202.01279619599774
10.177588081048212
711.7556498321902
961.510470650031
-8.888151341405107
565.8553226768651
1844.720522766559
950.1694378706459
83.43453401644048
168.32160449911822
26.365541189037607
1.6302613878593095
-31.887765186964522
-159.6602604270213
-85.68121998649019
255.52318555044073
0.15789234085273585
-56.69401311305503
-233.7106113717449
-36.349179663073855
14.736395307362153
-18.123461386828158
-95.5476961930983
794.4062181801481
665.8401419768715
592.21764018886
575.2210398035985
446.08230535731934
267.46618642050487
120.98340854217966
30.034186727181588
22.166208834961846
-6.2314339788268285
-23.0767488177996
-191.7055032113366
-356.6160831765383
-443.1922082887657
-443.664942721814
-230.89817933910973
-500.1990402930394
-818.5326462967371
2.221346863458809
2350.4544924000843
1133.3070169825778
490.8222970604897
124.9023272318038
157.8205110936877
461.83922395971695
593.0641504071151
165.15089033257902
86.0885201835359
9.846818585517562
-30.597350620194494
-0.1799776605765472
-60.123456916845164
-41.810329289682
-238.23599873646862
-49.004639632476575
-72.72887784803433
-70.84019001302775
-276.7362784104926
-336.5941679698078
-543.0487967321723
-632.4449092698338
-996.1916222413632
-1148.2524961164008
-2467.5289108768397
-3632.5001561555528
-3363.0027462613953
-303.09261705906613
638.2395605952381
2653.6799554824993
1548.7910425767318
455.92153331172597
82.34605545464579
2.535909448773419
-35.09093436725969
-166.79015127083272
-376.6859899264291
-670.4226428047336
-1341.0140296955233
0.4527166959922183
289.3562247666173
765.1569491004998
100.18745048312816
-62.10603354435098
-26.742473527509134
103.78918809392411
24.618053208135372
20.389842144805055
-188.86132835903078
-232.66534045424478
-351.15268998953945
-651.7505949638057
-593.9290841818743
156.73167368709437
671.0320653203845
316.62040063326356
264.7172179101732
355.023212530142
29.69729524197523
78.5990526737868
340.38962570234423
1143.9878314897467
786.5630977336039
752.731346831258
315.96847057178456
218.1213999396822
186.32778589476538
299.3970718143961
1077.9639075878176
981.356072469506
234.06348572791072
294.375901960566
541.2736289482718
681.2777517096292
52.52630023166377
12.313048012362211
3.574488875641433
180.31728507245452
112.40006754706053
68.11011949971382
-1.2212615951944603
-20.783661796469552
-230.9569216304874
-280.1338911988845
-359.3674152391919
-496.16128727611874
-778.3020439678731
-337.2362247378876
-661.8749134527891
-850.697213166017
-715.4363699829903
-1475.9261002184458
-1284.6642314519245
-2162.098038154667
-4309.259013714082
-1128.663710072542
253.59525499211193
2187.246584806016
341.8304883928306
-12.995853991119159
-6.7470781330357655e-06
48.03749898153401
48.79581470023179
-93.16029957445095
-945.2066496450949
499.4872809685977
1187.8615336147052
249.21062455689378
4.093508110136971
-91.85912247558979
-894.7740001237305
-1662.7392947685203
2.0191986010813285
2143.5188768896974
2900.0112724930127
1719.6570306974954
861.2462280633116
455.8050333915844
303.24639569284363
47.45401173387626
-0.040812240351199916
-58.81732747092903
-71.14288637909816
-31.00620887996196
-12.830233315711432
-138.2765709307032
-10.831296426816218
-46.58402997175252
-193.90553087301328
-455.46070099916113
-575.7152372134503
-1142.648040726067
-286.1003858218837
-209.98384263864273
-592.2543672222405
-1315.4564024089855
-53.9315929796265
10.173808461536412
-32.599995052584205
-140.7294754961415
-408.95270079087925
-261.152084154993
-121.23639227510002
1790.1054451220396
1491.485808104965
282.28727755172747
-1.026182055900712
-10.815279010682103
144.01499816999547
4.820351763580992
-88.01033480201521
481.0612291709154
1238.5969614125427
180.41901077351721
-7.357540622798613
562.0059825215649
995.589452217454
2493.287871336122
1558.3656568541792
749.1008051198658
396.674208109933
76.42585996872053
5.884594650770648
-0.1545296033345593
5.015900240101006
31.425263448501504
207.19451968793132
86.66380830906148
40.66729805592226
-14.430908514522411
-55.48561830434499
-75.72487188321814
-213.75825489760138
-607.5505630691335
-1381.5848557145564
-1143.2379597906443
-776.8953183153836
-1100.5409189632542
-2256.970166098994
-3771.6310164090437
147.63329038623576
488.57684222574034
257.1946662677601
168.87552762910482
1.6030810818043961
-18.822762256167398
-255.65173905411044
-993.9773704089532
-2350.035789340256
-2243.3268675493227
-3.4453983898577683
449.05114206008193
933.763782705862
940.576320257348
780.0572099918331
300.070950295999
111.21238793738061
10.043665410533507
-94.17576425325383
-12.719577579878068
2.744086369686504
-2.888500074554615
-119.73929519883427
-79.00201689659663
-6.1409343977975865
68.2307164097002
787.3201222123872
307.1473828958284
12.564082623732297
-0.9570693751111021
-124.68116374993548
-709.9959488677348
-662.3703148221067
0.434365967540196
67.32561019318678
-0.38889451685289456
311.99909628286383
79.66440168555779
-42.649219077046595
-589.7481082953552
-1181.1564132802005
-89.47283973247016
269.5520024432403
627.6652705341512
1.8277437842519697
-130.07273078039483
703.2497265194178
1263.239933934104
478.8849115377278
238.72543741386428
74.05592081101787
20.780760352205725
313.09227123882454
503.3924422877545
193.0911343021881
24.289429423461574
9.745571597359119
0.1486650840938907
-54.54953829447253
-50.91578158135235
-5.910340521750963
-130.22951518916136
-365.0174412487082
-133.47821576763502
-295.1264673251214
-811.5200660346088
-788.6934766128711
-2006.941683647971
-2966.0624994865893
-2680.068248712141
290.4883296991829
149.23507666610422
-0.002487830378733835
1373.8243150509827
266.5223112325342
-1.7722406796051886
9.224693025421951
220.25990509778418
-2.2351776382407977
-453.62551709466214
-425.87345191607426
-282.20732103477053
-707.8542156074961
-1012.0583068262579
11.917780287738886
147.70624515858987
46.00094669776149
-15.673864580162718
105.6526511449242
586.411429897744
53.73822493426165
-28.240556978435215
-994.6558980720611
-191.48914405451322
-295.01947837937905
475.9068559645026
1251.3934640709706
845.1144669584277
467.8965877541409
824.1516704549455
1589.5271482314001
344.29653141210525
290.25171859874627
632.7620627020731
619.0939141979433
375.1853207251068
220.62719783065052
415.5934702726904
26.62619453034111
-0.8283173001575623
0.09997745068827417
-19.944685451222412
-202.2204834401448
-884.3998129014909
-733.3517038750786
-2087.5369745173257
-1707.4988062182172
-870.6274163662745
217.71544160402266
3212.685208257404
970.9049719365504
158.1773561643458
201.01163924326102
-20.19143185275506
-80.75611803203134
-346.7219804658779
-808.497551891385
-2048.863316892131
-1897.7151994147189
-255.99810478327797
-376.2141144060066
-658.4260436007737
-540.8753039445082
924.9929566984023
431.502676632242
122.71492989355363
1743.9593165233778
3310.584368021546
1036.6380721195653
306.5867699347827
79.32913703280904
4.78356882426745
-81.91952324598542
-511.44187751679874
-833.2687480227938
1711.8051463805532
947.51748355604
70.76586349193553
-1.850868085514924
-192.53455816617915
-561.1028377386838
-714.7631229490933
-706.076459434029
894.4497718041846
1479.8733552841036
416.47295175813116
140.48182718762143
0.8649217014690899
-139.44213662914237
-1101.1186521093946
-408.84176543924326
-345.2199300914806
873.6198497722689
72.9234805182433
-82.94229173219014
-1034.2608460418155
-1010.5275021536138
-1207.7610669078394
-138.3152429738546
242.56069802632612
63.756524534412264
-2.169823649525418
-26.9270372132923
-183.94642257354226
-161.140663294252
-0.9761849363377719
431.7842297139016
90.76997481369882
-22.921303537331536
-180.97015781534196
-143.45006080960957
18.67855528482253
574.4729511687488
183.32198555928403
-26.78800004869218
-2.265608054528797
-369.22063805864263
-808.7034087499829
-1295.1600661351083
-6.224397496211335
-32.98440821735623
-15.422137886594026
-15.399238419614653
-105.71765470638877
158.28437521145668
779.7200840037762
1258.1862312963988
30.98012618148582
-49.54171539544015
-527.2710032506885
-531.7510543669856
-487.85380241190177
-67.01730251416618
-176.77910789746016
55.86898403007333
-39.060657579919905
-64.92103678108924
162.78112806725562
382.82786267849457
-26.80005386893678
-135.87072785185632
-7.8555754379922185
21.59898513426573
10.09695181815469
17.3530485922859
63.41452489662566
57.730608081001634
100.23897411509641
-16.008164538095922
-20.10033190238194
-1.0575985897628137
-0.010024217749151423
-56.713724702273396
-38.52435236153747
116.94433234503373
70.15680808582461
109.59900497089376
-198.23806228666018
-1084.5252059093584
760.8101099690205
730.0379563191257
608.5185372908915
18.537310581830372
-143.03940346266734
-339.862145766439
88.36898778422257
1806.6687644803462
1120.775863121239
515.2763427505968
365.1776258989013
190.09331292277025
68.43158609006574
7.953858870727612
-60.81024293919723
-328.6848055897732
-193.37348081453223
76.60062667223126
6.357147278628257
69.3711193388585
36.20587302590975
7.892446528104296
-0.966602251238405
-23.40061706199251
-168.0467566617541
-149.66291027118848
-293.9703560616942
-558.7300556218291
-1003.6679477791799
-709.4340076154041
45.96379946200884
597.0944807157003
138.48298535071268
570.8258150382169
2857.03319151089
714.9583610172242
818.1376737959181
414.383354314558
-70.64123297399962
3.538280688005492
-331.8850832708869
-1854.0041422703737
-981.6934045628711
248.1422518332891
1580.6604429468766
697.085168146182
619.4526108099558
814.8401834781379
265.67317297419686
30.557688156838584
-1.788248278054874
-126.91423822475302
-378.57907254213075
-113.20092737508614
-361.8926038308392
-473.96890114261726
-396.88821695678286
-1005.2009316093992
-921.2178590210369
-295.04281319180086
-115.91506945147596
-41.49617411180452
89.5865455440068
32.24957351234233
-179.7862890934904
-961.3203568773426
-409.8213718343503
0.3330917709312209
3241.9026552546575
1958.8816475990138
969.3446910338133
557.7132934468419
200.1898238441376
110.63854025987699
9.479028364156308
11.268988398986938
-38.83288637494205
-86.88368653032472
-257.78322190316294
-341.4324043672175
-85.86957692582234
9.800157855863596
-7.613470258937858
-143.91711887459323
-815.8545983340392
-1885.019857734924
-179.22376479862834
-187.94849519245534
102.53131084478045
323.7019471567054
1612.751518234803
2031.234594955249
707.9744449770623
514.9971332066643
0.6348249692515382
-98.88198289018104
22.86749920828917
6.750184549451705
-9.088809267078242
16.615701389905862
-30.830614873181872
-97.41030963536357
-364.63885473623054
-75.07722818234313
45.94318376383187
1195.2049181038376
487.3803015629061
430.10953092086453
122.14452552588469
-389.3210043735449
-444.79929433376327
5.001547933284549
-63.385175735499786
-13.583343387503916
-107.06184427805411
-1628.070816505529
-1372.409323521842
-484.6791261929784
-327.7060819676344
22.209055725014707
600.0106980418245
4.30371881812864
511.7550281480519
66.41182189193952
-86.36890544527125
-185.78558782404042
-596.4147965169482
-1950.8662948199358
-226.46018944945234
2170.0617278960863
1640.7448721426013
863.3139993920367
742.3074558888775
30.81512562886245
-0.05700834827531549
-177.890286835871
-573.3712182287102
-1641.0845177065512
-25.913599036503225
0.0006726601852410878
858.3828769417933
208.0209974747026
442.53005146792555
623.7615236279269
298.77972412806196
492.8527796746524
65.27662221016189
-0.05152159581885958
-0.9654574243451208
-0.1599845771864887
-861.338515859642
-1009.6540181900662
-279.7655549090565
656.2586477828543
8151.2719697023285
4298.898010598734
3311.311038812957
7875.697653141976
8983.84539956301
7057.74941136173
24549.48984872987
21637.148233204767
15536.01994221177
24866.038418409255
23595.35625942254
23168.12917496047
22203.5834392622
24713.293747400872
20316.14793914619
16813.096525963796
20766.841467746464
24251.81906265224
25602.254287693046
21090.09857853022
36932.38280367233
32265.11531786429
41675.832742989
75588.28298075903
150039.33737529995
-380499.01
193054.0894414517
242161.1387712914
180274.040103298
300848.0492765397
-278618.55
-71500.78
-30328.11
-11344.23
-52778.17
-13986.02
-93970.89000000001
-104298.07
-162209.67
-21446.34
-56043.45
-104093.72
-48335.369999999995
-34063.8
-72208.76
-49602.69
-164742.11
-136782.72
64274.3118162305
49505.93900000665
-256725.72999999998
2203.4693580695457
2069.147912743263
2640.6826171249995
2086.9038449792743
1236.2590918825813
2264.4987605689557
2642.527595179824
2506.559628324482
2895.289463647143
3170.79145618867
2241.8416975586947
1804.17972025824
1176.3418988753056
1677.6542531412397
904.37165175756
824.2778567187654
426.52381204652045
1879.7404215811362
624.0579290431313
757.6020529412917
10.562762177249002
-224.54823776762106
-895.9288045837234
1499.0335056037197
20703.88816511233
-144954.71
172.18916739791194
9.436850678645026
1073.964093174619
3055.8745669647105
1455.8704903061794
625.6599675005518
181.24638190672118
525.3301563642359
-10.66841137520096
-1.2059451934447474
-509.44383223494583
0.15760480314797742
1304.8005438236473
1110.4395257866786
615.6401953264401
372.17582318460063
422.72345915567706
97.70940879296533
96.47102822577172
43.5571811980407
37.06135195702277
-52.888553180605705
-36.84208818489491
0.8120027482586458
-43.81097569723573
-197.97072386971828
-412.81858676394637
-352.3820085876214
-779.2351076191981
-885.4631120747028
150.779643735876
161.6732088913256
-237.38177078710137
74.87634283022574
1089.7543697096473
720.7109132125064
267.15275875391484
98.29086125885016
30.619293750062738
1.6521597393583494
82.7576013122459
40.67904654520726
-2.861628552826259
-163.01028429244337
-281.33163655115635
-42.75118935811338
-83.25289983614933
-286.62639616285566
-354.11945901302795
-450.59459248858724
-937.5649391097465
-732.989607132783
43.40996548891687
593.8369168941382
25.93733053282013
-100.34934502595152
-456.474248452021
-107.53353830063907
-153.91054569319135
-232.46125388928522
30.747693291384227
899.0808871116869
1701.7065499361522
1467.4653629886943
757.4332249253707
873.1616829343154
575.9831311771557
280.41259332237644
347.3661230632443
1459.6891654711508
776.1078966230509
392.9670604036528
218.78552176472007
121.74586580562715
6.257387388705758
-10.774488001134115
-3.7940774109946616
-164.69895369328157
-29.563763341414848
6.172556567072012
-13.137331763144356
-18.953418945665113
-10.6527710437343
-42.54384058023232
-53.00943044486051
-143.41408806571144
-188.8322439967768
-306.03669368607217
-443.5791550481847
-607.4041356425496
-935.4224199010462
-900.9251770323004
-186.83639091935655
-283.34470137045673
-511.3627390960453
-746.0218306856727
-939.8430439064475
-1301.273331475773
-1656.698001523469
-2427.288845356523
-2380.086526494458
-1025.772078126055
-946.7301483576232
-387.85982681888197
-563.0424515522685
-207.34472966814798
1.9179459462207777
238.3573587959844
1087.5508701943818
211.29864241417653
245.86794170837933
-12.026989294709333
-43.34924358316205
-13.33839642126918
565.0925591092821
232.82979280726235
-2.4848050022476236
-99.48426933357882
-37.73995522670625
130.45755388720988
1.6251401974968946
65.55709346168322
32.897962225926925
-0.522958050182535
-78.03721459467607
-602.778513363201
232.20366357886695
1108.173850877794
428.4882342050768
-9.501869616844123
-309.4477940008945
22.88392903573653
1046.0062150872755
1245.2283595461133
217.9540553222737
15.849685736469056
-85.41163864129156
966.4442385790777
1052.0173016576
455.9596544293157
301.71735649874904
64.5662939113205
115.44643154284199
22.64988854438157
1767.2427924317433
1574.411008034372
952.3742681661575
485.74170028649746
166.46738499115662
51.064089922819
-13.312859712435658
-114.1985986757091
-438.0486847662459
-716.5491082423384
-706.892550644916
-2027.206494194776
-1017.4085190318935
-2096.1815621626856
-386.0469571377788
-68.50929722572039
-41.44891675093441
-154.99534682516128
-1.321763596489132
-11.660140024151591
280.302603754233
-76.19401068466844
-137.54861719360264
-8.615867891344283
106.02426289638012
-0.12790160364045783
-138.13834368812024
-478.43311803297377
-1276.3743179734056
-1604.7819838943626
1.9460644565278202
1536.1531408490323
3728.4404303012666
3138.6865961674225
2797.3692283627097
3231.8915460760645
2473.8968045571046
1453.8182536531197
430.26638106139313
612.4087893177309
212.96902999988578
614.971071508896
562.7435931724424
367.07545769811435
385.05286243816954
430.3214028739885
250.73072058347333
437.4476872301724
358.0612838716048
-0.875752015145041
33.34187475382278
-272.35187582315916
-504.6832505490657
-125.20043951072785
-269.3593329077821
-57.09633019877077
-108.83886072215138
-172.96154747723813
-667.6141605379379
-1433.3706365022713
-180.77337653683153
68.46289863143781
70.6569855187488
98.55405536679842
-0.005444163736375681
3.0187278603627115
3.9305865996716514
3.9313448799918254
13.215108449794002
17.67219335985266
-9.627822292980106
-4.543951401494562
-69.97871842411931
-70.97475920536506
-53.34285011024042
-70.6893551342359
-271.0269966224282
-65.26526348757871
-100.95743840901207
-87.23906953903136
-92.29370993808433
-64.17745857896928
-110.63854557487383
21.0449949904795
230.00490668699723
1057.2893407119752
593.2688489974429
554.8167082609828
359.4818922933234
122.07003940668642
108.97494707977661
-4.0348645548214215
-40.2638338771023
-77.4384632060727
-233.09310353657048
-116.32920518048876
-302.81263746217166
-103.3397008845989
-202.43246695760487
-322.4417441474275
-156.53533559810916
-187.45511566990623
-169.64977152209343
-243.7895023705256
-486.8514054785891
-914.2644555722455
-692.2734341860953
-1252.1313625850544
-1304.1788248428118
-2058.0711304794245
-3326.842118576532
-2329.3089175928353
-9.699852496505812
4794.327727880091
3384.9043037234555
1082.8923320388262
313.4313675158173
103.61717166378213
0.02509563728754967
-11.032252084344924
0.457492694388116
-164.39330511966267
-433.58934854245166
-521.1279187594122
396.6512614776481
1256.9766862856416
540.3054931978335
69.74774086642874
27.39471682177183
59.38135753428886
-362.682620371196
23.693514579387205
644.0173046439654
308.0893373708697
984.661858631403
1742.9281819673815
900.260171421736
274.65010510998684
610.2363198591602
450.4715406120003
250.38707140525017
280.51265571135866
215.70851990119635
273.45810804966237
189.72742710875875
174.10856204544797
128.54293281966687
214.71317737233713
2.8260602285311767
-6.197722749948961
-65.53754714969784
3.471144851075704
0.6104671265668044
27.82728397136085
0.9530790486364776
-2.740535089401736
-24.47938841832448
-27.498940086252947
-74.11244016088813
-152.06185724643115
-75.61146734554914
-223.63724165053355
-375.537047994786
-658.9706744037535
-634.2669538249675
-976.575726561839
-924.8671274886717
-1275.8085923093504
-3254.255458670101
-511.1538074957963
2969.899000943421
2799.3413031839905
1778.0814589322963
1154.3647195616886
432.1139139927321
253.24535640250394
76.33511585919982
34.457884218118956
66.72532023287333
-2.2258341446042813
-0.0646172707452333
-116.0842981850441
-855.3008883864991
-347.6323394648355
-283.94995712158243
-340.4012794025661
-440.08042537144314
-669.049395932297
-1072.341021836041
-1148.9427328669544
-1980.1026236885773
-1476.3193549558127
-229.04240223720677
0.8740978817972189
161.71049905208054
493.5392098949268
80.26852821805798
14.36336025048104
-85.71654744409675
-15.106082429375949
135.36912592544834
1.770587575792769
-11.215675250226845
-21.60997503939243
-53.07228656575893
-4.382176222907879
9.671768681547555
826.0845897882828
2218.733542674833
1726.0381274184208
1367.8738121400693
1090.219529139256
960.1051437065023
724.6738063789605
475.3422811565428
669.4689263739745
231.13849768338375
150.33569014739135
118.9180366822925
-5.390084070962226
185.01629714501627
111.16800022385996
264.8387124336656
59.76168425078537
-3.232204876131334
-34.664368658470515
15.766336365280672
-31.125647767679943
-6.582957332566375
-10.729699696796668
0.06049457340444796
-0.013004855561101501
-0.818258913197875
-21.51844622338749
-6.577776943441814
-11.215106100646677
-18.00179133054804
8.062474087612317
-37.417818845827846
-4.843236093361202
-2.0924580841927107
-4.6620732792582436
-18.008815714926314
-21.955294122635983
-92.71163079217078
-2.1927537415203635
0.9939926093117029
-3.5746557874980907
-17.066898399786687
-11.53319626521411
-12.55453388038067
1.4486799273761441
12.667117688595761
-2.660698383204566
105.68469653149553
18.324483029571944
1.9699338437721545
8.11311497236385
3.3185812804572916
47.33048461205473
0.2725033151639784
-0.10959969614924507
-0.35807318336214333
1.3222142791658191
0.013820417253461996
0.00020355268289677306
4.247550552310464
10.011669224277881
34.505691469960695
-39.89062097741311
-8.642503542791808
-125.12688985830852
-69.36095978413972
-314.5571932088891
-462.71294981979486
-459.8202441180092
-477.33606125101414
-675.9612260469706
-614.5667511874263
-570.9875158454779
-668.4456583177155
-1243.6413753041336
-1731.4235559763183
-1123.7825543849112
-1421.0712194972107
-1688.1526078474355
-1995.3755935829918
-20.29650087804662
365.4592544031842
2694.361721346203
2185.03017976842
2949.3572350131367
1784.864796129867
1210.4523207418624
374.8104344980683
196.064244480821
17.10303912762269
32.13283502792996
109.50623482616948
84.0457418271757
1.3889294486657318
-28.06430879462501
-111.30060710431269
-20.982095743176796
-213.35697646951115
-206.78019306742354
-382.7202773676301
-653.734837508798
-970.4244345916093
-1156.600905780829
-1310.2363033585189
-2684.8142003639837
-3946.8883900255996
-3247.961958066431
300.2165156937141
3039.4003136114475
1499.413964853182
829.1915417882883
927.7518329597851
680.2252362018212
148.84070799243955
22.675293608092364
-23.002416794968916
-32.866754337488786
-245.17050947283576
-323.77745816373704
-295.110261381154
-938.9672280002405
-1858.9092077380878
-1618.2518206351285
-327.74873697087685
-52.249517403954556
-0.23483239670210193
233.03392745669885
2068.0481520743897
1011.3947475701395
574.4239981133065
77.51062261048511
29.189660741432178
-20.335527331983208
-17.04926365230049
-0.5219852676627301
-177.95862882944675
2.3818262622959083
-48.77521826108491
-117.21174795367926
-75.55495068022583
57.578085027933525
46.71707868574429
-141.3485432407354
-353.94716001858154
533.272075119954
159.87610393698307
88.42302881185962
48.00786090952863
515.1395824410481
291.0433604369173
78.03266945708208
64.64480683257838
-8.179219872345794
-145.35745653012086
-77.7299393555337
34.34074253594185
4.120551272738844
-22.850989127303997
-203.81866817916526
-362.80748188265517
-1041.6231852324604
-586.0700485751927
-524.9996652441964
-952.9065750443749
23.053958870571822
729.0519143234524
741.9068238160511
166.56243228267653
9.386026530482035
4.401246390312232
-6.363326693807992
-152.97550020016197
-161.63798967623728
75.39760764674
109.0573006811926
-5.057941644726326
1.7770474976775412
-1.063497801599854
8.144836334054833
2.9379548327025526
663.3603554090855
416.13552964775977
110.89304569754569
27.376979805365863
-67.32657674641285
-287.38955481410414
-864.0515571081687
-1303.471845650748
-361.654318105067
127.03535953957602
60.329592890833155
5.706038546750013
-73.73956988637369
-192.0377941293715
-659.1020268592894
-488.4091723984039
102.89688079283533
153.55453976446927
-102.49310264534265
77.99407903706432
1541.4382325629504
124.45399785280395
0.23688269295074227
-98.31121802877583
481.4050800942558
7.973916851266215
-240.32088658949
-364.9336913828309
0.016313720813210756
1809.7521962101343
998.3650561783487
284.1827503733556
94.01468637013011
-0.004732482099470443
-49.76941387713962
-80.9256890256842
-36.377193616691535
319.2559286814336
77.34677294078632
-51.06741967527367
-481.8342265912694
-462.7158646331224
-50.24035416667943
-17.820552667710288
-62.45452669848154
-33.94626944699249
153.3722415852946
-17.767962079433357
-474.82533419233175
-1252.8932077807217
-1049.2393265304147
-583.3518928882539
-11.297349467163492
2824.9521780938685
2986.720525048033
1449.2621424473714
812.3451374364076
299.10221015051917
54.523108591015514
8.156702632777954
-4.890331703363439
45.86530995988096
0.20634199049476107
-64.34263816375305
-303.4647123493685
-1146.0367309616433
-1198.9810333265693
-3161.23153810963
-359.5438266059771
86.77446875887017
81.71565478608883
-85.69960315448087
-557.4225370313247
-1097.2436875033723
-6.041512474058895
198.91784978288956
300.09721893505775
6.596654212011954
-16.75362710356329
-24.225361390143828
-4.681040563574419
47.53200779234214
19.55963544140223
316.479013408711
284.3147815806252
380.30539297736226
1685.1143905112408
1203.3688804881742
91.24720359990468
-87.83291693283579
-448.2644000971343
-1350.7985469988444
-72.56468463542087
-24.788872439809257
-269.60632934212623
-289.63777270917245
1109.2234006795188
488.9580373088685
238.9932696625427
141.5038830684499
107.65399582812975
-0.2850707250797386
-104.21900169168077
-428.86623077172374
-1318.041514128981
-2494.486142175412
-124.51819087742535
-512.4838144862081
-743.0674998113507
61.91090846897263
-55.88309914272109
237.6441335609589
374.73959163316533
149.80383171675936
479.46786543382643
-951.0402887587584
-166.77229900660086
-530.9250517613642
-82.1832719497155
-0.00023161563676041706
-464.5298992653805
-1177.1296846938656
-0.0018110383154910123
-0.3151914202196593
-216.51195797192148
-219.2276187900101
1822.2661068827838
3176.3487490908265
4050.849652987624
2256.4149378000698
1908.0593758831499
1416.082118133213
1242.3494982492903
734.568530563985
510.73145024212465
387.0191689537925
373.86469675101273
196.8593965960635
128.76361171826096
307.5475364819488
74.62421758359127
-0.2883605998563912
-34.498884521391695
438.62664288216746
871.0412893534344
428.7280522925835
333.17724057997856
223.1161555907321
39.007392513625305
49.15275739536763
4.49469359096207
-27.970885947934917
-5.859245074740736
-180.57996666950802
-128.0206633464539
-333.9840779660559
-369.2959088212364
-542.5660318978944
-996.8567176742129
-1267.6748596153782
-1544.1191173156358
-2555.2163665162525
-2.2619414136985636
229.05892568099665
151.44495224742957
21.146893268270198
-65.81049368577229
-107.00197365393026
-85.27777803482523
-378.78218963653853
-665.4936232839298
-77.80979227374833
227.52107004369367
146.33032370889222
2.6042324515305078
-0.01017608679302023
-59.39627820678167
-251.45416199208108
-411.4851677290013
-649.8298804038241
-1461.633129883475
-2746.7506065106854
-581.1852561927232
411.4583332296922
119.20536109910762
606.3461306112409
230.79740479980853
38.77360610703724
-297.67257136556634
-459.4509081659047
-917.2633513399002
-11.584211948225475
53.14023535828452
113.77360969818461
2333.5962992300974
2112.839712212125
1540.449600379418
658.9394060484979
273.8111092240058
70.04011384534539
-13.041520288743696
-49.59229987572018
-106.09123385354597
-433.14592156737734
-623.049845461208
1.1121333967958613
-103.95246129442597
-241.33010615210944
551.7110511507738
499.92460282438526
145.45497755339863
30.032826013834608
28.45796251050382
67.42627132924538
306.76029753981646
277.82181849594656
114.43541513657509
1099.7006873378157
1501.1659259893959
882.532855356468
481.04394539533183
463.6043080777642
281.03290136821624
521.8828311272084
124.6144037813018
191.27713654190777
115.19028474605432
56.090827920906285
10.627813637220196
20.77453621801928
-13.13143487035953
-48.46192923871404
-45.85395955813057
-218.8900713886693
-350.3191384065827
-152.8665997518296
-505.7112778368929
-614.1013667965249
-735.9062164085608
-840.4883939988549
-1137.489455642786
-1257.4749315101637
-1961.4529263475413
-1077.0797349126547
-668.453524325963
2.110250080228258
-17.652883236385023
-6.6236287307195605
57.56946831992236
-54.38743690141773
-431.56404578097425
-0.17204180652156087
194.57058376950232
238.40967370278582
339.41953735717993
691.8598392990276
298.23954551709613
302.14269785065267
621.8718169462328
328.4373708611349
219.48741912361774
279.18992444693276
456.9066703889573
236.79783581454677
61.98572914746291
-0.35225351525345305
-169.66116015553808
-148.19314217514616
-192.26245893485128
-1064.4187241742125
-347.9452128893082
-260.9216367080718
167.95931641254577
140.0526446819284
-152.9714772102954
-319.75870196462336
198.6987770239851
1310.2504889046807
827.5936603954435
383.512758958701
20.48878042609997
97.86017528190979
0.6150719564078424
-5.6825514276838955
-55.43509613122294
-0.0037210145196354704
-15.305025022452691
-43.74738527641303
-149.36416140317652
-384.14897504933464
-801.2347907754735
-1173.6638104637343
-2089.5657998527277
0.1336652094388197
406.99673004731795
151.05123502502133
180.3100112204369
-50.98284564610712
-523.100552778124
-1391.5948783640513
-151.3409651599332
176.12965847183827
-27.10668804718545
-636.0316923865804
-0.006726844339359231
1.1796115404204903
-51.412430106628435
10.880990229933767
1.378003037563762
-380.5241969713245
1193.9146792105041
438.43182673369455
184.32989870870117
2.0530100079407823
-57.22220775771116
-98.83359678392021
1498.5529282179573
4825.449526314773
2164.6037183033686
1203.1884365860712
691.1072152358394
451.68372077815434
158.72001462320435
10.20786759645826
-1.490390450835075
-89.07808741228763
-458.37853426453654
-673.7638035437387
-550.651370614169
-135.27807776479023
-311.1073607970271
-822.6939334248541
-1467.8412231374853
-2534.8319251208104
-1317.6781926702945
-1596.178140836817
-2244.6407814113613
-258.8901374262948
948.3085062184323
704.3124200744583
680.3627875496535
83.36227600334723
-206.53777385068136
-488.79683448037963
929.6223250206729
2124.6322620039473
807.8028410628463
316.71902004332
102.73030980092634
37.5462900789203
-34.783113274390814
-264.6400111246307
-527.7360801456198
-1816.0294771300796
-157.93324449308318
774.4860957024664
114.33024597755484
-6.695067451929894
-558.0785000861929
-665.633145488144
-37.098461190168344
-37.35774150550631
1241.471151739115
640.0626144623643
-1.5841969978809853
-527.9940891602737
-648.4675445731704
-822.744616914493
-1148.695129216073
-594.1054789447076
133.86563682859764
52.678527509056785
0.4750772217024782
12.563649849163642
1510.1380714324198
3041.21685411563
864.5136776828712
379.1273209365281
30.51590855555198
-97.67997598224976
-628.2876943469481
-200.15169113865142
200.96294229218282
137.97548935977528
-118.66194639271608
-456.25005237003893
265.38536470059626
1091.696873916073
342.70441354403675
54.771259351795166
258.5368655505096
375.98643147817586
158.22438612198215
25.76434121674824
-32.59363360791872
-131.36654850428707
-591.7366167684052
-1041.7569025064
-606.2809865079064
-133.85782977466917
52.51208215524031
22.954309551375367
-0.8551097156207004
-167.711078883857
-858.3840460571206
18.035362003785952
230.98519096518635
23.320049721621952
319.26156633528717
791.3169967320146
16.29697552260261
60.237249765050535
187.13632558330397
1257.7656892309585
2357.5098019915645
1910.0503101505524
1700.6725400214118
1338.0912626973857
1583.56154833561
1530.7740240210203
724.4679340070489
731.304009220248
727.259355177381
757.6777680309458
425.4685320884547
281.59655845078373
241.93268897853594
176.3679549185045
54.906219043223146
-0.07526603569597283
-21.461139283905403
-275.9674586740373
-232.2501461269093
-371.03391404334513
-786.257974121856
-939.6854010822647
-777.2494635608775
-786.8542242413378
-781.1286243733093
-1196.9122488044466
-1786.5901007395687
-2934.7499433535804
-3919.9888936797847
-3149.07293193537
-473.41523486206995
-415.6959466195018
-75.93141498578271
-4.3896600539712844
-12.414961023676144
-26.68008652081104
-110.44557280038445
-131.69670812723487
128.9051751120661
470.8885665058982
-132.089375375884
253.51908685220025
711.6608986286345
567.3207628275618
402.65730553154646
1047.0091780221187
2024.6409964985705
1998.2682337851277
1229.5151458561486
764.9268226548907
211.01373893753896
174.88387428564175
32.135646786003136
284.94761261112825
59.34263428032199
635.6361201312884
0.5443878903661368
510.8195982380007
1168.6281213290254
1099.6920708026416
3992.0892278574656
3385.080751491182
19080.207113867473
29535.662001813384
21637.568585047644
23434.684370881558
21180.947993289406
21840.044688691203
21784.183179261767
21678.259389434577
23716.35719470741
18958.078555924312
18913.85315519284
27364.966578958025
25612.069114834107
14867.949008096672
25784.283245314484
21588.02136029218
25235.573187357506
22672.774499202544
24657.26763789969
32490.52983938193
42555.22479548483
48607.52737824601
58026.5372090364
0
58582.68514031849
77360.92411189369
132411.91225543185
132074.96138682574
173344.22382153798
522140.0118100136
1674001.972187181
-276718.25999999995
-103213.78
-425207.72000000003
-37689.98
-300064.55
-851425.23
-699243.59
-700772.94
-582104.2299999999
