8637.9
7618.5069934930425
2625.7682570290854
1972.5442800825344
2537.5270216470194
683.1337023173002
424.39006955843223
-977.3302282980189
91.83678248786458
4485.622394854244
2200.1619416823733
2631.1233428946857
4579.227740242288
3214.8147127195316
2260.0447957769875
2176.360244020856
1350.9526786911913
1144.7598897995754
821.8305108922852
567.7605941840877
154.4110501541814
267.2282485502956
61.52065904007892
8.484952130403586
-4.903640181650194
-0.9112894822396399
10.1084730096601
284.945468984304
203.2862916350321
458.58199134010164
1694.630861446176
672.5083733422528
156.12191242121057
32.05292488956097
1.132925148040354
-31.50954833297154
-149.04520380143668
-232.8780066367868
-438.39046874164285
-614.5241662745314
-1462.2296805709789
-909.1397923770326
-318.3738509928603
-451.6579390871128
-937.7862199283584
-2766.37085256758
-5869.028996193957
-712.7027392609673
-492.3282082053377
-1009.3195715597609
-2233.8337304101424
-14.173941513342491
638.339729740246
299.5346631139856
169.4992966795318
686.094688723116
2288.3143427107843
2068.0290426374822
2221.524150231787
3280.062348307999
2475.430277534073
2145.152576552724
1279.9291220869493
502.27461087673794
278.44156424569246
240.96407244880962
309.1835791211615
307.18787596237297
21.56392124425493
8.581822597836139
-119.67031342440785
-371.5110052165591
-538.7764504198964
-805.3125607495244
-1530.5768934157052
-2078.8625675475405
-2575.4672851901796
-1431.3260539002429
-139.44120708131854
180.18302389219497
-5.245362377465192
30.560364789879753
-7.805239216105614
-5.554319358737347
-53.83753377084557
-87.0922144812437
-247.2150728838245
-287.7903637036204
-410.6703377570784
-776.1301223030888
-892.9837842725185
-595.7912059101126
213.3892581696238
5925.895508355663
1600.1848439415694
459.39966803238644
318.5753980047174
-3.6103098417554995
-213.969533758385
-144.98510985875112
-3.5772923598143924
-14.416595848601137
-202.8656038338784
0.0008510547760137953
811.7115525442159
552.1601545981479
177.881783746637
7.87289710776507
-85.48155466405663
-426.4524130181447
-694.3661689004045
-1846.0695333931262
-4513.500331082578
-5957.616229812715
-3219.2987349967816
-2748.676686058773
-265.3434307165567
524.6529458776771
992.6285318818367
1260.8215194197203
1281.581776224535
1559.7938031680555
1236.780636121176
993.2042564490475
481.4766129288025
934.8722577738428
1017.6205260284931
657.4180314511228
663.7617604021075
616.6308204947526
427.5304663371112
457.10593470089725
528.3524476459861
366.74566834838146
352.7635555583276
290.2894966617719
147.16453020596788
490.160103871886
236.87354140930407
268.6229394475978
699.1354656337146
266.66246411356315
354.93722141064313
85.22764336230972
124.1283895526025
321.897605348761
42.926275464591896
178.62842923102036
2.836483201234011
0.16792041363070398
29.24047011093809
-4.85946395266796
3.98584404556215
-77.21026326153893
83.19519705754826
-48.710133061697675
-4.086251761354858
0.5248163249304032
10.837877113571333
-117.14022934826141
-99.80885905354734
-43.327260443220446
1.7117889796098522
-21.6267036314755
225.3751782636694
157.82069085720735
217.70696053013486
357.28565682210217
24.321823186578477
251.959163655951
200.98380044879778
536.5134378933038
542.9899586840487
134.47448044839393
6121.047675808131
7821.08451216169
-103019.93999999999
1731.685715659654
26.104991400419856
-415.45958132147894
-1211.1019941226466
-2274.678192999518
-1229.1888706635764
-1703.4849890287057
-1091.6276038916478
104.65460169146753
544.920317733287
443.7793625978683
644.6688814498323
714.9951620821241
495.0864296997063
173.12913690216507
348.464992986694
262.7142518966672
254.91925543195487
85.86594251474513
20.77418276901069
-2.9557628263669375
-21.41063997943606
-88.06764198797012
-176.47006430944606
-562.103205187638
-547.7397999362533
-104.8473847964485
52.411103311360066
393.85716029543545
828.7421231522819
1243.9140922880606
1130.9892227296045
1615.8137741674175
2892.3260378128202
872.2524018905603
109.053227380429
246.02367376991364
341.26459340875874
42.96789378276436
-117.54475459321128
-134.7117923623937
-160.37801345817263
-526.5681485512781
-938.3441049650357
-1239.0223557763625
-1908.8288630609363
-3045.8583434915117
-977.9925215811355
-989.3642854145169
-998.6180183026488
-1558.393105768589
-1523.1527247564711
-1469.2702648622344
-72.28982870442329
-6.093784931797295
41.05317459617908
205.32310534326908
444.98806016576543
2939.618137119007
2862.5650780031433
2312.783951755817
2109.2576334975543
1436.5849905649645
1159.9972282618478
1369.9858155199995
1686.1240830142988
1621.1879777740344
1219.3576653483337
1141.3004620188035
839.696963773152
886.8755817486174
851.0123573281649
437.32814992575265
523.0958789711285
1126.0805244485675
776.3100311544915
526.2170047786112
-36.98440338093454
-6.486067030637322
-133.0427671308041
-199.28064682288917
-374.3653882829317
-344.92680463887484
-433.2134228229231
-1015.2344096917152
-1024.4955066788184
-1004.0413370674289
-334.72658899709575
-50.81884166808104
-426.9252770377927
-209.12999110325646
-378.1825352389564
-707.4631308179942
-612.0676065635457
-682.6453451052175
-941.5812931828717
-1054.7496865566777
-1129.2915944707709
-501.04564209754324
-636.6056884641193
-1239.3432905948498
-3381.3889291642863
267.85273701311587
200.7954300201807
1888.5068205734265
410.6102251145993
96.23670355954245
-18.656996113701133
-604.0517798928338
-73.86468289424411
-1.41889733691028
-289.13950644601147
-927.2167079752655
-2635.9469341110052
-996.4770524119847
-0.967374956543396
32.07038568074454
-492.2006784735423
-3816.1818013827674
-1022.0910106389872
-25.6654438314738
21.927952283187054
67.82586106931521
357.37881525243364
674.0997116409076
305.98064894518944
621.9928216255187
530.0269926776084
103.60701385498172
12.39148439693842
609.3405921615611
266.0983719321963
34.14125508397527
134.25626765026675
38.00131882071328
109.09597375507744
9.170808662747767
-159.96420284047446
-963.0280125286513
-127.06595012648226
252.00224824579385
43.81898128119838
457.4143716977161
218.59353576422802
320.2752720308969
251.5474320180698
45.50881415919014
277.95798250019413
168.56276437968864
4.4125410753999414
51.553758383338085
11.291510264699555
25.107536562561094
0.08791253178596495
19.95125854205941
16.53086592427094
36.65611601993248
250.61733003912474
165.9677857455522
14.483738828012388
214.05743790428244
19.162219289254267
78.62053793288662
0.7791024282379001
-2.4077587170971277
33.05508968801424
7.497890169234004
5.0965238756547615
-6.3620846144932575
-7.449816962677052
-75.0047003367421
-18.669339702514588
-59.44438475422646
-133.24378594633384
-136.61338683429526
-45.632120242671704
-24.081656104091437
-317.346625327761
-78.59659312857079
-155.54653655819186
-173.39860563627116
-132.76910885683264
-197.61188926174123
-336.84858863494424
-400.7981299456032
-311.4394983457206
-104.50508303230833
-274.3607052638758
-238.84087485173015
-298.21767325604117
-387.7181417727398
-149.8766254541719
-252.57411544850243
-298.46794241027385
-186.88025065778382
-112.9194764962611
-9.681312998238953
1114.2160138760091
1321.1629851720254
634.8997133307344
434.8750258147709
492.3681880077886
-78.59719924105707
-487.46524855722953
607.434937242944
604.6482808056753
388.07760650533055
134.2431410462434
837.8379790006366
225.98249615617146
-280.36570404111706
-2217.410498364805
-276.0795300061183
-5.189844588088806
-25.528103911759565
15.182181223738194
-81.22311579355919
-78.90105732520166
-117.81717469992448
-204.35998368957266
-191.1931576205788
-267.0487067907348
-67.2398562337882
-32.17557431674585
-25.441072730526578
22.088866689538435
4.868741936397525
1.1482905154306053
0.09074891253043715
14.284959670725005
-39.89447154160003
-2.2630490525340994
131.78650454994602
168.46827278828272
42.026568151439136
49.65479874010039
45.47928185130261
70.36288131801254
11.14187778212007
0.18737337849960953
43.03010966241828
5.84311994250887
-0.24358261428578346
-66.21086637261874
-107.02702813610483
-42.53964208902298
-184.47384373797834
-124.92850834772784
-417.4180446790232
-168.1838736618284
-1.6331721398817947
151.67546138910285
2086.327286809574
923.9653610240151
195.1460341695461
78.80553213909354
269.6025526166181
547.8928830225984
213.47293874540452
73.86960693801257
0.5444405338210703
177.41634043952212
208.78660453710526
152.65003814673935
255.0319419470021
79.18963020599703
118.38895935883313
181.27368000085073
36.6459953944668
107.13216567632006
20.446661525891734
-1.7266118201246772
79.46966484659666
1.3100273019657802
0.17749903096691969
2.0248030964463912
1.4179685605571895
10.885997237302027
96.46316711895727
118.05601459852558
219.4605670535508
100.27275590763121
186.30374517741168
150.4796042370939
143.9302400617226
83.85935616693736
19.184873817505878
62.10031373477528
36.27141592838748
72.6222739763143
112.95984714676842
1.0360031452393519
286.46529236941143
51.90179683080037
229.16553020682707
58.5339318917487
78.80468812465645
-7.0359160828664615
-259.03988607833594
-441.21763608037895
-810.8657346150745
-748.267921654597
-860.6464505291069
-975.139123531718
-1169.945297017486
-1149.8320573034239
-986.1910952108103
-1377.2730838784635
-1081.941784673888
-1101.8098395523923
-1189.097410822441
-992.4556136899294
-675.3355678906714
-641.5561024320914
-165.8992526922773
178.0197543015934
-5.564547514200486
-38.56725047700708
-275.3711928575127
-346.1412852814889
-689.1694553261409
-713.2687847395978
-934.461383816386
-1161.2477096572197
-621.043866557145
-315.616143658661
167.48010269255576
231.43751308008277
0.07658408150072125
-463.4504975600509
35.36221352563423
17.309794432073698
898.8273330484653
1302.0990151241433
349.4113487774791
40.438143077881534
-45.93574836859098
-159.0453962334057
-319.9379443372012
-582.2792147300136
-655.6956125436845
-749.2267428448938
-1743.8991970584923
-813.5395198516137
-209.35174528236598
914.6087799804368
1114.9369792822386
374.21077116237564
1434.2774936914257
1888.8611332443304
1164.897571273572
306.42074938603247
802.4930145984999
279.464122179304
69.270326669001
242.71105829077266
1370.3887745983614
1935.617962659539
459.65004234280354
1386.7126049167032
1311.4857380489973
364.2426572595859
3.1326580847867964
43.558564677297454
657.2897441052942
-10.12342971006779
-53.67780262753549
208.3711397438896
-253.59028298376694
59.838826173673496
8710.859600948164
7262.8715327161535
11254.249820965382
11327.721026749768
9499.861672388417
11325.756245693012
34201.484284316895
-186933.61
-102.35829595096395
-947.8259196061537
-3313.5193603111247
-4671.440975231597
-2378.470478442429
452.44580435427855
6.17245307474024
-62.14361174401637
633.7387800699667
0.06505444701243993
-385.06943760388197
-2263.416547743217
-4006.075272047571
-2317.53498357678
190.24652321336154
58.06292199723701
-473.70090628869457
680.1399653952587
2266.138209166322
1800.5263990160577
1153.8531970698393
1643.5500023826653
2321.854396094308
1506.9304166595928
1490.946917422585
743.6706764861575
685.2152523386605
454.5831633674622
290.09625924294556
335.6333535955616
786.6301502078388
572.0419130185996
232.63596406226438
124.15143142464625
36.98388023140096
10.6017287644748
95.13950618906554
183.3832457602851
197.9584140928818
372.4262869559112
1235.7128281737873
935.903218452386
315.6343367522121
54.44977432265331
4.861429932791055
-6.453974389842069
-120.83928824237465
33.89082197884479
404.6178026016563
757.8736765888129
252.43372348810618
-6.249395352873976
191.89079003959299
18.31560378467577
-3.0425234978772755
-144.44573236821716
-206.68004020307868
-292.02473990536527
-381.72184339642
-668.5006370101298
-1060.0282102348979
-1685.9289668732754
-3017.443490574209
-1253.3004097900066
-810.9943211253271
-354.39665382029676
-425.0674874109924
-987.4959407778558
-846.1576363152107
-203.64531157293376
0.7201184294762482
-42.88115765905289
-154.36894920185048
46.1456463497578
1211.0506604683765
342.3016614227112
29.26750135083821
-54.134435107853335
-581.2158339101917
-150.09747687232095
-54.80302260340704
-137.90900554032226
-109.97816799037459
-227.46454803755205
-73.44212558546415
-47.09503423089781
-138.50296593447376
-332.72823653744797
23.93357221761449
1241.8093252038072
-46.503087865259914
-3.228631869903385
2450.887312536394
539.1717846457834
-316.48349212346284
-189.0973718311882
139.06104535032728
363.57582006424224
504.7955444248256
116.58390186540304
363.70951686028775
177.72426010005415
143.75019363868682
74.82571970400728
89.81780849815001
40.887620323501
18.68447287725382
7.763366156110814
-29.419935009252395
-63.416627381635905
-98.90859928915594
-227.89247116446973
-132.3173253747504
-162.76745228296187
-76.88809588843858
-268.80375589040784
-587.8922279235986
-558.4290237111778
-423.420802635407
-815.1959464927962
-900.505772941625
-1289.7211916736233
-1317.301442314468
-958.4308062512652
-130.39563720917127
1147.092742680337
1056.6267481390917
33.826113098676004
-111.25468781655199
-375.3865494780642
-86.78638418275513
320.70684095932614
-52.75284480101501
1838.3757098458984
1095.5117114022378
3255.515035792675
1922.9821149052443
273.5645136250937
180.10023581649276
0.0019108420755618246
-360.4687328024929
-936.3104530425359
-1038.6845240950727
-1418.1492698099412
-1194.1746196386528
-2376.063299008785
-630.6085004420374
-6.573894330815072
-271.92439137659244
-409.54241202830866
28.87602508225404
427.24263163833825
255.16094410054353
43.948218451818356
-12.005446842925174
784.4596305008419
460.9054015498814
753.773216701919
1287.0622730207947
579.4862663366205
0.9375440148215763
-16.474100879037643
-53.211361185254
-146.2023319085488
-1298.2500967707924
-868.9362709844036
6.761694821877316
761.7779688171131
9.965504778369674
-385.5928239404182
-2158.112569623888
-978.3575731939156
-68.25984964817664
618.7371383582322
-43.98952650471498
-327.60705323337186
46.480997619036145
1.1051150523173259
-544.3846109072442
-2472.5939360911434
20.65515764065632
730.8896132999008
957.9448700977805
790.0730189118076
355.2985896961435
250.55510205648662
148.2458260810472
28.34194391985764
390.2738831551817
141.0210378346864
286.96906098205193
7.481548056905211
340.59424279977475
1102.5039903163993
917.8151638271881
329.07015327865395
89.92774463541434
-132.94264442012093
96.25920182594791
112.71021925245502
92.47810279018506
352.6467606809695
991.4925839120001
0.8405067405649608
738.7169986497838
2005.2860120600994
4498.857420625922
1703.107153469978
1339.1186288543395
708.479720019375
544.474932363524
57.95690036658261
-111.54971755275842
-671.2438302309304
-2076.1153495169983
-982.651646098954
-249.06700049019616
-70.22857383329307
-45.145683258547535
56.27405649105121
127.53670777882927
70.41546689761653
12.305663761699332
-89.30840444410948
-30.144804747933613
-236.11087799739175
-605.8119901737939
-433.1670153792218
1.3526316079471299
-153.37019236963712
-644.6552654409661
-2112.0783587681726
-666.6052592848703
-489.9986036722303
-870.0903423766724
-2323.553210293927
-914.8144629420883
-215.26744042822122
-85.09539447207167
-1.0644107522578006
-277.96712576595337
-147.21325637617997
11.844630190423862
266.3918208280594
389.52800775763217
600.8336180079776
395.0983419483604
514.5423958634516
853.4369632123368
574.7892734948841
717.3290284061571
1864.8830287456035
1586.4996987502936
1780.4830699534725
945.264647032555
360.21318196615164
-64.69909386350581
-165.8095206526861
12.70492138746282
44.54645137241775
178.9742110784781
37.688642866415634
38.1201660495529
107.19073621591748
28.500886371057227
37.372395619071824
41.54049568805338
50.739814984994354
7.584225964759888
46.09158143575504
50.064798421132025
7.988261494648632
5.096842188331714
3.3654661403058763
-1.533568833824786
2.4667353407786283
-0.21576724246624734
0.16624910640552967
-12.55078992507131
-11.423537571870789
-0.7823903783753811
-3.7636226026606234
0.017751273605990804
0.05394982023051714
0.7332216446292648
1155.0993711822616
1275.7498906488515
904.2953565481993
391.24050197110427
2.0963766252061182
-2.07870657091673
1.8512096170568528
-0.18669139169065455
-76.76428202487017
-58.985032694122346
-117.2377531041967
-242.88363559501434
-156.67612027882754
-266.2380844168088
-200.8741134081374
-229.56198195458106
-221.1904324027945
-200.13923431049437
-235.50209466354713
-299.5344268703471
-195.3070361113704
-182.24602415258275
-219.72294174857657
-158.61175724099854
-620.9991852682394
-441.91433315451184
-412.0592293301531
-480.02259310768216
-578.7811221829545
-532.9026878072003
-778.2307729625162
-831.7732359211648
-986.0440742624759
-968.6842236585701
-1381.4010667176344
-976.3682204368915
-1424.9383199832387
-947.3869018823434
-1602.855142946072
-966.7668417631996
-530.3211350046975
-1422.9404719314232
735.4143108942889
171.4412215442551
1219.2640500335665
7485.466039643568
9003.109866387425
4655.543564379306
6557.456226791688
3407.609244631954
6804.207914768742
20293.214788188154
-110633.36
-18849.93
5059.117567507091
1090.2558544434262
1795.350550294766
85.67564798838235
81.17523105237115
254.84710586117927
64.6992092151884
1334.0392091423457
2710.96657324813
1297.6141098689598
855.0060392744961
339.69030618452194
148.13816498584438
64.12064333187
-38.14881242163258
139.556732510178
397.4551757526692
6.9495018362164105
326.2313026775238
-327.32374771089076
-866.9739019669904
-103.27496713651048
-95.19077027457944
-284.56740868555886
-37.62527684175289
523.5481926160779
1239.6915032580505
106.34766076617004
-340.6786508922437
-43.81907611059176
91.09739454353806
-59.45440853817905
-698.0377943189962
-0.758461281696661
749.2038859468018
3038.160620742751
1694.1847175883854
578.6280614579904
327.52783552712003
113.53620101998166
52.4156405899061
88.83286707079182
-1.6669329918211948
147.85749388189367
48.14903098222
37.48147491448874
-196.11066298029903
-69.02041477548089
-741.6706946843992
-787.6355459188464
-1348.568834418635
334.3580688665181
79.37406294601502
-353.6396278725074
-1600.390690890797
-5869.432344631066
-2168.583571092368
21.887064714142493
2154.374592544105
674.0777346533885
4.724313831767934
350.23606016676325
-4.379019668057566
-123.56502926449033
246.19470513879634
-3.3784998346493786
-356.0776739825949
-1085.3943942727658
-2.5448455906092926
4411.92705488847
1785.750855107108
876.0241724752561
1840.0829961152403
775.3911040043611
186.3703304129586
30.075533926514375
-315.45268096380426
314.8959502817113
31.396276441320044
-42.80845015084877
-54.109786594218654
-166.92926910972977
174.7957489806454
100.64437750341729
-51.67418701235529
-299.33461513767634
-698.8747511046333
-1170.7243205678265
-1624.0443363558497
-503.4358164814497
3118.6191413412425
1883.1583679211785
1182.5938420602647
334.13559693397167
67.46304292159802
-166.90707442345914
-541.8065239536525
20.248393783936564
95.59733202510084
-182.0024302709479
-314.78358894245645
-2198.6768418556644
-1258.5650853475304
-2926.1022071348284
-1540.8710033734565
-18.298509298375524
182.18344310376827
134.907483457409
424.3683465594661
1222.8564439141592
2097.833897431876
674.6863403828311
644.6867705517197
206.2634270462495
62.98411644200307
105.81903191638406
7.5877648057073745
-398.7798146304966
-1618.721879752958
-2984.7181859318553
-35.90737643474214
972.9948537797181
105.47763290817693
-6.569371330728081
54.86461448258123
96.2302897405028
-16.626878336444392
-1188.7271811542823
-2914.0810788335884
-3305.831082593504
-377.89900752013887
-764.8697470114337
-89.50957980417014
-6.252443495594701
-572.3099877206605
-499.6056806145958
188.48424646903635
70.11393994499386
109.19793406812197
2001.8877718313954
106.74092726619764
3.2996611003192076
-385.54936462768114
-22.464404906132536
-950.0660607499781
-368.32652833669795
-536.4462729404133
-2313.340959337457
-5966.673769522569
110.90759693227105
128.4014740530274
-395.0823364719921
-742.6215554191425
3.422584994237977
-10.85073931648122
227.67428007605213
966.6515025161488
718.7966983746503
588.1805881338438
388.3118655767617
158.657453269218
59.61605649566778
11.54351024909414
-48.56644296570879
3.5611857289816693
14.743385912056869
306.33493190369336
288.6548019349768
165.9131290862362
44.08771355513562
48.04144347272428
35.58012740704012
-0.00030470546325998057
96.98694941989369
1167.1600088319624
166.04386015954196
-3.581555692897563
-163.0233633777577
-18.076635731980545
1333.1900424627797
660.5871307442933
4094.247910849884
434.2617548360289
385.94730002821757
1635.5625575788677
1073.5891439590325
583.6704355874239
494.63770684894564
306.07439735920957
191.56493131322702
25.425611861791875
-9.017880475319465
-5.278983246829103
80.30522158512545
-1.6116638580499663
-123.03191665913849
-725.5486869150037
51.55317081093699
-9.60265928876293
-0.20952184636702206
-127.38517372099977
-1527.2625531398294
-1037.7376912215286
-114.45983207793176
-54.13035356369531
-29.623502550296642
-22.148293661916796
-132.5447439403012
-35.46277615213245
-56.6319158193981
-50.395657974581766
-32.15539183087967
-50.97395348448546
-45.99534188469349
-4.590193112730263
226.40656422507217
1164.0578359096385
1296.415233236673
307.0641389388008
3.3891201132288646
-19.174781575877194
195.4915942830996
98.27002036428209
67.00690827408482
49.382845436765386
6.945379633994563
-12.014312999028254
-236.38494696727184
-1086.7633661732493
859.0053030119282
1911.8985705993787
304.5068726442697
-2.5162922539279142
-828.0082775830051
-1843.9867019169546
-0.1720350575219503
251.81420324178117
461.30150384747776
210.8039005416315
250.5476369385579
50.71697740706706
103.12399718899184
3.1322394059083076
10.07460218467239
-10.467531366672832
-11.34098414870072
-182.63330925741553
-81.1650044117788
-372.9190939522706
-276.3670272294753
-88.43559053224615
-1.5055344629473324
-32.451888855505615
-111.02997606927377
-43.1138601341065
3.7925120832470434
82.11255369189882
0.5435815542096488
76.60313137464553
30.848171010292628
-0.477327040145926
-4.0103550214684685
-130.6155576658028
-82.07211338884937
154.0461123446056
125.30984024620338
51.822513125649515
-5.5588891263437645
-85.77919194810583
-533.5550427375865
-1157.0692165772662
-614.6033323299062
14.520812352386127
31.553798648017214
194.44056206146274
220.62174691991302
116.39870009030727
112.70886012030249
131.5892575384192
118.02843667643553
46.872640459478525
98.27315097172638
22.372740741728403
1.519819745966672
184.77772566726912
6.8471003056078645
26.018633609842865
180.8961507996237
3.1191143414455436
7.956664728455941
21.366778699687814
0.4267265993530274
3.518619119841766
5.329060302521578
22.37460149067804
16.84194997864499
44.28229972689516
30.520875244528
18.994477032202344
16.22190633622852
34.326166528073145
4.007865932134193
21.543547491522276
39.767288882845854
-11.75587768040975
6.094869804321316
0.6552507305315592
-0.08160062699939216
0.20705793339411013
5.702367102958883
3.4064979323438696
-1.4140676208400589
-0.25517103243637274
-5.013465747285047
-9.91981248116546
-1.7894311835677883
-19.517613025929663
-81.54702132004925
-66.58004037202898
-108.56087907088593
-204.06787077623997
-183.36162267905053
-105.90635448341445
-225.52607314508168
-319.1243090584997
-158.22950672542112
-220.02546259370655
-508.75622109236747
-191.73823691284238
-385.19579255064224
-349.548591731999
-665.89025896077
-633.2367850789358
-905.5615928053912
-682.2257284604569
-1310.166507968876
-729.3660713477473
-497.07214593988704
93.15351803957273
268.67764755699454
100.42027666311995
62.9029392017669
-4.750431520613967
53.22655365889557
558.6234125178346
1073.5701401845445
1530.9547322643375
3878.0332229280257
1668.1744667228495
1022.8495143257118
207.8244741550591
119.83656667709289
-0.0004063932934696405
-8.240816752647733
323.9885616084169
3365.4575562647397
502.84510033010633
805.1101617932069
2236.6196682036402
837.1811217588861
274.1995313702543
35.01958459044553
65.3642657196531
34.99459961126766
1.2010363161467963
-0.5133421571326269
-65.42764134259613
-155.29437518592238
-412.81427307519033
-463.63167136559974
-822.241093136415
-1064.1203406885443
-1898.641198835186
-3493.627881690174
-4818.594481543854
-2470.4218302288145
-70.15899623603049
-7.130681757495082
12.703957345046936
-0.10107466970881591
-25.058694828649127
121.98275505243632
100.24885427491631
-13.835399622388987
292.82364238018823
12.189405799938292
-248.70082952726753
-2220.052764105325
-121.91213463208241
-0.07788855146781543
-320.1322457447427
-98.21170982536316
-183.6090958401256
-964.6703064060586
-415.9408395829241
-68.96903256850555
-370.58700081244467
-139.73109552641202
-10.215097223243072
-3.0703313667981735
-8.766277603784475
32.37035982668681
678.8864275826874
342.743048840213
485.8859279353478
808.074770852505
984.2608521079807
679.4660031581619
1036.500189720513
1764.228053160144
648.6275683116781
339.94267679337145
944.8987604932242
433.7709006500403
67.00054502145444
39.0685131164894
-4.264932184345313
66.00910455758651
1264.2389528140793
404.582676169
36.81997669877819
466.3276998021029
0.014048306223153425
31.36030060710906
308.6390072879007
-35.07900861649742
-316.0223504014695
-128.6931718376316
-99.42185320493165
-268.6242685673892
-95.18885773751565
-114.33394345339893
-369.37463220014166
-195.52031787006763
-183.83613781521578
-113.57744031086594
-446.0269658392228
-166.99597786585485
-177.42159837378188
-432.1031256288469
-353.4015772164517
-18.397275390423758
-44.82300150248073
-11.463441077389271
-0.5921612347683014
-52.480130929958705
-3.5039286443436626
-23.671596307150878
-73.72899038263078
-271.1949600795725
-179.18072844388772
-320.4822291277859
-567.9639142180037
-426.8746753041214
-852.3288248448881
-1391.8638451565387
-1437.1113230289461
-2934.6412474187728
-3656.857511684174
-734.6263560849886
-254.40142697834997
1974.121270605493
-9.655919831280496
314.2345560934157
452.31442466414154
47.00341923732635
-0.44389220963436454
53.9431829126343
2836.018116152387
1004.0997516481876
602.0755982574202
67.14061849374832
-131.79963637811488
128.5941039080455
310.6309143573178
133.20780410355246
158.65583325284848
81.02218832627214
-14.75571403276334
-512.2836105176734
-2901.2928847074636
-917.2227530277577
441.7977333836505
1100.0761910659103
1016.1458612677911
196.59847850224355
-115.37842911432924
-1051.7725572331117
-902.8201547432133
-1024.8280086224001
-1445.358457384516
-429.4700129216869
-2.3068046041064907
1103.86489902734
25.440351360994768
-1002.2475071669977
-1455.3396195664836
32.295612372619
789.1682204902454
-0.26429192404651564
-630.8358029312905
-262.1793713532809
-111.99899503207054
-6.9310341595377905
-231.7928147723678
-983.6502378893795
-131.12770605898788
-896.202666952327
-2839.8466577145673
-3191.7268083978056
-130.95692318510913
760.5139836925966
2511.8190511843204
2243.1133298079303
2354.246968085106
2024.1835586650836
2084.4684740684397
1582.9534721369187
1447.8077569065645
1251.9447523650522
1347.278201629968
1027.316271695116
689.5685173978591
481.6950016489308
535.4111987473716
458.42431493284397
465.7390396678424
314.86558650181655
261.1943646513541
286.1386423502387
309.1773632004214
169.5156305636706
178.9579368948223
80.19324517114215
176.33268001008216
141.69135094303928
57.200727220722484
124.51459686134449
7.204120772473181
96.6718539729013
2.2531652292006967
45.26757915340532
8.856811619819968
7.6257978966397015
0.20499303633123528
0.6497209983619336
22.184115106018407
-5.89261650294367
0.03660269218571946
-5.426485354043886
-6.604669653270565
-29.265167147207038
-1.4681722222950453
1.8868835031926303
0.1719374516478865
-32.24083275248747
0.48775537235239164
-0.355181752853433
-2.6321873677280325
-0.14713385697328463
-2.0661511456046617
-3.864079694801238
-0.12850225511920763
-17.571400014457794
-5.721752022742892
0.11348596776546016
-38.56403527812539
-12.31062798573673
-5.1807405533817565
-11.899015002323335
-1.4200746928421384
1.331629941687882
0.22912347866043142
0.03332030694727328
-12.711338794848245
0.15299366157870553
0.22447134274884473
-15.036456767120464
-0.028676433486091717
-9.541610797199127
-3.415651556654427
-29.168230347828015
-12.814165349396001
-20.358405637763486
-0.047109192661106386
-39.468529062546
0.8514346860538764
-42.294503599075036
-6.897081956062684
-27.010228989536742
-5.136694359954469
-4.6139654468502815
-21.369235232639753
-1.408319607980612
-5.051167839446819
-31.300712892375454
-0.5118859865943861
11.588991702858472
17.815282734726672
38.22955209342487
21.78788528419914
-0.6803108845949174
0.30825246279571433
19.506546085280842
-3.408751812197342
-25.425128289154042
0.7999647468511208
-8.01289713232158
-11.676466203353158
-49.591590502054146
-10.857013714009012
-52.15163201492253
-13.6415843096768
-11.168292659869888
-15.985484668034825
5.979200954293744
68.08312975258963
56.532417777139116
94.00315027039841
81.23908447706754
39.231051670062605
137.90718790589713
143.59346752351337
28.734260237377136
140.22370417368555
83.14462903876837
110.79378994770826
57.48386839151436
20.178258442103125
97.71953956201749
8.345267459897308
13.046464557015709
2.952718888822228
33.92770283251406
-0.14501011984786563
24.208884317447257
-1.5740784701443926
0.018605607948363866
2.4861120440565783
17.66791781647995
2.248959144574491
-1.3531953695121477
-21.77405352929869
-1.3073557399575466
1.098373353700603
-4.5980854742865365
2.711258933545704
-1.5436845054251023
-3.221590762486729
-41.03580650500805
-13.936140787126586
3.133693729857922
-18.985852933553524
-27.74898788942981
-45.31825770519679
-6.104162931268242
-58.76389927729865
-102.93672429441561
-22.791502759822237
-91.22489862879729
-95.23519396629175
-58.50809921722028
-60.41458289871626
-166.47688562191564
-124.47244479012079
-169.1575401709255
-136.62394574069032
-301.68395523084763
-181.06652757434134
-189.68258650272458
-215.55501209965746
-266.79397892408053
-326.86268568216155
-201.40073793863306
-327.2459257195229
-744.1610092418402
-489.643520714665
-980.2606364009472
-1121.9513907803157
-1320.5161817365492
-1647.8341201262238
-1334.4440366929239
-204.49773858150638
68.88554838199178
1020.6184567734147
667.6453778221844
6.179487674555105
-0.4713557814838844
-34.25365210011057
-61.389705558303476
-201.98867247355
-372.20646658494155
-276.11644733927005
-288.98186639915633
-292.3970371245734
-533.4207837529887
-697.9982748404552
-112.82324392918294
-467.16339917707035
1282.302215504539
2849.7534562932783
283.05758521734106
-79.81411477893931
535.3052026548427
264.39261416226435
1977.3434322254573
18.744440513706145
102.25242081360689
140.0831324318032
38.84379047318225
-650.7789852321725
16.723792945476173
2269.634872915927
51.10461118064604
-883.9357730989796
-1377.4495394138576
-37.63196890911688
-41.704805339327535
-392.3952926748796
-177.72492254647887
-331.06089348176624
36.53224809926884
553.4685549780196
0.675921330670701
-2.4329339513784642
12.649880710876108
710.447987824307
2978.6511112874423
1910.9264156612915
946.5479894722497
533.6473936355637
306.4694699381914
468.29486346181915
448.1408786153696
147.20525247527178
0.03593109197664386
-207.46808599797203
29.13465164258502
30.628003387720447
0.910266060858504
-1.132608752222748
-144.0224580062156
-217.28368561616753
-69.76424310134041
-151.38291910123124
-31.584727738366574
-147.94887328369717
-1049.2221116719927
95.34014754080349
-0.9935853171708052
55.19198218973694
2.0712249595377603
-371.03521841132397
-543.0333697909374
17.369318499353312
73.87055095031849
288.5943596179849
285.9654749974722
24.752136052438118
83.68248945147681
18.482162140814523
0.7781179553284573
-245.6756461120629
-165.00138880570307
-1012.3687262584701
-722.152998507257
-320.7316790411455
-6.238820660153591
-159.66647997735043
-659.435158791421
-1688.1799210265333
-4050.154376355542
-1007.3631384905584
984.2408051545439
1592.8158713304429
443.96756908675025
844.7006388952125
1.7499703124480717
-576.5774596059762
631.5450452841487
459.2999846751741
290.2110646040984
68.57173226380975
-81.35784656016426
-0.13240251480627388
47.415873557141005
1229.6424538415436
3692.1301539716624
616.2568167637003
117.06606099218307
-158.8565742725316
-583.9650196649545
-21.03262201521945
-5.906279601844751
116.32162416357208
31.029102223350904
-17.669135817533594
-716.3640807825716
-612.108742980714
-13.165241891812597
28.7438299153553
-199.0757233535754
252.2631098978991
498.2762461746627
0.011427191339489827
-6.572293225864762
-1022.3823631122257
271.8095356514821
666.3833511774767
185.59649617138427
49.53272689249732
-11.222789523835376
-585.8745770629284
-1064.5135892838632
-901.1777695099838
71.06071312135713
2089.999192676516
355.16280565847654
-18.635017076995897
-234.79441247388604
-1237.1389744618605
-4508.852979790989
-2783.305300504142
1145.5231701100824
1677.1170789038663
670.4512215215011
1355.050632794372
1308.6485660503117
559.1566719515088
346.98798261455147
0.9653088719653093
-412.6181304769844
-70.70681766658429
-238.10591992071346
-695.0633186037683
-1894.844860426451
-2741.6459393831774
-2681.712489406012
281.7874458284361
2487.235176175792
1819.3417516172594
1006.7738162483402
599.8907986626674
243.1257917329147
98.75079577848514
91.71039698296869
-5.173285399993517
-10.121801034952197
-69.69053070050006
-145.0114170940089
-696.0123576143544
-231.27489985715235
-15.833887169013158
-75.26924955358704
-55.55636886335458
-610.6309815763941
-61.23777078612554
471.6226735858639
595.4707539656941
9.841764432231685
7.520152074084796
96.1647739746162
180.22813540075816
24.39229330382478
-1.363498070879248
-1.1135350284600871
-2.7157177978235887
-622.1833832759692
36.004949700828234
-5.925760344701607
1.7348289270650548
34.772401515949596
-245.22165838852158
-175.95315227644878
-12.295110299677356
184.5514443862329
1266.9648208292485
187.92253827685317
-119.1263699022834
-1677.291735835784
-104.79112098367841
-159.968848117639
-75.72765132393303
189.30132484310442
-123.37236105345966
-1196.6271736415902
-1890.6186739640934
-250.59456921614182
-1322.6930049462217
-686.8237815586506
-233.43341211226053
624.4505092456651
624.394219547061
509.71235334676237
224.50765101661864
348.33626407459366
359.0235697807856
243.1708129817529
59.01690101793295
83.07195046981992
611.618743715635
961.905103034995
868.1597832808557
651.049286606655
661.0342251997015
390.0086357934757
442.95744038807186
325.3094849481963
178.28279553677768
100.02874618989982
31.03273030828239
4.307818824498105
0.7011885596438016
-0.06465091531909675
-12.521930384070195
-28.368055023382198
-37.61171050554995
-33.54700631986418
-38.48098010886844
-28.691575318022423
-38.48250121141547
-148.07123059339955
-148.12531922067308
-253.14969373015603
-224.42442051465477
-87.3962378771373
169.57423776784321
78.1381582188508
74.32113693773069
2.9940046215786515
3.007765286674555
-7.815133563274762
-121.37617939267426
-96.10982872677276
25.963020888822395
1301.9977790296957
546.7093246637735
301.8128460423385
3.4528860946671016
-8.754568122535321
-127.48450320726641
-143.93332825855688
-271.0367162852948
-593.7845272285286
-1284.242655653789
-28.122881192782998
642.5440080697385
835.4927835850493
1260.4858009956326
2351.948692101933
1948.7402136763865
1188.3639706705658
911.0058317573685
722.2111905431457
522.2606086547953
304.8317795404022
78.27983622586217
-49.70050648574616
-304.0196541090424
-148.06260132596145
0.7645740605536722
55.3683435328576
122.2001465401307
6.503291850032972
45.91591593237275
-1.9953812952295553
4.111817528330294
-1.2284854827185856
-3.676641639852934
-2.453557872175425
-64.64220861532698
-51.62407317934903
-116.45442117613277
-295.28868820160255
-340.7960596099652
-327.1626961341495
-742.8450792277562
-776.5580280883939
-1144.9128897101975
-975.7818247485003
-1862.7026259153376
-1706.1610581665145
-1706.9447141173237
-1741.437784307166
-1882.0384152946515
-523.9827963689473
-479.0350154194142
1.0478724169104734
1627.5786699012795
349.1511731338835
1550.6692164059964
678.0059613381043
49.5669913687795
35.51133131656406
-193.11124170400302
-770.1151139576289
20.58721004211798
63.56029646640796
30.311110239468803
131.7098782328249
1481.1792680431527
267.0351768682544
-36.256848690794214
-116.42996353208511
-1260.5231983913695
-817.8433639904658
63.035368942286254
1049.7420214472027
350.11592844927685
99.35158479462501
104.78025483511264
57.02700190658436
0.4001134513593526
141.55155554943633
385.6208726623947
2929.1503010079714
1286.2172361934133
535.0106522731363
52.22583283858409
1.0032465939777386
-36.6254221697464
-127.3059945502978
-550.2143192002667
5.099219317640994
1229.2208006525061
556.6893018191852
1139.2927019597207
509.03373089773277
140.84998008021518
7.405212908004142
33.51934571984708
-75.11077644913156
-564.6964482029948
-1762.9323186237839
-3204.96006105189
-4107.302211688395
-3601.5159512339387
-2075.858052616467
-1.1251562548983465
140.35133111624359
408.64676790340957
1919.6665294283732
1239.4620425090393
1643.438098386175
194.75679056407904
94.42736264532972
17.526280888508637
1.331188988636494
7.181221638021262
-134.24429264699228
-189.31584996314393
-110.29793341254911
-435.4839003211108
-1667.7614631096667
-3960.417170027619
-6402.4062069644515
-1493.0711835475076
-124.64201739172204
-5.148796254869118
-1.4960761328822032
-54.55539432471755
-2117.2185921775863
-1314.335645531804
227.98271171596664
416.30692502908016
612.9210389292317
372.0207483535044
36.6414594557138
-6.447753677779218
1.0368724312836748
65.6608467301271
235.1587935815979
121.05506432032786
98.74793420255341
46.837947466954326
-0.014739051784145285
15.827372734086218
56.09280736982356
837.5512970865063
547.3119448230493
1044.457011298617
581.7230012247005
332.38260949698395
565.4317774210377
454.8422358421777
195.5122508292575
247.67045724074177
318.6025532163629
313.93681466647547
508.96278191726014
375.22913842013304
228.7782133278663
287.7550980271772
185.06720352665485
61.29110668454298
17.13550591108096
61.17354570161589
3.6779137822297643
5.961395204873831
54.561650040333184
-11.236423826289904
-2.495767636841516
0.08705574892467569
-0.4918114750789693
-101.55190219358246
-152.432339587532
-107.65873792168244
-367.0488783244124
-242.34871329151073
-82.22248425780101
277.2674617444369
4311.046132553888
1036.8240688015226
43.01828714984789
-177.86637795089274
-1060.2960191625557
-2755.0696444250975
-570.2596289508908
-5040.717828630381
-1716.9806449176717
-141.6348826241881
-0.0363761574557216
186.71481056120257
98.80418371819744
503.94471192420775
444.6282471412562
269.1711941937426
189.77158077065747
227.8866059343497
275.744683964915
185.09665543406538
8.961454748115255
52.979226106738565
82.20041617365072
88.9835676854457
49.74804096763068
31.599081753785953
23.55818341173764
25.03861181454844
18.235184644329486
99.05254956790884
8.146058206887506
7.169318730425896
-20.92855809479329
0.1550080495144843
-42.40472498435221
-16.76155611878923
1.0935166122437712
-0.8435448028734706
104.79147692749179
20.93600672228809
-1.7766767271499964
10.705918060222928
14.32567475471407
-30.373907548223603
6.10221648441542
-3.906688004941234
5.514313031135594
-4.874752230319292
4.6964927532641214e-05
-0.060072142939769625
12.05455609422236
3.0313474119846835
10.336495514132727
32.06199198544092
-7.8196910769176995
0.04748828839075926
-5.058698748672146
7.615725288389277
20.38802321453504
-4.248908405948415
-2.2853010956464295
2.7498336022374246
-15.770733375462358
-17.601832550989936
-165.75311436807084
-125.93270419226359
-2.391191045111256
490.6846768270855
299.4635651420352
4.351167139613228
277.4396482366948
403.54830430558707
280.3267449090566
111.41746281599247
-1.130610431272474
-39.49742741425614
-47.663112464720825
-122.37774871352401
-104.44727216962463
-178.2378223717158
-193.84783754332932
-179.5413349806945
-379.27358417557775
-448.8136503095705
-476.81286449731334
-378.1633754272466
-258.5379891398901
-808.5256324593327
-461.4073614326204
-755.1939611922912
-663.735833684794
-828.7470647125652
-991.8028815545586
-1225.9022606526748
-1387.7724702646774
1741.729187413672
4447.048387434819
1947.6190870159471
688.4807941912454
26.40999475267753
-216.51206060409524
-1015.004907241122
864.2977025719614
708.316348624015
144.92773417260375
-17.000454584375667
-1554.7180721359612
-3343.201476810911
-6052.532790133122
-178.91041360555
-77.55384550514422
2.440216836006178
134.4770581516135
287.8501309062404
332.43775755185527
220.82889398253752
258.00163885179705
312.09698452051896
478.04523356737946
348.97291278713107
426.2961387451853
274.457151445425
384.7927776937452
307.4305952203763
288.30516978956985
103.2655708777093
168.4269240210424
128.20356434985277
273.1675006569111
66.96115079987379
95.16991708894193
43.50978451808929
112.41151493043392
20.010519192335813
125.735955456234
15.993052921004505
30.97569661338595
9.762186944847024
39.35523957940498
10.860281982079838
0.0478385927975673
1.2595591903211896
-1.033121929021802
-26.0010299837202
-15.718997876582124
-8.195326456069045
-3.2026844945932
-36.383892560547544
-28.462163057869876
1.1271576308130884
-31.019796410597127
-26.173158736523824
-57.83673171502266
-15.43162322715046
-98.3215798727099
-92.15484695873549
-24.096893876593505
-92.5549697495189
-78.90512363063078
-137.08202590059906
-183.67513497149062
-309.1653375863364
-157.8088299560266
-467.9170873908692
-576.961589712562
-494.3609917726612
-493.9054318755606
-925.0048025429406
-608.2395716957716
-843.8781004466832
-1176.261056321668
-1316.3671656713136
-1672.3752791619802
-1544.2025152395497
-2197.090837706719
-1631.4205006518728
-1532.652302051723
-516.5595046558335
-23.971720027463807
-149.76037744747373
-511.3795942219211
-7.610644800839054
502.2283429249785
1017.5137307717603
1769.153239004306
2122.777268852691
360.1519192923298
383.4196073916442
3622.252549328719
1544.1387090829335
437.037306194391
47.498274326887724
-97.23257474206663
-1470.4406974301128
-6.4572489751138775
992.2980433544786
0.8441813470043378
420.8486265975405
207.8866574293606
-133.24554352929516
-88.10580779250445
90.47401603613068
351.54006812536784
311.6514901590937
132.51373101592603
3.4084372491165835
146.62629300875625
-271.06738608206314
34.26399951164865
5647.744836625327
5787.321631749345
3715.6295269182306
2315.2361105413765
214.32407434774382
1149.797645687242
973.6490966942622
4596.201523388069
5184.736763482744
5663.9396986806005
5347.698145416626
7042.892675775871
8134.536314778765
14322.37813747188
23579.124073694384
58640.06184495444
-259180.06000000003
1970.3264536173224
-95.53128929535154
687.8866119837278
256.56972915287685
15.141110402594744
-329.06796977191874
-163.48465517555283
-28.90145041849523
-782.820394019602
-0.49706221345402096
6.900498592588358
226.88297993856844
947.7996160007535
637.6629321155117
71.28424971563992
-90.40798708391398
-494.7567834782702
-1408.223046176187
-2972.8949627134725
-178.78140491114019
209.82930046878488
-24.00017034358538
-385.30891753572786
-1102.5483710360616
149.5131948200446
1725.4465204822673
1045.241076890801
-124.71916650115136
213.45737318461815
-42.627712648204735
-1842.6576676796542
-307.65933030750693
-189.17353334078132
-2.962185148985693
150.39147979925175
223.2249909309776
426.20880768770326
48.529200113521064
-65.0253245127836
-697.4403599463949
245.538086764836
361.89237447151993
-16.830763181220952
37.42458912984594
217.16502202862358
105.11764372973961
113.96064898172547
15.808816119637449
40.77382264438432
9.656087951481155
106.37476221874297
668.2384751999605
381.5854133183906
291.0434482793628
237.93204588754764
4.24001525666173
7.24741016666227
-28.785268454234654
-107.23208563918544
-451.1167623934898
-342.493812515056
-403.0314314428274
-423.09244975478435
-438.1659940530635
-240.00245299444623
796.9081518387999
0.020837369788343118
70.39505220882084
19.356815843119982
-6.4073436114766515
-86.98329652863204
303.1139284833565
102.74241710676853
-23.429464222054982
-361.81635762845076
-991.7398382288394
-92.6252584541934
-2.628162879787184
-0.4625285569850788
1.4009656790943994
120.51509748142536
172.31277459563853
11.676598540851264
-3.6997656002462436
-59.798776802141425
-81.65255261672692
-40.3597419700581
-141.19001842608907
-308.7323851840437
-415.8436853015023
274.9508234088511
335.1835238055247
993.0070670066627
-0.4737322578226388
-651.4951692983227
41.51861474790112
-523.2840902941147
1053.297999862351
1251.5988198333832
319.0020974160501
16.06302033578364
-35.44071471268438
-24.79629915074673
226.74566824502853
347.4811201929134
-104.8555676872691
-0.30755609738892686
66.43029507136274
434.13834343412
58.23237429607795
-1173.2866859571259
-4624.132090040897
-1116.9498891463772
-2507.5907666104467
-1886.3280191501133
24.700606291828652
-14.435428896037495
34.869432778344176
828.8961887225369
749.8222645216977
32.89680119573627
-743.3715251147113
-1920.6145859043882
-894.8923692442746
-140.73878153646444
0.6533285138099645
126.40846468480443
321.42608587113534
324.40038612778505
-325.53339427945957
-1900.2406795942356
-700.138535439548
-82.98138322422294
382.4136239438389
508.2039446296829
516.9095478061304
2613.4322160042852
1066.4573854258388
1934.7886301543203
5616.486466903228
6818.522558051291
6518.259931998572
5136.726524329188
5351.919439587982
7507.95045063565
8751.637103677323
7120.495637716445
4428.133858017733
13829.684001992176
6695.042229529734
33044.69369394665
-193127.52
-0.8156410095365426
179.52534801322398
22.708007952501216
-416.411405390925
-378.9984384520485
8.672708001959604
45.07420506304826
294.07411636904305
138.38574986960896
1485.447774695555
926.4099821535315
36.59601779975617
1457.6381002745024
2159.9365206009325
1778.1753313912427
1646.1336785452906
1237.242496534211
655.9768512112762
10.316889298275358
-579.0390960090514
-182.86191490041526
-2.5904139422723533
84.41042296728051
-86.23084830572601
-669.96
-8697.09
-11266.93
0
1615.6773768483263
315.745825293219
117.25530436355402
17.125019271158013
-51.79581454450154
-66.04925971907072
851.218541727118
503.62983492062193
-7.261691741971885
-264.62085586732724
-1121.2649895771422
-2118.555139166311
-3891.1629297385944
-1277.3267257717393
-2305.5942886732455
-5113.012123284925
-209.30960272300356
40.721661033959194
48.099069082178474
-34.75518672625024
-252.81221167188767
-48.10407440987947
37.95481860384399
-185.34879376463965
588.6447639425004
1820.8507186209727
91.51905434458163
-296.11060570425474
-152.2870447790014
-147.2631940786237
144.08138611925978
109.41245260701346
-54.29924967796637
-13.964851968581815
3.5002567681959844
-459.73751269669424
727.1956921189669
-68.65489386798595
-617.7806113667185
-4155.544620736661
-393.5836045692223
12.600116634706094
900.9601572612407
1601.3781921799496
1290.3290226230552
1176.9908792747656
1068.3859574989065
754.3467042782514
474.88249008134255
315.52550352128725
174.1779684752205
27.696754469191788
51.33388929491363
7.516467518461213e-05
-10.664239312483517
-224.42306905872704
-220.12903712082945
-61.74120851849325
-13.250606117159826
-4.191865482945724
-8.070512884063175
-14.98216440330198
-3.071099768248577
273.8239530753676
842.0126255365396
316.0536943099804
232.7186078567875
1058.239442759139
89.69648179616435
-2.523953808969182
1066.4019124441186
2303.3779193664413
150.04737471575626
-8.819314403881851
-322.87124572559867
-850.4156160415538
-2068.7857739352407
-142.75347981412293
294.8211657817581
-18.20809385705116
-44.039118327795606
-2.5270373501670917
-71.53609496456488
-231.46051071606067
-396.4219376477445
-898.0324547457228
-611.7076968890815
-0.8648897683305755
5.336832499663867
-190.84769782517867
-75.5252464013733
-0.6660690893530361
103.08105621437088
-50.072960965981785
123.61001805259767
-14.59661365577893
-184.57710830879458
-112.7301554488009
0.728158363760337
188.11480564437355
781.2582127630687
-2.769633112056336
-608.6207029092216
1213.509436119108
2516.966960747655
3664.952719007577
1082.4243117796811
1325.3845928782714
271.8850170185044
32.15557121830288
-90.6855566163795
-1367.1425755910836
-5595.520751459321
-558.8291777279951
-320.9926678918201
-109.4169099481608
142.83971518141246
-473.48880105618946
-978.3562490856206
2489.60280390409
4887.142515133983
4044.3590055756754
1384.7754472815727
2024.7328783618823
2294.640552307488
1825.8411462113593
1517.1779450184504
1487.1258811504308
1736.793116420062
1127.4893514689677
874.222712269605
576.2775661815564
659.9313629004855
173.57728348516412
47.7901033558759
68.26877054647598
80.90876984664246
78.05652105989847
41.74844305863122
266.9941129509681
155.84781543694666
171.5733145957318
140.97306240166205
-31.638244964404812
-120.07739134674571
-144.51722667831518
-139.82518900486096
-587.7772002854865
-332.32928594150997
-952.3722378638704
-974.0613802129616
-1699.9140732445526
-2871.622288639591
-3754.1083036913374
-5025.613094703
-3728.1780394924367
-3863.8454026546715
-746.9507339805267
325.6322762133763
1524.2650302904447
1067.086424231767
1059.3271062695044
1209.0815692834626
799.4048682316969
837.5686899786622
539.3255858828038
343.93527425019437
431.16829703465527
407.1063839849499
32.419566049476856
144.53561307574705
81.43816626585323
49.14280940130746
-4.223469872431601
92.00177578020384
1.1135712207587694
-13.28430901644734
-18.191987788256593
-45.883185069618726
19.36720829931025
48.65247319389891
270.47192274663314
39.59209681376116
21.78368534421822
129.829925736116
-105.2663321067956
-70.31281099787122
-437.6734962770146
-280.5474544399291
-790.8283171163596
-929.2573969607824
-2224.879742047276
-3232.877388762647
-1171.9368633071704
-1454.5464662537277
-1262.85134057303
-1789.2697039065124
-2591.0290434709377
-2840.7329469334722
-2297.900943254772
-1937.8941062400304
-1123.7856758360138
-241.1132545490396
-874.3849465344592
-1422.8686595996758
-676.0073985238095
3277.5233470646544
9170.864612873698
4568.336826293289
2423.055339945485
616.4213392598415
27.52460439253494
-123.12526972046336
-166.0978774434247
-1019.5651236603262
-3373.1918628735975
1.8979813272677017
629.5295642962584
127.72149219572529
-162.61236813821094
-141.35869441326878
2314.0635390596426
121.19907400793491
-636.865828287903
-894.844276351514
-235.94595256869837
-744.4028576909514
-301.26337205876825
828.9403350362255
506.40643769159533
173.7799050292072
876.2003981050077
178.15787667534988
346.2276572256059
-576.2827364684144
-3406.409148009356
-17.72029871278009
1444.9462036282569
659.8869057473189
518.96026329741
313.9110185585563
29.627024120444716
49.08470424231248
-6.033708608806623
-84.91270266218027
0.004707128645010479
55.81597473343204
7.580423708901032
-32.91401797881445
-95.13171584538155
-198.7729032348439
-182.17046250340448
-203.38464910826016
-493.2962524585782
-423.4664375917838
-15.904406556504568
3435.7998400592624
1358.3533117319826
-57.84141299181355
-26.43769227226425
586.2331584221022
-1.4095106398906763
-1484.7298820436056
-1185.72797461123
0.348489201406359
363.2413845773795
-836.8221794719396
-1630.149415984325
128.20580654733067
906.6626098322556
167.8891331432815
-6.727528608853875
996.2433200380709
237.7000824122358
0.03967231010260325
-335.4424012482306
478.00015734171797
1632.3855207925783
193.1822083339168
-139.44325537554872
-1529.99818114455
-1798.0573882911299
-5711.128639850063
532.5713994462997
1837.5743101598855
4123.9153163143465
4968.570753189959
3498.2873512131464
13472.240487340856
12746.00941196537
16578.378744572772
31060.943123073725
66537.73210135926
91742.43870016464
107342.43774002383
135361.24759501248
134418.2826016712
140973.05379355964
156145.51255620335
151806.58187134672
172731.30405875214
175850.4041242922
177024.51482481195
208180.9856914503
213812.57395981476
233656.76369658645
237521.4853025919
273313.791089017
295057.4055478221
297263.8819137637
340938.8481828283
380593.27152322937
429713.50795425824
458687.8575149325
492705.01610354823
577330.9802279646
694614.3436432676
738742.2260634644
896323.4653385476
1099198.4439069226
1285105.518643415
-484171.25999999995
1348801.259194766
1379047.6255093978
1507460.0427289
1778108.162602971
1995203.681469092
2510146.6657794146
-2396566.67
-1660970.1300000001
-1550848.5299999998
-1338427.2600000002
-1418239.9100000001
-1333266.25
-951218.6500000001
-1088503.0
-846261.6600000001
-582972.45
-452888.95999999996
-279669.74
-197144.43000000002
-235744.25
-392446.4199999999
-433140.09
-318172.69
-384558.06
-487499.03
-428315.6
-461540.8300000001
-463056.77999999997
-421580.19
-366130.45
-340876.88
-338588.79
-346116.9
-223710.1
-299552.39999999997
-283118.13999999996
-252740.79
-212180.05000000002
-170048.44
-157950.11000000002
-130693.74999999999
-105769.88
-103714.65
-76294.22
-46503.53
-15448.57
0
0
0
0
0
0
0
0
0
0
0
0
0
0
0
0
0
0
0
0
0
0
0
0
0
0
0
0
0
0
0
0
0
0
0
0
0
0
0
0
0
0
0
0
0
0
0
0
0
0
0
0
0
0
0
0
0
0
0
0
0
0
0
0
0
0
0
0
0
0
0
0
0
0
0
0
0
0
0
0
0
0
0
0
0
0
0
0
0
0
0
0
0
0
0
0
0
0
0
0
0
0
0
0
0
0
0
0
0
0
0
0
0
0
0
0
0
0
0
0
0
0
0
0
0
0
0
0
0
0
0
0
0
0
0
0
0
0
0
0
0
0
0
0
0
0
0
0
0
0
0
0
