9521.429999999998
5505.029641595797
5760.73034074775
7809.4778892276245
3137.286132280832
2275.697117457204
2310.217142370913
1548.1853823337096
1831.7833718745762
1207.4089248778123
267.2071126746947
649.6127255362695
348.20616456468707
139.97251424379994
-1.2089893358485708
-42.702659927075025
-34.66831822901091
-30.7536443220571
591.5089198860841
-0.8170099877686765
206.61732016992124
140.72395863094056
547.7370841724742
555.7896003708162
288.2687430017698
297.2239055003063
156.43269209228302
40.32383512088594
48.95006174182892
5.569378181772379
-1.0558506110505523
-0.1945891341458473
-113.40153073290408
-21.957219359399943
-85.48901820192616
-218.19660923251
-638.0364986216326
-1567.8841014315512
-2107.4456734632176
-2300.3928382622844
-823.6227036537618
826.0420368192381
2529.9406154340195
7409.426643758663
6772.439341872099
4032.0476413355755
2457.4588909465
1186.7402953246262
556.7999955206063
103.52888148395583
37.52523251836
0.11096454927253183
-41.61717934896036
-70.41847511177261
-269.71694016859976
-669.1904363459714
-1296.525797698109
-1518.8939862143056
-878.2570417897101
-1454.1507422367893
-3058.881957906276
-1674.4234466146509
-1662.367524326233
0.5867594180790042
657.6915782732325
9.064169471102627
-295.48027383972635
-907.6220152481797
-99.15179021100282
35.00869283840723
-455.9118430320977
-154.24903607836842
-229.62252545292955
-345.6157178697882
-220.68694599279564
345.6922614940092
477.9701913778399
2589.276713404149
1042.2964644927931
109.93600173321536
-79.92627054025714
-1530.595621358419
-2033.5561109847004
-4298.219035734001
-767.6844000081198
14.62872438573314
35.82000389193918
-5.30921933894653
428.07016790264623
206.31518468156935
112.64926380043926
17.390074421433944
-7.588845913725464
-212.31744133919545
-335.683084505647
-404.34202519166996
-0.0067602829707978495
-27.45770702069336
-34.274985046693416
-272.099592671315
-162.64660010655962
1110.9619686169005
1240.6455753682635
800.9670613872294
0.002496602832609259
-117.81974382721803
27.089621133575974
3.512505928877807
768.1000640463076
-87.33874416625122
-1588.5832646034676
0.07919420330260055
412.47455743916237
120.21250941036871
41.64498007334651
0.01169934614191307
-36.38259135770774
-47.70531259491932
-9.892217157065971
-0.01907719309491583
708.5531940476744
1739.1832549440087
1413.04456912155
1181.9909788896348
392.8894656576461
407.3298798628309
214.7158046540919
339.5371920727484
4421.895270191447
1670.9928077224527
962.2680372942383
532.7015354490729
410.8042679760761
413.4791694792972
812.9493835218933
104.55888877310872
-14.924507911762626
-136.58077665404656
-329.0947333169111
-621.7672301939087
-1092.0408094979082
-972.7673697342007
-1137.563958028699
-1813.204705083877
-2607.3324099628626
-2926.028181418168
-1139.0187292063758
-890.7338930395038
1.2265586871969785
1812.5509346915005
280.9461234172609
624.8987512492445
40.071086453807666
6.664160338374972
-375.4047540405917
-2147.713333664424
-3927.9022951664538
-320.07857222889197
-154.0542475702997
214.22645662140735
841.7085010311338
259.8809496004704
23.049686535355416
-62.81706575288961
-575.6924714217383
-1102.7030474518301
-483.4939482808775
941.0387161646645
651.8184811845571
424.68887172647504
1015.7777583532838
1037.981116660074
209.62019270356552
-9.790042279523615
-180.30101293192058
-677.3495783558467
-1742.2712534152188
-2185.329947959959
3.7791904921421122
12.318392688530798
-636.9653966752456
-24.393792809950035
106.71920415504233
122.75618599938566
-3.012971670528991
-471.2818173003813
217.16302101950816
108.70176308101638
-288.26769515114466
-1057.6877254516826
-1108.6358971472669
0.01660797803995584
-158.8391481556248
-953.2805157300448
-3809.3280516730765
-1168.8827789883376
-270.51970401948665
-34.38990190692911
295.61913237798274
979.4312820206908
1289.198160396592
2335.86677634727
2698.0616534703777
2758.1225633832673
2333.2863787100014
1328.1213763432613
462.28454613680503
161.3394025687325
161.4448718954925
64.0471852452614
60.49212514099961
68.24843888735788
40.36033485086978
4.146482335683413
3.411696584855671
2.423813228458489
3.0994443232503417
21.948789791182282
2.529470148424739
-1.1123132335122885
0.014402088364564223
32.5677615482886
-0.5042627417663674
3.26600649654636
8.347173548250042
-5.431377955617236
0.01181222316236676
-0.22569525286457653
-58.01502121592997
1.0813814885242348
0.028364723367139598
28.350104949662985
23.797957305224806
46.268801356688165
22.544135995047977
7.919877853055534
-45.70692060590507
0.200915255953085
-42.3729920104433
-0.007301405558015506
-0.08521351818711811
-4.0441481663578225
9.691876381398073
45.23154155333744
152.38780083591934
95.58837168418154
165.7881574992918
216.89191361487812
214.29416763279585
197.78992922732235
362.5035774564142
144.8891692373585
262.1818189456811
235.04473651058208
311.92054365339317
212.98698647097203
53.22313467111223
64.37877644611581
29.703693879643726
-1.4897808974015763
-20.144661442753183
-6.99519686757391
-22.757293948943314
-35.548782736955374
-14.1108941547751
7.096319536583008
-33.88238259294699
-39.57888037114043
-26.488358555445625
-13.859029589287942
-59.41901980455261
-49.732030567750094
-38.36720668519169
-50.896916742407754
-34.4879972857746
-60.351591796654816
-100.48159344646832
-111.21598798169879
-25.45632667023522
-105.23663892295785
-12.8234279280483
0.9068590535741926
-6.781862019250921
-33.642013858801334
-8.541226888710828
-40.58979033858697
0.015412574852138098
0.7800523671684632
-25.617765986913533
9.750425435036604
1.2078178655447505
-2.7073479917407766
0.015547658730741267
8.939210161255836
-0.3649242536278564
0.5050998055830356
-9.125469347313643
0.09231395900321372
1.1733851552194907
-3.929041634379792
1.9050275346425989
-0.5996940464881199
-6.672942262221788
-2.314445113529385
-15.716440191855582
-39.467724437546124
-36.98422375536616
-16.075241117483145
-73.20553966986331
-34.813673095311316
-103.83658014282759
-60.97895658464098
-40.43615709451923
-210.25657976502706
-24.981071444156512
-15.122275797517972
38.19368473827054
7.473357655512017
45.50288601338046
159.92124326987596
12.04541091668169
17.17975069912353
13.258518613915252
78.62803516397683
54.236982332178
100.27479501438002
422.4898749418301
108.05252864764047
732.013565673127
772.8541984378123
412.84117158909226
103.61734523777324
138.94491296432716
82.39805744955041
27.462312668181696
10.977290957307181
27.525200433341332
-10.486317162306904
-16.96778163382592
0.006855202774506982
-1.273179081957121
-91.33014828522029
-1.606688128481471
-39.25787601744494
-30.742654231850178
-65.85816484620582
-145.40455478566065
-43.00171699928095
4.701002048652784
-34.61899341294956
-31.75927459068959
-28.969078981639747
-58.73621218790217
-0.28503950478382084
-4.302315049484642
-3.370240785603919
-144.85473511844543
0.09923070899029343
-19.715947871628885
-75.87764643335767
-99.1083984728507
-72.90421413981942
-52.61932695521428
-243.51400427791066
-70.30268076463815
-264.0449367267482
-339.3722321951679
-321.3995157491049
-150.33953622895675
-109.11865175258913
-39.370472618057484
0.42829358531963224
43.64662216436446
39.21476668374784
16.843470902211877
203.52077631243506
446.8965002405966
163.13766988543023
103.87112353417356
252.43186606341052
118.93345558670339
273.2461114932333
70.02006302565415
93.83955812313098
10.176436743659062
25.623998173861327
0.0009910477309215408
33.47208785976396
45.352123419210436
9.398184480325758
55.06192333021104
94.88861173717872
0.5956396626984226
25.53997971106309
2.906472508437134
0.7886565875696477
10.875314035818748
-27.494974752148806
-11.060838533053198
-7.428012575263046
-27.70510768342284
-51.5454967023166
-28.09298894179176
-47.088638270014705
-126.4626958543387
-208.35458306112244
-64.51468475476514
-374.51331186290935
-7.929044076643893
-193.1660416422481
-17.10754932552429
-0.195017066740071
-90.02877387599723
-10.674791325043405
-68.61592702942181
-28.687164019245124
-76.1279935568105
-103.135770552049
-196.3444244005281
-112.89213813235763
-125.69249591417712
-185.98027744600358
-157.93545578243405
-157.4225549770946
-238.81907481962534
-158.0829982174688
-318.80813578236325
-264.9214274695844
-90.59680841930113
48.56063654836964
1334.9914551064116
1491.6953570021951
545.440212405337
332.59853258539897
215.29412204337177
40.73608504754294
-0.7560187900192133
-2.253767926412359
-55.82818282941702
-13.919354952293626
-11.370922557090703
0.23572704049425053
-25.80082802841908
-21.107969865068533
1.758833570353417
-276.5543533076859
-1034.4525503306804
-72.9242653360753
524.9591919852589
36.14540224664373
-4.368266852103812
-187.63168668592522
-802.0883896727138
-1304.3514073030306
-3.164057407201873
549.2273554529629
-30.36940694166776
-627.2251806630984
-1118.3294366560992
63.716198123391194
78.74394039349589
58.48184769550321
9.068633478054446
-69.88564486205077
-90.68147099783094
-294.76268795090726
-133.6741580315527
-47.75559296355752
0.9759795628768045
0.042246414122847326
-5.758322352185214
-5.381435424095368
-2.5250052715660614
-10.94554826464412
-69.53662331353593
-131.2329856581393
-214.36483130733868
-110.93803607231145
-231.36948292844943
-299.97349156266927
-327.817599518261
-309.01610594167914
-348.7271091052719
-167.2180564384729
122.61412621674747
2916.6767712600627
620.0377888211351
240.891004818717
200.86428756480262
-24.94415047380206
-115.45675148301052
78.26493401720256
985.6978349635854
-44.973062959683915
-26.31688872347272
-633.3604630706786
-131.09008410183202
531.0359163603117
268.30314049678435
-25.97890753668291
-24.780609131700288
-389.90226830282927
-1010.5272357909612
103.95788612744587
950.8828250572953
948.2543917918372
1131.9384038724252
650.700238404799
728.1540851801883
890.1007061817359
573.896851664391
479.8453246734968
441.8260809108126
350.5067567791899
378.2442986555609
308.0159809342733
314.592670169553
155.4420764588514
48.01684070099311
3.758832050797932
-40.6744313987668
-42.12388402264507
-52.77165325017769
-125.69545132431001
-135.19906479852833
-137.25311826549805
-63.633729509925146
-150.99358969067237
-145.87610422181416
-248.56602083238553
-346.5323026166313
-430.02647576986726
-285.2005901034689
-436.36024236927113
-322.9680885048998
-510.2579114405933
-450.0704965071053
-478.50164204785295
-342.5693141109366
-24.295302274946277
-67.20401826100675
-6.7282018267155514
6.59145138078783e-05
-28.795320397117315
77.54837521711576
348.8457250006886
611.1919218693635
2954.6213282187173
2527.88145692349
1760.988041313134
329.72285632915106
30.88675063532056
-119.95946173051877
-1281.9588762244894
-71.11384102018944
0.8746249237156816
-12.741933364818134
49.79414774769148
-0.804783208623942
-10.022630385336564
-144.25249003371468
-454.8340416352262
-558.4312285535906
-241.6415102997137
-313.0274798823514
941.0093213905371
-9.284518281147065
-2204.89762832964
-92.20703517638225
-176.82305959037683
-4023.412092302768
0.9422528611821721
421.1959417510708
279.7926165259008
121.73798086595708
162.02101141816172
207.2950234982341
131.77839965739705
70.88524033217199
169.60571161922246
115.66143318538839
26.18130242964043
12.941872259460682
14.268912666987937
40.554792477620516
34.17517529413224
-5.292366777950031
-58.03631041911855
-9.336307141088898
-36.21065454066343
-174.48710177481908
-229.97249898498367
-205.3678617730534
-549.4682965665536
-6.064701441601605
163.36149476122347
282.25602823452897
175.74527794551034
270.86661172396043
318.0023397784061
163.31201044658218
35.94916974449346
0.17869248154246625
-20.375127290534373
-81.93325922353223
-164.82712383180893
-152.59198984807327
-275.4016638622537
-344.76269061470606
-313.4573818478083
-545.7789103460838
-503.1344931466548
-377.8839387261242
-744.494726967961
-877.1972659754015
-872.3899126016469
-1030.8850225536535
-785.0171006073633
-161.78667222715623
995.0344672870797
1467.2703175082966
173.61564064460867
2.362944714073195
-0.3440355884374664
-8.302531971920502
-85.46408376320066
-588.2063353008675
-1610.1474628031974
5.2642123969784285
2618.8810090534294
3078.6760177023034
1504.5916857139216
751.0625001141702
1806.4860079846549
979.5175228106366
311.3595429062297
144.1381780724071
311.7232140009992
1829.7856765630277
1657.5511537654456
1300.502587940279
498.72954898468976
36.20233078649956
-8.452266596761442
168.84507795745577
1759.2968030465145
1305.4783521549111
711.3740821214063
218.78682105946564
167.8045451819626
289.44578425077293
229.04162312607278
10.65984695033562
-13.993462333754417
-293.545520035038
-1247.620620850815
-2563.3967126737107
-3386.7783873451135
-523.724196677776
-1294.272139708701
-2578.667983393334
-4574.844519514801
107.65940022131424
12.630680490292283
-23.617388070840555
-7.760809516064452
-205.87421606080076
-760.8951442595242
-794.7031331784103
0.0015342076392797224
-47.73919601087219
244.0078519931084
-516.2645001764213
7.257578370999292
730.9243591505683
678.0285920809569
-44.64158438149035
-689.9551755718855
-1472.5366493084528
-890.8976700621528
-534.7263446853851
433.42511795279967
324.596217861641
26.021846142066135
-59.208037607424494
-803.3481041145515
54.46873872701948
448.8038166689226
733.120359734854
277.4097394983819
103.53688358027993
20.5838436180048
-36.486114580135045
-185.11755252300892
-383.70251730311867
-853.1492651477798
-2364.588164990386
-387.88690990114384
2748.665346540357
1220.8039955485458
1141.3328085409337
283.5881067525901
-63.204721934076545
-778.1882845678638
532.2779132246353
1616.8999326540222
-13.888387005464212
-979.2328235287762
-2673.149909736804
170.75349525492584
-79.06648555152539
-1087.6464355575044
-1300.9137466964658
739.2612024456143
0
0
464.9954592958324
5.647263696288561
2.4922436601608555
-39.88578503596943
-342.1781438526077
-317.4735961397376
-265.7250593973156
-614.837515028704
-123.70218899744977
-27.422471121365575
3323.004425585498
2522.037618799608
1734.0480873256322
806.3163864748705
359.2449679981129
142.29255678564502
-8.558534135612135
-82.46681315300053
-651.6411596937955
-540.4058324915372
496.7503465630788
78.8945463736317
-167.85577465058714
-375.85984574730236
-1451.1607693869537
-2673.2136104683013
0.1734569153180166
490.7035145209459
552.9539285247037
365.3045038843545
372.4582646016055
157.8063448869253
206.9055451793649
52.815208316008764
6.890192515262054
-1.3069577742853953
-18.776070289520977
-58.60063010356084
-100.02946376361245
-255.71499242285003
-637.4903439071988
-876.2018323515018
-1029.2582855249893
-1534.5699702473955
-585.8932984216594
136.17090210635294
3389.917158722913
1777.3763142286598
1355.759503949433
3065.4177262856
2014.2604327403947
1088.1537589829732
545.0943343048314
80.62903124275692
-0.6309318145908759
-67.88898647725435
-359.4461796092001
-528.2705380928655
-543.132313271754
9.704875587983496
2.8731511322460976
39.048752981693845
354.30095975366714
1678.8728511795093
1427.9807991737462
1245.9673112767957
975.6796251706207
1236.5424263129598
541.6589709644343
280.08393904766615
83.292701884761
11.124887367363808
-5.165004700819222
-140.67903416426
-909.8496373020294
-2647.2673736878096
-4859.651329352906
-2084.5240381763892
-896.9020302765181
-867.1738317936081
-1656.0628245730927
-819.7299326233061
1829.1778523286093
1969.1532380795627
1561.338925503153
813.1910589573441
869.486195088064
375.3695956466937
432.6811385729161
232.56740474620767
0.0013397913336389376
-164.32168369171058
-1461.5111711515822
-2565.3616739359686
-954.4366178127551
-371.9201191701917
-467.0873937552628
-925.6022643073627
-555.5334273196523
-2.1124647707827364
-4.905279935239236
0.04636700436389278
7.029801118730939
41.730863050751964
4.913585097075304
0.876363865999785
8.99464594611518
-38.16164982607335
3.4991678107875837
7.358535116862738
5.156122691160604
167.84576661345648
447.901377750792
110.17718785479018
-9.115802634424158
-251.91519335914535
-218.69158123959613
-424.381369050139
-1228.0800642242643
-900.303517663684
66.13186332228719
278.4620182539858
290.8184228060131
497.2008181057085
429.88391353679276
211.23610481039483
328.44943327924125
320.2890711333897
379.96213522453826
224.97145908668716
206.00601720566377
115.9797805693648
146.47008991571417
101.36432348133101
147.737523289666
14.782195610246621
16.260271733630084
89.97314474524839
37.77382147503923
34.57678339651228
39.671940331297805
10.142529726531272
12.912514348384484
40.007562799207946
7.268326184911595
9.647878004533833
3.1692379875741117
89.85680192929195
-3.53666977133877
-12.03462370976126
1.1450190660453856
-1.9453885767533565
-17.35033136999216
-9.592426767995654
8.513980597692951
2.518672377503761
8.52093973335265
11.01351387991733
0.0004434977675320356
6.753405083467463
-11.966636011812225
0.04953504386706186
-1.116999298947988
13.97722333250005
15.185232658738288
14.264519230294628
20.193884069994432
0.6419586181909052
22.423695569597747
16.868622686345418
12.929922269638144
0.008999626185719627
4.793454975731613
-0.7449021638577642
4.070303233339676
8.963194387257236
3.9834867048732816
-0.04553618348756454
-1.5387099834097893
-1.8529705869404256
-13.840746682940296
-13.262209486712763
-27.4441963196466
-10.722732321228941
3.3671293406814073
29.18319632913099
-0.28805075732167507
-47.501212524614765
-3.6551115946143944
-137.0056359116717
-300.5996318142088
-164.85771343726825
-606.4795700571324
-421.334807846514
-451.687713190143
-293.98470842480515
-447.93118517409346
-459.60055587345255
-570.1541190912772
-298.9692266805107
-143.53583335070363
-84.25552570507413
-43.47456026465416
-6.643389488301183
-57.44210295612
0.01606282839830356
-8.082711115021192
-98.01005415081072
-45.616126037234864
-12.908720020559638
-13.922746952774304
2.0098798779767733
0.14808987410251762
0.03581415013309067
13.497820052635586
64.58121836609628
210.40053714425426
132.3008957510961
105.43169554081408
110.62548639914567
48.307165158535184
112.04545712933019
163.54991676491707
298.1148010009131
413.24414583594677
242.804498315504
255.98600137306488
344.4389117086631
1211.868482189452
2000.7580273014291
2648.1097073243254
2061.2109692131876
1560.4511383304282
1515.6775281273233
1193.3213905906155
1210.992723286179
1393.986744655535
756.0108322235805
220.86823756016415
23.16158512898233
-139.60129081166508
-58.12197026040814
-205.40916946752142
-361.40303598117504
-540.1159774684064
-635.0191524333986
-730.7574630043948
-959.2357739602055
-914.889491755569
-860.1667379458447
-1039.2706360444045
-1296.8289509786755
-1467.1096017473888
-1514.2296833176365
-1541.5199344526818
-1492.1350318222649
-677.806722285041
-164.7317239048508
3.5631745726348254
-267.54203390006126
-1258.2298531787271
-51.38392192008017
-217.22643797030744
-77.77497999781296
-49.63660978384548
-347.93915313555055
-581.5753650570143
-162.54724134537815
-79.52195627920437
-215.0242822963448
-288.0258856485832
-270.9577940476364
16.707546429622504
3055.3166959349146
2401.6292736726605
1632.9054175870228
1269.220856983866
1405.4665500923284
1050.6744686188306
1070.3439615304155
1314.5328106665997
1072.7412896173407
621.3963213799692
31.944918333932595
25.634054633223904
148.5648348446125
133.2048844679552
14.027144015094699
-127.04210559716628
-634.5789384505811
-49.09307277041751
-19.846794706005515
-373.52257165550236
-854.4265054822354
-1818.977331300915
-3845.3897217623125
-8524.92272318497
-3252.138135851693
-2716.1768953274986
-585.2118208254146
-46.94290981087454
-39.39469279561882
47.46975660656648
-0.996269597832474
509.59111008013
417.62111973551146
136.80712312176536
62.897520578960666
-7.878904740350265
-0.7000191753376965
-59.75185391757359
-3.504273251322089
19.001194135852167
27.413966491709573
175.2747290118993
372.40729975145337
34.60123163149335
-96.71678218622795
-25.738833608126825
6.934656083738675
0.0018236784790065918
-33.686456173288654
-121.37960704493635
20.6990484787003
699.3853441376353
2658.6322467159393
552.8702440746054
17.304630974715863
-208.57022524027366
291.78897199418486
275.7824353850616
7.030517118306667
-56.98357496288644
-526.7454053030433
0.2747440727251968
205.42405549511844
181.52959753167102
136.42195812775887
30.700987379654386
-8.284967661326
-138.95221071256734
-205.4338846106865
-600.259710561035
-687.3026770504367
-3.948039174826956
85.6863720614988
284.73689672472057
211.6485629541719
237.50566674631136
211.46009613340962
161.09320283808287
138.67516636331771
32.294612155270585
21.586528865356517
-3.8925129874073514
-8.929752966430986
-53.42155549223317
-1.2497357658123966
-32.30428631183939
-102.03021310688351
-311.8264937542999
-196.20081828853287
-375.4814308606656
-500.5151499912616
-872.278167527352
-741.7183115006939
-1222.9387399889015
-1441.8361337967108
-2014.7341740062257
-2044.038034069659
-2225.1707283067312
-2163.8347619513147
-2564.028060883531
-1171.832154991468
360.5855418500924
2782.2291939525603
2400.0998104331034
2063.896314184145
588.4721357311646
-10.39992121523295
-12.295087285581687
-16.478894706987077
-1.1858348082596164
-425.8884010537477
11.088085397996844
162.5860492316937
2587.001879778677
1334.344163744664
332.7489343451361
-138.81341131444447
-19.041460428679525
12.313612398691747
1676.2589724713275
517.2740145277421
343.1314448824354
535.1502854036855
15.50621109606022
-24.074291412660834
-1076.3002312006151
-2307.1639161784287
-3667.463692878412
54.91360255905261
5469.463203175525
1592.0858076199622
174.8266163155295
32.98188221597041
-299.4666424856695
-998.0379985258758
-2927.4219847241566
-1231.044416297554
304.89951100287965
4308.928752306257
1123.5289509157808
337.57004994525784
-0.31785822769533384
-411.6436950938623
24.148057489998536
-401.90042330110964
-1353.1701592986883
-3022.203135707205
33.135699196308764
2453.474457880507
694.8057109505912
611.6486661756406
549.2350922082795
1013.7651093777131
704.5662891316316
740.9748589605946
651.9954475308817
444.7701177258698
412.960968845012
248.33869965914266
45.031883845659756
-26.84482658548976
-18.693605242426393
-160.1730314269437
-61.52115951334784
-67.90708235570614
-86.49632391135218
-301.0530537125218
-393.52583668134076
-697.2207006814357
-504.06246405007977
-865.3997363454673
-385.5001148993059
529.4363287553039
2143.353930975529
940.3084003873857
553.3433986704184
336.46712371827266
454.38818415646426
541.0955132860466
522.8301010852861
148.0356649903098
62.85550870462704
72.28176298247546
55.21190720239808
5.167048440000591
2.0744453116192245
0.5785035352891151
24.731081100178955
207.92329231340943
3759.037669547106
4513.833334492634
2168.3162563860715
1295.0695777268465
780.0334377270501
697.6604801161891
555.8250970352682
470.0750357387562
148.46910889868903
141.32259461052809
22.465093288203875
0.5182449301644878
0.8255677367309741
-31.65972128851493
-128.28992008312787
-60.34113003911463
-308.9143212090536
-211.0984563846956
-52.42033751785037
-98.07676468789542
-156.83188715392856
-74.86312522721228
-75.97760369049647
-156.21713226016027
-218.5073109118029
-489.18603213407454
-721.0905487764888
-1122.9837955402752
-1257.6561537787745
-1259.1945470924688
-2059.948376660599
-2782.513681778182
-4292.6940879203075
-5757.501387762095
-3825.641286538301
-3606.6512150895924
-1111.459202078685
-107.06096956400579
-0.7120668902206422
470.3650413730006
61.84425039039066
-93.36981163481425
-1339.2684304841355
-210.2283369481579
2902.2131474641947
1019.2897114078693
31.822602182078587
-58.57135489654777
-415.836410349616
-132.2542969517501
-266.7250783665905
-427.3308596659701
-1646.4231797112152
-3775.2987207541546
-100.48049228072269
348.75663969411494
702.80860111429
829.0895097565606
1147.7285388612722
1004.6778791424949
1142.954591268522
795.8478531131971
935.5442819492455
294.1938077376867
367.6117643025062
211.17643411115444
101.02882305010344
10.495164248056
-0.2774776110779252
-11.640240179126762
-63.0808633042261
-181.13802196134597
-167.06278479321085
-339.4673242368322
-370.9140029508836
-746.1899216316009
-287.7137220448668
-966.7761411058681
-561.5048837639692
-221.00966662172186
-23.155483497663553
177.41620533616356
544.5529787610883
382.740568004591
8.322647672423312
-43.27254330429271
-27.013735244472443
-9.966500985387512
-244.70908357812272
-536.3466726999352
-5.425190117853565
135.23070545741854
258.680714205888
703.4738255041534
6400.026316495852
2783.4574880857017
784.3586691300911
104.34887224982981
-197.46375854218832
1301.4007449707387
703.6579951384148
-89.28264153423272
-1447.7431368894295
11.148998890374827
808.207330020627
1644.337561194851
1368.85806274381
380.31707351967486
168.07927738964577
-1.023918962729249
-71.33073343456422
-47.56835794815956
-58.36469178450479
-69.51947155983451
-63.245413541861566
-115.01439545405046
-181.9669820440998
-353.75998760238724
-271.4769150627466
-473.06399129834483
-1506.4595486440926
-1694.5009511434891
-2120.6103518232803
-1534.3838859054072
-1573.5728508221334
-2534.634570324802
-198.6190460851647
-830.5749183254444
-1288.8800045914795
-89.13988563926077
316.25443536496863
270.83249774411274
610.1227210078564
543.5666537629767
443.0801553173354
414.6181609730314
339.4705964432151
472.7275093020369
587.5782427552767
870.2356875103341
724.3018385805732
609.6273156455837
263.66766114845007
241.22962787258533
387.9440856516
207.60052346588571
293.62764753145336
204.540879491477
222.49748337387237
263.88324983435547
82.62422011923451
182.72960145987076
104.02158174535457
3.076508040453172
41.583256846331196
79.25204046749906
28.235867359618982
49.087644728872675
-0.12700095572767534
1.6599391472572629
13.150519908474703
68.54921975019472
0.15844810075961374
16.007090940982707
2.8436161073824118
2.8577267721910404
9.793679548279826
0.016516874197662627
-37.27653794940085
-61.885425727628856
-5.812980065735471
-23.943554857728806
-37.30025168461038
-120.25054991661052
-103.44826971188922
-148.77578758504055
-121.53680599730723
-181.02874454064073
-250.8879363492843
-456.4747232111871
-247.53437391987538
-115.27954431101337
-230.19378870790354
-182.0688885979552
-323.1286040485119
-383.26723979282406
-162.01308774244393
-213.9399469240182
-306.01207072718796
-67.9500939231152
-14.6834203827813
-74.83656693821436
-347.9017260913042
-84.25760984799602
-179.06288353814085
-279.31151143224986
-452.9768211460045
-271.7270528884454
-126.35648094732173
166.01602139751515
16.201266925352254
-19.38912584512387
13.300660794800446
0.8474861979759651
22.379889290972308
150.54607440034218
0.4485422266114335
-22.56369893251779
-98.68785369408542
-159.46064475829016
-9.525064127774511
492.640584780171
1218.5538311441442
768.0516967710505
235.38244489790574
188.46635219909666
21.312460517204805
168.13819158842227
0.002885054084127717
-85.08498844452174
-882.8289474518098
-2019.7677710919597
432.806597718832
70.61901846225965
-1383.6046338641152
-0.1405364723418402
177.32352269704768
1372.135251645726
214.04137084438935
-3.7337799393665607
-68.35094464030557
-841.9230931948052
-246.53778452134515
-25.193442093840417
-574.600476622591
-193.2236100695141
-293.6032349918246
286.56632457205075
332.6596940977174
302.7484964377072
348.53630762283484
167.78504867855162
47.97684812845493
9.767075520128902
-13.146461769375877
-84.32659458945302
-126.18432770709852
-297.7919370168818
-485.76083194343477
-884.3996914745494
-905.7372799494309
-501.2633175211469
-2.517118867729184
2.297498767649544
-41.989765610489975
751.339104866809
1263.8992543021022
281.1492340322854
276.1430914845581
536.9706742459707
43.906681633259566
-367.53617233176857
-253.38194820250044
-307.712845497179
-248.60655036609194
-32.50898978343529
-224.25897097465693
-368.03997935833877
-492.8226841880634
-573.4494430713407
-378.17392054405667
-154.71699127475495
-44.61638612000495
-150.78973641273126
-591.9825716099941
1694.9100036276973
201.450409774754
-11.637742511127069
15.056227949344608
621.8040102261433
1484.9575115812133
386.4375957957001
654.0004907615231
-64.4008183075642
-17.547730226047396
709.27644084596
153.12476517956281
-869.4017942076343
117.81039053383947
299.44333798134437
-10.681189899090482
-0.00014473935065740048
85.31572716841232
-574.0197013037842
-13.772807902680134
204.79878203685712
242.4901843893583
-572.1337276419539
-1478.260825321923
-1117.272239714692
560.6185385619217
528.3555187478865
723.5129398058575
259.6496549206287
12.447490866747222
39.41585807764488
13.324421124998135
-610.0546127415071
-1292.0273205562194
874.7413927427937
6076.047008327512
2464.7510799072106
-53.36489859282542
-2904.1068558807465
-6442.170725946147
-116.8530870481992
2028.9959404386423
575.2273541748131
-223.69002395001974
-871.659916999477
-7.352147895291521
0.7046612180955012
-376.20094305788797
-740.1268937497379
247.64469139381578
211.99947574936618
474.70057711479865
-497.99338015317437
-270.0123986916604
-73.95515539780101
53.209290800343396
-400.6148123860164
2.837320807412393
1006.6975173463209
-3.958094031951653
-1681.936040785637
-80.43333738261764
-668.510802318041
-115.8452144563411
198.72585431256
203.3394601069314
36.37158808310932
86.84003435238832
125.39772728652463
1235.933319321386
3257.556994644461
2193.074852864849
399.5559696143617
72.20764419266382
-4.332262259551944
-117.9762961975013
-50.78489553306517
-26.609023040272067
-770.109711918396
0.23200601815408606
15.312168596943105
215.77695503478944
5.613900168328567
-182.0271876088508
12.654153430172393
490.1659941033407
-323.6025321071962
-485.5510022592419
358.49217603033156
204.40114974102178
40.19757969069238
2839.3180397783053
3345.712975421452
1509.9271248055636
284.8867464840639
11.933279032837063
-81.55359228616928
-486.5431778044491
-1140.821230677358
-3481.8059967835825
28.199410696544135
-6.4764700192318845
-382.7802335600491
-619.7156564301846
-775.576064456734
-48.9963812553637
8.77770307977368
28.57794531293455
-104.81621740829617
-1697.1413564935417
-546.8173451633631
-1394.769671206062
-711.8262257352623
29.158934283258837
681.916055683677
1721.4387109132372
148.2483553079966
-857.4461315740921
-1165.3231177574223
-1235.4871435937778
-122.38646795452979
-7.8786089423922245
12.411578842809096
-559.1350486112326
-196.19233732616556
-15.570750475725703
-542.3278475645678
787.3818433349279
69.57065263154234
-33.170056490035414
-1302.859407036321
3542.590017172879
1120.0377036017223
1862.3304432486432
1115.8284922885098
1491.5131047065515
935.7128334603625
143.31666291428448
138.32600026758524
1.4341494646025708
-149.3444035520556
50.3589580140682
1776.7489493888363
848.0747583896011
277.70849241505306
-133.8670745733654
-1549.6482027444197
-1299.0418213844039
-37.66953440954707
196.7786325068092
89.55005351507319
-23.82374660081566
-355.83123034512937
65.74952747098175
-63.81069370748917
-2265.348590006196
-2385.706825568138
-1112.9024734339907
41.623716689187255
758.1130779525295
102.56271759100431
292.30886582282085
434.4695959240805
489.1770612764248
92.90532357906568
-0.23474585205063836
-192.02576093255428
28.280953995550842
842.0414142452466
911.4808646188851
2988.4413137829492
1893.0555326098336
642.9839377799937
38.256192924557546
-45.751463489138686
-426.7968836394347
-847.6222601168733
-1808.1328135241406
-3526.5485422146276
-469.33952320544205
-206.69545423556934
639.7176869162679
234.0445407177296
-26.261843093047762
-36.18421851590545
-316.82025975811206
-170.62470833614367
-900.1803398939903
-67.3474700902707
6.03576570117977
-6.852828379362895
438.855950117238
921.0112464513054
127.66094028683212
-138.89415325507048
-307.7013411314276
-702.6030454342113
-936.5972404588786
1048.260916176185
-154.15431966235053
-43.23180426710329
-180.02405945437823
-271.68886452060485
-44.44661267260367
1197.8688727496233
-66.95265721443982
-1605.079142906693
-27.35208850462155
-2623.1933748598235
-1134.6002627011367
-76.58730974627068
1087.5175335747663
74.58804780026239
-39.33368113096601
-25.5770048437966
12.721736342680336
1352.28363691403
1422.20008575655
1554.2225036530544
1787.8513599498601
1418.0510219476569
1192.4424679392425
895.2972340220584
695.0151936974713
553.1243064996052
416.16955116882576
250.82005935196725
61.31250187873426
86.84265220008774
66.76820565013234
13.40137140595134
-1.8410352872752311
-0.1911920921887527
-2.360955586763582e-05
-0.592982901030305
-32.41362157746688
-28.454880707009394
-26.484617625461297
-9.471137464608875
-5.064331726935306
-15.89636890456203
-65.14664685212928
-118.10503107712971
-171.66832121602235
-254.70158741382843
-324.222870139524
-334.15077173190446
-671.26496443711
-508.1884336529422
-654.7236076108204
-1119.918296794886
-923.7563316952015
-911.3707927314738
-902.0077928414278
-993.98673591302
-1173.19799194792
-1886.465153590889
-2380.156621859192
-1967.8072462828886
-2.787662164575994
1754.9078011547913
1902.8324047617195
3467.050993283574
867.7891432310387
537.8988642845039
455.8590658173523
-35.13663614853708
-17.384817193868084
355.7197468466613
-413.0595741494914
-537.7896573284096
-770.8784174402241
-1658.5734547309612
-1128.041151627369
-848.9603097130566
-414.4230785955207
-0.051613152606139925
-0.08024259662037259
1229.4847914460177
2238.5772079876697
1911.6098700061593
1575.6377555148774
1042.451993563985
905.667564966182
355.70102782406457
526.4362302002604
173.94390911701694
119.49613895306925
148.4969900239715
107.54145774145955
1089.4259451801931
2271.28927225245
1513.8597008540942
891.1933690824528
536.5875570057814
345.2980261390431
211.7493975811501
138.08676284329144
4.473248282004778
10.463149302453614
0.13992143486803432
-20.792422839337483
-109.62434918843657
-60.32788703871998
-146.06529223957654
-35.51073822279232
-12.012195660208484
0.48523330607859094
-28.650232947055574
-29.13602628697849
-217.60350837256445
-598.6147793429502
-196.05312314882806
-69.34257274975414
-0.7992197685621738
311.4155398226426
2.306903216114489
0.004155607992168071
274.7405441255944
-201.38045750246783
-1681.267156648158
-640.0995887828024
-105.3908317028042
-149.5757159296494
14.502978107846108
-0.05045305357220772
1.2117747752433452
-4.032552038078848
3.473491301556309
-13.313876668250511
0.19503914178362725
706.2204959572756
412.5711948075051
320.8845868492137
645.5164069153655
601.1033096870867
557.8893856154933
339.06457283510247
229.62622834158367
140.2872146216714
4.850496453401113
1.601442431218381
3.0637590849101684
-11.285123990581894
-5.307383896518349
-0.05721998292968033
-28.75778230401285
-39.46850168217889
-231.6170105684906
-467.44335414695274
-44.664451765898846
1047.1618819274693
94.1591038440217
38.25297503363164
-5.034645896396338
-8.826363532939212
-160.51008399697696
-377.194796119089
51.480740489670865
125.36021279583542
96.62511194950238
52.52591293609672
16.427250538360013
-3.2664356903210616
-25.45311461249477
-52.740518031968435
-86.06023302697446
-277.69966240006306
-396.91931003653997
-600.6128362050572
-460.8980823351893
-62.71224395373682
-0.16483767203747735
-11.15796764688724
-205.5240932353133
-761.775631034653
-358.87390072656126
-62.4273756321953
-600.2594026531963
-354.7681867342402
3.5140210584427884
211.1667473267039
95.94868249495036
24.69393572470971
22.939578646739278
0.012932646690635902
-18.013063443319595
-54.559235144847484
-148.6544837073103
-221.75014397137622
-365.1210404095842
-662.7073706203616
-510.080215461987
-841.470235469405
-1406.5189907512927
-1558.8330850346747
-1702.6478207543632
-1093.6777670575607
-492.76465915519054
-58.84024260560825
889.5364219470821
7184.613158550666
2270.775359537995
536.3647208098989
0.19887841996953912
1.8343025045088206
-9.439593762518724
-126.09958135412542
-270.40447216992004
-487.2185443328374
-1046.6200399064853
-478.95342658555813
-42.03636421547064
-301.96819586216145
-65.92419816378661
1613.6440320330232
1999.6673234458663
1639.9401876676188
0.8471669725260497
-129.36530937486353
403.09467773064614
65.19121690129302
1.6762802847635718
-85.84058869459923
-251.07412132821383
82.07019618464474
0.006310015283379272
-44.09652012129239
-315.6380228142382
285.9651539698633
3275.5881876330586
2866.8687858953335
817.0541710792394
521.0097497477234
58.33924289204836
-430.4318705965828
-1085.4380172160918
-2711.7933693287805
-3322.9068757805953
-305.01961433966494
343.88810844427707
-16.959278993833173
-47.11696510915763
8.976808468144771
-286.4839930137361
-77.37808962928341
2730.458881803732
6130.474422296242
10810.515061560662
6687.29817094696
12052.911485261397
11610.27388345562
14008.11109341423
21350.23310078293
16712.991802985347
34897.29115957588
72092.85885405795
98337.48234287353
117823.07334125252
123670.98765676707
129608.06033991347
135057.1421650038
160185.77625905813
187592.3238870578
180733.74462391817
202451.41369231447
242945.2754589262
291006.817116381
320751.29902681604
337641.7862347458
318239.0451230772
327421.2767203348
409367.77937248297
406447.28681974154
449597.9708786941
490490.4915114845
540582.4261404797
568916.2017206282
615878.8457172539
599308.9352532395
743670.8226822894
792463.5929819883
1041138.7726572197
1082564.3860905762
1545998.2740651686
2652649.4201619
-1578519.1800000002
-970917.2300000001
-1086292.24
-1254613.71
-1046251.7899999999
-860450.6900000001
-682916.24
-868563.9799999999
-786397.49
-646049.7
-535892.1699999999
-478147.50000000006
-439627.09
-459822.5
-392006.92000000004
-330074.14000000013
-330075.31999999995
-326302.95999999996
-319172.28
-357603.35
-329263.46
-268039.55999999994
-240964.19
-177177.16999999998
-167924.8
-151745.15
-107280.56
-101452.67999999998
-104250.02000000002
-98870.84
-92513.59
-77488.21
-65562.17
-36986.89
-64965.659999999996
-40215.67
-42359.21
-32216.62
-24170.84
-8786.0
0
0
0
0
0
0
0
0
0
0
0
0
0
0
0
0
0
0
0
0
0
0
0
0
0
0
0
0
0
0
0
0
0
0
0
0
0
0
0
