355426.94999999984
0
-23047.47
278746.50047911884
302398.62289597024
-104350.36
-68599.62
-61979.920000000006
-11375.7
-10542.539999999999
0
0
-16841.02
-14969.75
-12939.98
-31475.339999999997
-13840.06
0
-12088.810000000001
-6733.08
-20947.03
-35987.909999999996
-31072.979999999996
-24043.359999999997
0
-5278.379999999999
-11753.36
-15495.919999999998
-38706.130000000005
-78009.56
-45922.7
-21755.51
-44616.49
0
0
-11983.009999999998
-23316.02
-24866.07
-3096.34
0
-86638.6
101843.39480622971
-32560.65
-46618.78
-24231.47
-28742.75
22334.035829888606
13245.716539899408
9355.475381058139
6326.241224919133
3476.182269880146
3904.402648353185
5730.8194511097145
2505.096932116933
3093.587818084645
3675.562864085446
2153.190151131318
4096.0685154283265
2523.0377536973688
2776.4394065002025
1817.3828131060482
1082.70574815929
804.5749953918645
8870.814454681633
16604.728600848888
10593.375564463795
5977.213598620471
7179.839246040309
8364.105385781038
7160.430346071571
10360.938182346348
20855.45134043177
27368.813861359355
40786.06815686637
88279.27603548733
-522941.82
-76.04801754430557
0.4219169761434969
-29.378349304116178
-45.59665403433074
-67.95715316089601
-188.29129157533603
32.88689956389346
-60.05158335141892
-189.03493252875083
2.551851486288671
-31.82995087038755
133.82599052517014
244.60403792417736
-37.938220146477185
-57.13470675162761
-820.4339705395487
-230.6355193185726
31.233507178593957
50.23546468736119
21.893899163644686
9.642984224450277
353.2873439424027
-491.1616259021231
-1547.4473690976527
-1024.1827292603039
-730.1972529580427
-217.6573942104487
-2509.9366079647116
-604.7282570428808
693.2622062557909
1190.1457424474097
677.5104332242547
55.37827713798198
315.10368710032594
13.235386172616947
8.598976553480753
-3.9054828833524513
162.12195103901738
412.52893053098387
276.8183427290364
235.0862086520937
-184.82947923467037
40.46543470980065
11.053065715894556
6467.138354442872
2776.0394538087057
1306.3110678638727
2747.378914015687
3102.34919455441
4404.844828207419
2390.969236156183
709.814348987385
-543.461118642692
-153.5888730237923
0.41409687700040393
-361.92359562561916
-107.24665906921575
-100.82282815929045
-18.865090779944765
2.272653883634379
-149.30335729809278
-39.65747521700679
-435.7340990193446
-837.6810823760537
-1278.5232393522665
-981.769040744616
-2528.8323573285725
-727.2035820820776
-181.08171708974325
-107.25750461756076
-208.4326370010465
-128.66784413513702
-41.122416165241674
5.710005792558098
984.4780825707553
1744.3782616105207
1824.2254343954594
463.3413483778222
48.592250566350714
80.96758302209602
4.073014229058526
-312.91214735265976
-147.9166487228553
-634.2049780509221
-1098.4321675036265
-859.0535989758231
-107.94764673503994
7.301332081815881
-3.7167867036010795
361.99009972236615
-229.55600541720176
-0.36435994598545907
-0.9189195378742616
-131.87970764716636
-8.940448081183426
1317.1120740460979
1981.1775083288499
838.5887744236844
517.2041199036036
509.22305361804877
65.69933922423095
20.196731774461398
-62.235008292206544
17.598267522682946
5.211748602563587
-158.49483075080832
-166.7274519796161
-1248.923983432841
-1481.7398506370564
-2702.7155575935963
-1422.5346636669392
-1416.9449265830012
-873.9772872545232
-401.9560254455319
481.4511531542252
97.55833389918038
623.3888992126888
265.5631012836339
-61.18998343546255
-1884.394683281149
-321.7498089060661
989.4901279709856
38.53349812740035
-447.76078480588336
-1045.3873457608893
-45.22658020509989
-6364.851168097716
93.98752801213213
77.94811595539149
270.16877614308464
-16.346494998416826
-803.2622010631632
-979.165696234548
-128.46085138673098
-19.16346999834973
-411.11835571098555
-60.28714167971026
5235.59183947557
3445.527100597199
722.353676824684
1921.6762886200493
2172.5187148899627
2961.934819585489
1088.2181788909766
846.2029885174386
604.9140763652308
488.2716360438977
562.3434176238234
322.7969225236481
215.28179595040348
109.07858472345713
340.24745724215524
258.9244994250313
412.8032788129873
26.754086543749178
90.39111170873662
135.46612049486848
180.73401595771088
71.24863951122781
93.98435362665731
164.07557207695584
142.36250812596748
75.33559385954817
149.11255191987624
299.142180087161
133.3284366562511
110.04309416949297
207.21708472480123
23.1466070793712
1.438430150043047
-61.36794878604984
0.3916503317764998
-28.156105837325363
-69.79584032109467
-152.39627048578697
-264.8200063481827
-100.91821467046003
-413.49561399453034
-1090.7357883373893
-279.9338420488749
-100.44435807901223
-275.78755349373245
-9.539941536860425
-101.66884888573728
-299.95261501257255
-38.99044962115021
-224.68436729298617
-147.90750097275944
-397.99099982270934
-139.88848241757108
-488.23092750963997
-152.558926008811
514.2095769358083
239.85030019198064
-0.4171813752935466
9.642081574467252
-236.7345731348126
-296.2523356293416
-744.780408467878
-962.5548348172545
-12.739781858172204
1338.8737684036257
484.9028524393099
88.59007476280067
166.18445216069176
106.93522955554234
90.31009185295899
120.33209195842561
577.2697512169742
324.23750702251823
212.74526656441034
394.2335405543994
255.20519993082132
2124.2256821094975
1233.0243598280513
381.2332252912514
640.8446101828224
70.37408239256672
15.73084709076615
-121.20143356044852
-46.36286375676154
261.4400258453905
0.320877276923171
-130.74709419709743
-557.1203312831578
-1065.5473065703789
-174.42138746984767
-833.242578176331
-2000.326035316187
-65.893444494826
-798.0747457442569
-1645.2827168959416
-394.8258648496186
34.37289651311932
219.52571378783648
175.70467335567773
795.8436309977056
1005.6965738499084
133.89745628104544
144.20401535614843
304.98194085123345
73.47103415297734
-12.862955378826289
-0.04500352563459859
-8.708378385098856
-4.018113769935547
-47.646136740074176
44.578471634963236
4.535371595599227
8.262850000060247
7.251837708298841
-199.038055683465
-56.20140770928856
-244.9418897196095
-146.05232713498788
-625.2410578376212
-404.88146476041345
-593.1377031771815
-936.905864921875
-1374.3574707425162
-1787.0815689718338
-3141.388865036585
-4148.547506770381
0.15846491780210148
5.46232023362211
-15.639638580550102
207.6001813105852
41.528318038468214
-56.66136777075812
-3.2170898623751034
391.6761346071738
37.11645828598093
-65.97704710156157
-912.8681234420249
-3367.2412071789986
-1.3287646589343882
899.2645330995796
22.34664744204578
-1340.4538054328495
-56.47737858113915
-57.626028174344945
-1081.530167475799
-35.077106849702425
5.131788727319021
20.016897974317057
28.53818600674797
-14.975877596301551
-687.5606801147866
-463.39480037759466
-1178.9513100007616
1387.9421350738837
8046.875228998753
4213.182945427001
3617.7071585560825
3196.364113063152
1713.375440583614
718.6428268309214
890.7046712952053
785.36256669084
556.77404292178
1441.2971820290916
874.7096372333779
582.4885234568787
531.3496789753308
326.0848584367534
82.03462613905828
154.1080355207989
172.74405095991744
1292.1959426487833
493.131178681855
213.1143778157239
345.83076378630426
456.71979048861914
1712.7828420921855
2806.266396186987
1922.569167681498
3331.041462571403
4184.832982038697
4226.053243893849
4903.889744490089
7937.295189453742
9493.95188795658
6413.563865765675
5831.0335222514395
3681.3297686109186
7939.027992248619
3623.77595847117
3918.3641076210697
6042.480539858125
20174.126495224293
15258.744918466007
17782.737165324044
10500.354148241244
12309.493475033281
24600.078972038216
41921.80621737767
39921.9748263705
52713.44672406164
63873.22766254941
107408.26355314945
96415.30585829845
100900.64129165091
102930.5045788749
106456.71893055661
130316.54940065854
137124.41510249622
218633.62872387786
259569.88208883384
418401.45728627924
375511.3755226163
509017.60698965087
-654691.8
456620.2293527226
563623.0820477377
-621775.37
-548997.72
-374075.09
-414087.48000000004
-265440.50000000006
-56842.29
0
0
0
-1566.91
-3377.1499999999996
-1679.29
0
0
-76488.88
-111549.87000000001
494671.1993696806
617134.5291609283
-371122.68000000005
-297918.75
-282215.13
-267159.89999999997
-274339.63999999996
-205434.50000000006
629062.2732473018
-465013.39
-196655.39000000004
-191750.24000000002
-163904.36
-148162.65000000002
-174058.91
-121777.31999999998
-108781.58
-31555.67
-53140.1
-52504.45
-21531.46
-95828.84
-37385.399999999994
-53187.61
343167.4161705157
-193566.21999999997
-56481.45
-44185.18
382355.3389342805
-332595.84
-187631.39
-31319.379999999997
0
0
0
0
0
-1709.81
-1709.81
0
0
0
0
0
0
0
0
0
-1709.81
-1715.05
-1715.05
0
0
-1715.05
0
0
0
0
0
0
0
0
0
0
0
0
0
0
0
0
0
0
0
0
0
0
0
0
0
0
0
0
0
0
0
0
0
0
0
0
0
0
0
0
0
0
0
0
0
0
0
0
0
0
0
0
0
0
0
0
0
0
0
0
0
0
201575.5500000001
266389.1367133541
-79197.91
-22221.09
0
0
0
0
-6457.389999999999
-16809.85
-19781.05
234731.86646793003
173295.79075155643
0
0
-7365.3
-9562.48
-19954.91
-74989.59
-53655.68
-14084.359999999999
-15298.88
-34754.770000000004
-79033.53
0
-7728.97
-27587.97
-15194.53
346666.59663375444
-118795.42
-63238.17
-102366.29000000001
-9643.39
0
-29607.260000000002
-32312.28
-12630.67
-28583.39
150052.5724503284
114930.16599117038
-5841.49
-31460.850000000002
-16437.36
-28040.17
-47674.83999999999
-38905.95
-19611.03
-17278.61
-21794.5
-22530.39
-32070.38
-21311.36
-22542.76
-19996.510000000002
-5750.22
-44145.64
131310.35498616516
-72249.17
0
-1029.95
-40751.71
-33366.57
-9885.849999999999
-65108.99
0
-11463.92
-55022.05
-28465.710000000003
-34748.39
-8212.380000000001
0
0
0
0
0
0
0
0
0
0
0
0
0
0
0
0
-1158.28
28342.769999999993
10359.568778835976
12805.480313692557
8031.594619659152
22188.568024299966
14112.695210331154
20669.273269363715
18975.013494855637
8121.036407298744
5055.261227445959
7281.048218587424
7317.8995620278265
2053.7572089116065
7655.443262304156
14851.36162154408
19077.767425089754
9894.937511533675
13086.059002403457
10745.35548122251
22428.44115882858
24754.19220104456
14450.65322998141
16087.064736002681
22852.556296072293
14472.510627373678
11663.598537756647
7586.997546854712
4700.8544247935915
10488.854641569964
11492.148309641263
17024.72443243479
8453.19154903559
24332.32690302509
40647.206583321786
107673.44863661987
-15389.320000000002
0
-1620.35
-191544.61
-250143.91000000003
-151294.05999999997
-238045.24
31964.77167228772
101193.72907334972
-186502.63
-60632.17999999999
507.1369726371833
7.01583645696736
7.312156771780572
177.93587634029558
82.14362552376427
288.13620441620094
112.59609114822067
8.946843748374896
1189.6769119247924
1334.4315471824498
347.9143958881616
-3.96253491421042
0.16903487088788613
-253.94593947382992
73.15141716666845
-218.1471232933934
-1768.344504563362
22.70679780258991
161.98876087463373
722.7453824719703
4094.2941061590254
4102.970840937967
2380.75650061219
2938.4717960578164
1498.9803718198364
1769.3994810283307
704.9702786540277
1684.4075477208553
1066.4233881749014
642.847630731364
852.0027258955344
1244.203342036753
690.8343090399383
1481.4575157083336
897.7892188441232
596.4919557992929
1040.4309624770194
318.03964270714533
480.75210493338045
19.777695008168205
10.201199335844155
34.78308459804062
-40.48522737988649
-3.609637667319098
-36.34933053006404
-343.2972011135349
-68.4907526730338
-112.50078400203273
-283.4998727612422
-33.68351686670566
-55.14567581732481
-239.15476987307198
-131.97489842012354
-307.92517863324
2.2277226918828044
-0.4122153011827763
-58.97387577095927
-0.02313145484360755
-24.279118308783232
-60.28066332982791
-108.48808110335821
-40.419981235472655
-255.45609400122885
-258.3693034078479
-111.30126304253994
-232.30604273570398
-307.19592477155163
-40.98264949919857
-90.22926313681869
-147.55681967641502
-82.05646071424903
-296.1740902156681
-401.89627191873603
-993.9936266272167
-1135.110800336861
-1211.594229654757
-1159.217374686928
-373.4202252341707
-1054.38597813035
-193.5138082170783
88.74424794621422
-463.55964082955416
-870.3920587192234
-755.3907968857945
566.1266541896695
505.66449021866214
67.58551853819233
112.76671788553844
-76.25670573754921
-293.70642330493035
-8.573703149749283
-1.3231651165730187
-85.09839178172751
-230.59813329878597
3.0030222114639606
3693.8973289470287
1936.130094378098
1779.481068846231
959.8869169091179
707.6483236675614
325.66608609240336
44.52568286080201
131.41933947086915
34.23768374444073
247.1779389158292
264.2635205587214
182.49625156450378
455.3916774746458
551.2510122152005
427.38448111658187
210.6092521521013
257.3771166173315
38.14330661065627
11.310561008270975
1.9616745919000884
0.0050362980945389485
-96.29914539664256
91.86620804290044
-30.374253664246336
0.08148299632694318
-21.478358042944844
1.144841389570642
-4.270102363278255
25.455639176219123
1.454930832131489
334.2635909784025
71.91362165294677
19.256799084889487
646.6161466117404
1067.02447185773
331.3198096134457
24.947854114257517
50.43329350072209
70.79515265369031
49.364984952565045
168.3141136604927
50.9888760901327
38.95576736277384
-13.277864570727072
17.835647540382126
-52.52911762491031
-251.10946979388567
-508.8389252796324
-206.519301645883
-194.12330964295558
-34.080454372363334
-171.4547832673432
-361.60829863805645
-659.9570945122719
-439.21394619871177
-784.4415018695859
-123.51125043996798
-2.2372734225936193
32.63640567110326
7.498659112285604
37.23918779438708
-3.9175505217637907
0.8612898089079197
1.0155155303308072
2.2418706260369907
-0.4039066298495402
-0.24716966700462126
-0.7892341657664161
-261.5461178598963
-53.061195406973255
-248.01506717400193
-201.16002452088338
-156.88969880009574
41.01489742883746
3.1939217147160357
3.3580304588079475
27.989215816182153
51.554018112324
101.78996501648567
-11.655690901091685
23.005608055440923
-9.16361718712104
-30.428437248630107
-60.49724612599522
-275.8046179839513
-1.4569815807517243
-367.0160241113451
-171.82518219868234
-691.1549918419903
-329.5983234047642
-491.54975415402396
-628.913703017318
-1127.3723753259617
-1370.9579377375353
-1662.068817074401
-1040.869413148046
-247.08979118620894
-454.202135846723
-377.17497160394817
-425.392800116822
-544.5371622894803
-879.3820849348361
-617.514515336814
-557.6231131403404
-1011.1785514511172
-1455.5944841565033
-207.39568136445126
986.5472217944396
2416.534840387878
4342.978726190732
1214.5606833365302
1344.6584680744545
415.7615411829716
224.59696329761783
109.91802196342996
-72.48929178069086
-1075.8256935605878
-452.30255186490206
-859.2660369935699
-816.7322553270368
-56.70752695373337
438.4461385376099
1864.5535840672808
2101.3455475171504
1471.5722036195143
865.3314849177641
1351.7882055884136
1218.8380710882402
992.916375175223
186.724050271989
54.58783947880181
0.9405052029095116
-156.68212335498964
-398.92902383406624
-2663.185432266004
350.772015345305
2471.711678367975
2165.8690264121465
1418.1429955508454
1124.383046526195
1205.9169531117307
845.6723432670626
531.040215924231
434.38232562958643
203.91925764078113
181.2118577603802
2.676308256464627
-28.979418159607334
0.5309675230296345
-23.30664193858715
-79.62913219086887
-337.08953470594753
-206.2160239418265
-578.0854421515595
-782.6628151873745
-1492.2943731101745
-2293.524840712526
-2505.7809499584123
-4343.77595729697
-2654.643283341616
-817.5430669075226
573.8946825113109
5274.299430190487
3139.117219022076
1791.5194725318809
1013.0493168948008
364.08694961252803
102.67602528036734
-0.17820123057979786
7.367294848039461
345.85388453086557
125.07997086562119
2.392423739072793
-9.123856226857637
-278.4707458767628
-674.580412552272
-1033.8585689287693
-16.314238351985555
5.895202987356355
286.63134854728264
6.961718911842267
-65.68198420300821
-33.962811754311446
-153.86181629015545
-6.382632066599893
-4.263974710052917
-56.851396257772755
-53.62168134710926
-197.60123317455322
-15.187769476483826
-53.1916958338615
-29.97153206218254
-10.986406535885685
-579.1688615569979
-606.8967551957538
-1794.9247099161462
-2238.9844172837275
-694.1314330008752
46.67401893463574
7.87785150859217
-521.1971440549141
-97.25001162643709
-247.40227361446213
-175.8832072603999
252.26273600668563
322.37297442934386
169.48774485157463
-308.12985885115063
-35.07239853803415
2394.2361489867935
1294.9229584633213
1097.1747400324125
956.074532962822
23.43631454073455
501.6236156061695
902.1276861500656
1319.2102493013276
9621.409264679887
1328.8857746337794
0
13011.763684810052
10002.193040666894
1139.3218414689577
7057.9369083304955
11046.281391417202
11935.758323975686
21694.112483611025
27452.74646587317
16702.301297038524
13988.171409490767
16303.359854793354
33775.45685002115
47808.138848141585
147774.1005653707
-368952.26
0
0
0
-31321.36
-13039.050000000001
0
0
-16897.93
-77445.75
-65623.60999999999
-15555.660000000002
0
0
0
0
0
-782.52
-55799.590000000004
418.0964069624545
-57428.880000000005
51988.64242610064
31903.05277394573
22719.49402489162
27944.33242065456
13918.419319624565
35774.13802943119
52993.32841707601
175277.76093874878
-503330.67
-58669.79000000001
2133.252568057051
302.1938689265181
7.265179968945192
4.602739113037641
-4.010107076585377
6.853211808989135
-16.000000594113168
-154.7053440104458
-193.10280706625255
41.45282606823545
-81.86598082650566
206.1281848511756
2424.1148034248636
811.0465130418493
2198.06206132694
2897.17390537478
1455.685660200404
1158.8015687716136
95.88041857671361
9.333752172625385
8.064445811798677
276.1417996098124
351.56539950548773
59.48728611765905
-45.68633586160174
-99.769188467309
-408.0920125142463
-102.70960393574379
111.57664503479995
17.545266335116473
-8.562226421607827
-93.72552764540039
1290.171546918126
1174.1180258674333
102.6027118040772
110.6984170709354
16.61063689345037
-126.65064189009112
75.67609954808422
87.88970230562353
9.930014823392819
31.25314951115851
148.51996637113234
268.33182076642794
59.5457860610574
-18.547378613247822
-693.5950733034952
-140.41910859008743
-40.159409785373086
-305.30318094550796
-416.5344001749593
-917.8894093200943
-1172.1397662309232
-1198.8582949164736
-18.85879989980885
340.23967051655416
2274.6467649554047
1111.5993258036387
483.99948088901255
199.86156243614937
814.9362225178049
609.7739602275307
188.65498689267005
3.5911671394286997
-0.7103552966743608
-3.154090834155816
-64.15782158177596
594.3829875600165
1050.8199561837334
975.5107462166904
554.12001470908
266.1226982243154
156.24936877706094
0.8769315594750602
-9.42950252113611
-88.53177231785281
-145.93870821932282
3.762694653930306
-23.091917463002222
-161.9672544679224
-65.30021798870666
-41.14217363676604
-36.97240462025199
-107.67436314420092
-0.6593164770990079
25.318361066391542
60.26815010776081
-1.694157562638306
1.7435629594192132
-270.43104504591
-478.738325309146
-2145.1064895380855
-2238.393876993519
-1384.1694651573462
157.6751134010505
-91.79821976850732
1.3810866688848766
0.7008698578975939
-70.11649711415066
-280.8428529853948
-159.2892901916475
-698.1872289429015
-898.0912407896168
-1404.0708689905614
-2719.2111755914707
-787.3813793856108
5.225482899858453
3541.383887673522
2915.051963968721
3341.676000828338
929.3739161812694
1142.7325997965213
417.55961482311847
372.1702992003119
337.3748154495577
236.51827958527247
457.0709484827386
396.4638397238033
10.866875118945547
-33.39803655817155
-72.25379420860482
92.26189006054625
134.4472710253088
238.37655206662862
110.5335109965894
18.68796998697345
82.37240905323857
367.1102412852954
910.2539121217219
606.4765016123068
489.831251638637
12.159973485136227
73.12998907796865
-23.116318020959913
-37.78908164520917
57.818228771135075
11.959500820506719
73.19303504167104
16.54359455265613
77.6657877199687
-0.03447323562984065
-5.1519410905433745
-28.021420094024748
-2.586784046601432
0.22901347338089414
0.4954859152544748
-27.370125369591328
-63.20339569418589
-31.836380134274155
-86.86263347656111
-334.96204102098704
-182.65770436051852
-442.4903740083499
-124.21439716597143
-118.92976192526332
-311.218681128899
-397.90728567346923
-464.2202142990562
-431.9399119067649
-663.1756184282212
-204.42501552123616
-347.33008038977135
-796.5353542926354
46.063315614202054
163.96617665751938
524.370465009946
18.076104957234623
103.11779168333001
-2.6371373636501536
-0.11729744288149975
52.924433138170016
556.018087632401
373.99470358767667
148.35096761729864
246.5122906923487
727.2460566302309
191.30755025212693
38.6113814766343
69.97130740171407
104.98866300158556
19.123218409606412
26.831102072753744
2.4510255974622814
-59.20147590842855
-3.2378486954230112
-34.09727340728805
-188.84363257513547
-0.17952222962747022
-235.13623000403948
-531.485689112556
-229.1370976364434
-492.3122853077713
-229.87779874565496
-798.9620296281475
-788.1290892277143
-216.792608785474
-841.9227632820337
-309.7535711927988
656.1883967511587
1419.0895186282144
684.804832735681
543.755581270286
636.0604245046018
504.05459986124214
446.24603154651135
236.17065416762054
292.14273335060454
244.8591183509741
137.84918635010658
196.54652862330602
37.39470404544869
120.79420143864859
40.36260442121466
-22.44759360139364
12.100855932177204
61.34699227826241
278.70530410926
119.1795946735595
108.30605134639977
13.201437724456717
33.6412923742527
4.9508298849310295
4.421079824980318
0.04442536874870828
-6.515235160277705
17.809338172031918
-0.44165063032543855
36.37813548636325
16.816334786422765
-83.93025280235113
-129.000840183986
-33.26915258976565
-78.93789321383298
-29.166811660705477
-154.72866871142799
-23.61564467105788
-159.10534254739503
-636.1553715046199
8.012033473880823
-115.44833664248253
-189.36456760047298
-300.9692982939509
-57.49037704922399
-508.66331741049504
-640.6288836999281
-527.1810549500736
-671.7547795412795
-1315.29010684156
-1630.168362912896
-2975.423003261748
-2487.252087592139
-193.72495650004512
150.73753937040973
-360.4084613215442
-690.7305322464763
-457.7415610127583
0.36494072912357023
298.25969051711206
189.95270452314372
1157.9187040126963
3817.9316370745564
5431.143682299954
7012.886050731124
8625.918046464525
4586.519199546386
3277.2819953069948
3346.9813285963323
955.6075170193882
503.47760995023555
1962.3447916805653
1640.6803184329187
1250.3151097325726
1262.7915048659902
263.75480315024964
382.39153841897723
2011.8652739929448
128.9787650316103
452.29792219043117
175.7351153157602
271.9071106419614
108.58984874352144
205.91110547292658
55.70174621863487
229.81056265544342
83.9264956969232
1394.024307427859
509.50404040879744
566.9691443133302
811.7061096575557
4746.348392872205
5373.656344049975
89321.87496438094
-355635.69
576.8333798533486
78.54800020903883
-121.19124710663718
540.7101384468856
471.4951344344699
36.43314240159813
212.32441257470077
175.64462334678709
629.4492642842233
217.82743076385128
41.099573939878
8.662281374064774
1.7647854965661074
-23.109934213413226
346.191298777514
848.6335707972077
-141.27649942783364
219.43721697550006
1679.8940633073669
3839.78562634671
4997.571242330425
759.0622360168041
253.60296407099008
1667.2219641003333
13801.620803409562
5672.27335037254
5282.930380943317
2901.8742586157573
3052.6854548914653
364.90259309732375
2689.6283550273743
3854.708376625491
4084.714308474454
3274.463259614786
8210.311791990005
2199.1361325593043
1632.758687574577
3087.538473314987
1460.453995171686
2177.3218211299722
155.76353156519284
1942.3503452047185
203.72660918959917
0.7077322419092114
798.5624954711918
2700.5008728457815
482.8740278039476
3731.13379556301
6475.173280696802
16934.41808561344
60511.30527990843
106339.23432077307
206779.98916269603
-228450.11999999997
-277672.01999999996
122873.83772702866
-415546.68
5916.0296630465955
1299.7659298744886
137.45046584223883
460.78988730948697
1588.9314223089193
2525.156473140973
280.634817254072
824.4983939099967
339.0041135134441
1143.8912930462698
1929.8123293641954
700.6063102233605
88.52742063645493
1057.6355960098422
1830.132595788666
3311.2666131845635
8113.333640100817
9220.492283625783
4094.727490030169
1937.382047278536
861.2142923492866
49.962387725755974
3334.7886270707645
37816.31656643812
42460.94114933684
69174.0309865736
66957.10001875856
-342770.74999999994
9849.340830729903
24026.69784681328
-230143.79000000004
-0.3813477680099154
-338.1513698478992
35.21188450526101
-1.0562281256432953
0.563107841992925
44.94928846848471
-273.1634391445896
-115.95893795931401
-283.66123762502065
7.416262140971799
9.859258863440022
16.140630897885007
-0.0023368403176222555
-118.09676813113609
-46.73055381771804
94.7511209676322
3865.7949872351783
2687.7670975026767
8911.852350988094
5601.416104703089
2604.7691041296225
1446.1427966392712
2205.0504058481492
366.7562336245074
222.73551871786864
38.59458009355779
-77.27780439603433
-14.972604914052141
-0.028370667743019683
14.793426021250955
188.33214019499823
747.3180697707514
212.93212616467187
39.929117547899025
196.50029667075074
415.18825249039253
443.3833129864562
901.6451350349437
210.0578230991244
763.88565281265
532.7958524904512
-634.9918828535729
-3.3801740778573413
-23.65541009992489
-29.386174373645385
-265.18424786326375
-146.8401745469099
-368.8876285770253
-247.34780589342353
-274.6024959426776
-589.5048999198648
223.34890256090193
-148.6178155409442
-111.6411697586528
-1042.1189534105697
-5015.643794629519
-4247.91875078193
-4736.132491139431
-2406.731741597379
-182.02491693221887
-182.37761481390953
360.828171158865
42.279824512888126
646.7311042254394
724.4037375410335
698.2386005817044
27.635972050837836
28.011519811133994
16.801704880035548
-425.68260078352114
-7.761839372175787
-46.02671153006525
40.99864080459217
180.57252157158928
46.55527149695323
409.02036752132483
483.6796584847661
1157.864990888502
1033.2872170741375
1755.5899698228777
602.1589031530555
496.47281341102916
207.74669216170804
12.390815116065259
145.83460177093434
91.56650007677709
69.77838923082844
36.27911833040494
2.1626696176084046
82.23541779685293
206.2530974593875
40.34293401942966
-0.08989683477904384
-71.87820589384421
-0.3845770165522645
14.700491647917762
-612.6238673769878
-497.7848682912601
-632.6160081791053
330.8984342129227
495.94275424190323
25.303931610038855
92.11169318227249
194.4603028910899
218.78532028171836
67.54920000177479
238.5335112240652
8.970483300550592
70.84673629694092
7.9212923325756766
7.3089640863387135
51.19186548906139
5.297500844472182
-26.66916604459817
5.759468177196963
-4.8186868340423015
-40.478530593339
-103.41959421956933
7.982338521556304
-7.024436362037932
-96.8887316176896
-206.68643351578004
-274.866278495526
-726.4083595813012
-1228.98116301998
-316.8609573396195
-533.1801553242135
-195.06825222323067
-518.9443622529835
-124.14427882279742
-508.91355012972224
-496.23537768726305
-465.48321917749877
-54.84299893998545
222.4694931099438
804.3632414927631
884.5947332321787
542.5276578787821
532.2115074766979
187.06052356363148
517.9919227839814
628.6776116259527
371.19432553177035
111.0918166159042
213.74376284390786
57.905148521048716
208.40485925212522
-73.48837456782857
-15.05608816365896
-163.15521775339639
-387.3676361682685
-611.081660308482
-154.45696301921004
-41.48998089420478
2.8882975176179304
260.82395514091246
17.921237580967766
72.42690547454563
1.2900933935521635
97.20102037930054
66.8363854661738
-16.184525900779413
11.553223358491806
-95.2136939065368
-4.906616925677564
-41.488610676218755
-217.3116389886477
-49.62388955714716
-112.71394656584481
-377.8653539929299
-40.00208316725795
-226.8337791780951
-767.5910488113498
-753.2015893750163
-2419.3675604972477
-1350.9794479378806
-1353.5256004022312
-2465.4746883120088
-3092.6019630685323
-1596.2762106874718
-1620.110882890136
87.32079837140842
1656.0506528455146
3648.883143645063
4015.6711909215283
992.6513106845155
1634.9673767856902
877.4497348907149
626.4626236282693
367.5057747659318
82.87045296683317
769.4344207351963
1720.4582058059868
189.35359871630249
202.73723954451154
211.45270116488553
6.447759758703986
110.68562861876043
9.52868919127737
6.495085675638974
74.42027923545626
35.25344296722234
30.69433453789387
-0.8119138674015102
46.14025361097479
-1168.5653648211119
-722.2656991601672
-939.3084855258567
-1752.0405259725906
-2733.8666176275437
-2296.813157984451
-2041.055714222874
-1971.429723485482
-560.1771529964592
-1610.792467868778
-3083.5174094286167
168.95629171875566
1621.8026078257037
85.2733889529156
-28.865993796895726
-1241.3303182076963
0.010754286785504764
1288.6550204032
773.2400495834567
63.356688530701746
-0.22484888879784284
-113.6419068353771
-1234.0009259127303
-504.94041118021596
-784.9512053505155
-163.32031247473378
-270.8373857064239
1585.212960306929
3090.9041523439028
2716.9055605803287
1018.7299005185315
927.5296830864729
807.2060022608243
872.1731477786943
206.73545054016813
219.86420659925398
317.84208269159706
156.16312542934776
266.25962102222417
2.9152132428220354
-0.8445036809086128
26.516392641340275
4.832761306527492
0.17856440263754553
-10.148308210672194
-23.319198819850378
-56.68194153674484
-87.96167704569811
-8.520114843272184
36.70886465752368
273.3179015158666
574.2628386633999
1068.4412689981448
118.18884179209458
32.40729426213687
259.99498810107286
38.69526024428128
17.454132226187898
214.6111875070464
49.25895303359464
39.99857187112526
10.469616720718362
-94.62185009756116
83.84408668119276
-0.8658850386899826
168.08172455080424
341.48029050386157
241.91945434026218
89.57951645108267
45.57152734927452
-200.7299263071804
-196.1979412788997
-752.4253502321217
-480.62900137393825
-12.212614866931624
-11.137162739600466
-0.7767901151058461
-25.94371504514133
-3.9767887186676854
-28.10929922635767
-31.97150147264958
-80.08508452699851
47.70301823249493
-3.50130476165496
75.92454876431593
25.316984014466346
26.874311613330104
504.28191520552787
884.7773496094771
696.1295862669234
-9.332497838277748
146.09989293151747
51.138877548342734
1055.7444266817367
1086.6247003293365
731.1472564268392
1994.517480907555
1008.6689579505776
2038.2786417735226
2965.8089089221958
1646.563772432423
4430.771654423053
2370.950652947506
4629.6449974060315
1541.5583747204357
2092.763529874327
212.5146853220059
2716.3563263470974
1776.8330467599906
595.6190135803695
1377.931219100398
135.1495284871052
322.28052131660417
1329.984491721622
6827.293818764546
6398.464726119687
6484.0814874871385
10606.981143269571
8560.520057699898
13848.443185150692
32388.060785408572
22058.626373383497
27096.203990222246
29599.892681133344
31437.861799345726
57331.74272072614
67076.20002099294
-479653.66000000003
26635.04460402136
10640.495005088045
17048.73804051933
38084.49053903615
60210.095834412234
-516263.9
86.87337171748167
32.63745320265928
-190.22162087970412
-0.24903856373677435
-502.31516053883723
-613.5918798149723
-605.4769914571671
-522.8425877042982
-1517.3338034707672
-1027.2801770928727
-2640.209050696585
-1427.2713849531447
-495.2970821041696
-444.0363724401225
-206.7986999746645
-486.37959956038327
-213.719624944379
-470.6378059306414
-186.2960916233769
-796.9330871088005
-812.2834354367301
-104.3688934663771
-140.91598500638906
21.96757982031042
438.1121666800044
4823.012468744052
1364.37419886052
319.690727019734
216.9797435366877
1316.451368263978
1750.4643934854457
1252.9731767817416
406.8149865470359
389.3285114024007
66.02795378668718
162.84483166445042
82.92279251274206
-1.5070212049441898
128.79989745297246
665.1682322670299
278.52257075332267
-22.426332612091944
-18.728047489627727
-11.699063072899953
96.26934717696933
3007.2272916628426
3317.902516860793
3463.849255894118
7242.930261105565
17779.0246402534
17175.45383154467
10028.715889343426
12168.778216416966
12058.99311385043
5030.506966586787
12179.087025777035
26778.669835981098
61029.3073967853
50792.33073450399
42514.91769132791
76234.95994343536
-630969.15
-8997.490000000002
1390.5816961291625
176.10500707335254
364.10635799969475
-1.023889382776988
-108.56217405965606
434.97414270994466
303.53642880377015
14.889707920722596
273.3519945614887
245.05466537444215
169.78430536634647
17.515264730175613
-10.51525492203045
-54.18147801294124
-207.02387715784343
-686.2683576217627
-19.693377748564206
-26.945345495970358
-563.0561899833427
-195.51199878392165
156.7899762252844
3110.1567908692227
388.60518332641294
-83.54875131599547
-50.078989107975175
1270.1937824469712
1267.6424914856123
458.97539621665044
51.43392032005691
675.7049883353421
31.37374044957472
242.26810408041433
191.2184862152488
-10.873842891322294
58.70922895114253
-240.44062814309814
-151.07660429997645
-448.2767775848755
-146.73584099352695
1868.3438594397771
1424.20832486008
488.8956545623807
400.0985111189941
432.01836779637557
182.92485170199518
-21.7803017372332
-75.95812363411699
-430.2909452274018
-625.7620167405727
-598.1421306711043
-0.0019657303928185786
630.551449487556
233.90676405844874
369.03838444142116
51.71043518672842
251.94499410324812
250.5626181339594
51.67522487227275
-0.23585223923934376
28.5622404243543
-1.7402283514014747
73.97353503935597
-89.01512479314295
-90.60867095370253
-54.36571680237264
-49.89532326601179
-253.17730264045392
-666.6268729112792
-1056.3006013551587
-1367.409370149239
-2278.0976461130504
-3098.290807276089
-5151.509519376869
-4853.917951001618
-265.6394695405394
838.2516914973221
72.44149347997678
-138.314636963839
-946.8767583237534
-1619.2398563933066
3.043473520956992
282.26471705643075
212.56105652428147
3357.595569234222
4944.085994636179
2517.410918087371
1392.2658869199654
292.38806518336776
38.828543113696796
-29.073209077290194
-189.0219121476166
-1236.9365377426668
-973.6471726703238
-719.3499217908679
-324.07163226687135
137.3342120484586
438.45062480356904
902.5317965054912
863.8916093672624
464.53516002796005
146.40120493134674
16.568630325500823
-2.366176183015054
-187.12074541558036
-456.5799950252918
-566.0645238343203
-1449.7609890145486
-1621.9783503640092
-3111.510904174972
-2235.5480444934137
-3094.3312669475654
-312.30138807101696
-660.4063042867305
6.004509589414764
334.25370747287974
177.94223078504348
909.1728620964093
212.1184947998923
-38.01447115977366
-847.7151050529516
-744.1037852000536
-729.0753130578659
-8.110986124076902
975.122520122392
659.5985238708091
0.15552086682632071
-322.68390065519736
-1625.5462836983152
-125.52271595345243
-10.002339335536092
-128.8982054183872
0.879968974007701
38.828311905673324
37.997722037277356
-415.79396605216573
143.78116498034666
-534.2920858234008
345.50384255390344
32.45998492739724
-413.4535787260756
549.8599966787558
50.73354071483932
-133.4196458253969
-3.061100988928184
-2.175986833191877
4464.752028893094
2538.7348207346695
812.0001607828447
123.50939489602587
-130.5518453417244
-104.30998788802746
752.6483530267269
70.99657731682437
-172.52741168814322
-0.06985500587484994
554.0182710526936
184.2091669010602
127.03808826934974
17.90534431096562
2.3019314952392294
1023.5877230862242
688.3530054242926
-139.96751097833157
-139.99472489052732
-141.28054256883317
-16.788563361790757
473.5659372893032
-268.9457012465349
-2924.211130068824
-3960.929885714675
2014.3162071591717
885.2617564038878
-2.5832952574770807
-234.7787858476392
73.76209614422216
51.42430547635518
-0.730318883121255
-296.06855598433185
-564.1622524706744
-1163.649463416826
-1401.410985843384
-136.35297301078248
911.0912436944344
2292.6748001764763
3898.4897678713105
3491.3005807752816
2074.8680830509675
1574.3310176668756
551.8050425476073
53.899654169728024
7.5390451292853875
-3.5784544885867344
-6.459866382395342
-90.65054137941868
-425.8535230930877
-803.7775511158941
-916.0166067522534
-43.349793886505424
-479.94778128252955
-1238.308061321185
-2540.4943525471617
-1585.0040315166611
578.5402741932085
937.9529755030992
2806.710215498166
1930.8042043258185
3337.3979565516274
1704.434670042003
733.5718198232364
677.1134092908777
163.876971837597
6.473255925364614
5.37590312800934
-80.83816495678613
-425.1095988312285
-564.8181843293958
-242.24442407947788
-0.4486911390374642
-37.07025726698181
14.990766940024246
-634.4310220936818
-167.22134455243616
-625.45799568593
-2650.182606337211
-4485.922069292445
21.01124181050898
169.5412159548651
53.9335160497645
-69.96567398300424
33.35782424903632
19.514233344800985
247.44524183831453
352.89237034203336
176.64708688691678
-7.026461592366942
1.185138366339859
363.4425574188437
1955.4461754937365
1120.4323192570914
464.79608099650886
36.769220529799554
-7.891665364469581
0.34925566409975706
-445.91683459209577
-141.74738947656738
-18.655396594672098
-388.63567023771736
-992.0669196754475
-1792.9133113527616
-4102.781421935738
-2377.916041786427
-46.743171493368024
-65.70344515934588
528.662732373412
592.9970641774253
1071.9379370005413
2207.5198134394714
3789.7170992799865
3156.4190657549434
2065.208722710458
984.3559360457367
504.81201497191284
632.3785754013469
308.53055899328194
32.06810731981583
24.784092429133032
-44.696684350448294
-26.261122039294158
-31.96946045856168
-132.79758568307716
-607.4730148409487
-250.44606341248243
-33.08377720462138
1.217606240423919
-45.20055953879219
10.698690454587185
160.6109602259885
-11.23015567711498
-550.7436622319738
-352.7330958651602
-343.67632740074384
-991.7182993408524
-911.4727781534253
-418.72946727453325
-272.5511256907646
-461.9864084177076
-190.75969303536263
-331.11875809714013
-82.60163076103599
-51.750938225581756
-41.03817386974316
33.138413224013206
198.34498169205924
1070.2180311580346
873.9793525238675
2655.238194048855
2023.2318178436362
1087.761065914301
811.0584863836689
863.3037384257697
762.2877468082713
508.84156744956334
580.7327532030986
852.8675751642763
271.153542549822
87.54984289546468
6.867335027362237
-18.7720052394842
-84.85592197872845
-103.73077308914617
-124.2069801121371
-232.79293847680478
-479.1537204685553
-533.4099132906705
-622.0015442027234
-662.4422262936605
-1014.0468233084084
-660.1562490941005
-1139.68260298272
-1498.2317937813336
-1385.2046756109526
-2819.876689149607
-1870.7350307681882
-276.6748123661474
89.79569814403806
2223.043401402845
0
0
1029.3715673282168
344.31092424999326
34.97869163411986
115.12596707700868
-0.9197865209280603
-70.0261082296766
103.03038854626723
209.80327951656272
-8.759619000509701
105.74802781687902
30.100735573166563
127.4093998361376
6.2564364987969245
-14.658601216223428
-26.587752332803895
-211.96994292254226
-313.3045007786789
-629.2011821763078
-615.8905857863947
-1204.1623045379497
-0.2551259065407194
1157.8890889815734
749.3876048105224
1792.0256991906958
762.7632566404485
163.83743729981515
170.95023508265405
-0.6522371270127898
-87.79089271541534
-406.1543809819021
-1140.5431707808839
-58.131822513025845
4788.677953516115
3004.787600585194
1367.1567663999872
1197.9662944395666
2.991916215238253
285.3678902548003
440.5415335995179
333.6983397767845
298.8774178199133
111.79751588013839
3.0031363503551223
27.901642970915425
-37.61791278442635
-0.21962179701765003
-148.18343441310748
-266.4620579245308
-360.1849667644786
-65.92797750340556
-22.722185115500437
-1.8328288925590526
-724.5121976222731
-787.8236572151743
-580.449984409577
-240.3080125585247
-245.93150715443718
-263.2679781930163
-155.13045506941472
-208.10605550787045
-517.383064216644
-403.90380536428614
-1515.2921755095163
-2915.830995168616
-817.3607963263886
4.927050887029285
521.5601999064631
779.071623185512
1203.9937636626864
1725.9705174135572
448.74698835385834
115.13267669845533
-65.94644399059212
-378.7370494156821
-522.4586442761306
-181.2219749015165
150.17131373084203
3.295538267132433
197.80058215296742
158.0385916166902
719.7804961815696
992.1190741799676
880.9738331690296
701.2360150624257
736.7799589157531
406.55739604713483
169.31215304812088
61.29181394864726
179.89644488069428
59.48002015366642
44.5995780882925
77.7333756653727
38.92000695672705
27.21944810932753
24.150989457334546
6.963161702552097
13.122972592316119
10.389161391590305
47.31145113268559
14.122922462503652
104.50052088974255
65.62839395294705
0.0007517010279787984
97.08136579487206
14.265382703746978
33.743039947933376
194.10040886265602
7.044123126379468
-40.209033352287335
-0.9407794216911637
-137.73687246711998
-30.629966277088144
0.05266786928361448
-14.851252272940137
-156.17916822060187
299.0319094251084
379.72764349139277
29.580056920028035
-18.553967541596222
-71.002416064798
-303.3683930316055
-66.98964059004996
-121.24004946469411
-149.28695888161144
-128.2468225280636
-106.52359268769816
-188.5319006514982
-207.97089936350216
-379.4924785784928
-38.16256897405954
-45.72719531989303
-0.23114187636474595
-48.30744393467718
-28.20372909064131
-255.56389767309724
-436.74813425108897
-458.8555159748022
-505.5761984936569
-216.1714634287273
-1.8167572597486337
-35.85592652794071
-0.16187291088373365
426.1260744598138
479.33883730471814
410.44494721741773
866.8457480412196
181.93469206089594
509.10084285577227
245.4937654937318
121.27838569672326
61.70733942754069
143.0090448485382
110.81002242009396
259.96884517848423
264.81729713066727
130.2264150183264
199.92310861724792
47.62991577107155
296.278056734272
-24.395922231066365
3.648100328851129
53.99623608428266
-2.183975330773142
229.76980416187783
-36.310879982401914
-72.53586207036057
-316.97524398313215
-426.4955656747796
-413.8600883160575
-588.5486347885978
-19.863646201136067
-258.8211802603814
-220.69940324177446
-35.652736959405274
-660.7819556667589
-247.9707838556426
-351.5710124498123
-327.7877304747673
-359.88087330421655
-115.70437305153453
-18.177986758651
11.250686394326959
48.522609610758145
15.774196316718742
137.8083124124481
391.9403665515006
773.3495892071588
647.3856782864514
1691.2164693366683
1466.2215392172652
615.4650032596196
808.0301096912956
839.7512087585543
661.4989813455995
1034.7775840806985
1689.237280808121
1874.6532718208268
1083.0029958003825
568.8550522081864
98.99406575598789
93.21205755627533
18.387852498456475
-1.662812648742599
715.9770195257065
356.2019089084671
964.2904833665887
770.3433232748256
2022.6759011738466
763.1672251393971
524.0349474333901
1928.7799667310646
118.8907254860214
918.5132931394436
1909.7093332127683
5609.266117926979
5843.354621182482
19329.27592746659
11534.156158796555
20999.45611261495
20199.15127267458
28976.014527236737
15769.327545845788
16636.65261384764
19113.69340672205
16827.06379805377
14020.04518315746
20417.05771454027
16934.805656845165
22596.31012428431
29984.770422846803
39332.7557398711
61571.206251233525
95704.23994043836
151452.03344589454
510658.98499226384
-395838.28
-144060.74
-202315.09999999995
-49859.68000000001
-44710.91
-61029.63
-42146.899999999994
-77454.91
-55890.45999999999
-73111.15000000001
-91621.85
-172612.49
-39495.39
-45685.100000000006
-44042.87
-53277.79
-32947.22
-51447.16999999999
-56679.1
-144574.02999999997
29668.42619373323
30014.747388334596
36001.48682719195
-6681.529999999999
0
0
0
0
0
0
0
0
0
0
0
0
0
0
0
-1591.64
-20138.69
0
0
0
0
0
0
0
0
0
0
0
0
0
0
0
0
-13792.96
-32894.590000000004
-70963.84
18244.334465610802
10842.941292583517
5902.789417118624
7652.358547766196
2587.5507404026444
3746.4754198019973
2712.5699398900415
1393.641697946819
670.3453245399201
786.169982958932
372.95526773215624
175.6675211356305
0
4795.7870833990455
2667.4933691729007
4725.1303201628625
4948.401427807476
3261.0391187119694
2323.590892587564
945.9302144320877
395.66804008561905
285.68596522541986
-2.7867783429963198
-4.5637895798218135
-55.02518488525352
-226.9853593195158
-151.32002623885148
-133.69234866166184
98.1838697419083
401.1564213712079
116.72609773045691
267.40112902809176
82.40500410648448
-35.907733991761724
70.60120082290138
128.88939126715837
7.901596284786359
0.00471410244721639
-86.49941162219363
-28.901412135848858
-2.525780407022093
-86.23175873465615
-9.354868211029675
-87.7085660596416
-35.54889375420358
-121.02450427918271
-438.3225221785294
-121.4517258697276
-9.499077895082914
22.442764897162334
3.0834572214948426
-110.95205815355608
-29.94866520489323
-556.3327129976865
-184.71597499051538
-469.0831348096673
-344.65715201794853
-960.4116336176737
-651.3999012936031
-1049.7053730668347
-1259.491311367129
-664.14907272143
-395.8475802158784
286.91563411698866
3515.1735022633275
956.9251041654056
169.42256474813328
1.9573658528308768
0.3549588603426538
1.1524577378890954
29.541675613581077
334.9408833370784
615.1855280453784
93.92698066642222
84.8015114605669
-42.31758229452402
21.82329765801435
234.1782670408354
256.37441374552276
334.2841095943711
648.7970097697142
1087.8670075616424
949.3976462998592
658.9961218842661
466.0226615318104
440.76617673197177
137.00014012556537
117.85623579147915
8.24628943059791
7.766413485184788
-89.72069251622469
-1026.532574214045
-432.17336975151403
-366.81665087338774
-387.8547086996615
-166.62088714829565
-344.42968917683515
-149.99895455404433
-573.20999032244
-352.4438065495616
-650.1657145970158
-168.2951889182067
-1.0802386444195222
25.557261022479473
151.81682858916736
62.31003984285212
159.37700179060005
33.540277050692815
47.94751346387305
142.02793968682
157.68266722124466
146.85690230965272
194.4842712095495
97.85622711149522
281.63810743528194
12.909140582985534
484.5476134792327
1.85832625589859
80.46891729673442
5.200397678650347
-68.96556875239014
-39.74168812727966
-51.39740305470205
-385.96247516293556
-59.397402829099924
-46.793351364020594
-75.4318700541622
-45.75022769610682
21.153497750398984
94.83508309681189
-67.34753048615667
3.332767656212188
-331.134949533865
-121.97482947653876
-114.49589501428822
-235.45261103855017
-372.5155291070988
-262.3307067197264
-26.32552084745971
-0.5107536217491391
1081.345393539096
53.65169196777692
286.73438556626144
3.8418769128996564
7.50106939376111
122.65135363135037
114.76393553561627
146.38664598073004
-7.809872970236842
820.5299668509319
-741.6011315151402
-44.26015321675791
63.19114351556514
425.2188234632307
3591.7218040444072
1774.9334072470365
3560.751516368455
3612.980728192898
818.3456933212115
8590.478667283001
12190.974072912399
5936.860278080598
4518.773899432015
795.1959619196369
163.08707390901077
4874.076701283459
2929.0237393514467
2519.7805715492955
5748.457278110226
6213.767770739936
7870.342857577083
17434.798562591794
11996.155620860054
13966.061783444431
18392.25507454154
9312.33692690913
9158.647063778018
27393.916637155806
21969.872140840096
158675.24011556295
-500695.75
-155470.82
20148.86254707592
18617.85162658548
81907.1069770086
-227158.46000000002
-21620.86
-16563.58
-21210.659999999996
10525.491015628124
3582.950482626564
2871.1943522737856
724.3974241588394
573.6469017517395
728.2873040885588
424.1480225557594
-13.145185235723497
1.555790539015983
1231.929856479204
981.7177062242632
445.2401586374065
2380.280632576708
2387.3372636529984
294.8579963005157
1502.9289972892548
-40914.81
594.2749569592314
394.88650827667635
-189.94219768128514
158.75230024996205
306.9223449829564
156.67377864271742
152.9326709035559
419.6251354539175
-271.14085734497553
-0.12103569103506903
-5.315149994290256
-9.176206645476341
-607.02539052661
-1498.4737198450464
-6550.131809788605
-901.5729061973227
57.55045715904103
129.142624272003
928.926735381951
914.4038263640495
2935.8856044549802
2122.1176127450053
1266.0391045046495
1337.331219968798
1274.894064362861
1436.2422292152673
1218.6018339787252
535.4111179669698
740.7445034735001
166.33095740669438
202.52194765007553
84.22522969746447
-1.068521667648259
-102.1521818783638
-393.4448239386595
-291.8089022374004
64.73185317543302
7.5491922603012025
101.03709515257302
50.83184990231665
18.343251561879278
-3.3515705015208272
-0.030670332025143077
-370.8761554290265
-150.45923200895606
-154.4825528571939
-446.7363024139252
-668.1821010044488
-671.7399651165072
-1291.0622620347394
-822.8912631347774
-460.1224651006997
-683.6420882564329
-1057.3575014370429
-1421.399859975184
-1228.7933970996423
-635.9952123803539
-426.6383455362683
30.02086406475282
677.8233870790616
2909.121084738541
1638.9576145645933
289.79637437950436
57.74144921076123
-162.71927635417
-144.25257110852237
-43.238989096196356
219.24500200085586
26.126668931315784
631.8773833537865
608.7774520570629
248.4934071499888
151.01422448576227
-56.3297231617992
-445.908196094795
-954.3271587858328
-413.1875843387038
-47.73836690403591
-135.54675591868886
-110.82044295747967
7.99376531472126
1069.9159085628492
61.84092572135921
-366.267078579609
-159.11308101403736
-547.0348371204988
-1241.347557905082
-690.3373447850935
-1215.2664585090365
-792.9857400127892
-464.619935575838
-794.786604664535
0
0
-9046.98
1465.455056874432
2266.112447717146
3010.9744274384543
2307.4612240877595
1374.604168477744
687.7086148884348
479.76911989954556
142.7465450190933
464.16911617148406
450.21804780137836
607.9768016952398
238.7304848004762
159.33533008686425
22.917797353335374
-111.85328337764912
-19.969394182917295
-300.8829293325374
-756.2936771721288
-1212.680149956621
-1299.2597650886416
-4.21559613071701
399.94340137276043
-49.265993684495186
-146.23188591129565
944.7285256811421
517.3997774996199
-4.518936174299216
-179.57655750264558
818.2845275894188
306.30734430072516
145.500711620198
-8.201185929814285
-309.7775910647447
1006.7918998253156
432.2577182151689
-12.431656582384505
-673.8917303619602
-2651.839279121956
-376.75034637180653
783.9373788291481
474.78066925583954
0.24592948932675024
-244.50989984080627
-608.0048362085594
-1178.3259634520164
-3266.404437047625
-122.53515199168552
140.3300415177693
9.544047929249942
37.1285261175215
198.54681585818702
3361.6137648706977
3076.378731493907
1651.5397724880652
1027.9087405239204
651.6458952246138
437.1437046423456
217.89784824406246
783.2342104285628
277.10314573719563
3.777616087892242
-68.44482250646344
-187.85185712846283
-107.20498442380065
-498.4722969689155
433.5002717762012
314.1757607455669
0.05317149684359376
30.932010939966467
-205.37713000767914
-35.08530023316498
496.92505060063627
167.0933574190127
70.9951590681646
259.03273903814153
27.75483842222436
139.9953446104438
-38.279537948766816
0.7865157175302475
-73.68291104954503
-202.82533805668234
-470.3523811647858
-783.2407190748448
-571.5339182354903
-488.13979447913107
-141.69004594379754
-121.9147193289117
-58.73854557903999
-9.246353562095678
-162.4166869862573
-343.1856126438736
328.74501738572167
139.33532530409022
1558.4993336175003
1262.6234088879655
2299.6068780572386
2604.8326482568937
1238.520379916381
2156.274796053906
1829.592883089188
1471.3582536532572
1069.9381129984586
3266.7360903543004
1568.2852617007975
1661.6539548182923
1016.5867487288693
2308.6225775539665
1821.2717698446716
2073.5892324829642
979.5434412808329
1375.8245509656279
2728.9748649811986
785.5133123897396
280.68207419055227
3861.5656317481007
4059.577493854734
6114.7647140077415
8137.672860134743
13202.328479410166
9219.646513469668
6439.345744165805
3528.196157004927
9489.641433719913
11100.653651436553
9755.782900228614
12639.49392989996
6325.519240958456
10596.85599834822
10717.983630000672
18240.640110007447
31924.39840394327
61508.980013499066
130064.05680392521
-140383.59
-19203.879999999997
-83371.78000000001
-155390.68
-44351.67999999999
-1360.35
-1233.1
-73798.53
-7118.02
0
0
-1261.99
-647.26
-626.47
-8515.9
-14051.91
-14070.639999999998
-38933.93
-2165.94
-3966.63
-26109.46
-110927.94
-94750.2
-50752.02
-12649.2
-641.95
0
-3299.34
-671.81
-3018.4499999999994
-1667.4499999999998
-6278.709999999998
-3563.3000000000006
0
0
-2510.09
-40783.25
-17896.340000000004
-7147.91
-15092.27
0
0
0
0
0
0
15849.26
4364.425098068759
3995.561007079309
1077.3721141276278
1271.775692428312
567.136699483121
760.0105885296891
2471.018560869236
12070.903716631456
5449.92809155836
3554.8262305981934
2102.63058953639
1691.8872012166496
1332.9253716008902
773.9237664412539
238.9185946405159
2.578153240534518
1843.3244314565939
967.9149032669716
34.4045644974758
186.6721987713428
301.6377428894826
320.458120343518
99.825988281114
18.447044651843225
119.68807768065253
490.9340768910535
299.455868213719
838.0689526832704
519.8657913048185
423.70298027625245
163.35147438419563
-29.760785717413892
-281.0681757763504
161.6576344841471
509.479262523093
-347.15277414466664
15.86047030919749
-258.68361052126266
-343.69257617193836
-934.855553852987
-1293.9572160454738
-424.2471069520741
-821.0700796832305
-1866.5249190842928
137.16908714365331
568.888267751702
5.458239943946238
225.7270992876795
-13.020786948765092
22.995779547047327
-5.635927682652036
30.592503978865874
-548.6941161468559
-2910.264953283045
-335.4777503093999
2731.675535334679
925.9512998742651
606.423203181182
379.7268921531586
761.9937528886276
102.59532075700656
1247.4537409231768
701.2325103952343
-441.0700809054985
28.25974629133257
153.89790426784361
-0.17315475303690495
107.35712090565973
390.66375365896243
142.60128040905295
-89.0777927005138
-633.6922836230494
5633.011245663269
5054.8679394057035
7195.608433442853
9276.023198748884
21928.857688671753
-25384.73
144698.73402788103
-272270.64
4252.225881828705
1502.8632046706307
1211.5912327237152
1094.2293215691766
601.1782181996826
184.20647768446125
32.21884484172617
96.6546626978838
207.41970465479335
-0.2981386288211876
32.35668986006871
-0.03278846472304436
8.11684049159857
-103.68617473781273
-27.161250286520286
-60.81542363256343
-96.01735903535798
-37.465339916142014
-980.9110200198008
57.27036442283512
231.8823151352747
-284.6701877239134
-1233.6969765450922
-1759.0305564994853
-482.97378470584096
434.86836606379666
739.477995971271
259.93051670075704
739.684716890325
1517.6108294066223
2166.00621414431
1369.9336601844561
1224.1453765783372
556.4033869882508
634.062455597739
101.62145476573379
45.397293001368254
132.0407968912831
-0.17290608754117326
45.39857017374817
23.367031469019295
21.864528596769325
5.238160101626917
-2.3502940839347164
0.991347485855789
-0.01547143547671214
12.75179631474142
80.30443738117452
-5.4318217774518684
-73.61877400313888
-5.855599244720704
-39.44162338072198
-291.9594412393561
-314.9619727190293
-112.2086388057721
-184.4832437557574
-22.357908565300825
-367.9844952997918
-704.9353188785718
-620.9875502163011
-900.8683573716526
-1002.505681407358
-867.471979267631
-583.4806108443839
-116.05149001443266
-786.7112627919075
595.2529923372038
328.3870361223982
-110.13039722510973
-1184.3731781786025
-2.205835694731286
2170.1479619424526
1982.4727888350355
1544.5754244532527
651.1115533716593
510.300246376544
880.0676816305853
731.1635372581419
766.9563407733124
250.9312316355103
258.1035092258287
58.257559375657706
-2.240332106330495
35.23685979982354
-147.44541511623697
-153.59297035222016
-148.35491141993634
-1016.6698030830092
-917.6928695309421
-1324.4832225935281
-1472.8649955879512
-1501.697021797435
-2002.3053670554577
-2404.2440276819093
-4558.008619257518
-5420.1978209785475
-338.7312616380615
177.23676783117256
80.79722676633159
-95.80692473803524
-393.74734274119066
-1116.6302274540205
-759.4043901837476
-170.98471608908102
-111.28307032295186
1387.1704131202382
3292.28409679974
962.7256752663683
-8.458732442702367
658.8480268620447
1134.2981722522104
388.2748614295324
122.08855449144383
0.9142451215789088
-5.671541417800852
-329.88107465704917
177.09902982463765
728.7494315819705
16.054856240700715
-33.936356504268225
942.4394586861031
1533.4870151885539
1021.6969860478921
606.069366472564
253.0865058620978
169.44766934145864
35.563901179890905
2.9210584736549063
-543.910034250182
-363.3718861410219
-0.13109433095457604
-54.96211662334129
-29.09395597441461
-255.5930442485834
-599.1374577842294
-1366.023823214801
-1731.726995801419
-1967.5933638391157
-6.13136560705235
6.983870754932842
69.3137114604786
-277.8390800317138
-418.4315268543106
-685.8756223831338
14.035391791647685
3595.7352405403194
1911.9380601767796
470.25760652492824
583.0834692321904
18.1607929056053
-49.67812414253651
-104.36812629618241
-673.5159508008664
-973.5550924581559
18.582881637367166
4.866016971877228
209.55613224068037
52.07766665403647
0.15936329613872757
-111.13061522792665
-38.02614351789452
-304.83460661291724
-1096.3341095492838
-405.2684078393798
-1241.6230792172594
-1623.7940503143054
-829.3658170609691
16.425207005889312
-0.03716251957989196
-33.67186160196146
-170.26700371422194
232.48094163699253
181.20268520174383
-50.822065991945976
8.054867917079836
5379.78950879232
4769.613650414467
2489.7737725921625
1091.3158959199993
302.99793965702145
2681.0519502266343
1975.4102274511624
636.063388997172
198.2023163317513
12.340205152370975
-210.44202065214108
-182.34137157049142
-278.8205681672835
-56.342309936525425
-180.98504389476818
-74.47956841138628
-44.64808832525853
-108.6238926263792
-545.0990139398352
-818.2327842521537
-787.7356202336758
-823.2069494887296
-1460.50686009615
-723.837010244691
-207.8039118072873
-99.1181933316341
26.025287388913274
-265.1785802732646
-712.7290623397142
-2583.792029747161
-5088.830857719133
-196.62860314285246
3214.7555010994706
5974.9388882770045
3154.3790791836514
1687.8566928102573
1815.113237525577
3600.255319994105
1896.0158260857993
1189.7348834821507
653.1337978434091
65.87581905371495
209.581751330055
34.91530705733399
162.4548431094824
128.63350710685296
137.35023482060103
2.146994629921504
208.02575396364213
201.8881009944671
115.48542148533592
64.71186437869744
-16.963853432446793
20.10105445768673
-96.00708978924968
-53.992798849564174
-216.70181641299575
-663.9353206705472
-370.6566161378343
-407.3625216748777
-978.554682069524
-1441.3368029931873
-1304.7110159980825
-2402.639205527292
-1558.3159578408154
1451.0289357271936
582.7761961811225
14.0857949027861
-141.39310163978337
72.62359497974037
401.5434185482835
300.4923342956937
33.13175071960114
-113.46445695260441
-1536.3798746772743
194.7173447356891
1137.6149564049374
468.0834127436085
167.95986089884934
29.22775428158141
-0.3861619123406514
-221.19470141709718
-337.2877257684911
-732.1940526291924
-1601.998284451166
-4537.420657883891
-7253.38682109898
289.85418808696073
126.5233853794575
5.285741227888957e-07
311.5351491410701
1177.3276763178237
1456.831395185672
1088.1604028997017
322.01632931435535
85.1583466531912
58.20102358200655
-21.599364676794497
-10.357114977227141
33.00096540416317
116.54472296974124
386.99566359875064
405.82558349104204
117.71255598573444
258.03843133710103
-25.840137589350142
-86.34413668992865
-140.58162690990198
-139.7346251361418
-200.22246833870093
-3.5688473185217475
-145.89579666541982
-57.0867740842149
-68.27369374876672
-93.55088827515014
118.8727395041532
69.5782647425366
52.21473539823458
-806.080511885974
-1079.6013734912117
-1426.7793522853844
-498.187086798292
-47.30167926107412
-632.2526917020034
-226.3451761859897
-460.47079916105133
-717.5209061066839
-604.4135626361182
11.742186880698563
1.63751819827413
-66.49500750461787
-155.27699354260824
-576.7613726025861
-878.6968352389146
-2026.1037528972524
-2907.739866805472
-3620.187592761922
-1478.138297070311
-1606.3921047553208
-5047.469897067487
-7879.404246562153
32481.64893078992
-88355.81000000001
0
0
0
0
0
0
0
0
0
0
0
0
-1585.6299999999999
-5786.820000000001
0
-525.37
-961.11
