637228.14
797926.0741987915
-178526.81
-145997.78
-77466.25
-23245.83
-9597.31
-1724.12
0
-27297.059999999998
-11321.43
-17096.77
-29997.879999999994
-28273.760000000002
0
-23475.109999999997
-3074.53
-48818.770000000004
-56691.96000000001
-40342.61
-23848.82
0
-11321.43
-10200.279999999999
-13648.529999999999
-39595.18
-93068.16
-43646.41
-24596.24
-33216.850000000006
0
0
-11924.4
-22269.13
-18447.18
-1350.41
0
-88932.11
-207428.77
-15975.630000000001
-42440.44
-31034.19
0
0
54340.81999999996
20648.37500236085
15771.115532202379
8455.11866780862
10102.800686338465
6767.323011372744
6416.717096709218
4264.753843062955
10063.253316171322
6559.91975056358
4507.53452070513
8328.927381088895
4144.128450189985
3152.3907982045125
4763.81774159812
3102.05894008263
14568.762777033964
35717.57855772694
26047.78288597687
8170.920272599966
11458.826931297772
8704.248900002975
5795.904818653369
28005.70156473026
31154.81331901132
82812.42481829898
72301.61499577161
143498.7362502922
-945756.24
-380.2896277220748
-421.02101494854566
-73.14641052805337
-153.39877273856075
3.900124502518136
-670.0609245621863
28.009329590080437
211.02921845001111
-63.07879163790672
68.09829551788918
227.83920296555087
1900.8016023128139
1633.7685966174026
154.03997831184245
157.4068137492366
-538.8919354955506
-468.9764785376694
-82.78591291572715
203.74402365423006
7.386614256760513
38.38819891364405
1460.0594498551027
-921.8474222563179
-1952.4114552813533
-1778.2254215272508
-369.2543339015017
1534.6273928116275
-959.5411989491074
128.88352607781513
6200.917400341177
12737.769687882701
10166.198801632298
7795.771069521219
2836.6776603799503
398.68451648901316
1709.503545737168
2645.485262947286
11377.138198858614
11380.607905336245
25406.95193459954
20565.375409601344
21513.38684052013
64482.70268059113
72883.61539472548
-606905.43
9440.18135208149
2375.039777336713
5614.506122052759
6589.083994188419
9780.058622688966
7725.581505900062
2320.377786185702
0.015141959521345805
18.402540043476314
238.86767641258618
-25.38949878437702
-94.6645191312069
-211.13436284550028
21.20980179415083
2.254589159277322
-177.7353780383266
-62.156863602783574
-407.97544659359363
-1596.2978118805095
-3237.798042875781
-1053.370490328063
-3584.5821842567125
-397.81052511273515
-250.51217796078663
-251.82882431686872
-317.4943507598871
-488.15029160887843
-499.70376604186595
3.4740516853744823
1720.0601240150154
3329.6599781859286
2432.3333605123335
257.2180539910044
-301.70977877077746
-4.344074389742298
-54.16088839276004
-615.9886175124475
-454.5588711977132
-1707.0025767180368
-3433.9610264850003
-2607.9106806285627
-58.04248656644229
771.5348795000251
-19.600825419036955
665.2141346196897
-209.6427723594739
-209.45721958567398
-511.40195012984907
-955.6586963174707
-639.5490266917561
524.4795431888725
2822.564984837252
880.6241702836937
1101.8315010704869
2369.8407979057224
1092.9719511461713
270.7915358122698
-113.42412566220808
-43.89570078359444
-374.50182619286835
-1056.0453696861368
-282.533398835468
-1484.4096075869977
-3293.253589004311
-7509.125855691951
-4177.141520905254
-1561.107383473414
-964.1914936988151
-3001.144083399363
-0.6426646375680063
179.8942391764207
2297.7827482906087
952.6290351424084
-55.583443343525076
-3345.4378687584185
-306.0577551762995
4055.0594366327705
450.18093325866744
-703.4374338646376
-1567.0073329692332
-103.20311041894684
-12665.280599471611
1224.1159776187446
663.850947041162
532.6020128740288
5.59052578225072
-2256.1687529848346
-2946.995832225354
-152.30300338495925
389.0726411253145
106.80004829658904
905.8266855905028
13448.044608768938
6418.633630708248
1554.8753409352794
3139.8211241705944
3936.0228985582644
4982.887627804523
2281.2786686576783
2314.2595051261387
1397.1144903202076
1110.737645808437
1244.9928890709757
438.51390061533056
208.051070910381
39.37679252956999
119.60551268564146
237.23951694672513
624.3422077644278
29.47612454687188
8.636587020377148
0.3001283330856229
204.06558116559654
481.9223401435102
280.00474494314665
119.69672246055998
96.60671602990946
84.12217825577349
480.08621558767004
1669.8803972847393
566.1421916848544
401.7355968121892
292.25010611118637
452.1018569264546
116.84723541279979
-28.7575664717523
91.100173014877
-58.554590157110255
-20.84490307354168
-140.1910968854365
-185.0562118676183
-43.269099640486935
-609.6560102940489
-1204.890349152151
-1478.9965622663253
-1002.4504766181649
-569.1379160321272
-491.37847007214947
-505.5104284581663
-287.55061139842337
-577.9157044449803
-845.4955673625602
-726.9977558702483
-1193.7856720937502
-1451.4317120044172
-1729.955619669325
-920.4689507268397
75.45497721984245
12.195503527140225
-27.6518956820074
3.78901598045194
-562.8723151237891
-966.0469771738532
-627.8312180250102
-1650.7650037325316
162.54671722813114
3364.3802301254223
1328.7194263629808
389.7109829306345
285.6327064209188
251.77074819706664
294.9551465702315
1764.4766828310449
5609.948983038681
2941.5122229828576
1926.7010070814604
1875.725113873552
227.34759626551337
1757.0821778206578
802.9870034959547
1185.0175786513566
704.4360084427146
-0.5215670866447276
-22.571914653516984
-387.6570701981641
-664.801133993675
-26.556808053498067
-196.65626750316903
-741.819753721857
-1502.6695947443523
-4028.6502771890364
-436.33336996601207
-2833.821532072509
-4063.9956701761803
2.1740499716963857
-1093.7436148385782
-2582.4958026202103
-158.57616563306593
1305.524295013583
1518.8154880074546
564.6473066045834
1675.313109787226
2155.2299087549695
103.44758223654286
70.8911082580706
104.48047000589615
34.76113027487789
-21.37074735370478
18.448472796988067
8.193688505934801
93.94256969001111
60.25998198260872
1740.9107197991693
684.4187506389246
68.27911030195727
10.430851352967533
-330.9023559591657
-530.6099545631819
-922.9229746659206
-563.0460570918245
-1667.443250833458
-1005.2961264616212
-1088.5959236315534
-1894.5128850454182
-1718.9629889883697
-2347.0485396813037
-5701.348600419629
-9723.893336522598
-988.5009357017902
-520.5055917904056
-887.5494298159676
-55.23142689078954
-120.77939492989663
-438.5787995398522
-286.7835019379689
286.70632092084554
29.039925948825946
-66.97734331216047
-1663.7983760084135
-7973.0724090397525
35.41049489320108
5269.039572442768
782.638967352517
-1138.5828241808938
5.772560446644648
97.04126368333485
-1553.9857827350368
-42.6256705836863
328.33677400420515
744.5741915603398
606.0005723035117
2.0205566493156217
-932.1644021184676
-289.68261029924383
-2595.688859558891
2868.9743136690254
16050.562889291921
7307.178793870363
8212.458298516178
6011.623804532872
4215.1794961112655
943.5071857873793
878.5127758683992
1060.3802084704296
605.2169654194454
2186.172325275385
1471.8926188596033
480.44461902640535
349.97471665474404
959.5209541894121
-6.453177346400642
246.3694294373427
105.689022596031
637.7077892297267
2356.7230712551573
2472.9819676458264
5709.679417600985
6898.391453509719
8060.835736459057
15851.680750781185
14038.346590814928
13692.014099147505
13484.960695458225
23108.011393782614
20193.068827893992
26237.901700221933
19915.386564631823
26312.20157193369
24086.770652123636
15859.921037356675
25646.725525309503
22047.444006596495
16716.525934778667
16278.234256965192
24822.343496196067
38940.21470111412
53095.63381703904
46869.82054619388
44753.465973482365
90904.88774091686
208975.0806666204
144363.4043186523
141611.93150818566
256716.82987005776
546537.9461286763
432819.07791804476
309862.8830291272
277194.7248588187
348799.1982140256
555957.8955291931
720117.4169512427
-1658223.36
834690.9881282577
1164279.5643495838
1086351.9484972504
1519671.242226118
-1195088.7400000002
-1072517.48
-997666.37
-619594.55
-788264.5999999999
-498219.44
-563782.88
-376940.80999999994
-72345.47
0
0
0
-1384.79
0
0
0
0
-98009.76000000002
-140656.53
-526808.9299999999
-415276.5699999999
-210224.35
-213117.76
-226173.57000000004
-181702.18
-229799.97
-192015.35000000003
-230899.32
-172783.49000000002
-77820.0
-91012.08
-74328.06
-64035.009999999995
-73044.97
-56968.9
-59354.6
-12850.11
-15473.529999999999
-16436.43
-8127.7
0
0
0
0
0
0
0
0
0
0
0
0
0
0
0
0
0
0
0
0
0
0
0
0
0
0
0
0
0
0
0
0
0
0
0
0
0
0
0
0
0
0
0
0
0
0
0
0
0
0
0
0
0
0
0
0
0
0
0
0
0
0
0
0
0
0
0
0
0
0
0
0
0
0
0
0
0
0
0
0
0
0
0
0
0
0
0
0
0
0
0
0
0
0
0
660627.4199999999
651179.2995663765
-125044.67
-37649.05
0
0
0
0
-18359.03
-39588.17
-33901.17
480078.86959216045
401485.2287545143
0
0
-7343.44
-13637.869999999999
-40787.53
-103340.79
-79361.08
-29592.350000000006
-31085.949999999997
-58126.53999999999
-125484.25000000001
0
-7341.889999999999
-45100.549999999996
-40662.46
-277773.72
-96113.34999999999
-71436.70999999999
-150622.47
-14208.66
0
-47361.5
-48159.05999999999
-22918.87
-41104.899999999994
-213381.94999999998
-136089.33
-2781.06
-28323.76
-3210.02
-31785.850000000002
-42942.03
-39836.81
-20576.67
-9156.7
-15103.369999999999
-22944.739999999998
-28838.41
-25155.02
-20524.88
0
0
0
0
0
0
0
0
0
0
0
0
0
0
0
0
0
0
0
0
0
0
0
0
0
0
0
0
0
0
0
0
0
0
0
49093.380000000034
24411.10135542407
8465.05782265486
13353.28368170229
5580.223201181972
16910.476167775792
36251.06194528747
19205.48088985942
6142.871052493891
9015.286472096153
10857.288403107003
9836.636557216807
3592.271772193925
25133.870353244907
25589.566866042915
22535.84044116312
10042.283402207415
16355.619950548637
28420.380306125116
42047.14769329228
36300.58677223712
25954.897799819482
35201.6510985399
17104.50416754377
15537.085681802138
7022.708317168959
2909.037506751929
21849.157986559767
23956.257638741154
17579.51146597552
35515.26966559683
69824.21801152104
159141.63455927037
342885.8429473072
-14145.279999999999
0
-2571.64
-270516.05
-399263.32999999996
-220912.14
-351191.16000000003
-392758.80000000005
220939.63486801175
-248736.86
-102129.12999999999
4128.666097723741
9.427519944263075
373.5354933329566
476.4187386348476
45.7990356398366
986.1607847719246
51.505888452714935
-188.14473927715693
1368.638735613547
2880.3151069276373
739.5414753555766
-250.46938211666782
-3.513416976220189
-479.1810015184896
2.51899531195456
-904.2318523885624
-5565.549161981715
185.34950393666756
1827.1707013324599
4889.181077986697
16340.634195362336
9196.04496541937
7272.934657294023
5387.106735394576
3735.3514329587138
3180.161628289449
1397.1526318718988
2467.054474922018
1670.5229371460925
1391.5308820895534
803.7284035569039
1487.4630431089379
1838.5659756705973
2310.3258065972204
2553.8409672335274
1670.2449133724456
2978.9353280210203
688.8603814254543
12.7172494433382
-0.10754466061279938
-34.368199563533345
-195.55695654250837
-228.8771286384086
-264.3285116855151
-327.36243533348147
-948.8954127710174
-349.82632827947054
-441.08789721938314
-962.8996540881897
-256.74821298970545
-199.06867468461945
-297.8108452453082
-598.6199610649314
-372.3678538985009
53.98317712260343
-0.2266025223538326
-2.565399696642628
37.41379289857864
-130.0937831720089
-72.53203090262683
-225.47589968391057
-174.43994542618847
-852.4200959294594
-525.798263341054
-634.1640206702697
-389.2989930340735
-333.7372009161783
-650.0873010159198
-144.3020135389526
-486.7266229954241
-706.6685795016957
-915.3765136110085
-550.6808817376918
-1311.1321022314276
-1679.4180618150574
-2267.3310350586194
-1574.3076055030706
-47.26078171337325
-2005.2483288624153
-2001.037035020208
-0.8284446416913215
-396.3747434001155
-1298.917169378928
-1940.6523836654358
1817.8572278227718
1303.4984493839465
102.32445654439654
497.74386248395274
-119.92584231787717
-354.45663726108546
-21.756909502160706
13.817468219557528
-10.53047511389518
-690.1308279594223
26.723431968608384
12199.183828904836
7048.560449982071
4776.05052019279
2817.684290988882
1074.317056290873
718.8649671795471
120.48846274577137
168.51530431656187
11.416279793244975
848.3907674849422
446.29865503978937
550.3066717473112
1162.8249622946723
2544.8119694414713
2788.9050454268026
1196.1848588325827
788.662941863366
253.46629373750682
12.368729391001022
-170.4711261146066
-197.69961085939843
-1657.844773030171
-388.7639063493853
-964.468689223514
-677.9140322073508
-362.7348500639272
-499.788310554551
-319.123495390346
-114.39136842080048
-42.0182942431541
266.33357560038996
1.056816748342643
4.158029376667939
3170.9782060228686
4137.76931872314
1687.4441123176089
1280.059382664811
805.051292381155
86.69391614381357
708.6421840106311
564.9129857666478
333.5837614772397
371.97404450704846
15.422832801770593
-2.1117706485500776
-38.555011831864434
-525.5307932227033
-2536.755191116071
-864.8083847122297
-465.59830150307175
-279.82940009931576
-155.94717460084325
-318.2410286433759
-878.494130238221
-460.8930817300068
-2132.9983171655913
-2.6771335124093385
54.2379796622552
483.97529770304
70.80581450473206
303.7168603766421
59.86691008208737
34.807774147898066
211.14632781266798
186.15464455649948
-5.996815654266925
-0.46892550623730483
-67.52956418801217
-483.96398954587545
-295.69581074833843
-340.70800144576475
-465.89394639230676
-57.23098413005855
334.91892655247375
44.88506828390587
85.11253037556848
274.02117980406393
226.44919427387646
358.24842717705576
12.857093960643205
149.9258841694213
13.233994844891205
-186.50941020691616
-273.2945317002865
-1199.824829310928
-374.87936902826084
-1382.2397883298402
-641.8287717018004
-1338.4515031507437
-1185.0578918645933
-985.786055536851
-1494.6251047041867
-2625.7577366934856
-2662.9649001731586
-4975.464683974265
-2876.585224068084
-146.975918009013
-831.3840288964818
-684.7076116019481
-694.1873264115819
-917.3280521195551
-1726.060550902903
-2054.5324709189863
-1970.6274457097115
-4905.609179929932
-6049.293901204686
-4539.754287442369
-6.686242178568035
2975.310009595319
9210.405049861947
2533.8723294178694
2668.468257553103
557.5647389559547
0.4890969442858494
128.6962963066115
-481.12531390396316
-3735.4965147487346
-1058.5203454274467
-2783.2044019497007
-2085.9642262992047
-414.0970015740109
2321.8191509309127
8820.303889434881
5775.669498985069
5378.413981493012
3452.713960798417
2956.9372289553894
5783.586344990863
2837.5142253417307
1113.5960310379112
253.99078489090846
2.6278809242763397
-272.52126357194106
-388.092084294016
-2750.244458603452
4970.156258902338
9315.588002216115
7128.853689489836
3051.1098595991816
3862.676382353864
2967.076802151807
1994.4763244208366
1235.7435875638587
2104.858520248034
840.1768051530402
267.50695035311594
58.91860224169548
-48.27357292469717
44.41505785071377
3.7828499461892755
-324.1532784568417
-184.223690380732
-1648.324705045726
-2023.117796395008
-886.0963383884525
-3108.7303062258607
-4482.46429827869
-6508.159137569788
-12027.600938019912
-10666.08396914525
-2768.2292271026827
799.5594936664583
9153.361466078542
5058.345004834264
1568.8206305690355
619.7387831723333
46.885159563530934
-67.84712281205191
-345.8045938838409
-282.823345617861
170.87965607778838
4.912404061845994
-286.9836847298478
-412.34059904868303
-913.3320740284697
-6100.265566770005
-8971.996963805279
-52.91371293322841
233.43253907526764
305.7987515334748
43.2589662608859
-61.22168204691717
7.3977654573403715
3.2690084928903564
1389.393429246263
2149.05555373225
1183.9336501964194
2931.7141269215936
1220.349866572715
1748.5559031273401
3393.687881049902
2274.880731941006
1447.8939877331186
1.98485475342837
-474.3248587357062
-1090.8300910640403
-74.41818429989705
126.5739043122046
6096.160938366463
2807.2518345820345
2465.8034484453533
4594.019632353062
84.4787684145944
2168.8419734315335
4391.017186896806
11011.776682026004
16231.197854012265
10979.845225269568
41400.23787022032
68432.59917910112
45426.085241178494
38973.22487296493
35755.69824023827
39944.66116740804
67256.3758917135
131279.9270869004
199112.6940222503
484389.741709361
-992551.5800000001
0
-630532.5599999999
89664.90067449088
64395.11944695591
51011.32287136325
63976.953403310166
171222.6232605295
163621.008859235
208495.62361097446
193835.07296169907
290372.62928444025
287167.2577488029
362380.39351867395
473794.07447455486
-1143222.35
-499016.29999999993
0
0
0
-45086.95
-13313.030000000002
0
0
-11263.81
-79950.29
-79273.52
-13714.189999999999
0
0
0
0
0
-756.41
-50115.880000000005
40453.74838183771
-73330.72
-170887.4
-220654.68
-145769.05000000002
-167260.11000000002
-160114.41000000003
-190022.32
-165683.72999999998
421601.0513553534
-457919.05
-40617.21000000001
21795.65602203968
7990.156570590633
3033.1226546757885
1293.7089694720962
1047.071694164109
196.25600276374695
18.97218123263348
-18.110936690434695
-1618.5867909582298
76.33234142048109
-420.76124802220323
863.9484538302646
6349.024378454395
1756.9772118601618
4385.0141351757065
6311.170918029857
3399.1970666143543
2941.852470942775
-6.307895264720539
-271.8598022009384
-154.10011682183966
513.4474672477586
765.2000657098997
0.2876962865609086
-51.44131303834031
-63.343226223562056
-1117.2726963797845
-286.589088440279
1.5714754084266622
1.9772667611471912
-31.345933622730378
-164.32659049289606
4679.999470470467
3370.8653191779613
363.3722491487101
683.950862952579
57.16350264630894
-253.90985810426872
424.3839959895731
518.7894153401353
392.89804942403987
138.12991303228588
1997.0625485145467
1432.5896433675618
1400.6132688688185
-32.07747434394571
-1323.6621575759218
-54.612544184583896
-160.912192671058
-1117.6694240540064
-1401.6124730616634
-3605.383336561876
-2689.994462892387
-5162.862710508827
0.26066486979187814
427.9334658932523
3649.386938964914
1626.415117191938
439.71850972960374
13.331785733134954
831.513013486038
90.21720964787036
-78.88422906979584
-385.33652705328836
-371.74204597126754
-614.8533446675087
-1519.8721536454045
1458.6697691335387
4628.587954386832
2976.5498920581517
1463.5655949105349
762.411687075203
471.02336616982694
11.159952000471854
-132.9333860661941
-1025.3658893171282
-1375.0435811694679
-37.74572258545096
-345.4532024274857
-889.9813226702884
-757.3135314019215
-216.2230028243003
-821.0044050378232
-270.8185803257097
375.36940838953115
3756.2661130598854
2521.024527659655
74.758518128112
9.72154069463832
-82.74254334061098
-789.6252426535574
-3054.7574255668187
-4954.771330341446
-983.2745986498912
2276.022916146898
453.1735101215922
397.1063845640448
706.8888536295997
51.159608572120476
-10.063828609112704
-797.2946584627255
-2930.0427773023152
-2271.8865559343567
-3088.294148125307
-9190.249540463345
-2106.128051875299
5.091223807743258
11003.26521061271
10824.27388888312
7936.33298411516
3060.7472784249703
1760.5934193543746
477.99569421698754
507.5198952694844
17.699257867510752
272.3542695254984
157.7560416036653
546.7980116930303
-2.459045630946154
-267.01809199605526
-770.6753849505917
435.2485928043335
620.3247239727361
774.771012465648
625.437841422353
302.30000463282147
1124.368786289991
3361.0249907945463
4900.976447153927
2669.9522051476206
1342.8666900859253
268.4872914996505
17.42710021047226
-8.146025617315406
-649.8556446121429
284.7864115138893
401.18859462617075
400.2119697345769
235.69652483757545
752.7116585085151
23.558188823393863
-28.421466761823325
-1.5265425583562606
-65.23703894203729
-82.56373747749026
-12.413154776065046
-123.6932554130116
-60.24511336804853
-439.79474040101195
-210.27436299682668
-677.8853059221728
-517.9388176282239
-872.5165156577306
-528.7221423733681
-523.5560657210835
-349.34800449823246
-1070.2041134986885
-738.6582515058634
-1031.7488824750499
-1242.6329565653023
-1180.1628466507286
-734.278879172759
-1181.2516059349716
65.1968495881155
212.94837783042507
1135.9442887605467
184.1292501709402
12.067207922581922
-88.10113404529349
-160.31402707240863
661.5435424724978
1987.4214555125045
1915.302534433998
1601.424085809892
1512.8251363266136
2038.8871008829374
697.8355042072549
615.3949344650125
473.54375100675935
80.66256878842148
31.49600679964215
204.94969127053412
405.62395232075744
45.47332576954092
2.4173728812477258
-89.29167581090984
-772.65612881926
-157.20444223386116
-336.22524177854547
-809.7072990584675
-343.42052509122925
-465.8840300640711
-153.425810275376
-1184.5274921177622
-1019.714011639787
-1006.0212953083008
-739.6353518925648
245.32018290093777
9807.53013797137
12172.449728480568
6117.738190584278
5001.313566052997
3010.148498944354
678.0584139397588
3310.491006423788
3755.9881509657334
3286.0563804830767
1641.4251687930396
4325.021894010652
3896.5126607507395
7171.390197985596
2951.6923421592455
1332.3817230101151
1855.311021030561
2198.1394047215813
871.3289682975121
9424.45162403717
13163.26343700659
3440.1784527825466
6125.069422373922
6056.656405868692
3451.9137088803413
4115.719756199896
5637.655117008298
6181.070475817054
4221.413704593813
7242.322507633962
8992.473883539458
9611.88162208256
11616.636439053585
18237.065614104074
13274.46148321566
18213.38240998308
34827.10504070406
45943.16727298647
48419.83039105436
202938.7392846056
-1284733.42
60.36926018766259
-0.0038766833770767974
-24.99660995302944
-176.3091551296971
-321.15091463414586
-271.1955505955386
-1062.7780870916022
-903.9305159885862
-1275.2265220447186
-2071.6986791108693
-3070.9869409691305
-4785.718973785602
-1772.3010530944784
-23.803620184545508
-227.19873128789916
-498.1374251697752
-783.8627841374391
-8472.628675693024
-1753.6591749107229
509.85752709609284
7225.485967949711
15878.02682539626
12639.399189358764
18943.93741323047
17300.071950549398
16914.83721103155
11637.014740796134
9983.553661730457
8519.681413325936
3836.436758272268
3963.0636625302286
2903.3807936284416
2619.0965910524837
2979.890343530471
2558.7095433992204
2732.1485514537144
1566.811371201355
5156.87515234576
2278.4675165546437
705.0744724476086
3697.8284826909917
860.0403939815922
534.7908989789513
1370.2670801827085
4372.360327868185
9836.420904715329
19485.603596538815
17911.958163919237
3431.3083699076287
7091.076473133508
4542.58392464865
22324.181652086878
45190.354178197376
269267.2066642769
-457429.06999999995
207653.17731774756
-916936.66
400.8234459530706
2689.64339851551
740.7233305939997
83.7910029981721
143.1614002455076
59.55187773634136
818.7784340155679
226.770065828336
2.185908568005264
-125.29285081240748
0.7429974607548591
-221.5456019114769
388.611204218941
1584.6648909161693
107.92582787649158
-163.61335030511754
1330.1902145655708
6660.216835112627
7738.556458653365
4288.84730451493
1215.0288223579105
668.5505709387119
14060.375777847185
11900.667315715615
3706.0235389680047
3001.2324226304845
1897.5324102250302
104.98840143486534
5622.214039158669
21612.212224287225
11557.315043205892
9153.65489262272
10960.597118474503
7312.979804348781
4347.863656651145
6559.406670515639
1152.7276042735193
1438.1120740038377
-72.2118592637129
1.8331751835152237
-0.07260965769856849
88.51448284867442
383.8401607799965
1281.2039708276209
251.1426918862232
211.15213824344335
11497.6630615079
38561.263629043446
158106.18970868568
278441.14851024264
497537.8257433849
-295903.25
-336965.02999999997
-584051.49
-366879.80000000005
12973.497011665193
3169.050314436789
916.5747214222763
821.9657920683885
2504.130734711523
5477.3885096652
-0.09609510979888915
584.3325435632777
2976.6655235540484
569.4834186791303
3916.1868106782176
197.06606613687245
13.74677002273063
1765.0331541203805
6640.971917583618
6397.590684897272
30855.04151667586
21069.56982063351
14521.753840461264
12506.966159434347
4776.796924174398
3192.480315299396
40152.27183942931
206400.53958220538
177434.52479776784
153463.65324639625
133408.2277006281
-392286.7700000001
177289.3228589128
154650.32237821788
-377715.28
-912946.67
206.41909985056964
351.19591594103144
1.1110482611198231
82.59901916408305
411.18148135606714
-56.186302927364096
-328.8377921070994
-1526.851999938655
-120.00636055247894
-11.483293401142893
379.97263590019253
9.249295118999381
-111.64321449751966
-207.3314724303174
0.22025644917049833
5014.996412928755
4424.9746992256205
21312.226921556816
14780.148951578896
8310.431359658196
6012.401327875224
4336.661684942385
1104.1061148924575
858.6057798874313
165.15431353758555
13.624774605500452
49.97308873200123
0.14276487843489866
25.373166174228565
326.13315166638495
662.7286854559416
92.05402618675076
300.87927813730283
330.77443131377584
116.68789593273924
1605.5036747977485
1320.3082580006358
552.7539061876209
979.5431561362639
809.2854121944498
-1286.1130383800169
-2.6060326647702774
-65.12795981445616
-53.38528565924513
-244.3599430705428
-489.72531491684504
-1105.7568320097512
-526.5566193951615
-987.5070932022513
-1505.2011372250377
95.92767681897482
-298.71819696416253
-229.3393702001615
-2020.616129662329
-6893.595538019161
-7893.177207579559
-10158.81732743245
-4676.371913770119
-184.50834157570915
-10.038201288931965
1740.3873897201704
762.8890258751413
2905.777563305094
2353.4639071437186
1640.772106093571
307.5203125625866
6.34900993092079
-4.929214771514317
-1396.8720914546227
-239.18126014543412
-336.7779847444571
145.82907809204923
5.729604567361318
-38.45776870626186
622.6169629308158
780.1085874806745
1153.932491158323
1232.634544739815
3398.713221959727
1974.6224578774536
616.5953119137994
516.4568746856863
9.561576115174732
725.9635232682962
219.6456141023365
88.1714200894617
-25.84238494193199
-7.305379509829835
128.67657156168352
-0.5556268923031957
-77.73781120575518
14.753723163761629
-7.590705305839911
-36.49176935813209
-66.85657797592145
-3189.334661102342
-5826.240536152647
-2425.6896784589926
1131.8493986295914
1503.532850471188
479.4725144050714
998.0402731081988
747.8661023647214
822.5411876348757
644.6530388809358
968.6125486531404
529.9069369615925
524.158946134058
472.8046231552507
362.97186669485575
377.52150288642457
516.5866136110142
416.36426524940873
422.0423214632178
278.04744607953194
14.323620782242529
-81.29830860800436
68.01692130850938
-102.36256144062114
-49.049786447079846
-502.5897779199986
-824.3927808042338
-2522.7827277282327
-4360.591258520217
-2556.5307400070924
-965.7324562861666
-838.3042007191079
-1562.2941238144886
-1673.1792811982732
-2528.0577673696152
-4482.115475637139
-5440.5449382162205
-110.73111524897021
469.9820621702949
1403.2600058214425
1020.1636282358561
593.6386635479599
463.5022144913467
69.65360641005982
263.90627272328453
56.940181037160066
89.03443339166209
56.39850650406266
36.335512098846515
5.559311379572343
-11.349415163122
-563.7850990182196
-193.0592365686927
-128.28012439936214
-416.3240179339956
-621.3387316584591
-27.877365106242568
-221.56187104154228
198.49258596571406
1232.694289840086
611.2010799004108
977.5487216667143
1173.873702443626
3214.657053028452
1024.7703001464722
1.3811030483379072
-13.742031356750827
-151.8064956180496
-124.29558377831012
-401.9932230460496
-762.6164718555289
-195.4916049811243
-29.097457781403477
-27.92119441286242
-0.6074442541847558
-50.379799201570805
-520.7541759110343
-642.0367683919427
-2323.1827872469757
-2092.281267860804
-4543.691932507379
-6263.650271020188
-6506.610207939798
-4366.642696637227
-5661.85590403893
-6.697044341818767
1800.1144149758975
5511.576762023759
3447.9409142434574
499.034191473942
2072.292839219258
259.1740641263941
423.15666445391867
93.73425361190787
34.58016410342306
824.0163341465305
2792.6757789688845
431.9512267134316
362.56578640249654
470.13776294635386
-1.5744952599617397
48.007863533056025
-8.411257967303872
6.155666303654151
635.4408882142561
1014.3785059051879
88.44998243326299
2.2747403269710613
154.84863838843248
-1511.0903443866034
-1200.3001287609934
-799.6661334424323
-2547.1250728814816
-4932.69211530911
-4069.929450526971
-3229.9283316212777
-4233.369316613181
-487.7438690119819
-1997.9249333002124
-3226.2174869387973
1563.0891288287182
3539.4794023494514
478.93552181452753
-111.2067670155568
-2157.8156656615406
625.1327995735669
6675.5480551564515
2721.9449394476346
462.5237696105417
-39.360029202092164
-1601.8124606423614
-3607.3581035890384
-1886.7097519832455
-5012.991590405414
-1576.2901191097935
-2086.602248553963
10144.277965769821
11894.450740989763
6972.266083207742
3721.8201926384054
2350.7209401667033
330.2179361954805
431.2259142647894
8.191452525565504
9.50721397523267
491.53358990763456
315.39136441543286
435.482611991823
-0.17545088727348965
154.11481301345444
77.18532043001252
56.43369975725257
-32.8898056600831
-1.4625465737155863
-152.10713504433306
-540.2264098154149
-176.5813755792424
-528.864762337767
0.5953258229867961
383.5804243832731
2898.8324246146776
1068.204112056042
902.4164147663746
236.16233465719034
856.4844042944067
382.6564814895493
102.8690770470864
308.9774685787989
260.5554285773933
347.4013963893075
297.05401851399927
66.53826658320727
212.15029634461226
15.423954730246956
911.1742866242047
379.43558065518306
396.96324293971566
10.873553389357992
153.0181761471772
-333.62488105754863
-421.74811857511617
-1833.4146812200022
-1136.755530156437
-0.6402241558945782
-18.8990900109602
116.8930546266835
-5.718447736461695
0.559449517460935
0.055971936346960974
-2.949771187875845
-387.510812242847
-38.53263106602044
-78.46507862835755
270.46131731328813
32.735887100386435
-1.4339382027812313
98.00762558940701
270.41230669011406
2070.29430185264
3696.354997240345
2095.6796470080194
2353.02121797288
8363.196191878465
2682.292295699376
11547.512431826628
11435.348015303789
17033.970935039564
15720.78935569462
19188.41941709641
19006.953311427955
22349.793831353116
15685.76341306904
22212.353987583207
20050.36346734586
15153.062081432987
23093.094506583857
13605.967690349158
22505.315697443228
17889.83050024421
16049.997074081082
22701.181032003995
26907.39399265812
36052.66763063282
43882.32460367414
52352.978288005106
48679.30124145553
79782.79378678725
112043.1723328644
153787.1338550348
206320.9548471408
185639.22914753784
262955.18099080044
239846.39865882957
273908.7636913345
296759.8724506181
400338.56489020784
-725146.25
492427.1513344477
-1406187.46
251449.69329872166
283274.43726119626
398649.38228248875
-916577.2599999999
-1051210.81
373439.6405437748
-1008722.8600000001
-1013170.7799999998
747.6780087791653
-449.29412339168766
-70.01645777319125
-490.18270360296697
-2194.208985898128
-1857.1682684768473
-5857.184462598265
-1646.083545153276
-430.891525719775
-753.7286052063139
-209.52970113265974
-989.1259500280669
-427.59294377423566
-533.8236416775007
-297.13052849496955
-2312.6900172083215
-3662.331117397861
-340.8436256284277
-412.26057446845186
414.8048631768457
1480.1796215031393
8750.5958941889
7547.511681700314
1097.0050439246108
134.74663289872134
2745.142121914422
5203.583115411482
3657.860756905724
2808.6210291553425
4817.377481219125
1680.8256227207642
1017.336113506685
1272.8942222538803
-300.592679896576
237.5900158103294
2159.7868904560896
1318.469923694271
941.5537517020784
1186.6925443179405
1509.292328368753
270.4399382175573
2418.366405902387
6776.962766834446
9358.185387258116
30195.22976643455
78832.67872913467
75507.67478447479
71536.38585577093
111807.82736047191
103867.54844929578
61604.65319229307
87850.9796015365
179843.49374337163
378679.9563371592
316319.0561472184
389631.962793141
-1239722.6300000001
-777059.56
-6708.93
-551467.56
6331.407000591547
4117.650673061048
1143.6181391597738
422.65223874685023
2760.8262033117967
2956.827409394047
712.3115178611192
1331.3988243121753
407.7393022734061
507.02316670233085
294.61981605137413
76.79168611237472
19.84180315407644
-176.51680642419663
-1487.6908669730024
-17.554028291222494
-42.38891358811621
-728.1922447819674
-459.4981140674556
1078.2947086180072
6879.266999594115
380.7269074515059
-746.61495396805
-436.4301263154044
2672.1322319995334
2029.5196489309074
863.9285896619151
404.3823923489702
1205.5231140023852
455.98398141436996
1169.4013366695262
491.40956326991903
25.28240376190134
29.149020824406996
-89.02771821729914
-562.111811045649
-1349.484087740694
-284.5091013902332
4635.872656765703
2245.8493565665085
994.0622944423561
734.9531642674526
217.61195551482157
0.060018457764448474
-80.54119929769992
-258.55342794888537
-891.9369211109529
-1493.5716311827775
-668.2147691720727
153.24848414938148
958.4083176125597
433.77984996840325
811.5130638895903
84.30664990585971
618.463248487415
179.51709736587637
212.71224482381746
-64.35063630975417
-188.60966226122503
-79.39190707143638
-23.488673467069386
-1579.1939862894474
-707.2954220579193
-194.06752546910275
-67.17624417667821
-104.81501123497654
-353.68523113877364
-832.6881196184252
-1031.2127930161946
-2663.237752868929
-3010.1760200190224
-7120.041442185857
-13161.416057382474
-1287.7111040143495
1031.4869121601714
-0.15752429798672477
-846.6039669447614
-2442.9919388391063
-2505.4983166895804
105.17163711424317
643.4822727734219
-9.173966753808427
6111.070432276336
10832.643299273761
5931.412583584719
1935.0974668936553
788.0501273899263
83.07661036855954
-22.052904106511633
-268.30324782504374
-2686.3585186868886
-3083.3432209550665
-3558.615967590589
-2224.0762068444683
1298.8560557379576
2084.2256532338974
4755.7866973809005
5286.771499599674
2451.5793643336524
226.42102615823507
467.34833255349
-181.32421365540137
-319.0341067144446
-1465.3780135746083
-1308.1035630812953
-3495.9454121381978
-3874.2870644586037
-6737.269036335712
-4590.683089558864
-9369.062889309063
-1951.3092893246076
-2965.030925833793
-186.9730621821493
112.6802911911336
4.070707942495615
3608.0889137517456
574.688639029667
49.36768865613452
-1161.8214170138915
-1267.8732162945782
-1054.02130143098
535.6948476654461
1071.7658293693714
290.4567598458964
-100.20409406917565
-2905.1194802063974
-4670.5427411633345
-367.1047640873004
27.420292025155252
-952.4290534162686
101.07996595184656
1125.988238214688
316.16904176156373
-1483.4250367135778
297.8048799498414
-536.6833957771435
1508.1743157283495
75.2784120167648
-1242.2078140153553
1395.5035067208562
-0.8834386407240533
-607.0872698726349
-229.49849281462667
-11.401974481619526
9274.098556762263
7036.659886306685
1699.589450024453
348.58344815946646
-305.56864896982734
-594.492835888713
579.9281643903994
441.5263432916308
7.865877537434677
103.49664398151
2425.2756018442806
1007.9201808524248
29.44782041145087
30.916737485038922
59.82216461867467
3131.206719445432
1979.8774243127968
-311.7710583421711
-470.08178704631337
-837.66066498081
-157.89437347263475
1368.215919839863
-166.72536706957257
-5887.564008437197
-7915.928543766895
510.58747664463635
1454.2497798439006
0.6414220884541864
-180.5116564612303
4.581847479414746
134.1594658458727
-16.296535687111778
-618.0427233205685
-1646.0560791409732
-1509.9843639908486
-2216.641452001772
-104.5386243938804
2650.939427371739
6657.770096120784
7843.103933473007
5664.890688577478
2645.291009338146
1249.8268663926822
323.49504300367914
137.62277672561203
130.66955469308215
44.22919341250545
-4.164026129950452
-373.3263054369866
-1818.8256667696508
-3067.9856566269036
-3792.8856802884206
-418.113439840261
-1419.6055633556325
-2566.94300570872
-7722.954312799268
-5976.086630024973
248.03360903967325
1552.0246589267008
5994.629691024543
5410.956027518572
8644.2898108294
5977.055266249224
3008.6540081306557
1944.2308692126578
1028.0425854883354
331.92199345435006
39.770310111829346
-26.502873788428307
-687.6151888545803
-698.7332849288
-347.9485341674313
-8.405397389859637
-2.699011359938204
79.57575899819534
-1034.9537240761952
-466.2206547616921
-507.9317625560464
-3497.6972225048476
-6842.541835038784
284.92425882779054
1351.306048766244
188.52698697753883
-232.20917029443
144.52236979801535
300.47615044021506
689.6751209636814
447.3728125959105
39.09399368263021
-84.59272836166421
-56.99337741793053
1270.5945798105108
6011.36669426435
2557.2896934570645
1224.733636830211
-2.3799525909581893
-56.99857446392907
17.968203280326964
-899.7091384696572
-547.1152480553487
38.820396317216776
29.677945651060796
-1176.016493801985
-3526.6618686757483
-9873.79137361923
-5348.058043068839
-153.5945962865653
-30.7595819276446
897.9091078915578
1534.0664497736957
1848.7713493179078
4279.469148137761
8937.02725039122
5020.002421297392
3173.616326558729
1613.3729222851323
1809.4410522521841
583.5827475759087
641.2236168084893
227.82967097049635
145.01963121282785
-112.49342065567174
-496.5697879866934
-166.6905797541819
-536.316446026676
-1340.7185320750461
-1511.612917172008
-67.37395123416991
-13.941942731576011
-42.80974885709294
19.64793936283293
333.5097787289064
-24.047281822993863
-286.345844569469
-752.5218317232901
-500.41049703823745
-1602.8304780373921
-2959.428724866639
-5.892638595619233
-54.10877862613118
-42.69647123050369
-91.91461601456787
-36.42536715652887
-38.45459146658276
-8.40607650103949
-25.510099101403007
-33.84963319446264
788.2449746543396
2055.447376712473
1193.7398644330717
6091.868558140709
5117.735529846823
1935.1654234365478
1622.848985744502
1363.267603496293
707.3018481765598
506.9915310451134
415.661287174233
289.54097462799376
374.7983643234552
62.283122335649026
0.2189051100155252
32.61412308239406
-37.911598359091315
-295.61597871770834
-108.25142119115503
-323.6359657407006
-782.1550527418949
-966.8888626456496
-1362.8371905701836
-1192.1960088115857
-1299.0031414439195
-1038.4831997908448
-783.6375230190627
-3166.65123273552
-2660.5518373281234
-7832.38279946521
-5344.17191375418
-1103.0095969235654
267.77026791208385
7943.380637540946
0
0
2981.395796677475
436.6593143793913
-284.289216078175
-15.802461345333157
1.0281721262845263
-574.6927744836748
-308.9669460341478
135.12266622233943
-40.59397023647526
-0.44994730232014984
-4.351409565924916
537.1917493581401
266.717624712045
56.2293957456015
-36.23181129062726
-563.3535624234577
-481.34398243065937
-1194.6336978302593
-2013.5420120938338
-3454.786025875668
-153.46923138070434
1413.194974138858
1315.6985789948246
3178.641252623366
1177.5213205558384
572.8965446719907
618.2940559136752
126.16029132164553
-0.008127332067768986
-512.7695651071687
-3052.501002636354
-434.3240769765994
4999.249059116739
7510.625699718135
5167.687044601133
1613.1860739885694
-34.949930813687914
862.8932439119458
663.399096712922
1049.811844341108
921.1753293962403
646.0559363436626
128.02682568841192
74.62433525808645
-406.8826360590592
-250.6478311156327
-1192.7927206488832
-953.7419490639709
-1477.322895967042
-52.20488542050646
87.84313638439974
628.2688409365801
7.127839132661801
-213.1913294698608
-4.306727027007064
15.80037346011812
-3.9193176654720396
-138.7081079898977
30.276226741654156
-5.347754877870668
-348.82083035436733
-772.4517837533783
-2975.8118254199885
-6892.799433246748
-726.2799348861635
877.4082296996453
355.8824315376667
507.7026477388089
2147.6364960246756
3157.0817670346414
1721.807350082726
202.55383850699715
-27.45705069923867
-404.2684181093018
-495.5744746461272
-35.418018253996436
15.36215331020243
-47.82687242618553
-0.04071809139527665
101.70511287208156
2251.5942893711544
2161.3358717980113
1092.0395798934373
531.2598087033751
498.92202589210655
29.733104816284136
14.246710068230936
-17.919465765341037
59.032112534266616
-21.446884544198106
-65.25017653173998
3.8150358645649414
-1.191158886475529
-34.38013401535174
-0.6194166458844148
-142.80065363990764
-44.428944804094755
-0.03623727635153071
4.111614726620926
13.59940824736018
292.1071954719381
733.5511147939433
215.00369541845004
735.3234371094435
503.42169249497135
83.42735245558819
429.79531859985565
8.88427755742093
-2.274608032077093
35.958955024718406
205.65765291109727
469.35147771893253
343.2260781291154
553.9279213946372
685.0918240369936
309.0511574680982
155.56710966703156
27.49674580441346
-208.35745594517846
-739.2193293150856
-1718.327815103986
-2538.290358601397
-1702.1870636681565
-1475.4491316903711
-1727.3443615038161
-1085.846894446479
-1177.4737300005177
-891.6716837585739
-667.6241686681092
-745.5607275775309
-261.1774306472854
-109.45465693032793
3.639409055383553
-141.56990654903626
-291.6628512624609
-1203.978919019104
-919.1009962094879
-1065.7372894946566
-809.431445930785
324.9698785225147
353.5901873742573
656.0562806227833
1499.7216358146334
1190.6387920525858
1234.6137729842226
1429.3880631389688
325.55720992901183
772.2910167929197
437.72628306390385
530.8498040460969
92.14566262299316
301.5340059763085
365.51921157206357
243.26936412164264
220.26588119273492
642.4322908389595
322.1261696670428
225.9279868379549
336.76731431321844
108.98621354732046
192.37129701345083
140.52339005621562
152.55090476452006
526.2373544525069
-0.8320402272747721
-352.4996132906001
-1378.5627439423606
-1941.8835698368082
-1365.311677113494
-842.7724483169669
-137.33540110759822
-219.96626679883332
-762.5104306482192
-211.81408597479484
-1611.8062288115843
-781.8076115484405
-1042.6544182949183
-1071.092901898483
-1377.7461803396257
-169.29067241869612
36.92571756882291
11.384719406198961
156.9837467769763
-0.2983170730617062
579.7001521838066
1455.7644403577538
1003.7727727629767
1575.0519625874035
4365.71273910893
2709.4329896660665
1902.715847542616
1427.9866151381154
1448.658998319473
1090.1112505833296
1198.9430461099412
1812.4530257718066
3151.0960042856873
689.5755941313066
2137.2235161910858
1029.992845575023
1106.4608959015145
0.19775998287621988
693.8649084022009
1981.7307993493562
667.5466423533653
1563.5846582942836
275.84412171614537
2204.0389501858485
-11.88792605845423
896.9301002151592
75.4843851635967
-3.187630269887716
1708.4781251375048
1257.559235287818
6923.9210205570325
10515.837755035102
11059.257105249719
26591.276074771067
45034.643072490464
41565.34811800906
28386.191321361144
38420.555727643965
21818.02539364768
25449.432431464273
38468.579777681254
41337.508295704385
44233.90299633494
57452.27340546595
34106.49942434445
53353.154061608584
111014.14383584209
150907.6757020302
261951.2730189564
456127.90758679673
-454469.11
-298897.10000000003
-177935.91
-260826.97999999998
-86231.05
-66543.62
-51215.11000000001
-44027.03
-88451.69999999998
-36477.64
-67780.22
-129888.06999999998
-236135.94
-45450.73
-75472.01000000001
-55170.08000000001
-78604.59
-53126.020000000004
-60996.37000000001
-98013.88999999998
-160691.16
177539.20472989877
638956.1476539049
-884103.51
-2918.41
0
0
0
0
0
0
0
0
0
0
0
0
0
0
0
0
-8821.14
0
0
0
0
0
0
0
0
0
0
0
0
0
0
0
-4410.57
-16216.04
-40540.11
-98842.29
41477.9423168763
21198.39517730353
13884.23669603411
12229.689441698574
2150.1253941673594
3702.586438094273
2979.8795556702653
1148.31038440091
795.7564754104084
643.62993810577
60.84537026463865
50.91381906099999
0
8061.241733240723
3856.472801773679
6348.741912341575
9678.755991401196
3810.3331395976384
4160.225220952327
1201.6392121600993
600.7828704282045
129.2956575513429
64.25434229989762
-31.781330995823957
-265.1903808333833
-463.2265896293369
-364.43185823436824
-459.3099627051305
1870.3041118671883
1745.224084210594
494.86888558816497
199.70592698093438
-1.302305063278674
-461.28954887303627
-244.13918722206202
12.59397185329983
-107.75632139304756
-151.77824515305923
-92.48566023195018
-93.91198765094015
-31.91077471295743
-231.3471919936698
-717.7489384748367
-458.87389217816485
-141.38515105737918
-193.52404370477223
-478.7359159795277
-2.367565773824954
0.014702476936837431
1261.769199637156
298.904721613125
-0.9777858138818762
-280.3993876539646
-563.0082063923743
-242.7150589255846
-918.5822034572893
-437.49914009784015
-1006.4363364710674
-1784.4999293522496
-1823.1054358740985
-3375.2518594114745
-3947.37249980837
-2686.651023814241
-25.73675165733816
3820.9353119321177
1158.561736303041
-35.539813118091224
-8.092722621067693
-112.32039408415358
-170.04128983547878
168.0712854982096
1831.9830018441467
1807.485559064762
175.98898081925577
122.26516150662465
-661.0602734041756
58.27732562460576
209.25373027395213
56.608699586038405
95.3674767371559
981.7006411276391
675.402773091423
2238.240946739722
851.9029593481797
1612.1518327325703
1727.7226214446796
789.5471353024201
1014.3336970762158
153.41167769998154
10.800209992355626
-280.4687089378802
-2128.77614284193
-1290.1754385983593
-1269.1527724962018
-191.32284948848383
-150.14364326303715
-208.47784759615712
-152.57207259387135
-232.35784788684947
-471.64854537774966
-1292.7809750903593
48.42504976322406
574.3135456215454
1496.9035861938378
1261.1261375488266
263.50256412266293
26.69705110311963
-25.616871437133906
-7.22545696764157
80.55966307600995
220.78294380417958
219.2382440576091
391.82225942310845
120.1732478208542
270.814864624307
146.08716717314064
318.1296020754059
0.15357820207597636
253.2168157236548
-8.613449011180894
-181.94600699477024
-421.2994497187349
-617.7491883852707
-952.9946378099545
-569.7837717688782
-275.98096962014137
-56.30939701247913
287.3002871468558
445.44583018501663
78.71201892699932
-0.11291796665230809
1.4487690354925826
-348.962800504735
-281.82261078371766
-1380.5134951641835
-454.24704411714924
-555.24768395466
-1063.3254101156365
-474.5713774672319
554.2879852592444
1103.7799318831915
1363.7160226640506
858.9241469416353
1054.7618418301233
14.060476172606542
199.38726590039414
243.4698125928283
-85.61154375072377
-0.43164655203797736
-178.65481070473083
-1447.7660701534362
-927.7479824309256
-903.4265052218241
2804.9520492322467
727.0068065779817
-226.1983724606132
1066.2137024676772
585.2123655653398
-495.65402647976725
11449.315089381489
12764.10692435924
8714.689570394963
3916.814434183525
2007.5471743752728
453.705903675857
3837.710642153708
9032.830616035695
2886.778417709576
13678.251941981514
24984.16024224261
25051.589614434233
17503.55733679437
14709.044044773498
20672.308225929475
24465.14712929071
11872.978022997915
25851.04091639277
51006.08545690674
69883.30900706246
234387.53001144878
-846361.16
-187008.33999999997
45640.495734209704
44347.50039418441
183634.8707058582
-426034.4
-40669.340000000004
-25759.170000000002
-39728.86
14728.474485678265
4543.86411175161
3497.5534209812367
1043.6394209251764
769.45276866512
1599.2411445833698
402.2554492500027
-145.0385860778622
-949.11791979463
169.29364450554948
173.66392565131497
4.141891274328495
1550.3755292154542
1659.3835410598685
-10.693777575359187
-3788.9799755560907
-962.04
0.0018933233377260912
1297.4463892600356
63.07466107548585
1621.5410408924463
3401.6971754544034
436.91995122054266
225.78200546912635
247.0579095044601
-720.1713627829643
48.95891220703297
344.7821797504717
-37.071437301848555
-1438.1433323040533
-2753.9237035926863
-9785.095164330189
-100.84509624187146
2155.922720493178
762.7047692009204
2036.8277808761247
1994.9243590835
6462.622314209933
3425.8693308729053
1588.8862421270844
1304.4165631564822
1235.9093567902112
2444.4682884535173
1840.3717999611176
619.6992854813682
731.0806438511752
166.37529692933919
3.082478649130449
24.17038295416974
-73.69794680535048
-379.5284397081265
-1051.9015561900292
-562.1556705070224
254.27783658170898
236.4588273494389
220.11137962433267
50.003651961765236
123.89927381712197
-18.398472015546275
-14.526907581447372
-674.9385164086746
-610.2508551095542
-587.6028529049013
-1143.9972664390884
-1446.2065757226108
-2080.74201107148
-3497.8822449267
-2084.9169203402034
-1137.9090386963358
-1706.4227354213754
-3504.198936967698
-4718.922048747339
-3190.795072172241
-1331.733052882481
-1155.631074878057
4.897574989417445
1748.9218417213758
5173.06313542179
3055.4863656310113
759.3254988117192
27.959125364819897
-450.23664228621374
-730.2718873021674
132.3724151590933
3643.7878378890086
115.7512026628581
1480.8635160725185
1231.6099628054533
1032.1871932851304
431.05167538893255
-312.1835453216835
-1356.874007075844
-3054.699529852718
-1424.4059988931813
-0.042405584108473546
-8.523329555662139
-1027.4499675231084
-323.61824132654465
779.4335031121084
638.2803707977868
-546.1530394221344
-160.74685419166983
-425.7513009042518
-1590.0803554762747
-457.048729484103
-2626.525571177067
-539.9701112498656
-27.197929196099288
-48.18824975222328
0
0
-19567.13
3680.092766461782
8202.627502752375
8104.630396234724
4269.289614849182
2483.7931375026096
911.808640094568
674.9088217839071
65.71794409505921
1175.0945220686908
1120.7145108853128
1443.250325387788
1204.9870925096047
934.6770109385393
223.3844208334604
-63.290409683357794
-23.580459641605085
-713.7292026337497
-1467.7049965234628
-2820.1999821609584
-4265.949285951777
-382.1577135747091
545.6944576815347
-360.17683184499447
-340.60300919690303
1247.8593624938576
350.4134553083681
-496.1775553929862
-3621.367276465703
293.546552136605
812.9267635901905
211.8593290634204
-227.2579314677123
-858.3020894389624
1815.0877447922994
1252.9022884866572
22.54109650966144
-467.16875364327854
-3062.272046443322
-68.08201056158562
4797.103384525586
3007.2913672916707
9.481130772679874
-166.50629565468915
-366.2536287586548
-1257.847992465018
-4683.004160315091
-6.780486302972003
86.24806593911998
-33.49649296257127
-788.0328888530349
-234.10161989846375
6046.554583442066
5394.049969155307
1794.310788540015
962.4410600104892
288.61725201211914
-58.89649978179605
8.06361510676402
1063.710412606515
578.1754577070251
-23.764144925469548
-213.60542295361398
-993.9420186823297
-287.362144423774
-1131.8734788801971
861.0159624738384
383.9587856265297
0.5521064093953322
-15.160956633574163
-1118.5535182649965
46.43632154432284
6323.439491175582
2589.4730501930508
1706.1139480131062
1613.9288298491415
448.9650574580613
566.3950661744584
52.91621205196219
36.26450206059469
-162.3491542698417
-296.9182379468735
-1394.249063376766
-3202.5265248067467
-1250.5635899761937
-383.28544214713736
11.073840799206806
146.175867486267
155.49180828308096
1.7721183794049242
-196.94583556477983
-225.76705452849205
1675.4268198934426
2529.3952321143665
773.2737201371967
1204.9172863618423
2198.168449318927
1572.4958962745775
1660.1947331994775
1630.1756269036166
1710.3990554505394
2674.6257187610645
602.4852045908963
1614.0836439557738
6303.555314643507
3822.2209863353996
1312.7154940234595
6344.843764744912
3744.694708227807
3978.670144151745
3484.2925463489455
4399.413514465361
2487.0691530712065
13715.614925938833
10294.922554742152
13681.18476998598
33601.17030101077
38286.25940767774
54799.67739712022
47748.29901445366
39645.32212369177
43609.07408390811
49078.184402878105
22701.94750141919
40524.00058179369
41119.0281175673
52006.82430380658
23119.86355148779
25341.796092601544
24573.70243202948
85608.75224351224
130814.34215096387
156116.80530899295
256669.62162248004
-222149.86000000004
-87557.1
-255171.78
-189930.50999999998
-126362.77000000002
-14490.37
-28925.479999999996
-119812.47
-75542.26
-29614.0
-14831.400000000001
-6850.83
-1457.65
-13968.679999999998
-45167.829999999994
-46392.70000000001
-86387.31
-118746.59000000001
-70335.93000000001
-112078.33
-178459.09000000003
-268033.94
-96331.31000000001
-123543.74999999999
-39313.14
-3098.8199999999997
-4955.87
-3542.52
0
-2341.99
-17268.030000000002
-36885.76
-6467.02
-4551.74
-5231.35
-15531.259999999998
-33339.06
-20699.22
-15502.71
-13118.89
0
0
0
0
0
0
29949.329999999994
12019.979122916284
7135.789868983964
1414.925810869276
1843.5559429890905
315.6318583795892
12.553835027517547
3503.9122664118017
20442.595622468867
8929.637645238226
5092.5223898071545
3024.8138231895555
3848.7678030540196
1658.9778446976077
665.9741312438545
27.103794296943125
-959.9872025593038
2817.2258667777014
1557.971321120387
-202.62792442632104
3.2117175728969922
271.8280092730139
78.82531399521235
-8.861096792633212
-839.3219142595889
30.750389284846513
318.08822525406936
635.1584098430092
1792.8969496439936
345.84823595595054
153.37413590980321
14.798454635431527
-443.9693007779949
-1015.6711454395493
32.25991430497377
305.67758341620834
-869.6260915902039
-0.8542368137904162
-957.5499112144859
-1405.417371749729
-4158.165455330617
-3616.494944050877
-125.54308017800089
5.636736279956001
-1312.3772222336352
388.2660838032847
2701.5447314572357
4.027423885733151
54.02049139650401
-6.404721959459486
578.0846280066374
-298.99352805014854
-29.123946654086396
-3750.0328609338353
-12103.59771842444
-990.0116349694382
5135.00371138407
1724.8220269790224
16.729519459366024
-171.37769695974964
-95.97105396976694
149.4132205891667
1099.6992825524403
-80.99455889901031
-3851.936203501903
-884.7509498131188
235.8017099327521
-973.0012246505455
-702.6162830102186
6.287164642725016
-0.005454485799125089
-1003.2438456410885
-1811.6146332065637
5837.550933649365
3681.9311349197355
3094.4905944510588
7735.291040804392
24109.04283988978
-60350.3
19967.361757015122
9089.02424150564
4919.133231159629
2744.170120596481
2252.2806456677913
1795.9650407210859
1246.3857414339268
70.76159558665563
10.68986443942346
-10.905436720831768
-39.971048319205266
-50.50428636492907
-237.23205787395693
-360.9210524206847
-522.343871755688
-1331.6960226432611
-688.6386449167096
-808.924236613188
-2286.5434898748704
-1383.1049793802297
-2481.099704081464
-55.14938341450065
482.60773308354993
-194.50949276043505
-1915.2914244940591
-4447.249919783782
-577.6825550746138
890.9328838446039
1544.9890372286552
1015.6439164407584
1267.856357215401
4176.09709623535
6700.298288285176
4450.356091950973
3467.0530748760902
1381.4795443695082
1151.3712692772901
90.7331117805014
-179.94574341865362
0.19209487968553277
-58.64463410022705
1.3228757202844164
200.18649243240267
212.58007779715535
110.48731593691313
-189.23958601430482
-547.088360828926
-589.7772492026724
-228.27143419606708
-39.15765633113467
-121.65816648756274
-195.82896367060584
-28.875203749345197
-177.81029295786396
-297.0078665882408
-645.5088239194049
-253.02724110329822
-441.75453651114543
-0.2176796620942177
-632.6552922750905
-877.3389711578689
-2108.961880615284
-2588.8024289599434
-1248.4824158409733
-2413.232295952911
-1620.9879234317464
250.95155096922173
-180.86284464090488
1924.0145649108606
437.52075118484856
-12.862109195478835
-2974.5247524520637
-0.08494467802530696
7816.227602188096
5816.354137408459
1402.3074398131257
909.635487849863
1156.2493216904659
1329.0823291913568
1405.931464917824
2299.500011298984
310.24246714234584
591.1497320707954
111.1969998140786
36.810140025743316
8.34363505758714
-68.5012513439177
-352.2282992963927
-327.49262467975524
-1568.886068660859
-2005.974717529511
-2637.8863751959684
-1536.6723851929087
-1745.9990322582985
-2661.2707672187566
-3269.4889686181855
-7239.969653602838
-11472.596933759272
-491.53415881185646
461.62497710189336
179.53291294887188
-308.076341933986
-1256.1681560944378
-1367.9193487840987
-540.5254543723543
-640.3388341234145
-117.54872769258203
1769.8969080446714
5742.318441121397
1061.09036964948
-729.8884647194429
27.16991531923062
941.2119260807199
575.2255342246988
283.9393093935711
40.429717564284964
-3.909624995819635
-305.1054772424363
558.9437570263342
1478.125527258981
-0.028553216035206015
-5.75829511914486
3555.8875746750255
3434.7886495152047
1919.9772323271845
719.105983483905
226.06169964399913
0.21446730791584123
-124.51474774960492
-530.559029018786
-1736.384296355297
-484.2648795105205
402.0286502046624
16.18072584344649
4.854683443831532
-104.36318883019062
-659.5215725466078
-1802.42753163137
-2627.0934222225756
-2425.5958695216423
172.34516012393743
153.47427907862576
139.72120779951672
-66.26766247582219
-424.5001755568756
-641.9390216015141
93.11670991464256
7812.036653525431
3942.016969016613
865.4344320929633
684.6491620256554
-0.8280970293075036
-560.3144699518616
-569.2858680352017
-2761.3989060177173
-1785.3167201614729
61.25862141098639
130.50926597448253
627.7190720138468
762.6675359536553
7.201469160786187
-366.6167320571526
-498.3430909714924
-943.1254230868086
-1091.8132177725984
-582.3315757803559
-1348.9872205772176
-3296.3526676661186
-3010.5145899181475
44.47873845443279
-100.44140949864897
-486.5331219466823
-602.4503446684116
4.632128968854465
-426.24268201700625
-909.6899140959682
-1218.7110717680007
7715.022199598233
9161.99798296288
3869.3793577112683
3209.611319698046
1052.736613400802
3687.7334308967106
2098.909948707611
535.4775797768809
1.2050514101840095
-363.8203982551265
-730.7895653829702
-511.3446249817235
-734.4592591652355
-110.41815958286168
110.37509257006981
416.2485832043475
184.69851594479866
2.6708707354644714
-504.99029605841554
-953.6774004848032
-1159.637117229428
-282.20276404921736
-895.2253986865759
-418.3492592857178
-4.983285019060537
37.378768247721275
234.12639287317324
-398.65885088279276
-517.1395209374962
-1962.8305455930338
-6413.037003824331
-312.628113029858
5674.875580416025
10137.707843215187
2816.35070686047
2794.9192822988866
2207.0317113700157
3657.0256963106594
2719.5220733867304
723.1319628011721
292.4017103759192
17.10573833169678
158.88556610300358
51.58160071201317
125.6388561929555
0.030131030213992667
53.41422078283675
-5.886447510529417
308.18247093462685
558.6278169712692
403.6939686637048
457.79833199378345
317.8234036826622
339.7379983542916
-35.5650827930685
0.38657352146181806
-235.02100365903598
-1326.5303101323552
-1044.9683625645116
-1730.3482639471003
-1139.729762380426
-2269.7019883139087
-2164.4055913902625
-3354.7923895049707
-3473.0253209341467
745.3542645049802
654.5204958277875
-48.69769421453891
-1283.9055600069407
0.001132059332203358
1526.095717397623
1371.4410290097467
705.578376642466
-5.227401077056713
-3672.463076742806
344.55895572412936
2232.2031314293345
804.2311530573454
591.9293001407259
129.31413681431405
63.23273864058858
-108.50603133613555
-256.3696604830029
-1076.513746953218
-2720.2143423626344
-6935.823405778335
-14161.427961274047
563.190065342556
738.28375551586
5.714797201261982
253.5975036396066
1530.7408052605986
2676.0094959075304
1525.7812614750803
458.31954501569476
2.3909499747478455
-30.941543171988073
-442.5813680162796
-1130.1937840214
8.168537668212911
78.27724827978646
980.9725563309049
993.3028484306516
1069.6037190628824
1127.6946917198468
18.26465696580661
-117.28269594756961
-211.6798239602372
-589.7133100849112
-322.5255903763445
4.762905293851032
-457.89326140184966
-279.18467167025074
-474.8784642424128
-342.7497272341051
159.2844899473207
46.282906173436146
-53.190588095942815
-824.0191065979516
-1053.1794580699507
-2396.722149126776
-255.63673949816226
-48.40363860141983
-435.06361344271477
-365.7424761241694
-652.0576480714465
-735.3584155024265
-1560.8053080201148
262.64511150507576
133.8750678393166
130.81114459306286
-242.85096754577484
-1068.6002199690238
-1113.6301249498467
-3770.5997006066855
-2618.3880786714667
-5887.390364395575
-2943.569695663836
-1239.1180700657073
-2228.8286497282834
-12770.346030504536
23480.018440273838
-114336.54000000001
0
0
0
0
0
0
0
0
0
0
0
0
-2246.69
-518.93
0
-3761.07
0
