227775.38999999998
0
-16794.69
218314.9875546322
253504.06520337157
-112441.7
-71432.82
-45942.33
-12903.58
-7248.5
-1168.0900000000001
0
-8929.970000000001
-19813.67
-11669.53
-14546.199999999999
-16418.41
0
-7974.54
-6937.39
-27138.69
-40096.69
-32941.45
-15528.94
0
-6855.669999999999
-5687.59
-12330.59
-29163.76
234450.1811025013
-150445.82
-80193.39
-60035.21000000001
0
0
-10240.779999999999
-31315.620000000003
-19110.780000000002
-4181.09
0
65564.71211002687
61000.15924503561
-53904.53
-101030.60999999999
-29386.88
11524.724276979847
9894.273877315994
7555.129789622648
4095.760953099082
2217.8840899492275
2973.1510106624023
391.99687588063074
1267.4866974529734
1615.7158739245638
1597.5375561390038
771.2170563142284
528.695396230933
1516.8436287493469
958.1187625830112
443.35078555102046
2777.352947724357
2067.3122422793126
1769.1108500137482
5136.306292104509
9047.049147662396
5090.747543352859
5259.9914967575
5441.073668572033
5862.154422644202
9085.236946313962
10767.958894171803
20820.91891913224
26457.84321674029
48342.03865608758
106612.00580079976
-453394.27
33.51083465231015
508.6127031601595
75.97136110900445
56.49856936675724
5.154817540879492
-0.24474399923601298
393.5644982210534
310.4227145800327
-22.805986469977753
-18.114993865211826
-219.12932527937423
-23.354348650683406
22.62556227293678
-247.31574317015736
-163.25904793973885
-939.8269230943063
-580.074314224809
28.010333042628744
91.49789526300825
56.08044459130677
89.55950104852381
606.2360356165406
-73.47718703188235
-841.1063316956962
-1008.5945940527218
-1248.8191708714276
-82.87355473753647
-1131.5705060215264
-105.96831200008677
257.8542599149865
365.98623414951135
383.3608168232922
-34.72883770586219
193.3147332528095
92.63054287365924
12.732624780760021
19.781450212614104
0.09177323732893099
35.52866938281082
77.50616234425671
121.67494213037028
-25.260582371788534
79.73084930235117
-2.600135136645457
5195.3982526978525
1677.3608081328318
1028.4760419633321
2392.4742640814807
2926.8432764813588
4062.758048836918
937.4457888997036
252.601666330564
-168.18610585062942
-179.86615932535005
-3.287951551310731
-104.40334163080942
0.15624111371901378
-15.668991544388412
-7.3007802284567616
4.714201708411246
-106.98328990145055
-71.15592276296803
-253.1668169145296
-408.82888570988496
-805.8799483449216
-1079.4671836257558
-2151.715315319265
-437.48498961047767
-291.814851241089
-184.7087052039563
-137.59129349216315
-163.32832505253984
-166.46945060443954
-38.50500323831147
1572.5266434658902
2104.565730060671
2819.2750434985305
1748.8703097923637
583.9202403792737
211.48888594336245
65.04646896279046
-23.025311857824654
-77.77885684060072
-337.9134244243059
-768.343511450352
-570.3870579568802
0.0049569700727276865
324.0410581309112
52.385051790204315
362.56447804450147
-15.187908684585711
10.377213710994727
3.839336564432314
-24.11137839883655
-26.119633423730292
925.3308749953557
2151.956668901959
883.199224231319
366.7109882473495
280.09064225971673
27.347412619169955
-18.07243815579466
-91.54935377645423
-129.03688345240886
-58.07581190592884
-390.4543558997038
-429.69780071557045
-1773.6436892306936
-1532.220881949911
-2829.500562417327
-1955.0289320812512
-1765.4397977265928
-1490.2108985270102
-1023.8884139982588
17.865546793858954
34.450277277698504
713.2808814755758
659.1961014630346
0.355390482423643
-1099.4329383336608
0.2599799980732683
1115.7226985204018
70.80267385508205
-629.1513493546606
-1441.9457269155223
1.6842426690997276
-3352.1651053076534
647.0462431780794
402.77113589453353
1021.6200131480801
5.06605986700381
-603.5819698744133
-322.3430676976029
-364.31719328352955
-513.5305425054876
-1991.3658437086858
-615.1389612109376
3889.873825343777
2153.928191240583
884.8485756495236
1378.2792846060531
1046.0286186667818
1390.676438699617
606.2533487572842
312.0952893801784
156.5163609720299
136.97727753755723
272.5585545414078
235.8041656941988
177.8626003529782
81.0076698633727
244.5649519225427
259.33213978305116
397.40780589962594
13.059588586545583
12.533111680090819
0.7116782933980554
18.157990597550004
113.56859687504046
66.11419583285095
10.657778740652335
31.961514411766455
12.692206832744915
15.756885218535256
31.181580882977197
4.793765528368565
1.3888328985242904
-0.21295549493612498
-2.705891964262356
1.1247985615394598
-27.428445454363295
29.66884878105766
-34.7176265130081
4.2705747532085425
-115.3322651711693
-209.91000541829573
-63.754217429353886
-342.0127620153238
-242.10983841728816
-220.54093721710942
-322.8008887843978
-229.82890076722794
-167.519140280366
-124.3740259239981
-278.59180047121015
-370.35698606780215
-106.59337624627972
-108.01333718235536
-279.71726487226744
-103.15286340320127
-11.973438255058362
307.1903246323591
1132.4236606083905
947.280935802665
185.48930619985293
297.9138804456761
0.0016927649593504266
-40.97439281157835
-5.88547221431836
-87.07582058749715
10.140021942903958
289.598384538525
196.2319294175713
54.56499691083073
186.27213611187398
94.77550435466358
188.0391999307472
386.9558396967276
799.5122148140581
619.929983428956
679.9992115676888
610.2496748482032
575.8622738625645
1493.4775526403364
504.3433998661432
97.76931828924589
31.14425381989877
0.7242470203403975
-38.0987800582174
-26.587812316822834
-97.36015638624556
-23.627289989487906
-183.02438331897923
-391.59182820245394
-583.259350872295
-1179.4168535110125
-32.350067058731405
-1749.7464296849043
-5074.430985001039
-696.6582961981784
-961.047265140653
-1146.613097256139
-170.0341690224309
248.4102604798323
172.0074485594829
627.6166540409373
1098.0034251909376
1398.775519098639
797.5128986978577
792.5537486947406
1251.809398618777
661.1853853729502
100.00471003757549
37.440727610579785
2.0635281017496334
-170.1841227647791
-26.95521045904901
80.18463634689209
-130.28468489078838
-42.24630802076841
-1.2697858781488138
-87.3977866748541
-58.31698298434188
-143.76831825502728
-290.6267096078724
-740.226946943252
-440.2188166635726
-1034.9592333717567
-977.6205665645867
-1465.6627185926322
-1499.7277881379584
-1969.7234543449108
-2298.1792312796742
521.3472714151724
238.40378416312984
1.7317007604587602
321.6346341176545
68.29552097854965
-63.46238935225575
-145.03163710074355
-22.75566425305575
-128.27487075130836
-537.0061162192262
-1241.465533159354
-3655.945547030983
-150.4310343740938
719.1245260593855
1.5197500910538162
-708.0714052501658
-7.238049674862191
-82.49963841331478
-1845.2766143303295
-455.25728902390085
-26.478476637425175
-120.74491356357908
23.168008015428057
0.050353753145023994
-76.91976773252868
16.788750764241485
-1.889219470895883
717.5865735780551
2719.704333003273
1781.368252267852
1977.4404710329875
1518.4350351345136
1284.4109834563174
939.4369814923721
881.0099906695143
661.0113722870867
200.9526356128953
594.0663444419573
440.71040703533214
254.4336389690327
222.1628921118942
340.8900461096881
78.88047975095704
126.99669087276182
207.08543955831414
185.84761153535237
258.6803200318947
36.55022908682088
180.0386287623395
39.25415340368933
207.01385466734953
1130.0384382083141
652.0167288329908
1765.9427561460627
1034.7806534513923
3394.616424101343
5875.067293371909
3338.3964649726227
5246.406736556535
3347.2278628008726
1761.7924290990245
4439.237825718732
987.7762908695436
4707.08062909418
8148.613745287479
4103.637361677394
5687.800012833472
6418.8079016614265
12521.839245025025
9290.422929843733
4288.447000837266
7291.479236645703
10035.169182258216
8650.06191365954
8883.824378837286
12192.451950243121
11596.91117331154
25559.347484091562
22452.083038261593
31296.688947913066
31306.815385242975
33783.0980490338
35816.16475021402
38792.049662142905
60582.54315819076
79846.8144159312
88635.42080072837
116115.85027820163
129240.28363030349
163019.6759053702
291031.867919277
-603653.6200000001
266065.231531383
-490418.75
288627.48531554634
-463965.97
-53421.649999999994
0
0
0
-1640.5
-2876.2799999999997
-1498.93
0
0
-91570.5
-137393.34
126334.5647991825
141799.35069263895
160905.61433521583
171884.96054914477
192905.66629277042
197253.75591098468
289109.40972718096
-514002.18
189918.41876432017
297818.76567675464
-429806.22000000003
-351110.36
-272247.43
135602.7600491683
126357.46134836908
287887.19493253477
-418647.23000000004
-131549.37
-210071.31
-174814.36999999997
-93836.76000000001
-326937.89
-103669.73999999999
55720.7709654347
78815.40702287249
196170.11717831035
-388025.81999999995
-172903.58999999997
25054.3130570172
15436.610010793966
61329.59037074164
-177198.04
0
0
0
0
0
-1570.11
0
-966.49
0
-3053.2799999999997
-1453.2799999999997
0
0
0
-1453.2799999999997
-1612.09
-4070.88
-1138.7
-2480.71
-1342.01
0
-2460.92
-8675.45
0
0
0
-4738.1900000000005
-2740.83
0
0
-1332.18
-1332.18
0
0
0
-2664.35
-2267.44
0
0
0
0
0
0
0
0
0
0
0
0
0
0
0
0
0
0
0
0
0
0
0
0
0
0
0
0
0
0
0
0
0
0
0
0
0
0
0
0
0
0
0
0
0
0
159179.32
152129.2898108184
213725.58446211414
-72062.31
-21312.03
-672.63
0
0
0
-8464.59
-28343.809999999998
-41385.810000000005
151363.89007593933
128074.56511107234
0
0
-6662.75
-10239.75
-22860.870000000003
-74680.76999999999
-48879.130000000005
-23523.060000000005
-19475.43
-32262.03
-77978.37999999999
0
-8712.630000000001
-26104.29
-15150.320000000002
243703.35321515988
-105618.23000000001
-62525.2
142211.18302130862
-34986.520000000004
0
-28283.55
-34803.8
-16497.68
-26496.960000000003
139242.64291140414
86080.08062824329
-7959.2699999999995
-20188.339999999997
-17796.67
-33140.85
-62913.30000000001
113199.27642359798
-38776.82
-24117.810000000005
-32359.550000000003
-35347.850000000006
-42411.58
-18140.780000000002
-36702.530000000006
-31608.809999999998
-19788.11
-61213.44
103986.22264947755
-55303.07
0
-10394.64
-38694.96
-43805.77
-20803.25
75299.1103820443
0
-11770.980000000001
-86385.91
-58712.46000000001
-67491.54
-20961.879999999997
0
0
0
0
0
0
0
-1586.72
0
-2531.31
0
0
0
-792.91
0
-792.91
-1585.82
15058.893157259714
7705.239919392199
5404.615539538087
8262.999674081775
7809.119535021717
10139.003561672454
11744.00814312891
9302.861317150022
4626.48625291387
1947.4722119093065
2072.3130906054407
1446.4833033333314
643.7088559585942
722.0833090906898
4583.631141909039
5358.737866968317
2059.7345793056616
1882.7280069899957
1388.0368389964956
4102.678325416777
8429.26189698269
3566.864213588921
4862.65153889205
4845.6206322431335
2047.9112591466426
3199.4778803457143
1957.5917008363722
794.3644929650518
1366.608012891716
2197.499007071942
1018.6656190413614
1141.4979504296914
5032.270283839729
16035.35704727249
56973.11039726821
-12183.390000000001
0
-1473.94
-179498.57
114157.84225192585
-236932.18000000005
18465.110559637178
18997.482153119086
106695.98598708256
-176672.28
-62733.490000000005
204.28772891811752
17.666057912135496
69.44067952145535
94.76754558240955
1.9342588082889816
372.0305269448104
146.98181820272424
238.9556646776874
801.9732849604651
634.8042667706507
117.85434250997261
-61.212715682704705
-318.273209921888
-83.44287243088971
77.24616092166642
-5.103185090245516
-511.2232698529988
0.002157798494939171
72.97472024687224
65.80575745359221
1320.8965855566985
1817.3031717410831
1200.2531070872274
1262.5669601387212
819.3686344312546
1123.2851398910134
355.3071891962492
666.8452399842463
866.44795020992
466.4956489933213
232.17181774273234
554.9090820624048
338.33104295859465
179.6726492428568
68.48992985555397
21.51748320839792
71.85404113732112
1.2880726483055838
8.978014320760243
-2.540501778378479
5.537066736604
7.8830641761943365
-1.227200098613544
39.95354014566143
-22.832389457812393
-4.095350323480023
-0.0016870060708296668
-5.4387463870425234
-49.413796460343754
4.550435439098114
4.23220271760846
6.375907903305922
0.0662529157726934
-0.36093576563333396
-47.14828080171999
-4.916860408021158
9.437291067849857
-13.028883798649023
7.848116284032919
20.220754923774326
6.719700276979474
10.211610653046112
-0.6261749095986601
1.5691442487715554
33.53240040824454
12.380556408181839
3.1961014743754794
5.814909767201021
-0.4535402100657012
-0.45376504954790353
-152.4665773521491
-467.31324193183355
-677.7308340141699
-1008.3392780979201
-1147.0829085536723
-1481.8612135618553
-1666.4064444133815
-943.62643112587
-935.1398615633927
-211.9596600700215
190.7059871054634
-87.01416445352987
-291.7784799533871
-639.068210649654
92.2573584478582
151.06596046751412
-16.897742610372298
-36.49483959316167
-749.6638035649784
-247.81890127043872
55.20540250303386
17.67577529624914
-180.54414444797123
-500.5764701480267
-412.25032980684404
2172.054724132566
1457.8005594445922
1463.251606729843
1462.8889365486589
1206.5254999684526
678.8558780403231
342.44864394717064
552.6291747276764
185.98967579673172
592.9770423779859
120.5241766525791
323.74042360714344
476.08919593679985
172.98850195849724
171.55934883225083
22.1910181669964
67.86955855909903
23.567964810985075
69.04048896472781
25.77296982113262
51.83679167792763
0.003907537051815228
142.0918788597249
-5.795872981678474
3.9473874734014482
1.090361178132897
-2.449480513956532
-10.417179364334316
-3.3899812610938262
1.3091264076411058
46.15160358225986
31.935679689858148
-2.7962265814686758
40.669221665720436
120.34935593560456
20.404731518999593
-5.545058760714092
-3.2523680083480246
-32.67873937347423
-3.0126989477054824
-13.48653694318702
5.270952536416242
-16.274689200691412
-88.9207127760258
-0.5267702472381534
-2.954902390592306
-3.188268169478598
-274.305661631215
-73.47684021589279
-49.26186785329792
-52.974673384507064
-69.87735560377584
-108.32247422424749
-290.45390839751246
-121.43796908172008
-158.36611134640776
-88.68724136685903
-24.884440585345452
31.238716364135897
0.075659399578479
-1.791850709032827
-1.6798700425027264
22.64493164493077
-3.648975839040775
7.309380864336252
1.985008028759625
-0.005633847214500501
-42.782997813320875
-60.931913531194695
-1.7840206277573938
-48.872367044050506
-35.44264587532024
-8.519167939224179
0.839729712540524
-55.21195647573293
-0.004098919137104771
9.954922635409964
1.708609509518668
-0.114318245493867
-23.67775119883302
-0.17299076467592794
-41.28014196595625
-26.919716925113146
-82.50173408738448
-108.69930821400516
-6.155217780013283
-170.34990911145758
-137.99099627616283
-420.742748239668
-437.8405921462139
-580.7061125952073
-395.3808425937471
-618.6025020432733
-517.2792692911239
-652.8174734427735
-1025.5968315586422
-138.4020672750138
-603.4532013418291
-236.3820434182386
-324.3325534968824
-422.27899070872604
-315.94307384670947
-210.57075396265952
-78.8043072454631
-502.8036808458559
-474.25550085600764
-192.83470737068117
613.0368111313762
2311.6099131592555
3843.8394820539474
1770.6082158147806
1088.828963209239
273.80779103756504
27.909336426290523
3.3278862155750506
-128.29752664017605
-1156.048543406793
-85.21740178601115
-591.7453432849504
-1039.3253612830704
-546.8883751456917
2.042401739893346
1102.8233431303902
1351.090595059764
1063.1060390167531
818.1698146375215
1138.6866419355783
1629.2765012576033
712.1700071946675
313.65806682421635
119.05934466491087
21.834221290127132
-54.681893070417864
-695.806215279941
-3690.844364767031
-76.86598242276446
945.6586792018445
739.6366605923664
456.5800091736984
449.19673187707855
543.5703366227813
346.80398183226595
143.15489261295127
144.83053143921128
58.55629482305296
116.38079137002518
4.992342114625831
-1.0599312149743838
-3.350738304638984
-18.83080161586959
-53.31535334447383
-163.6620491013795
-493.1698796752279
-342.31113549849806
-643.802821666635
-1085.8297264716134
-1680.9528487696634
-1641.3437844403297
-2642.8891880797355
-1532.8071691951104
-157.3768692466581
130.96280997617768
4236.274113023073
2461.2610843390967
1104.2010581994657
479.98707511294685
33.456135242287104
39.874992725574145
-0.2786682926958917
1.98100665634056
913.9803907418042
226.93799253067704
2.200646625269516
-86.2119522593043
-112.46939206199252
-1012.801667368984
-1194.7428438509326
-23.131370566150796
0.03962517801621921
41.745656103180124
34.89788297636518
5.324919618770442
35.48448959020994
-28.11820113492535
19.504832965518155
11.873662457505223
0.2567493362420989
-6.70083487243448
-67.5624447696221
-3.0494838571365097
-33.245697372036965
-111.06994427978148
-64.59442761153166
-186.22339078764463
-31.530115981872793
-159.79427972042208
-196.8252333009645
-6.094081380535565
61.157320900904466
110.22704557001086
-19.508666243527184
80.42788462879408
-6.150938122211219
393.75087049203364
851.7646934318172
2396.1471494288635
215.8966368362369
208.21381833855494
355.1423186301553
1520.6674741550955
1346.7035052282579
1758.199493920626
570.9529430552403
182.3054019417023
-16.149205323486107
1410.1616997580772
749.1904146801414
4330.020387595419
5365.447591433935
0
4935.951444501115
10158.934071387806
3427.60200151166
6064.855601298737
7418.781871062717
11376.166755056882
11785.101231795477
19463.68747797792
19418.446601093343
17638.826402634866
19035.94067279509
28529.95398238529
50986.39025265629
125354.50387836374
-409772.4799999999
0
0
0
-21027.44
-14151.209999999997
0
0
-3648.4400000000005
-53374.409999999996
-53770.299999999996
-14186.76
0
0
0
0
0
-342.82
-29901.99
5454.532675562974
-63438.36
13310.263843714058
5881.606574352443
5344.793379907839
3111.4561031284275
2146.702022343168
1097.613219044102
6119.955581095279
3948.5532482866174
228.75919875363644
-61646.07
839.4106605115884
121.92117288072686
14.599891881163035
-6.784342480202159
0.3649629803946254
-34.698748384633774
36.06818625836891
-0.12443309077640305
-3.219053409573231
327.07951643245804
122.80879450952574
732.2006650076376
2118.530305330687
279.6693716425109
922.3684131660835
834.9175997802475
609.2398017806578
712.6151508023999
30.48767648173938
-30.229690964002387
-75.26644592917492
97.16501506094218
374.2043892268131
38.41182339058261
76.92505195735467
50.0346781228842
-4.35561027325659
-4.657884880270668
73.1194277897368
11.085428397607322
-131.84862519876728
-572.7980615572999
386.46177620598394
637.4026099161104
165.7166746747949
250.25152369382207
0.9108921221104552
-85.61525824677676
28.750971640962764
33.88513356715005
15.883846591133855
5.496201139544581
0.44334597140877613
6.48063633443461
-43.109008658523535
-0.558987256083602
-88.6723308832153
-57.608031742085515
-23.790802177675378
-186.44026363934483
-350.1026753088216
-784.4213383874642
-998.0484734561106
-1081.8562097483045
-70.20498640761951
5.3902743751082305
801.795934760672
392.89273807062267
251.0313958149433
301.10111515156007
983.6589837621352
423.42367618050844
134.52077293177598
11.940624169753395
5.0173775280560875
48.55111876225388
0.6929132151791597
922.7976964836189
1826.123127343019
967.1231980812692
664.1118792683872
285.800535556976
330.6757338617766
91.1291041704915
33.445277909098394
-3.998167157354989
-45.70341782869522
9.45229689558694
0.0008124259726671073
-191.84167647358254
-123.59774387980147
-183.28134594154218
-327.1088981444829
-226.7408208346835
-85.48589431664148
-3.412310551112279
-5.23662379198226
-97.55754364060365
-5.454575868674814
-136.76078283487797
-666.7683188521752
-1779.0014431600985
-3064.697450446103
-1564.756650356
-68.6964541648723
-373.88951883020985
-98.36762005801017
-0.0025584290278856114
-47.181846725987874
-16.41730164149036
-23.811553845020335
-253.09783716850842
-372.3516899491292
-101.53050189649775
-807.0890312564435
-22.7704504173512
78.18080711696587
542.6369104953023
906.3201663943086
1521.224146449568
279.4506090101993
562.7036801155723
283.54796370482137
497.1362299020139
337.1084692743534
301.5796369999433
338.35116591193224
381.47080455379864
158.23843144853856
178.36491917848633
151.45036603851116
201.49462969264087
298.7505323387329
112.69293320147206
46.27060206347138
10.02308376565874
38.56090627090409
-3.3321312865530213
187.34777818711802
49.750169524382756
104.72865914672232
0.5061359978546411
0.39251134779136904
38.880652633970286
-23.179994325907096
40.48594103198432
-46.48363620797831
0.10475309904870085
1.3673126042428732
63.459328641900775
-11.408120151141073
-15.02175041931973
-54.721499219372475
0.8220905631552312
-2.9024077570802262
-0.9056068697897096
-0.00547058998084372
-6.175016746148767
-0.008383341077642548
-32.92677813393792
-4.692188726775697
-20.74815788010856
-187.18511765745686
-8.723820340643584
-5.221655014664455
-82.9817119016442
-142.43818087594263
-60.10260597276099
-33.99517517701379
-49.264560906391786
-52.307608957776026
-40.37884573339377
-171.44269313672223
-5.1365052838786855
-19.36394134099595
54.32246342971909
45.52762520675078
62.11036220359441
-0.08677455231106683
41.878230283211536
51.294961432298315
64.68431314770766
4.916671984279775
47.49515089600754
50.160909916354846
70.87746892486118
50.38615019871317
-13.93046346202493
-1.1717554846194664
58.92343002807495
4.801181995163951
0.16113581811452704
-1.223095411289316
-8.002365885920245
-0.049194361146042184
-6.745156531497997
-51.781237630915825
-4.550089293398603
-54.21430737507009
-24.55903099942116
-27.575661818300702
-167.2162729808914
-53.12324491043229
-130.17728238193718
-158.6104520239773
-42.34102951948655
-80.75549085393519
-59.4598834261478
239.62770635285415
94.78424206530522
198.76770870520878
131.65667948375545
216.14738006028185
38.82565711971897
164.4736608858757
143.7914416205035
105.98409052597816
36.09059766176258
58.00825636223854
35.69633801710425
1.3814429205539578
12.233054876683047
36.93202263669804
6.809712156281915
11.414502064796713
16.84134400593204
51.39791264719539
33.38034659864279
76.21946357019485
31.561434544869222
0.6618668611330942
8.682400702581017
7.001658137665872
-29.2340185473194
0.07175241214352705
1.7809044942238537
-2.9641228730379248
0.0068059312627539725
0.23766710681590464
-30.693307415792628
-54.7254048812431
-3.639102916562967
-70.00864027619254
-2.9912505227938704
-97.33430071513092
-20.146219194585658
-2.8711197163683666
-555.4040592571549
-8.322398712690891
-141.45266559822753
-149.4833811539133
-144.24921320715833
-199.77030923249157
-198.55844557282822
-241.1053549856526
-313.0330202262737
-566.4723700900894
-431.9541206531251
-714.336125586903
-549.7297477280831
-816.8781526647472
-36.93174283400778
5.347217251352483
280.71745822985287
0.2003028253797176
14.640309191153836
154.70731513166203
486.4976585145216
2809.3866696704445
1348.395175680052
2270.370442082489
6656.8350696333255
2565.886712315767
3904.9200577062875
2932.050407121545
2353.52272415939
1642.3725352543165
2700.013844219633
1067.7603603883533
2722.510673321405
1557.7636601667234
993.1367978054732
1515.6276680756125
764.5383495530308
110.51755381702854
663.0354615475485
38.03914769487516
171.4361210608899
-11.854843375518287
209.86295684011048
225.76833640863126
645.1852144623984
466.49384283010204
269.9487148448467
498.1476526153676
2160.5379896007266
862.5246025279549
461.2394994128918
709.4548215255396
6130.166719172092
14408.645376139284
96603.7579392792
-344235.86000000004
903.2505326223958
68.05189427445202
-47.37704999801662
550.9833100253367
435.61056735867805
155.58969264773248
105.83471854627474
40.95263888908065
343.16664713836644
139.17405327623288
30.305920543346033
1.0102274853288848
165.67113201481166
25.63991653409645
1442.8210318781971
579.4659222747316
-1.207714146874981
-185.60756994639374
427.0014948746177
1458.285209592074
2448.996526681006
497.4289467858392
46.263841937999814
671.5322791056864
5900.315230995046
3060.1778539057177
3457.292083194725
2446.9563072308324
505.8848133398522
92.56441670174854
379.43370110950025
1980.4759895921575
1053.3013515546832
2566.946798596226
809.5163071048516
1233.305346390395
76.89878065779067
1431.4732670272488
-0.27171195932297354
287.49850179797295
42.54914935407573
111.25867712653027
-224.36096144171546
61.28520992794836
285.4056190635537
2.686999859736573
385.47603506853454
4919.1121437406055
9219.130592971305
12332.273610266446
36238.18722393633
73221.7331461363
150732.1061125613
-223840.49
-235619.15
4939.498170160043
10912.589761897787
4177.776403192862
2105.0910396089657
895.764164257112
2140.3393137300795
1801.684287971309
4103.0010912656235
199.78386400573223
1524.7160459514823
3371.3197860339355
3222.9347006126527
2386.906852251218
68.59540674122995
354.6743183073374
860.1880170339807
3277.3015915526626
2328.456065403151
3934.4697549328603
3924.8174835909094
147.4897381153925
369.8751629173705
811.9593849147329
-0.5731979938511226
1490.5746269828362
34171.05623078765
36474.834872894324
42724.952629842024
72305.61921427287
-340519.12
21713.675527406813
27464.03232549512
-237428.57
-23.2211122758616
-123.72576174042501
34.09097689603299
-84.65819618010512
0.5182918760862861
4.742357029944433
-74.29756995652724
-335.18502955679173
-571.4002267005978
-291.3676761123139
-101.64789025870037
-206.692355891072
-331.9357647427138
-975.506612618417
-917.3985062378771
-306.22963258672905
2030.621917636665
322.67158201525274
4518.542634305113
4387.41473013243
2079.18803389537
1523.7365878437822
1574.570327705352
398.91941210336756
238.63941208661646
23.509625069543304
-30.482450927442635
-8.331521666985887
190.06721883977517
399.19010635587756
439.43466244955226
864.3427099970247
754.4126787601199
202.51995306928708
328.74320721242304
592.3356921955879
845.1355745315168
682.3485931880934
505.9114593866502
834.7378131308902
1082.2034919141665
-163.50305276889728
72.20670021530094
17.51871765905318
15.883085317480909
-3.1799948480251126
-13.13779124209615
-59.60488434279915
18.906993239004485
-2.739406817514229
-130.62175423342575
124.76885562206166
-166.21538424937177
-142.73367583617573
-1237.653183897139
-3485.57261489777
-2663.6240392923346
-3571.722231916886
-906.9912387439398
-466.7303953448636
-168.07714254748817
46.97798205461293
43.659049677951764
472.3031025057486
509.2996313873613
231.32523421530743
300.74489920257224
122.948301555163
290.6826269318468
-0.08128732453334798
56.13404364108432
145.06475701842172
366.7120287848916
80.68827023630533
-22.336339459845377
4.031316269025238
33.59389882957573
418.4486267622217
203.16325858607195
635.1692508381648
120.709755188733
90.76771772262755
29.752194671524148
-15.044011084320722
-15.452507727313531
-30.485996115318144
-5.748472374603683
8.932761466659265
-30.002683931538765
-2.6059096941088864
1.0439077699440762
-16.412640549909675
-3.0482615787545733
-139.06161085134602
-10.14978967474067
-7.993033384138217
-313.54329011169085
-43.54214184320038
-211.03540974354368
-8.398326264142895
1.4610370503171888
-16.863539422649026
3.8102731545516635
1.0291115638323687
0.2034525400458872
1.9201251747946857
0.7177337933043968
-0.6700062699789228
15.641523721149591
2.0531159637564667
-0.009530654755321635
4.459757910219191
11.570378633189243
-23.761847369642528
-0.0018573855905904767
-0.7945376986053414
-0.0003043145961418577
-40.743508583479226
24.03378858943187
-4.1972067302307785
-32.460462890097
-7.582562022519894
-16.69556719222383
-111.51597393868218
-21.886190403990142
-51.89833150346916
-97.84474116576885
-8.497520152954117
-10.891383194963247
-51.30234331456635
-23.71370786670056
-41.78034327570809
-49.522646989121185
-12.237906512479553
131.37801065245412
53.373816173063545
99.20213942714258
69.46883031968505
72.06802541342515
2.6433838488537065
127.71201925233669
100.58256752229065
31.31680749979682
-0.16551132216195583
22.99708545571931
48.939204310229336
39.27876017393674
-1.5570334146665707
23.14133433686753
11.880649964179593
-2.998511906401667
2.938127426728335
-0.19408815875095342
-0.06284107047409099
1.3159219084656473
21.604039276238133
7.353999102228748
6.417196728178741
36.98114321352557
40.58670843992218
0.295133989570388
-3.820207133977924
-3.801382934882902
-8.55463749654131
-38.58124481240213
-7.795205236161969
-63.936528261590595
-38.65070900339523
-88.09038455368022
-186.91192707513096
-89.78748133021924
-160.38218278604845
-219.58393750548828
-106.61918935536308
-634.3678368839048
-240.46923625478524
-468.12449016036237
-736.445282181656
-905.8658101137617
-314.4767877044337
-472.13075695427466
-16.283783861492086
70.93479865542677
517.6723446705278
613.2016787489977
112.27134160060606
364.8708828633952
36.61345680484321
52.70107935096794
233.11106499827991
70.82183391109555
1022.0768450893725
1748.9206905137153
602.5563885490143
650.1241204555902
307.64387873799876
7.62684011823822
61.0284760196618
51.714401999666386
7.087503853418546
1.5504243326229739
8.31174570016008
0.04891906913336166
2.81506784329128
24.68349367608995
-609.7892491497824
-301.8731838514295
-236.7965897495969
-595.012262820528
-899.9754278642254
-681.0979171007341
-608.149087529404
-1058.538567965104
-181.6793024941456
-347.4110623572696
-1257.1616301554704
415.32096831817336
978.499844274951
142.7892929355355
-167.54978480449518
-2109.91814035495
-508.0644795985454
209.9788264829054
33.218370542721054
38.25321822286207
9.64034872154344
10.04205408534305
-136.5883516645365
-45.19633947380504
-103.30289296739807
-44.50475882783285
-66.36966126574147
316.2384814450744
412.6597028059507
664.1624025337054
342.5440958653074
567.3773340823659
491.5489143401316
523.8916380186187
556.8853357282693
269.0573715528071
260.0556338830627
294.4852559225388
211.1054375288099
2.5566577257407426
1.3706677034101926
91.86650476723034
26.6939754975151
10.351677391282946
-16.931036548692926
7.1395448828986865
1.6948454816993408
-8.087818843249872
-30.941932397272367
13.166781661729663
1.0407817127787589
6.330577966376864
-11.756554144353654
-33.4169673771598
-58.365913091072585
11.240203823890171
-16.218960717424782
-31.9466776866503
-63.625464534774544
-59.06573546283829
-69.17206921872696
-26.759200447425666
-108.76771681012286
1.5735424807963387
-9.249282860830125
0.006083721704093511
-6.9376648677187145
-0.09384054765199232
-32.37643321626279
-2.0358134242440022
-88.87953679695266
-11.003584113962763
-116.8629082011238
-7.207441716629708
23.050229317738193
0.4929300873284008
2.794686911398717
-1.1835665484463262e-06
4.228574722752908
30.10778536673582
123.38292378801489
10.365351896364986
238.22445399246186
41.139367033609325
32.572077033280415
5.132928181231474
6.577861511779902
-41.414020713002515
4.388569184159001
12.229024319943473
-7.854679531287155
-0.0038529904957681433
-6.432072882729884
-6.247272406539457
-14.82486815537155
-22.065643344947112
1.68418140889942
1.629800024916664
9.856033454479327
-10.001041673400438
-1.515334909377418
31.624853622833513
-16.796347886627785
12.605723202998606
-29.413498405406905
-13.567070373517689
-13.042606751900957
1.0843830924910547
-0.22054757863511237
2.000346320346307
-12.768575543982388
-4.008638895697024
-1.8136436863810494
-0.2901821851306341
-0.3367097694384492
7.258526251049835
-3.4571664879355675
-1.5408883614864943
36.47193535469492
106.31314595815584
317.85027470828715
106.91586468289256
134.91130528656137
53.429238501654574
150.49547755362758
81.52792082981784
-0.08564566714544504
422.48886370538526
0.008637614920338004
-3.3704802031138392
-100.10452354258248
22.103742749166248
-141.00437877036427
-34.001432610817375
-233.48276740766818
-115.05910755508305
-568.041979544022
-86.20770738973243
-677.6398706581388
-619.8344998373008
-226.27725755313668
-653.5292463185865
-819.4138291403387
-501.46101062373396
-910.4003887152261
-545.9262373595176
-274.1695763319751
-505.7737035801971
-64.12757641821764
-345.57312886995066
-187.26933700812825
-184.89933525499873
-12.163576587765746
-204.71917508816793
-148.08696711352903
-63.600912894964274
-200.65429004736984
-2.523877789889943
319.2558879272746
1799.007832235624
282.0031605864425
7.284319398930453
-12.126035973107431
381.88765247014817
569.4547064075281
54.791932845574706
-0.022102254247947196
-30.312304954210994
-167.23371364463145
-32.9425487272612
29.321360403127915
-4.874431038701212
-45.09571082705422
30.041262332201402
31.295395829655423
-979.5025653010314
-356.7123419709409
-128.6971108797602
-622.6665850355271
-39.943619644159874
0.9352318900629805
-183.72895635117914
-2.152880698802648
1682.5102003294144
1410.9082320913703
552.4126413951716
830.0285629663833
946.8564508660919
5.388027937543933
30.19681806428754
246.68189633867436
398.3506772755737
2299.5638746554805
1.3514014508645613
-752.5161472887866
416.3790012736215
-15296.8
587.3995732861118
-51.26816670672155
225.90912356396802
-61.903761207376235
-189.79195445907843
76.13763758393334
145.3970169575737
19.504011869522067
202.28144627540976
33.631043357123346
23.30030574855341
0.11210301653056855
-12.343274903191107
-30.712270280247004
-25.436379038473017
-266.1667310126787
1.910130634099368
-96.64226577762318
-395.13981213567865
-148.4609104981464
507.9077400218137
2003.2778633372773
160.63610332165462
-236.5066774805541
-201.32269401368188
217.37661750731422
166.25228949048994
-18.59796920681588
-3.9903170731124007
413.26992624920456
128.06153559482374
77.11186089441624
407.67365988701465
38.674530446257684
39.59922223795658
-0.11792099778178484
-8.100196151944482
-128.8989107052489
-10.228440297231101
969.7419050716413
404.9265819190498
203.47899017390483
340.40386278020077
182.34249228782483
0.8163298044773631
-29.995314093003444
-104.74934699498957
-84.68596276165844
-101.44027926459704
-5.693066439840471
29.61708050142718
389.0396489407873
265.243185747042
194.05997288275393
101.98464424732731
105.4468313367413
50.83653199037778
9.775524565215896
-29.551495553913767
32.70775331968181
31.128575075003834
70.32907286619846
-217.82069035234494
6.923091718006653
-0.37197115305139
-50.249688959075954
-192.5707756932967
-631.879287049127
-1127.518044767679
-1864.3423776364932
-2024.7961979010827
-2029.6488698844496
-4057.4517035868757
-2996.2049094615427
-149.37565906921665
1059.9989682639973
190.62817625931166
-102.85907213452897
-486.76326241039334
-1619.9706427810693
39.07365006806943
443.70546662836944
406.6977891006518
3213.7651142257605
3193.40932209526
1877.0365020467887
761.5455852856759
199.75046184914845
8.606735094395564
-68.62270429534377
-192.00269962857885
-1018.5017896631034
-980.434070944369
-299.4343246884338
-142.26700219794407
391.6330670906986
697.9818278290915
655.3142193056409
573.3633535991792
720.1037945630765
82.96360563479851
21.598685133945214
-6.161146750243566
-106.55077556677965
-290.99896543143643
-415.70435757268245
-920.2934291234028
-1072.775819628168
-1865.9037513870196
-1259.600756876415
-1195.5975527917196
-10.474944565342863
-231.485116922142
3.0315300734873363
262.7232915787395
5.303833006247118
691.5424266252417
62.67311267066396
-4.942173066449617
-577.5365961552228
-329.9069715470352
-229.2299115282639
0.42367289116895945
837.8974734449604
439.0076385124202
1.3687496485031176
-389.4701820817122
-1208.4429117348004
-325.67869148685764
0.0003290854674234246
4.406397195546028
132.29330419208236
279.2598576891089
0.37950346988736783
-70.84313941333434
68.52827918610315
-310.11658723013335
419.9326027144959
-0.6831222757285816
-285.88967383796694
382.3561663884568
-86.3992659953249
-243.08981556300088
-253.26639346378676
-162.52578459162999
1365.13386735196
542.3260631743397
143.6196730206504
1.6967920647004737
-514.2314640731724
-842.7186254344933
36.75072328263202
24.028869353686915
-161.00734256689958
35.822419078221536
890.6213326651088
303.2305015825738
5.719085491631876
66.54327604009487
-10.210040155858504
128.546373494676
411.5700727643897
-40.78393404843516
-69.64488279237186
-85.43719958461938
22.01975976217623
686.9628431934215
-1.4547562676853245
-816.3976967407899
-568.4502007255746
6128.69659202816
1894.6080401130707
81.93881694671646
0.6365218357648338
450.61291827969507
206.11627779325107
-3.695728155857426
-469.01200447039764
-787.489356941581
-1126.3633148539716
-834.1801516164666
-69.27131843198126
411.48499468363906
1465.2800189436393
3226.302757320161
3135.897846975467
2988.326399696982
1935.609312801101
794.0380660932282
294.64422875236517
-107.82585935384444
-43.02251290391955
-40.72271512297084
-690.7468656170236
-577.022358322204
-869.3982151165776
-1355.7091858002402
-406.9551515817418
-713.650622193922
-1662.9149058988382
-2644.3779512562633
-1434.5872370414158
568.4289322643313
306.2978190707835
1537.5534579285566
529.6927496388755
821.3740756452416
442.88146263675446
157.8035706556798
63.652269128925965
-4.391917414209937
-10.819563995699244
-18.922901961187975
-124.52041280369058
-325.21399819085593
-131.10300606811126
-240.6630797538972
-6.07545061948921
-5.500042469383494
127.3011711120121
-223.30695864826157
73.19199257064652
-74.52406104428822
-677.1127105102084
-2088.015950000919
24.301947413284424
142.28860524485896
3.55900991920555
-26.87078927945753
50.891824035059734
363.5336984479791
518.4550364958192
500.73918732539613
155.01513842336635
0.20501493287470995
-49.708750374280996
717.1515787030473
3317.372027429699
1430.9301421561065
515.6871696586463
51.85610974236399
-84.47302877411911
-22.59732238724791
-1001.5407461668699
-373.694965241074
-421.75015196059996
-622.2728583219676
-2696.674677851252
-2689.272414220345
-5684.485933845081
-3465.492560350896
-203.1207285106194
-47.29902788103489
373.7194781597674
377.23347500022084
542.9042395762013
1199.0005679305675
2265.1776608548653
2016.788233077626
1598.3028550004412
906.6483694442197
625.1260512781494
258.74120357334596
268.3315834964075
76.95746000475704
7.650973477989279
8.981818034484068
-13.48984962162977
-70.27469269436264
-77.58424926769413
-125.34295185503672
-65.30570245441609
-1.2621013576677964
2.6236448801190018
-9.084840828047643
133.81598823421268
354.60000874125063
166.73880471429632
3.4298824404431647
-0.754408340420605
-342.41819724656733
-651.672108689749
-220.65966732032024
-69.02016670271226
-802.3073645573509
-871.683176681666
-741.7779428457536
-808.2964737651513
-417.21351181901815
-105.88742962861478
-51.50764775440216
-117.57160427373248
14.76255689091105
72.0886509439578
68.9357831917732
484.71632477827836
703.7860238077765
232.332018622383
286.87313952371596
319.5726900738749
247.46311617442316
246.15867906215828
88.85584256264987
115.00501516157685
153.69801618478996
9.214301471303433
3.271554612248625
5.4665066006500265
-34.62636925194708
-230.53444662843881
-1.2937458972273719
-46.75633103680772
-72.48226554325923
-138.84352725050283
-199.54194835159117
-149.6082692140684
-465.27450171109865
-322.83497930279543
-434.54646790984253
-515.7385026747367
-379.77491994038144
-693.1457873959635
-372.0790386701395
52.63627091226023
325.8289938327786
1307.5547989792344
0
0
760.9368619167357
529.9603786893219
141.2671276192919
385.85059352495244
56.450165288398765
85.89233146515396
90.20439356938394
33.3050869566146
-14.725495049442047
1.4274432925748715
30.062329839440846
17.50130096449137
-5.12584388391876
-52.14882841696526
-106.10704053081263
-427.84592415298033
-358.3102132359593
-674.1048265927035
-778.2850540519212
-754.0483512822015
3.906784470399428
621.798825957897
773.9138784291345
1624.0551300686266
847.8752929217683
528.4599798572328
29.154124594266857
-34.68156054035644
-14.984302771793596
-145.11052095377624
-518.8226095082126
55.863929390194876
3251.8507108956574
2815.7007760816487
1939.9820253922167
1018.8706301760832
107.0385546061817
537.4427869473782
487.0685585914898
362.1097405882757
578.5997610420363
310.4501597381345
78.80147083912973
81.6797049731986
-36.752071963186246
-31.675242696147492
-95.9814988759229
-298.83858352245505
-893.7452127746442
-626.29503552638
-764.4605447770846
-1056.416528384229
-1641.5484753885887
-1964.287901931098
-1079.9630646141768
-536.2122803858923
-397.3801704568691
-523.9952097361697
-437.5246584146745
-846.9652638816633
-536.2691400709779
-386.7554907145686
-794.4670611395469
-1430.8246328825132
-267.70809466509024
5.960068348923299
203.72518391068098
761.7944386220013
1255.138316628482
644.829943304902
455.48336380954464
231.5293934567808
74.00609758379778
40.170729781398116
28.1659422553016
0.04413078884811491
97.54384068181415
25.601789923507667
34.556315717172566
109.56200360752808
169.30587486450753
188.31262276402043
50.59570873326122
204.57703112717286
266.58541595567567
175.27859997274203
28.476810300084882
71.27586815060023
174.15543418137304
67.19332112100054
15.59136848168053
27.940665202065034
23.605437270430762
51.18108721939181
49.169935886821065
4.341893687059416
0.8192356734781713
0.38767833473605634
2.5493037473113436
0.12686706950131926
-15.215213802697562
7.557229975372511
-12.36947303743689
-2.972444148892125
-3.5789904450289582
-0.08007224434955473
46.30156034535412
4.5331251364033385
-12.94226843419916
-13.787262618632505
-1.200487081498885
-1.4417222145996036
1.3957386096313764
3.171190852771768
-53.21995800787255
21.689988541248926
4.711790752655408
18.271662384061816
-1.9240730464015061
3.6556675273943195
-1.0780506691693046
-10.633965114571545
-0.34394062727865904
-0.2143172789871926
-1.5852297644289806
1.718839757022435
-2.5382939374373192
-0.28245579391722736
-26.543448432783954
0.15257947816824602
34.41700530271971
6.929292279888612
5.694407660936507
-9.873320339791531
-6.430232361905487
-1.9336890861198244
-19.351108201316876
0.0254794990233437
-14.106578899714933
0.4004277043924822
-10.715391443977772
-40.51117511179735
16.083502657336396
-0.30489022658955206
11.86874415928712
15.771946584301979
0.0641807003474971
0.49496625640716735
-1.7704205286083907
26.736028452218385
7.051273990546839
37.6755034595808
16.061514609063316
65.86335416056332
30.90011719063317
43.03066018074511
11.218395263444258
0.017338604953449042
119.27095620540729
-17.721084556902934
32.751858137252384
3.7713426043262155
32.312029233506784
38.9139636728075
3.120410312238281
7.2037121083253925
1.9189425942024405
-0.7444822539079836
-17.919117908871158
-12.969603641426549
23.5207615875385
-0.011948885479595385
-3.9593482843363197
38.19661303089655
-71.51626466504896
-5.304978625210799
-99.25108571705566
-94.93192283315426
-150.7308758637329
-82.66905067311707
-5.1626188924981555
12.773917532625884
-4.854662339182838
-53.02138975671852
10.706680121206194
64.70617939440764
30.629105273019327
-7.260292415090037
72.49182641311751
-0.6214553660555246
-1.6746939962818113
17.39727712962942
3.941495567183663
7.3596340437865
9.424830156421638
292.5933826433676
755.2920869419214
1189.4864793995273
1420.8089491272485
1477.4938875658213
407.2732030024239
463.4223555705391
2080.256433822728
1866.1971878122183
3883.936522997947
2920.3333123634347
8005.41115225529
4982.146200164054
5123.788310020194
6501.255567998073
4244.042999562411
6644.36932900327
14300.61140804523
10469.559321459828
15392.87513858912
15900.861420095185
18441.172368838732
14775.9668968271
21643.129643936696
22353.69640241839
24182.11071227102
23416.25540217625
25655.306896093203
22387.43448166517
31217.48535329089
39723.848360449556
34673.81134461683
43718.47858589132
53231.795341211364
55748.43308982086
68118.89717915466
110305.573561186
114228.7700702906
197559.71572465048
454702.37660655996
-465600.11
-148201.67999999996
-243525.14999999994
-61582.86
-63993.67000000001
-72000.52
-56066.67
-112426.46999999999
-66792.98
-88307.22999999998
-125353.56999999998
165812.99275950092
-90799.45
-96478.42
-66811.38
-85374.18999999999
-66053.65999999999
-82793.28000000001
-94136.95000000001
-176349.29
16880.64443302442
13825.902274785396
24420.681809717174
-14325.189999999999
0
0
0
0
0
0
0
0
0
0
0
0
0
0
0
-2430.05
-36732.229999999996
0
0
0
0
0
0
0
0
0
0
0
0
0
0
0
-1284.4
-4564.32
-40955.02
14212.528065363724
3967.6792145737463
4167.02810566089
2787.7081255237454
4769.3124597461965
1799.0420877374006
2091.3434653698937
1423.3012344248514
950.7204366578101
413.0521002128251
809.8538800243239
193.9175667076213
100.91109527619395
0
2669.0510429363258
940.9628210314797
1458.8321016570424
852.2106391221143
253.11412631300038
886.7065561776247
453.7599808543197
113.14435867796641
256.6714844041596
114.15289159574243
45.68701851631407
67.27781563757624
23.981499612811923
1.597913112812832
4.056327384203046
10.848807876181572
6.98841046001866
5.7397332014905
11.081359648531528
30.84878433357053
-6.221201066218066
5.759744249954533
-0.1720057471264738
-35.497575892855274
-39.60839392383423
-1.475277025856331
-86.81233580049128
-56.77995924546393
-49.24269854508807
-294.5268969617775
-82.0920287074756
-156.67905418022195
-132.07153865527084
-456.3501803776991
-134.62707802678088
-47.193684238068826
0.07906416580390682
-10.710513869780993
-41.27370435874399
-47.83721054480189
-179.01140648200163
-23.82685145701603
-245.7110476116854
-56.990630473733745
-226.1145522290903
-177.2627281542122
-108.83419465662908
-179.63768513807497
-58.90303299935722
-2.870540804792909
601.8567897152025
1524.9630401667482
798.2803791790941
136.2961987932344
166.97105362270742
32.48559007747012
159.27307840034044
143.08175640489088
192.1844704960767
75.56048210842427
5.933159360073871
32.39703938673718
-132.25834462741975
111.54377247786667
154.37228449223082
361.17531181375637
361.84737791477176
593.2679385456352
428.67257567341335
382.42779339843156
25.16086474838067
102.7834798398747
20.432010591254503
-0.019088219365202823
8.131278402844458
-56.38071835100138
-202.83043834304706
-73.28429577915277
-264.5152467868964
-34.16082798402187
-22.4855745416226
-22.892806592569784
-29.297880456726205
-50.87551685961676
-7.813065204060539
-112.51226516601811
-73.37496138542892
-76.69289421423339
-8.098128265200119
-3.2150651660512906
11.631745627684083
66.46657403560287
16.9134372309719
77.89042978822255
8.223944622711539
26.170825010988946
237.13355269212735
61.12678852828049
97.75848980959793
303.9689116067887
63.34887707802028
108.10838028050736
-15.482778249172846
95.34489584866928
-47.55289748103179
6.1017524477317115
6.626759226263434
8.339804667733901
-1.724642797965176
9.22671250666688
-0.15958915924670275
-7.711564615811355
0.3640599450731068
-15.781279880573353
0.00039377107444566817
5.535813694410266
0.625595325099261
-64.03845542673531
0.0009489019753676222
-91.14745229738816
-128.8592807622008
-152.52027243750436
-47.43065172737964
-275.9524027784908
-311.59012596391585
-54.367783387100935
-121.29910580794188
-202.06419769903653
1.323009241341308
-41.600839941726726
-41.92913888464062
-12.013340114015707
-799.9963698655292
-240.96590782027133
-327.1810661434298
-718.1334177499718
-360.9613301617641
-493.2523613967021
-712.9555564704741
-394.75006365067657
537.7651434163482
1081.2621443891414
442.0760930552372
1183.0148457658865
763.5820353890435
36.59320959354194
3025.4928824509725
4322.8476050205745
1989.3121449114929
471.11243607124436
6.437677255062104
-0.6957853663286961
1321.6704191613105
912.2130256584082
110.89904100184589
1023.3281661491251
603.7795636560379
3562.380059451855
6226.643042795548
2574.078533678903
2696.285188686051
2244.353385417644
1717.9191507638545
2389.3106722359175
2999.552483476874
6291.8042077184655
15371.858516893404
17688.401386435944
-149364.57
22144.67077025608
26340.93111173529
93773.36784696736
-221459.46000000002
-15658.3
-11909.920000000002
-22284.559999999998
9306.100589023286
3709.2581068136165
1762.5768720000458
1068.7686583259167
1306.9146699396179
1915.8791692511725
784.2927873994572
219.09163507694637
19.427977097003296
1936.637907049951
5062.291961564522
1319.7462907765662
5475.851009298816
4724.661716785153
3707.4340437811666
57309.71247029965
-187175.65000000002
388.39243257094046
280.6923883082521
-14.40400137968697
326.09734412743154
201.2604525787547
207.08621688636697
208.47200554623328
429.082220598662
-0.44687668208307435
-14.582618670770374
-14.065516779650252
-175.91778750767466
-441.482621243482
-588.8149714838917
-2217.190733449017
-238.87956695687802
114.65431958448708
23.58724055065542
468.05896203033524
296.391878478587
721.4656440689854
891.148101166552
828.6936550206077
522.226307721649
774.4154699784899
865.0419151354737
709.1995597916051
254.13558059993048
431.3004479173218
239.5335332309719
109.1901941613562
124.95078830147757
-29.54364387349916
-171.89351269592152
-179.4557459835044
-138.97059952166663
1.4580052597524897
-0.18341544221892173
-1.8058916841088783
-0.6331130984199285
-14.044603270444322
-12.223131165793696
2.593299160547169
-253.99263334193168
-60.56026532411742
-109.28110485770338
-149.86753037449392
-229.0593005350738
-277.8284128076721
-315.93298407484235
-459.17225350362185
-390.68553406680275
-310.3085997523373
-484.5269926137778
-589.040494648902
-195.61484281684818
-19.03367473006837
-3.7257893197477743
36.16833928568087
349.0025721958216
1284.7755631049101
794.6271412497354
90.99690586570165
0.2924783731200869
-143.20965079052243
-63.40072555133086
0.7599887082388431
198.0433370898447
56.35581397201682
316.2622485247906
112.7289734331015
243.63896131999627
211.72282733729568
-0.49822127466792443
-54.62806602986968
-204.01217439757102
-114.92838076543757
29.078119825478232
226.09088356161433
1.185313942516609
381.32728689316923
1279.9467187343093
151.67036235985364
-90.63008916174756
-288.6444914555185
-672.7122058109567
-804.7293162196661
-170.8545449492384
-573.0426962332396
-213.64356809931422
-80.88917347367395
-135.77327760341606
0
0
-19936.26
683.414012844416
747.225787144274
916.7724508876025
655.5333865425196
683.4191577993441
289.80249717793896
296.74656043070934
98.07988772182661
54.605379861411336
91.85986636697672
92.19652794435824
-1.8787424988471346
0.00035760660883150307
-21.640845696202252
-210.9341754223222
-92.21352626454853
-437.45701035999303
-364.3008115304027
-517.4275000519208
-913.2629845049921
11.261046206745352
1166.0437702615159
-6.698054902890149
30.62083117401359
1377.9522420493988
664.8738075626051
-5.459088712275134
-194.07985500697032
1202.5108260425807
326.64184656671705
2.579713242668948
-43.36057513059515
-643.1592225412717
732.2280548722192
933.269130032752
1.9544462777084726
-675.0719895800358
-3268.6075752081533
-543.2140429635479
847.3955135449182
716.2388882494633
88.74750570149502
-51.96492867223041
-339.8746941555062
-1011.9835611009601
-3594.735298407516
-192.41143146221225
141.07445242039526
74.10013104865133
73.61496310193262
292.83355535916644
2096.2209429512413
1608.7460443934206
863.6447237792453
421.26022817849497
464.1229168894368
123.57558552634305
98.79363341880762
187.9022645522213
15.107211359170613
-0.14183708333766176
-3.976007132726361
-893.7543389326197
-602.4749230058845
-79.3026640950259
918.8519274425337
570.9464398269321
141.8890109563002
18.090045637984293
-86.14453740416283
-5.240232290005246
395.27293229041436
178.04312249351037
399.90351744186074
240.33277581041534
148.1431667928219
167.08979812025686
-12.5836501957687
0.6785740743069185
-25.727501059967405
-84.85668270654088
-380.40735244970455
-684.640938725407
-392.26324712648665
-767.3343048435117
-298.8238962558878
-222.20610377252416
-63.14534738285616
-228.46147241988734
-53.61017385565607
-338.10100608246364
196.64777715345514
110.35527365540516
1427.7564277646597
1403.457834696239
3762.046270770815
2148.9418449889736
2675.35094373717
5048.4847075825
1633.0058562024922
4595.969416636031
2728.3940877200494
1622.566475596925
7333.3513364581695
3292.9650384349534
4193.4724462828
2673.0181498117645
3176.2666943109916
3273.7135865181226
5331.418104542299
5063.461471579445
5377.609589003703
5526.360481655058
6987.336154099085
9216.876167620623
15396.283732155647
9180.835717484413
20209.985464687674
20496.980112178222
17823.8120688957
21152.751789622926
25507.2578539534
16981.004454695114
19283.285502161794
23983.676352404396
15587.50217486887
22896.352293341293
21678.17910372545
24239.796711341754
32168.035896860034
52239.76082855234
86748.06826772579
168710.70844712696
-143159.57
-29349.95
-97701.69
-178267.21999999997
-48926.52
-5364.8
-7660.82
-91741.30000000002
-17362.86
-3024.18
-2819.89
-513.2
-1453.6999999999998
-3329.46
-10685.720000000001
-18847.42
-16272.58
-59486.98999999999
-14010.299999999996
-17594.45
-44197.51
-141801.17
-97702.20000000001
-82525.19
-12267.460000000001
-450.7
0
-1382.91
0
-2932.5
-4335.22
-13195.43
-953.76
-1914.0
-1368.95
-6607.87
-36947.27
-21822.92
-9753.0
-24193.11
0
0
0
0
0
0
10658.349999999997
2318.751020335162
2137.657372038001
949.744995339375
696.211944569611
489.56625702921906
480.8015771563309
2831.447501729977
9951.873129350975
5500.108531381835
2903.6387755430787
1954.339266142354
1636.065443916968
1173.39889008085
787.5474133057126
171.4341018229486
28.080459665795924
517.4623013747666
514.6272217841661
116.93440745843408
10.176147177308268
227.53294095540278
53.809306535465
47.7670665290229
16.948361357217493
54.966115554947905
96.9046517185377
495.73491000984336
690.0388380093858
602.7311955525814
237.84682578012797
87.92565718630078
-53.79850267386789
-431.05734439381706
-1.6100928158822407
344.70298002210507
-11.785186933424836
204.35509467022086
-207.17457129073193
-287.2321564950165
-660.8130408737912
-1143.481263420419
-506.21668062761535
-170.9644670205095
-1803.6066511485042
37.562440389720535
210.48750746939606
10.318429849932269
2164.5571610563748
260.98720621570516
297.38123682667486
5.058136708175649
257.2206834979928
-81.36504245814625
-976.2619790580113
58.6275385783472
1512.9949482930547
488.27077311059094
418.71512847666156
104.96248289241232
198.117024659084
589.2699975134759
779.8640644599616
48.407731478994535
-5.274041728715386
-47.164038644735726
189.77386302583653
-0.04908241943026452
-44.441633800774056
302.4163832663021
978.6106885377178
-619.9620496574827
-201.96097282781648
2516.4528285066535
3531.9486513843904
6438.020675233454
8293.931913445713
28146.439721670824
-21640.97
116458.77481897242
-262145.5
3752.851804282162
1490.385594285622
1088.3264493973752
1085.4194228386189
949.4740825258325
799.4635927815469
249.3989627431043
474.3652081129545
356.2004238014096
39.63935246485425
112.06021943581356
24.511262888467897
24.782081513333964
-0.731404455246947
-6.513927882495198
0.020603105700555707
-15.069093196485738
24.260756922242052
-254.46249610693832
180.64444000073448
19.05665942053536
-191.8166070038006
-1613.9177223205588
-1476.8230829440038
-207.38827282118956
466.30853597913244
454.2414803221362
353.95532154102415
517.2244386793498
906.6976183526936
1878.2566571511793
1086.4877323815176
1101.9976200537794
823.6223214639231
761.6119325628669
285.65765741450076
39.907539626399895
100.16598297637381
28.88442424056019
14.981000524805092
38.301513275628295
-0.15861940394024618
-0.2091846157872766
2.7803402538196895
2.0681632782316055
-2.2543681670925237
-9.794017441179758
10.99913634238787
-14.601241479836593
-90.21138832775745
-31.234086842726
-55.07870069130239
-149.46679055152163
-357.05969450002897
-174.10675602545192
-508.02734540439894
-106.21272839765956
-485.9789969594809
-636.1172636629004
-681.8308272363928
-764.4659821679538
-870.3266831115062
-954.3663500851974
-354.6210255674384
-406.6422369999993
-454.8074334417384
717.0807744237519
70.9337554218354
-7.6766311868579375
-57.90458863135353
110.74837641248286
2415.797119915853
1871.1699753936778
1198.8053220940171
648.7016549161476
903.1012491515601
1047.9162096186667
1036.4461464635347
960.2760114737102
316.89452106458134
267.1623924483257
32.359161340846626
-1.7327540460116853
-8.229164324585684
-131.89862751552036
-281.47844849138585
-217.6343405523534
-621.7600709291847
-1200.2106742853887
-689.2225280899111
-1857.3187401427188
-1420.645251973541
-1795.975767490852
-2336.053015566706
-4134.500601682592
-4109.180090007407
-366.85815623506255
-0.04504957996459811
26.014643531989737
-49.11930436470384
-249.6237179613847
-1345.041311534116
-1460.7488679391547
-234.71905293168663
-15.981948272451248
1510.8895824371111
2254.784601928773
1350.0120877789006
388.1045921686588
1320.8959196151295
1354.4746821247222
236.12626461967875
21.653521888401034
-114.90459138463925
-483.08904716656673
-1528.782579945705
-292.87660134069074
374.07776164200607
-2.560472177564673
-507.4551392134506
454.1134026255078
2023.6409481715284
1463.5019888937784
834.8924289611833
558.6457664799665
471.39409224204394
168.00181858643646
70.77795337739991
-51.15230316719356
-7.997545115555891
13.561309264712783
-7.742259974441519
0.15767189876716378
-281.3993341515085
-605.0807821103832
-1588.9179318871593
-2499.162738099192
-3542.993396499818
-91.12732663438264
-2.595951155091784
11.168301071604846
-12.047787857065485
-19.329954963552105
0.0013055694213809164
74.50248085796186
1762.85555002921
599.1504298409409
166.38205723479143
91.31175455496083
1.8079637057646765
-146.08941816847005
-204.78818342718768
-681.8021161559399
-1289.8028757841007
-10.12449351871034
-37.05001935582528
-10.201786625150415
-0.09489133108561643
-10.26136874503141
-104.05732018467624
-135.02897724499053
-127.98260164438608
-484.9484174688457
-239.84131849511283
-806.5927610054865
-415.32205936902903
-172.96775984502185
187.00968226279218
31.498190609918275
-1.3437972640113567
-77.72353275140293
61.776083347720316
171.1924498966044
198.45363094782473
255.36746686577223
5630.875150120863
4157.299008758909
2235.570114548683
1421.3443026296143
1311.2479501173482
1607.798856074546
1429.7461821027873
945.7558069959853
417.29637454771023
47.728771210286716
2.575399819545467
-259.34954687458264
-594.6499177199889
-398.01187561335394
-265.77157149798904
-312.2138944567796
-146.2471635524308
-318.3278256973227
-242.5191162071817
-564.0261637564229
-1084.730936093431
-1304.3932385624598
-1360.3142182669174
-1069.6538868189748
-57.882793415877266
-13.82673133029476
42.42150059173743
-535.9248809282738
-795.9772723235367
-1583.3041928861685
-3148.1279200636454
-241.96822963864003
2361.3189774736784
4472.704088093571
3585.506300050472
2739.181391774137
2446.3071987797284
2818.0795031279217
1790.528051295802
1135.1311024314032
680.3594886488115
226.22567656046124
499.63575465721846
260.61953679965484
251.37525788541677
156.06919152969414
114.68936711575105
43.198672804726876
16.7234570528477
6.163393327417846
0.019557724882901393
15.45515190011182
-94.38381228922981
-70.30820587936509
-376.07787559310964
-134.28251414442758
-334.53192690070296
-679.6600747656405
-764.638327441538
-1063.539733393945
-1538.9144454972302
-1858.7387587044047
-1665.6285290408525
-1554.4927450205305
-1087.3698620620803
1572.2036814169317
818.0454024996618
172.64439449452468
-5.104248162208089
2.1840235102572683
155.28063130791784
93.98197982229792
28.41084616565995
-52.89790099923777
-588.5971310094145
859.9317716768136
1293.9154535975463
558.2334999032041
287.97068424071233
50.866099310178846
0.008247701534519288
-286.06598330326153
-203.88523099334526
-644.722965969801
-1284.7102824870806
-3204.0513782964695
-7323.696601141768
22.498167141456356
-6.569415080818435
-0.2800907684977009
252.2706235436725
697.2068975141043
885.1117755383268
465.5857609281866
178.64697817139836
47.41959964453262
-3.4018298275320147
-106.05030637392551
-231.6311827383787
-12.506456895804035
11.094627785007377
48.470892545749315
37.45101099936606
60.05055617447944
25.283236933980717
-35.48310411111801
-2.8031352696685548
-41.09464558662062
-79.4354308045685
-13.858923514171947
78.30984227158288
-84.69902892893737
-44.8679756441504
-19.809418648300422
182.48780275481104
951.2186682341619
831.7589977506736
406.3849568688297
-70.73787933610232
-360.44080676279464
-133.72471777486857
0.049173805991881814
-0.6413063170025535
-39.817661575137116
-0.09466171152818234
-149.67921677654124
-473.37095962377674
-2164.677680243807
-326.9479003241782
7.450788697848355
-274.34214019452924
-481.108816198135
-379.16237198104625
-1228.5372012456023
-541.6001545249327
-1332.1118970790671
-1147.8587032217238
-144.30803703356065
135.7675594385564
3.0224832978877805
-3020.359355756749
43611.97943169898
-103333.25
0
0
0
0
0
0
0
0
0
0
0
0
-3445.4100000000003
-10219.600000000002
0
-465.92
0
