11900.289999999999
5190.624449663279
5155.764589829262
7490.741789285173
3758.717421768029
3228.4056283372656
3299.9041236531525
2432.4069551863545
2523.1182087531533
1592.8374179176694
723.2972934651676
887.1095073215187
581.5615050305655
289.72221747977
8.800380773335712
-9.392058586902143
-84.74722792295341
-52.22615894599349
368.39434120669785
270.49275384307595
810.5310904386558
527.5254822935569
799.7990985912095
642.7439564182309
455.3798223676144
308.90626569566047
140.51444926992318
28.367026979313188
0.6614984933240391
-1.0779707321960346
-22.469717096599506
-41.908683710545155
-231.35417205125813
-200.49917730648198
-218.2266365025833
-367.76530188031467
-249.0501121677865
-692.7045667365029
-1106.3322715157715
-1240.3506208711242
-442.4063762827868
149.59753199425973
599.9301731291274
2696.543999816694
2552.07806428008
1536.613562218829
900.8207689138471
445.1917530719298
230.41827675986954
40.99892448744335
70.96421057706874
13.825653205074751
0.303650721541455
-19.084231095890228
-102.81119443596081
-235.01633443217426
-526.7663511809487
-510.19018531217125
-567.2402646768008
-1228.0238239610082
-2877.0558622472117
-1739.9683878212422
-2360.1946072436795
-410.4513573473814
197.2410002633947
19.22318336106922
-28.250153297296045
-212.89517796222572
-222.30865342476648
-313.8155314846158
-108.32004481652932
81.7408819050047
47.47594495219038
114.01919719245038
12.918101679850764
262.4418889498164
67.95726597909493
1986.5089086621474
929.9875290653656
111.74098881320964
2.701323867839776
-163.30421600616066
-666.6709475776257
-1253.1865355137188
-120.02498436902927
-7.577387546839736
-12.739204781240575
-103.71306368004562
473.37486074193725
171.64603732083185
75.29082400726983
-4.003951847409839
-93.12638219332125
-363.401163144253
-918.7217913402915
-722.0601133839527
-164.71180898978008
-212.29977600032703
-109.0997114170938
-405.5013031210551
-487.4038204418162
645.2168814507546
430.15444475792424
185.3846086568394
5.743424231333282
-75.58785314108617
-6.203321594870944
-25.9289548167224
72.10751456413443
-406.0131779734253
-1535.9739262577086
158.998235648392
431.5765896832213
305.33965695550825
293.6735847331861
116.0686753911617
-11.3918284318334
15.868791091463052
13.174912622031329
-2.7480908357813263
716.782968291028
1223.4830134434635
989.6731123348558
967.5758419226422
300.4697518768637
251.91883565184577
117.12310453821542
133.17910737713274
1146.5294052009801
474.95920409744406
263.56425552469864
160.74989138565792
78.48484918986877
60.04103800588287
262.69965433999516
40.42607079151059
2.396696688285476
-41.69672517851534
-122.83304259643117
-182.8043783052021
-394.4116034233281
-475.522840310318
-662.6213449555626
-937.259034611335
-1918.4328320850484
-1566.146965610782
-466.1505026132993
-58.06074660789636
375.6481346825466
1597.041979302498
213.05838756740465
305.4250627704803
-1.7551513576930837
-11.37129942006882
-424.1575808707965
-1111.33969118442
-1913.994653317217
0.06349794139587664
-1.6342928157314944
306.1074608129908
417.7785697279588
56.67072824026533
-40.219573068654356
-379.55907126566706
-1397.7117946103883
-2123.719741143046
-1097.7246790739935
554.9762654204256
423.6782042205552
192.10213312716894
787.6799817221316
896.5183151333836
155.66696289370455
9.0130258484155
-158.79902130671204
-766.6616470776153
-1436.978702584343
-1985.1157504250718
-147.41847840363505
6.671180285853975
-733.4746547253918
-1.2057919909601527
82.72543621755457
49.848939430204936
-36.65182185680523
-105.27569764395072
308.52406830698715
277.92218685451286
-83.42722334147552
-563.2997062953149
-255.21300238684094
47.02252097500893
-157.3941297339454
-1301.1830142298154
-3764.753927915918
-879.2826396180121
-0.05673765643960821
29.639735996828417
311.2195737309794
879.4184407541605
1040.350838881349
2864.253395172513
2903.427954567405
2472.8573043549345
2001.9038763949138
1141.5456590214526
1013.8963663480778
653.1420047892002
712.2089263799844
473.41401949900575
338.23832290961377
418.33084532178873
144.09125804576033
193.31842759812628
33.86895889981414
13.443553499081995
1.1341024229075163
31.08230522935688
-3.8867276056342805
-41.03735317609052
-29.43673408077801
173.5456183183037
-1.4261989552160383
-3.3905085054955095
-76.96237422758998
-209.15961919200208
-459.62959276364313
-685.8479100922448
-112.55463886721617
5.443464467930915
15.192820681696997
629.4926088470555
613.2803839235296
117.2167746777476
0.21852429487163222
-70.05090862863497
-451.50745526716855
-64.45858195206966
-489.53833437922356
-852.8578953610918
-1437.6097211123367
-968.6268507852164
-215.08568625335715
16.808105336997002
836.4464405161646
2088.5196586168113
2227.8840666233837
1835.8678795392987
1558.6434040634354
414.283800063673
315.6886941888895
55.180166273021726
144.4935893036397
15.07160653391016
57.63149042925994
4.00601055146867
61.53515584957606
7.723387691376017
1.0850565670505128
-11.77628770421887
0.25322108125573384
-0.42348599078717425
-160.6420571245141
1.5786348864414625
-0.030442151274212056
73.55065826936217
81.45243612700135
76.03038471896758
37.12889663936143
82.48825488704696
32.160864328552634
83.38200529072381
10.819968405487977
-24.19021073092983
-53.63630805123192
8.3852964188936
-41.01473492158223
-249.93462572902314
-469.3841221879653
-937.3184708142351
-1353.7293776193105
-193.4903824393537
-610.9512048987715
-372.44777449322856
-0.24303326300369998
0.6939801870668976
67.57106162830502
76.80996711925822
47.67861369823375
102.80519123011433
0.31641990626102223
54.80336625647513
6.813253370373949
161.63866810530294
69.9619659478223
74.61958332201681
12.403509622108912
2.8812286301785157
-3.985095619633486
-3.297231331902344
-2.2240798870973655
-6.3556491810849405
6.265187428331881
141.21314876613093
66.93514760552198
67.74836255535462
4.4887627986791525
169.69827318765712
0.06229697076653572
-92.3205459219693
-504.3827118721025
-583.3864691513609
-745.7512351227642
-1234.8630670261578
-1347.388300691793
-1224.847062794338
-72.6918067394858
9.18126738169548
43.810424465396295
173.4916387288312
38.624092423925035
1.7618735000252685
61.62465593491957
-6.068554679575443
7.113972689314381
310.0767789652371
656.5946859002786
178.84350336437512
861.4826596405763
1063.8829267577376
949.4123746720295
424.569094340017
261.2449746951295
228.32783159070627
139.05366787484206
89.35095441205483
24.113782911035877
0.6420957641736682
-27.35885773696966
-16.22995862575234
-19.531023955395362
-182.98459398956675
-1.1176276980221362
-117.03686848269102
-10.251329297614731
-42.60973777086272
-77.02924492986054
-34.82361975548864
52.53370020409696
1.7781546528456336
-14.480760370032918
26.83637659088781
0.0054310933940803375
0.6765914615681352
1.1587381824229606
-15.92653149261641
-72.75804132467835
0.07806295290234685
-11.003338135794207
-53.36345816433955
-0.7658863157329419
7.193154606680958
-69.56656388463512
-416.56053973160874
-617.4381730796256
-1491.0897723702421
-2883.160073679808
-3218.466390776348
-734.9680957934024
-334.7563382474658
34.91457697647082
89.94758259408246
193.90143241614516
290.06940358572126
354.1969545543508
815.5396148030417
1160.5803993081909
1071.7311059190565
971.1115804196583
648.4479494557461
263.164307002314
155.47627662519236
59.717501185127574
26.023929573353435
3.8578865433122864
75.13487384395947
61.41890500181008
16.61330672509986
-0.023622456306113815
143.50468051404135
65.91197762527736
168.6863856491106
9.48522218649298
43.808786886388816
0.6264787077483809
-18.74007601402485
-0.24873465278862186
-53.679670585291255
-96.99828487471602
-74.55096540401694
-192.3012405934107
-197.7815136491548
-164.72319105236664
-367.7539170368254
-382.23232147413853
-863.1996148676876
-618.9455606712529
-789.9514623079615
-3.363817897625566
0.826519049697974
56.099843210253944
92.2439661753601
3.0197119739051095
21.256396777811023
-32.4507718550106
-0.01497792453908349
-31.45205430515106
-22.566955302680334
-81.66051393814469
-18.674820327273434
-39.344131624905685
-245.4825313094896
-146.49923279567955
-205.4586590390431
-434.7159358724201
-797.3707566076541
-1969.0669270705828
-3028.2020952426374
-998.7527383605905
-258.1135990616934
746.813833404383
1737.3413225314953
1081.842891505626
1139.6582826078093
441.10643957211084
256.9931102238338
68.05776804804896
16.379379593098115
-2.640019863418794
2.306848996085499
-5.457154590888203
-0.04128301261617188
-20.215108421580886
-41.264444825190324
-10.374377982465834
-51.99989333825717
-737.2410115206523
-79.56462122441269
666.9129625006375
74.41652062655545
-0.0701590423029676
-203.81560642848
-750.5175584117749
-948.8858504484638
-328.68867136771746
66.81107509079705
-53.310562466502795
-601.9753343684185
-586.0095456143297
403.31074025080636
235.39785470125545
154.05964605164203
62.71693348342525
-109.69565446424474
-114.91710317759652
-434.19048240826856
-98.09333534129262
14.75965404921406
277.29712977524065
140.19159438630726
137.60969029626375
154.11328920364085
94.53202868282295
82.340916068423
-0.07468527614961555
-10.50798277979946
-50.94087935658996
-10.885067276311606
-190.79893387848776
-276.88513430259434
-543.8791983715652
-952.4488534142332
-1233.216679655221
-654.0373346311114
-6.139428042889611
1382.9824869915592
258.19390167369784
80.21581006345113
104.79234209078149
-80.67130921045296
-671.4766945104046
-105.14940143876737
476.35039736236314
64.24699015656606
83.35548647718872
-69.19147735081003
-0.8356208082060652
471.28940472955105
73.41356983283598
-101.20751430899004
-99.27413540618296
-687.740574297441
-768.1033472480667
231.77441899409422
1031.7163951458592
1798.4203812807145
1233.0814193865108
582.5049579971037
504.16552693921125
628.1452074812864
295.7542725961275
217.87662424567895
330.67732107251294
110.06981940747318
38.85589048580858
33.444285141028985
59.19925311538802
43.39578225354781
24.52362765599973
2.8381865675796467
0.7754212068994897
0.9717058865488319
7.714679725045274
59.653070782019824
123.21060134688693
132.87723979828212
105.7669169088271
-14.753774307361361
-15.571266274450323
-163.89282653927137
-323.4412397613995
-392.9190395809006
-510.9624927390152
-385.8506651741525
-330.0980523254112
-196.13565680935434
-201.22031331592697
-333.6876945009265
-268.44674801195316
33.28821427384106
164.4661073113151
31.49424519427899
-11.508527351699414
-37.748395491805496
-14.722588956012292
41.715382409140716
20.85540717644907
228.25706740917562
67.15094351060891
84.27145259276
-0.2705056839539075
-0.1072766553346611
-42.63246052144128
-1166.6139865271039
-47.27441072514182
-6.169587158399896
-17.58841160066714
60.61570977800117
7.608911733711026
-0.0826296649754358
-217.1351556295074
-459.887805036398
-373.21119800809726
-293.68628312500425
-291.13493632126597
254.9414983072361
-23.166859792001272
-795.4806171401788
-2.225326699781838
-187.51844985494634
-1670.3241615203751
318.19121342980065
907.4101340491759
775.5598217581111
353.8298324233054
480.912741548974
304.5724882349158
229.6783759785672
263.6451391995873
378.6486884882877
164.02721782235093
66.69512150801334
18.207523141933315
92.24626812672679
219.6986077415652
22.00835264970752
-60.04723388557241
-497.96064272215955
-265.5258076336285
-269.5799967650628
-751.3639373150581
-722.9327827603244
-1279.084100183689
-1401.4935360261757
29.60182882623634
835.8078297097438
1209.0236187095095
1093.6282568839833
879.9663562729567
686.8388621812694
299.5542453346172
232.95635833946906
99.35121978250669
15.773339441190597
1.9664512301594073
-2.306622038212616
-2.5788598940539105
-38.92430731897528
-117.50038917957762
-254.30162978258642
-379.416316226606
-206.2321805496845
-403.4795860616569
-830.6744718988795
-1209.4274468349365
-1435.8462909121154
-1436.4080501311828
-2325.64456813783
-1626.901664170934
-4.9099129715243155
150.9339957741817
-7.459512901058002
-159.6772541964277
-143.1872652657431
-168.03921554834767
-204.1912244711795
-1119.8441789719182
-1990.7862283727263
24.88762924810888
3480.5051977195894
4876.604224380201
2040.0811689276647
1307.0188564295108
1595.904762589393
1088.9867087927685
282.44050202366884
112.52167812451671
251.10940434825625
820.0246298694831
622.5129340487945
738.1622899615359
364.6444018850199
41.499420684714096
-6.2900006106650554
13.769709912795797
64.35823182228047
52.02110351013802
56.844914536465566
1.594212993036413
2.9868232439958193
0.48629091317708223
-47.49432198741777
-97.4138677115756
-182.59768903013412
-320.69825877273877
-799.8278848246574
-1360.2913575035384
-1071.540504203508
-413.5158630806742
-1201.1733616303243
-2573.661397473037
-4114.830172217395
159.73540566568403
236.4702724883008
85.18696416523994
71.6322039930252
-13.26594226244767
-329.72238312558943
-387.1094896457763
-54.9337633785331
-41.24841459535811
77.14461430609201
-363.60164201950374
11.955560947319997
571.4514548755157
927.6253397219916
4.739855219220368
-15.920678491379004
-197.32556658449835
-111.50589463161975
-427.0289338592638
1514.1894586894587
702.1083737031362
49.72882989071957
-87.36000590677668
-532.0017902442269
473.88143884003307
640.6474524482707
705.484926396339
208.07983041393675
54.42912959636408
3.244762835929193
-106.20422348161081
-371.68243464038403
-629.364053080109
-1053.9446786970977
-3034.22540643579
-1237.3445811732622
494.33529507804377
76.64936495471856
97.5295349620554
4.177576340812183
-171.16021979580108
-383.15108193458235
586.3125187491262
1178.7647947556522
-0.06567785015919902
-296.62508385450093
-864.5433075667748
258.15154263503086
19.76456006965791
-140.1440524459569
-6.478127857334913
1264.500954967095
0
0
771.7396811477488
26.91749331104337
101.15610938875811
-0.04932463663911531
-99.35475798921624
-47.96710534828097
-45.97195564388619
-456.8179212696823
-162.3282739817493
-788.3850073268038
2394.8286706349754
1640.1866449291333
765.3051288093283
565.1388204358523
76.51264127754888
-1.5337239248565775
-118.91729636717014
-193.87680940619876
-1496.2708997552163
-2534.537002351094
191.56776685941193
108.39420666359655
2.601709481771387
-220.6551335044658
-995.889355435404
-1198.6444163011854
892.9902555578087
2566.3747475871496
2017.6365389936286
1287.0137877586953
743.0463956389697
470.793919627544
473.903851168613
241.49900931043672
196.3830527851728
70.87751631876186
23.650763529043907
-5.549637199854268
-6.483106211331433
-120.9554908122777
-209.1746519553029
-395.70074758279867
-1000.7357191268972
-1679.3576723379804
-832.9746314004497
153.94490229641792
4056.7519275355808
2400.490355599621
863.4383209901657
1050.2766074428284
688.2823254645156
153.67993903822517
51.800135893817284
22.04514300391578
-30.801465878388154
-281.7835944795435
-1076.7301346574573
-882.514417731827
-763.0212983375106
-31.930565247837862
-4.580889889578529
-240.53432788898323
-79.95124993855823
392.10700621837606
421.74174400065436
420.31093063971326
260.1503730571657
247.94254144160868
51.4207808808099
51.341463487784594
10.971854348069488
-1.3078477215950617
-44.50564458952447
-85.97302841896897
-167.52170742412198
-612.8797447910488
-841.4638719562874
-870.7107952432824
-813.4000010214586
-657.1266323899094
-1140.4070920245695
-452.41877645378685
2012.5085044016673
2759.4360079253547
1599.6915443456692
761.1506902793237
1428.2353517718816
731.4984229180073
569.9090735977143
258.82904890313904
43.976373754703864
-25.850952015631258
-166.60311736859953
-567.3481825161946
-277.954725039615
-407.1656355444487
-565.9661481565946
-1028.3457670572195
-27.890985127036593
137.29905941818754
3.584724540287971
28.655591456446935
60.88665196042288
393.6730083904543
35.0987591956934
15.328738872503427
19.679940116154775
-35.41499103929911
-113.32971549481204
-137.45154228814954
-323.5160581019917
-8.535595955451369
324.7801843498088
31.21135081098368
0.10689567792311906
-27.202056795304088
-99.993652059937
-976.1204306506893
-1604.2119085498362
-70.071200550651
887.7264815447215
374.9199121425638
238.5442954723581
346.6789611651785
190.43219188191966
96.48520846988403
389.9355704743457
473.97202141375135
567.0732612414563
306.99289240632766
321.48617240368293
166.0977253722013
276.31434859640075
272.1064659883765
200.84571627689692
7.6993055852653
0.04094413762351112
-6.722841422780392
-142.925789717825
-22.184756540776
10.825647427458847
10.490200357508746
-29.488942576706865
-0.49482581898520095
-8.538811295473028
-3.577981366269831
-8.635416199514578
2.85286424446107
-47.048014456718434
-4.407089030434885
-4.8818709585261795
-75.32751840380917
-107.73425373634507
-15.912143215328523
11.104739094280019
82.74520917416852
69.55570917828692
4.553126435750944
16.43026351984247
76.88977494738211
19.065931415596204
36.12727143089397
5.100369638663398
87.96643212563492
165.63860573437438
312.92251969645963
197.36724178891743
103.95031228970893
47.53303670272502
0.7364603060709729
25.83584947241489
-12.470080595879095
-19.944113149142684
-43.76160762400933
-31.288927859966627
-29.776614054809837
-32.36673200104902
-26.896512815281536
-128.4656742724828
-104.36657479452482
-63.56176935043466
-161.31599156417738
-263.4275476117818
-193.22723915572107
-13.89329066649531
12.99652294751794
0.0009061821736210114
-26.380540029163132
-0.4961289446923509
-149.2112278059738
-276.9521994456051
-153.26579716681482
-724.6965100134677
-831.9468651717908
-976.4937973762313
-531.0732170766316
-385.46171920695235
-637.7820030840585
-994.5362339348585
-33.87087085369493
83.33976645950446
549.9981496522818
449.17566135557945
435.5551169866538
96.29100564310951
138.2094638612832
6.275058485369505
-189.40299454365982
-452.7453259581738
-83.73801113834912
-94.1503633020888
-3.903002522813084
-49.906885707618464
-115.61432217997135
0.12752306566224458
97.05933568684783
70.9155214878753
86.46365196450407
54.78364534303271
14.265010868343001
0.02181088179736882
2.5796467509115892
0.4395314752399767
23.796540674823802
5.819756582840624
-0.4456574180399282
-5.13219842511037
-44.385229603888405
-5.385536443755143
189.7097468474921
589.6925531039269
412.3020119945069
483.17061841676684
382.43916085961973
492.6258516646835
201.95615915193102
916.7728344707352
846.40437573717
593.45465137375
220.64998562789464
105.06589783443248
29.307612189795677
2.7121602945950394
-112.66220652673027
-59.073635945924934
-225.39756097548715
-175.6844552605453
-264.3489706564343
-275.90520822465663
-266.59658467023297
-234.6831348703335
-338.1380476136674
-495.4021798736573
-482.1167020167885
-604.8928302271745
-453.37647098085915
-205.46381507817622
-48.1033148472609
6.269691764751679
-114.57917231926467
-751.6516681981093
0.06427219248593571
-99.99484853241401
-135.9188438107993
-495.0773353261011
-1629.915294389402
-1199.4641799627661
-117.01491153520531
-14.354329205743497
-70.95983816187703
-96.15775648668054
-215.28897990740413
-40.956684737488686
1558.2757729478392
1949.0185353524887
1537.4696777480594
1216.3524038284436
856.5648919607063
676.8903087558557
596.5025948637017
1083.0029220319657
889.5625839884306
576.3074252120032
52.55299950432049
60.3697109662791
116.39118959311551
73.83281438591128
7.892078634794687
-231.97443989737613
-1709.3024008496718
-566.2609529146407
-21.1397595808884
-138.48676200799488
-171.21930791107843
-397.998545460851
-732.7243971560079
-1617.1976370514783
-612.0071763532501
-575.9952878157453
-94.63966003623798
-11.284000152995521
-40.462584659800214
-1.1165722309312411
-0.0784051248116735
661.5282515182671
303.9513011469842
56.91990346490219
8.743975986564317e-05
-77.28755175802927
-184.9933817222044
-306.12340933650194
-305.4710391396933
-57.69105221347593
-50.982040897308195
2.4561320333310523
-13.765817905074055
-139.434825695692
-143.73264268050042
142.40711522468803
60.44344159576467
-0.5443585679996026
-55.987269902849036
-215.09680088990356
19.677920757915643
1145.330235659385
3257.252217728718
289.91469498668636
-16.421595105112925
-563.9400200232069
627.2493990083522
337.1674540250147
-0.05180432577711392
-52.26607122178133
-325.00415370015537
117.51443164328884
511.06588447145685
249.61211170112745
372.7063170160311
131.4976148005062
0.8770615938740625
-180.9922874417141
-145.74192517788484
-709.3079613550201
-695.067262357415
214.13940489360908
515.8366222879295
469.42588173425827
201.3221292211034
265.15947255542045
1413.5838687069763
1189.0959054848834
511.7704980807757
334.33886875828796
61.76632593931268
0.02957637288666074
-10.044007132272027
-6.639542864476512
7.238124769189364
-35.18274499388647
-50.026301492685704
-104.29631840116915
-0.9086549828997046
-105.24973774922009
-138.44670417017142
-421.1322870856868
-608.0141397951619
-1063.0410588051823
-822.4553559381797
-1075.8644213148457
-1711.4535692940676
-3589.3466591536207
-4058.0271489427896
-4227.849557594569
-3167.793048475371
-48.81897979309862
761.0086101116867
711.4295263234186
445.5657433371604
16.22781745703624
-41.16183482263176
-20.20308529927673
-15.605505358340098
-268.56210775193745
-394.494881219115
38.30050510640021
458.83621776361554
1698.412502171854
919.7915823560564
134.27547308136855
-86.16641317950402
-43.536343491057416
-7.817310391237323
881.3431139797989
163.28721228473174
78.68916612383752
165.49900117115493
-6.744789230919038
-77.2989214098867
-542.7003521855435
-1435.1422405537637
-2172.294062691464
110.77693240945155
2579.2762039383274
945.3014574367587
86.8576074588789
-0.21511629317123998
-186.05133368136603
-618.5050813456553
-1404.1780453976912
-652.5248292891107
92.24702619263996
1917.1557279925414
439.2902583184681
99.5570397432722
-26.03390655942114
-611.8737188942762
-150.51330299379205
-173.4009670233255
-451.0222906192083
-1726.7674501475537
6.392845383978282
1619.6736431636868
1382.4803814763723
1050.7407767842528
1091.6476854097882
1213.8134698448337
795.0393494786597
428.35507637671805
396.36366420896474
396.10354810927356
251.44085797626576
146.33857010755608
83.10885214433415
5.352939621725387
-1.3169520548348055
-41.72631006806767
-21.4947710597366
-106.68089988016638
-141.82016263429279
-202.54746543646047
-166.98262303726136
-442.2338483877053
-296.7203447301979
-382.9313770248493
-124.98049576743925
182.38059874715205
963.2844090274775
661.504840814993
222.92822642121106
191.80784981977084
299.84500282680403
389.3034100418751
466.8859050771495
164.19652557545723
34.489472636997675
80.60761251737644
5.900628742015767
11.262466437065637
20.46897555241791
14.50269348236314
42.15422950098959
254.92839375779084
2537.458643890613
2798.3849758697374
1081.9103599671384
401.04677167799855
73.86206195746863
102.51046445905573
98.29502466036305
99.35109277734993
20.033058803403712
148.88458510173132
10.065315377770407
7.9423534585586015
1.2950380232677128
-0.6043429499574721
-19.92655539966435
-23.614034642383103
-43.290153727407386
-42.28979897918356
-6.947302794649497
-57.524124820644374
-207.62084874454143
-215.97433174940247
-306.46826103931517
-543.0591145467321
-557.1374308602132
-652.7140596455239
-636.4864034580055
-745.9007451499754
-658.5681677918983
-709.8632753211471
-1493.9269135658446
-1776.0101987437333
-2663.722707256075
-4014.8631321379276
-3020.997458427694
-2418.332636207644
-937.7528107952635
0.11237237053161026
450.07419146329624
913.7171951779571
193.2461429921672
25.51554889225465
0.01896431168373692
143.94711762132573
1089.1414736391855
477.0133106948309
24.8504586240283
-33.1818035519028
-133.03661790616778
-1.9964378066688637
-39.12969524662415
-207.3727099020711
-593.2623343890352
-777.5935258231336
323.94215011420937
1046.6142325538456
1569.745215169635
810.3966137499524
1054.7876448970233
1145.8848653189498
1129.8713283781997
526.5939076568432
532.4141743926464
142.37933891353788
303.97010613718203
185.12956513843608
3.8979394094143607
-7.118897285736365
-20.068064967661837
-12.384257179328493
-127.76493215929952
-221.27354494477692
-482.69957369006517
-555.7074532111947
-636.7508579297968
-423.086062061769
-242.74466234132854
-344.46947206039414
-200.40704851209725
28.354933967889657
7.223413835753962
115.19737978542521
210.15781848523426
54.35887610322593
-0.46432984637967845
-72.74065568815209
-146.6860250483699
-83.27017020736531
-279.75282955093536
-809.6268567985584
-535.2197430468918
-75.98798568077297
2.3635865413385497
117.70543801894486
1893.2037163274201
1027.9392934841862
379.935133712631
94.27949879590679
12.5884853803467
1326.2865373464022
526.8282027407656
-48.17428816332023
-1103.7200190140986
-15.739815545881497
456.490379711959
532.1489706451727
387.51994950466474
165.0948644293913
24.016341892565443
0.03531869927283294
9.345485319735836
60.52530606926831
13.164455587069677
15.815881059725047
10.685763965974555
-0.002788048161345223
-0.9708810858659956
-86.14412396200002
-68.93911219364061
-297.0748003803377
-486.20859220311934
-558.151360170555
-869.1396994361205
-693.2585944303113
-1149.2353683058495
-2092.9585980863576
-180.66368343391593
-366.9285415307602
-297.23291562374465
83.87745031579078
624.7487730450896
553.9034995798698
568.4671048295511
256.82682994434214
291.96697295159225
168.66202277440087
94.10431484569614
248.52186122628368
411.8685251776119
888.2749507434335
1059.1606747040992
857.3873694087135
361.1336710801397
293.3349535852172
445.00810313241436
171.1144152230847
308.8671532050385
181.9456302393063
196.8098954289381
136.46732074142528
47.27116366026105
56.92395202731584
58.494169313852325
9.272989109221754
54.97001102921143
74.18856309702149
32.175452025638656
44.0264044664562
9.676895325583027
9.58689522376517
34.30037996541462
0.20010644651497866
-19.94357767433594
-2.6854374844586903
4.035344659950193
-17.75813208435991
-1.126045771240257
-43.82928365828354
-191.20839079636016
-138.3557561628596
-138.67532812451438
-155.15455376883645
-124.31075473991855
-371.4602032701475
-459.5110147113573
-507.59074903220346
-650.7341535099972
-757.3312918252873
-1558.7515811484755
-1483.4892797583434
-732.8237927788471
-220.61388223661658
-324.84046147240593
-358.1740354466411
-830.4936971009909
-807.4829178399409
-57.426282884806795
-91.24141528237587
-182.43372509183723
-2.3302764985775024
222.45571523593895
111.61613121882542
-18.683809753185553
16.924922016387256
-18.218359378148758
-172.94094619314268
-291.2963981337464
-409.44256053534775
-455.5692896272192
214.2380755707821
21.152445403073457
-94.7563257080444
132.8867080009557
235.43249158616737
199.97927852884652
391.3138732645972
41.99903382621014
-6.297514200012772
-52.913913906455974
-124.8027935895504
-218.09555890745295
36.07865536649133
472.03514481331393
210.86612412488446
60.05331983971098
-0.013358841781354538
-121.74268899955892
-170.82378291596189
-265.4769893079123
-377.279167368719
-1549.0797712864996
-2192.702952057717
178.78254676404043
3.1402784586236105
-882.9084392015216
87.42457637825993
102.04402018810819
536.083718109945
36.00759008685861
-42.554656072433644
-237.90182953717178
-719.1518284156834
-162.53554693956028
10.998946082886334
-215.19453143864254
0.3055434193198273
44.781682581737535
1579.189411121799
1169.2321978877683
835.4372426302807
798.8699393693486
773.2376160855695
256.21488095907495
31.142577059322342
0.10870911825016157
-33.311901994251045
-180.4549998279641
-576.9217068203819
-1048.883595870489
-1414.5325596453054
-1587.4626112036262
-1108.7573723168025
2.017092901255413
301.19920154255925
-78.14614545720511
37.99307871779725
1193.8598102488231
367.2967584612935
135.078166383336
274.81570140933843
-6.862246099200204
-515.2715132696874
-224.40392681015862
-62.7988084032507
-9.174788557584002
100.65471412490483
0.4488687171264781
-13.739785816920392
-159.15735860611207
-286.86778168083094
-258.2204430851117
-302.96177527101355
-159.77563435877028
-365.8368928126516
-802.7657067074995
658.4241067713323
21.45654378287637
-253.91390117216164
-73.47452263403409
105.58423200536319
161.13110940464423
15.098441049474348
18.909391805154524
-79.56210335122373
-107.96328563085898
606.5217186461807
107.54877246635935
-258.1656776718651
31.563862809730228
398.2666019771662
40.53592983036957
147.69112801711594
667.7083655223125
-0.3612548982310736
49.39784995800946
288.38874905276975
229.67469434338932
-154.32636759761436
-617.7328759318851
-400.007524903954
758.4818383570866
289.19650108841097
316.51297962460393
78.33941676687402
-6.8162201873823225
-10.680791196875116
-124.78231049932005
-1535.0391968970084
-1064.7183110673504
2062.2012566641297
7595.501278663966
4406.971792209644
185.2937558241045
-1261.9274631280616
-4326.155169559024
-300.97635067292555
755.8699098534898
214.22711279204327
-299.0056498330715
-572.9152957098565
81.38730223660147
430.7879729686283
34.27510003026636
-17.900546766800467
5.169264291944387
-50.44087273913105
13.827555424495394
-495.7388439490734
-142.7441443768078
-45.60146897977828
-13.372341597438702
-325.30462594161935
-64.77674905880794
52.15366864819219
-371.2946865954026
-1576.2324055016438
-174.0609219388969
-211.06073781112133
-22.983943430129635
165.47058100658558
76.1859503371548
-16.49893516826463
0.1860904608884594
-9.81910257573248
165.96797064920574
1770.0982267136694
1526.25823001457
228.18632402272266
26.876473864716544
-13.396961465832154
-74.19061074024296
-78.03806713264463
-30.385676622193234
-659.7827397810197
-1.2612940838571087
172.76812380627803
165.16222312354364
152.54750692435036
-2.7358884346234187
-35.97339556753283
49.71146611019124
-685.1151588893802
-527.5715157370815
164.8281657346375
-3.7114306806274415
-363.3907525674692
1358.6015981690946
2437.5013562936
1060.7706242948125
343.0743633415754
30.12169063108622
-39.127704521158
-241.59869964775373
-663.8500697601553
-2059.443418295711
134.88791399233452
-0.00046565061681341823
-16.144366859766464
-167.64132202927635
-444.9373967172634
-88.40625779708901
37.35602906129979
30.435413254725965
-78.96432078606672
-745.0263344166675
-154.5463311361959
-574.5434436003223
-486.36084944971554
-7.591340894545535
260.4065627537577
1095.328536939629
161.53314353478257
-427.65059924342995
-545.1418493739623
-709.6051293892074
5.733824548936072
40.07077012233173
31.175291029965184
-74.21742325218894
-124.72730457523343
-1.017343620137203
-190.0482771155963
590.4285037631332
156.10878601399665
-0.09043088618012023
-432.1562580256784
2705.582059450816
2094.937977949625
3339.542092923883
2247.866147735982
1125.3983328498362
691.5183881126834
-23.953597803023126
1.7336320913261727
-17.2962402314798
-359.39759773886726
-97.9928203884532
528.5688878517738
109.37934973393021
23.020242894075604
-287.21645077710656
-1428.1053289358342
-1090.7487712690777
-29.921628505433723
-22.840203444462738
-0.9816493625525622
-85.76637424752256
-421.88242159014885
29.0393450921259
-79.39365367308108
-1382.1596254927626
-1238.6069710222027
-238.72046355648047
489.57303111430406
1046.854787627072
50.16579866826074
469.5538404133388
881.6271882726983
947.2245164377458
325.6423977020198
51.49903977538552
-83.00536447759397
191.9787606985843
809.72316020977
144.6972057662514
314.5643686547056
93.39019560892544
88.77302026662174
-22.123037799791767
-232.77325591296028
-470.46416259772917
-709.3535025487305
-1652.912311498036
-3102.3419668171364
0.11380108426024452
3.2586168224298544
515.8282418159433
31.000340318106247
-32.43123332625566
-60.67964361244027
-112.96152400171546
-45.865306304032266
-664.6050478639646
0.03954401607781178
99.68024035754199
-15.571150553233737
405.2227471424733
1104.2807114334678
158.2967833543521
-62.96217921496739
-229.12259533869496
-424.1986272582005
-1259.7643740187868
456.47532973894806
-114.68231820141334
-0.02950528596793675
-12.843338498380058
-88.65808757810112
-40.138329647193046
602.9236361958594
-46.892683393716744
-912.1372550549581
-143.90559987072137
-1859.7524882647233
-576.0426133635985
-3.736361117661265
1668.765170540948
416.95365079985476
63.135146418316396
141.97493986051916
326.0630833660882
1035.3665115805006
646.7016361537704
820.5437174144151
800.7037409531927
940.8038807835053
846.8273848347778
613.5799826654709
399.9082714570723
195.93595398243855
264.3006795996442
131.75992140734752
52.448691580334796
28.415459315171827
6.140215599953338
12.136304295304166
-2.006027580776267
6.809731451535065
127.19488325247869
10.717007834748156
-0.22383004433659554
-9.678283026367843
14.388638504255255
291.22922599635774
143.8594696592431
36.772136704457964
1.6030366255655562
-7.375113979420001
-162.79576268511283
-487.52005670339486
-513.886980621514
-338.5203477551837
-522.9561282151049
-366.80761040000135
-564.904456899059
-1589.210766621323
-840.337679568283
-419.751816958277
-545.1342433759212
-1159.073533878086
-1449.804264366542
-1679.7809605303955
-1238.271628862457
-1446.6630729706528
0.8799572775367729
553.1623535696942
214.64779122733296
1179.00137801765
285.2963663114934
22.967951607042412
40.75852933142518
-140.85225040075215
-20.931933279961093
-0.04519330561688227
-381.11833727993127
-251.69719413285398
-242.0010760448319
-457.54119872255166
-180.51834577552737
-220.49156137068601
-95.53651021975256
-5.026731397342724
47.625159974179205
2879.7792557316725
3651.0796413416906
2649.3856046704445
1825.7942199263375
1189.4473237221025
773.4072127405966
306.8100883218286
458.59761563123664
123.81822367022518
11.758723406658302
41.08700124390285
-16.2919499721414
378.5551744235219
2474.4624556797253
1573.9010768220264
765.3241505979794
437.36715727876924
256.4617238187713
226.4307212650296
19.53331526287899
-1.544837569585723
-12.192130068350941
0.8677440638700041
-121.02553572067245
-497.5718374075748
-306.53229562288794
-291.68678361356547
0.08575069945439695
6.138382606463895
5.4061456790336155
-134.37641688290856
-200.36538483089186
-316.48175208054795
-327.3110718342115
-90.75967775982647
-28.69682241617651
-3.446088820291882
29.424008139552246
-3.723806417473911
-24.933130925836206
1.1458172122805645
-126.5821243374299
-570.8058117972059
-86.59958959956384
13.440790608185594
-17.24858131431982
72.50216394482351
-0.06007750115960271
14.02767415566812
-65.77896671023115
-36.93795294862968
-337.21214420879085
-150.06695140587138
1183.3152163710242
671.0926421605479
360.9263773864209
850.100486423552
895.1752978832411
1161.446917660884
775.4576522243474
355.81793696786826
99.90934193823024
32.22386286042728
2.434208185685619
2.0852721594527703
-50.18085084396177
-16.511890696198837
47.7361155348777
74.30327823485958
-45.64034293806214
-351.9679102976336
-1492.494342725401
-1020.1585230602153
150.77216291388362
16.46201090569612
101.66373482929194
54.19231260305519
-1.5281781790883002
-84.71965575282094
-165.7715003089256
182.55009970672268
178.6806696551567
164.11821287669193
65.95827984596316
-0.056029219673842966
-19.13063654705672
-56.33987877972752
-138.5059393799178
-207.87307871809384
-612.6504741585599
-761.9230393768938
-1152.4004971493441
-1314.496796403243
-92.69405088412206
114.00930209001827
25.6948369319094
-24.54680598068
-470.15279114127986
-270.96789408543117
-22.5247953702407
-191.7162481376748
-18.742187703910023
542.9486116568361
1598.8922395799052
653.5802777819215
407.6406231571041
158.4975171246764
118.8114351431054
-0.7413122070042599
-49.8370756056512
-208.95275838599923
-362.4607316047451
-374.6315860426392
-474.23243879469646
-718.6445847705485
-1166.3724403769206
-1840.5271595086326
-2019.6746869137885
-3094.418785005428
-3122.783446170661
-971.5075412653806
-376.9511281867241
236.2333960466715
3979.5224031775497
1603.6572606191426
178.24591266076172
0.727826430767064
0.10460447348955057
0.3589410266349199
-56.38333044186518
-0.5271703146558524
6.509971595890129
-63.07056309231133
-521.0735681549423
-236.56860127059022
-501.2782712025411
-298.4520319499438
843.2112813604438
2158.6081652661005
1694.1127875653408
46.09885729435218
10.634762630391375
577.4437617439344
211.1309160015202
1.7165274970197952
-12.664170503544298
-73.32412925652653
508.84492515295074
83.92142748802183
-27.426328013407744
-472.72032879709826
-1.9962910933492852e-05
1294.4165491490148
1204.4625102921732
577.9136474203641
123.94713408497073
-22.660515260065836
-362.21750830575775
-896.1839115150992
-1940.7205767430673
-2031.443837046707
-181.67543367899265
235.9266631000805
32.396711664011704
3.110355582395893
25.742646347769252
-94.22367819484595
0.2578133501518131
2212.980248236245
8796.31015290372
6285.862821769253
8587.924564304327
11159.372090665003
14368.712798224642
11650.154880753365
14825.660460549461
18167.218910940042
32263.49575366507
78529.7954135932
96255.4580798074
101497.80883749572
102327.36633273997
104145.35489347394
134169.60731188775
142025.15490149794
169116.93144668196
178115.98997299586
211104.87394694588
260653.02328019665
288287.1665787523
292219.1348535297
299647.0187339376
344164.59711670707
373576.03238053585
396436.17405596725
413564.32416692993
548468.4372514727
591413.119979717
683558.2756602858
738027.308598697
744223.1465322855
801099.950166235
838156.0004241507
820857.109462759
893385.1961684814
975634.3659871246
1388889.8302816944
2301617.10058075
-1665029.5799999996
-1065278.94
-1074414.9700000002
-1036190.17
-871631.2
-719932.03
-710786.7599999999
-858650.1999999998
-842558.75
-604547.8500000001
-468038.88999999996
-432706.98999999993
-501290.4
-580895.62
-477664.88
-420580.58999999997
-367098.52
-316612.38
-291928.99
-324633.86
-304973.9399999999
-298645.24
-323885.56
-275496.29000000004
-212107.85000000003
-192050.98
-127328.52
-118326.54999999997
-101863.32999999999
-89725.76999999999
-79357.43
-53879.01000000001
-52919.43
-36940.87
-44234.14
-45928.969999999994
-38441.630000000005
-23675.32
-16611.37
-9312.47
0
0
0
0
0
0
0
0
0
0
0
0
0
0
0
0
0
0
0
0
0
0
0
0
0
0
0
0
0
0
0
0
0
0
0
0
0
0
0
