9269.68
6696.5479895377985
2542.8070944495275
1635.3282019364588
2624.753920087633
490.00233890279753
518.4030394591755
-1719.8316773331849
16.712649813772053
5597.609023533507
2839.877707795585
4153.171734772684
6032.315160045858
3601.9138472171294
3023.4220937034706
2090.627567750988
1675.3180967659034
1200.6410389331468
767.4868090885308
722.7668138167936
217.1060362165473
230.60125021606385
86.45533497161509
0.5939308199669869
0.9831518196189907
27.63406037772249
39.07619544033079
461.6245984205177
273.3658493837822
471.3210143256199
2325.965025214088
790.1883692632213
383.02129011869584
36.19780918670857
7.795689753379705
-28.711450216159275
-230.4852604829592
-251.66699589545863
-547.8519937703192
-945.4335323852174
-2001.7754611304758
-1214.2744931235634
-533.789470806917
-684.4002909059893
-1222.5107456359779
-4162.228383667825
-6653.302257096281
-541.6384943321095
-409.1608841463878
-1344.4634297735954
-3672.641203268515
-26.72079312356636
981.1251172893899
360.68916899821227
59.92754713401676
536.3787989353461
3029.7646850353967
2266.699772851192
2781.0874269755864
3941.551149821179
2470.860930766001
2343.8081433479933
1226.7893073002244
279.13047423679353
392.5535686024699
309.8772627274292
208.76242737822992
194.29751996809625
31.431808062071337
2.63255077379443
-96.37484660121247
-328.32714640057475
-650.4336460862653
-748.9536332891228
-1350.3901085624784
-1798.9387534415123
-2772.9436626755996
-1975.0749577205286
-119.20554163170152
240.56974156253764
1.0567423561594647
8.675667225886595
0.42122508010395515
1.7320208562751482
-17.853488480524785
-101.73715148171507
-177.0352866953812
-163.10405106100703
-659.1883829770208
-977.4967888977293
-1147.7658943245672
-1014.2008477622002
148.81712105620306
6345.569380335026
2189.2922937606118
545.543192385024
225.48162448416372
1.813409525416414
-117.67489482311812
-99.20977655873156
-30.171372935731867
0.08051793809839101
-232.04164563397012
0.019527656511703885
980.9882798269565
625.9245828243904
281.9061492428017
8.974547148776196
-128.75980826024784
-567.2362579062572
-876.8505038139041
-1686.0988741166618
-4671.5990462213595
-6633.696701894647
-4193.888209891529
-2850.3886483250153
-126.7119123349253
991.1215093812666
1882.476690980937
1852.3842815700145
1708.3472492350063
2035.0455079501653
1209.0557360656217
1183.6324746554133
808.459868986831
1151.76701388097
1269.5616576577554
862.8788489750208
770.8095706688529
777.2280352137044
525.4251952683875
572.538867858969
537.80726513001
299.9466545128362
313.977906608808
242.4613970069695
707.4517226363005
367.2608558915551
365.56966050217136
167.7808228824311
294.48454007734495
509.1696340702075
7.000941304396754
26.75814463546767
204.24898559347992
-0.2131121448099371
0.5400321535897463
1.2129866471478634
-10.965191575654504
-1.4171177006793108
58.21846354483994
1.0776363815822392
2.6309650616097655
228.5209360674129
-14.749165649145572
-22.107447442099446
-16.82669030014973
-95.25512655830683
-0.6894100047950342
-147.007921282552
-7.519022289255339
-23.99009323864944
-254.6483733865096
-71.34985957138764
32.994298815412556
214.92739875595817
104.68597551279734
135.07618595117344
275.91087635436213
42.68515698969865
509.8650129689258
176.2167510631621
164.64488260734393
734.4694068910615
4097.891266361382
2856.135324489433
-93736.38999999998
2286.451262133719
11.875642573736553
-300.52074203724976
-1196.7829940120764
-2408.6119205346513
-1500.0797673523034
-1913.864194490689
-962.2704526716373
636.7045957216972
1030.2570589516702
788.5940955510055
974.1505473469933
839.6130817288638
571.9516653419889
144.76370858985368
284.2918705564749
165.34726734320193
114.39696832347832
18.49771627312068
-14.576938696667616
-136.22996193761486
-114.8624825251421
-321.56943368653936
-429.6277790694754
-784.9140914070073
-850.1311338239744
-10.043749720899282
288.51680818731137
649.6207528896438
1258.6449301043126
1899.8446864787702
1541.257075156333
1270.127583564911
3515.8714701246404
1472.9611237335616
123.86686105523061
340.52671234662205
196.23809740665425
8.949581481343124
-221.4513295391261
-193.38013202412515
-260.5929301643754
-560.265337707972
-806.0252933012295
-1380.251982426286
-2219.6639419413336
-3115.975662364755
-1244.2895911739402
-1266.9332559464337
-1160.393512745798
-2104.8125984748517
-2857.992369034874
-2343.747877330079
-68.64819222176352
-6.1780706360628335
31.18134285326852
383.4273949486851
568.2437735189897
3904.820832801583
3833.202492750362
3987.7017351386967
2443.5563177588083
2033.4851149509639
1434.8485199028082
975.6321002650332
1475.0856733543294
1521.1562972064617
1006.9514817728021
1003.8958714792323
649.273816636386
916.2238737396838
876.4068245387783
659.4534309678053
527.6951157260461
1031.5177062969537
449.27560644445725
232.2581228362794
-215.2645086122775
-40.65866888601149
-227.98479337372282
-311.9318746633817
-441.36621419984897
-415.16428866323736
-765.2173496525953
-796.6933325804182
-1243.167334708378
-1266.195598456448
-335.7049082833617
-40.86223482056589
-345.84026794265304
-199.45994428846188
-334.4853721202147
-593.475721364278
-728.238584056312
-687.688827929823
-1106.4697057905955
-1314.002750483192
-1420.0251206529622
-746.2965442810817
-899.6197746043382
-1697.2606716502523
-3429.999693068492
382.3154631056358
554.9186603549016
2645.970384963074
685.3613841251247
167.6718280757189
-26.58806683986372
-555.086547808604
-74.84622400007711
-6.33710487300438
-302.0392407943752
-1243.3182815610187
-3458.7472523589113
-1579.1229598470347
48.77627816955588
305.1446164689001
-273.0802940488835
-3208.713883466123
-381.16532574954596
32.73924602010229
143.9964211649807
156.59431081956959
693.889195778232
936.1420372552668
586.0974481721287
502.44705575642826
467.93982099857726
53.91867545243156
3.8951910195353685
705.1560528375948
210.45620192467368
3.5587145227455346
28.974769378260333
13.75511336393587
3.40505146362152
-110.75837662247315
-640.5444321052261
-1593.850662673377
-5.892815863640977
332.0398158768517
217.265050132954
826.4200847016405
326.8061934259703
429.6683080656956
602.7710640152558
131.11763913088726
352.213893546668
156.57255450455958
131.7906819452055
16.52149306857848
11.322616344166859
35.37012795718224
7.534870262971759
53.443085727455916
81.6476989002365
136.17576107409764
630.6483390581793
328.9650118618662
96.09436092651865
290.1187313857976
36.056132484342285
49.60633804879905
36.7934061990215
-1.15901114877397
3.193412562385097
1.1785447975230494
0.21442067373347826
-6.291488401723342
0.2196623602595485
-11.107426139763248
-49.34857166498142
-295.12110323003037
-146.54266800978584
-214.9034254940611
-107.26162988341008
-20.06552273329996
-355.70880996793676
-102.53287826967671
-111.81136474652372
-248.90282333882277
-257.24646930158957
-310.9732767279571
-632.9318322839403
-584.7425658207475
-583.8694478630753
-577.4372790788975
-389.6110691180726
-188.66156675980034
-399.4507217464586
-426.0653836427625
-306.5109775369096
-301.7177116561611
-778.5097684798023
-343.0547020571069
-490.00061948512723
-112.5841286944682
1230.668539989804
1489.0168638541027
758.7042580115434
348.63631454587744
289.1164390572625
-224.5152831877431
-1027.4199901049342
673.5905099638175
673.3279190488885
456.32917499520477
170.22471937479145
1110.9778241522977
268.087087869159
-203.47510383710375
-1321.1945954478967
-19.921557559194618
6.387364680604977
-2.9999554951280043
9.035829829670975
-58.67549333725415
-31.2393300239437
-163.5202778084151
-231.6616980768943
-268.7843316520081
-260.72321797539803
-2.6809112822208405
-46.56491974363654
-51.830078163240174
90.642681096313
24.8658978670906
21.094966307723183
0.007457857550255113
-1.3419524624864356
-177.40154742203381
-124.67146712435408
313.2258857827466
274.4505003522512
217.06510532092892
184.62681357405143
270.0246765004824
65.35358891811
94.80471600707173
42.95172643397381
23.326786613602962
-4.874698739652544
-0.10835123355730858
-8.544110398203355
-63.81655098855936
-122.21963039014373
-287.3308385536891
-401.2110711661445
-685.5786452150558
-590.3013821439072
-72.45879917394994
92.76841894969836
2319.8385442081844
1009.8502990136744
184.82014750578034
154.69023436262333
364.3631687729114
662.5090252943651
344.0490706113854
86.8555290711758
4.766464032421387
239.82735137908105
249.28462366950953
226.6209868724436
391.90330413939637
145.49375847970867
147.46287985638108
193.87265384052992
57.83671052790922
12.248826649052903
13.414117729241037
-0.3750268452087433
17.306366740925224
-1.9297319304587652
-85.80571147935731
-72.48398867544631
-83.29068897102724
-3.4790220383936927
70.29241926079425
293.829484809782
492.07466620405205
173.12462463204758
176.33279078007814
321.1375551950615
211.7140819304064
34.86451272640238
4.368378716365254
36.82215480638878
2.6880173450190865
0.5949918453227158
12.512047709640186
-10.025474015593886
329.66094258448186
-13.354043990927721
34.92917196364434
3.7013062748183927
-1.3757115016382566
-41.742562650724196
-146.3678663037102
-425.1548711474587
-330.38357360095927
-463.06268967030223
-702.1808997409735
-606.1432774064637
-631.842609994356
-872.8687009752197
-593.1709141476076
-1056.790773430462
-858.1515035065245
-832.0902120108378
-905.521002937563
-1006.5252270928222
-681.0454730419542
-523.3094812596783
-18.578717762348763
359.360044868126
0.477282989838704
-1.5612984810333204
-205.3045793152262
-381.48199857073314
-523.3844947169047
-830.9531673703932
-1078.2329874339043
-1311.422865412445
-709.1747286424398
-300.9373605263361
80.54274814887793
69.15127345502219
-71.02076443740137
-588.640532573385
41.04309362997064
44.49473215936794
1639.2441535381745
1831.0377464077737
476.94021794865023
74.03456417792566
-55.26161530958214
-101.53932275594701
-111.10211225240127
-1263.2799941120752
-393.91296395956033
-969.0519059560036
-1849.8932510486916
-760.7686114438525
-638.6658000190814
1296.0503166993371
490.33944053427285
212.77385934146577
524.9366661195868
1179.711284207158
1843.8003070287534
331.26117753170706
822.3884315157306
486.6791322826642
-29.417050104677312
533.2395899396467
1002.9198766203012
1440.1809694822568
853.9294474346669
1846.904160512093
430.2281403473308
364.3163034404372
-2.544953948052258
296.85792079150167
591.4112847609663
16.568156157446616
27.02613487205305
133.51249728034531
-62.481762826227126
27.61240825204284
9616.938151982813
7975.636701038546
15265.778674959674
12383.588503384906
11036.52898575961
5782.089864490501
36625.564326244064
-199440.02
-109.335833502888
-993.1908080463626
-3468.940317223026
-5352.00959523702
-3576.943173588371
534.1840346661116
9.19309292933844
-38.82647901770212
778.9435852591212
62.624873970543014
-205.03865034675167
-2176.694072159562
-3775.463893680152
-2055.489554325981
203.44912856887174
40.75988149274454
-968.7576399312428
1713.0172479994285
3139.6044386406925
1869.7140061912146
1216.3353525651387
1688.667331017797
2097.7908987887417
1735.152444123771
1339.9827458835075
772.0563198034044
569.3093146877204
358.2908329256362
133.24641416061894
104.18669158969581
785.7303999030968
475.61473966632104
158.22346595375262
79.20295342818021
6.637596241596406
-18.61997094889465
25.92626309837484
54.26480840012214
17.371116067382374
248.24693228834224
902.5792381502727
933.6339452044326
418.59693520774294
100.42378332416527
-11.354844741105781
-20.328974912631313
-301.5843957082084
35.25005702987521
452.6289190280475
1105.2209934752516
699.7293429417327
49.94210429035835
464.47929011042925
56.08905556322822
38.31894627368348
0.029948927780260145
-44.890106425583134
-111.54215146434652
-297.73449353275385
-428.9509259221422
-1103.2547157282297
-2008.9124441053364
-3533.026392648815
-1386.339396689309
-1456.3522322022768
-493.4088453922962
-740.4225481399029
-1283.0453246756072
-1190.1281030983057
-391.16686731581444
-7.578883949379731
-11.215999708698977
-304.0521980950807
49.28905479762705
1407.982727107164
625.5054602951498
31.69460202351458
-172.67049769348534
-796.4060817320317
-431.2763963779364
-197.55851489106766
-455.39309194024617
-391.9650355205598
-439.47565607455056
-63.83931289719201
-21.403094494433503
-145.662845619114
-240.24569367146455
0.03752032120363056
1464.4006689323624
-30.650675784201596
152.62379631404997
3227.2244270626506
995.674084153738
-100.46245027863364
-25.737205961894887
397.2142157827181
607.5015595979348
718.7299434731437
260.77522690940543
454.20264150077344
217.16466190061234
108.00035892737368
219.86675921055195
221.35717363064126
83.32424825664162
16.268470847274283
0.6166868892650188
-31.37304319794464
-125.42096179584713
-130.71405500852939
-161.52074517769438
-92.59951832151654
-178.73126486940868
-54.54580110181516
-264.3388846710373
-325.12906712920176
-528.2058265977777
-570.892131527363
-1198.8157809138957
-1147.3577240267182
-1965.493921681856
-2053.8222081529743
-1636.1741224071595
-483.6002863223789
1917.7573770128693
1620.8609564206135
121.80044679419787
-47.06555675683561
-538.4734511042525
-349.8905462244939
292.0146348822459
-110.83207937336518
1998.6988284162019
1444.723058366948
3551.7710130227647
2519.582494210874
323.90226033841975
566.9929197905824
8.43239391459457
-579.7855129138882
-1425.41555071755
-1598.3017041072974
-1588.58982423993
-992.1639090514706
-1886.4260107246246
-610.2409834838463
-16.999004222204206
-600.0604162794671
-815.1676462123025
0.0042237565477894964
485.9222511418496
341.3081699535744
7.189860496579037
-79.8894750305819
379.2049235704398
186.3421912539691
575.319652512158
1150.1332337399508
686.7206659644102
-6.901507760930562
-263.35672227586286
-193.0327354414814
-273.94440381896777
-761.6588439188295
-541.9881036789862
122.8970718045113
591.6540639888865
124.65837051249687
-316.2500624247639
-2425.919323500305
-768.2128734118702
-5.760392184757753
678.9346994085704
-73.88630636050333
-215.89052882932032
193.75761951294342
9.598386290032082
-505.64388898745557
-1993.302019025658
206.8344409752366
1162.93491735537
1375.9054192771594
917.0306742833641
399.9436460905606
330.61671809002183
192.5024383700414
34.156224175361665
190.4406492939728
107.49813590884608
70.90509359060206
-40.62962577434427
95.89235862596115
621.757766402081
568.9153473619768
217.35862061853382
94.86524372668552
-248.9055763525114
-0.6210088807967997
29.378259483615302
0.5697575750450307
382.77962236658504
784.2381352052063
9.533414086138585
996.2320650485406
1614.307900386069
3951.8882430690537
2296.7376012088716
1504.892311131628
1090.4782606617982
528.2304480077296
91.74865337315526
-90.6207322956773
-482.92318688421653
-1644.2830339783789
-645.111354634049
-63.10989752702606
-10.953913665063432
8.921710745497485
226.5377401035515
387.81800863922587
74.86004791030254
27.246735867742068
-98.97072055834934
-94.44477779359399
-464.73028150744506
-471.21742221951797
-411.31260054486785
30.650564468998883
-121.19403929996301
-453.67853135566764
-950.574696575509
-447.82072022541485
-463.0939888769282
-826.4831008648896
-2174.939001859791
-475.97434976273405
-194.0142417497201
-28.06288356144757
-40.143664923026776
-557.2539276637729
-181.12007277629834
0.20532164307533385
231.1657087204812
320.9119465457313
331.10690707324227
349.4867005628804
431.25520698619806
569.7091500244137
183.5013496616391
464.61487545279374
1388.9680968842058
1365.7681517165147
1397.8744521246724
824.3582592470798
357.0643175247428
-18.913039492677527
-6.016234527519457
107.75426436383496
139.90739337473124
203.18532487036913
181.67365147312
97.43271057175346
121.31060910249775
93.12214449050165
48.31157346006454
43.73136642855714
78.94917187537627
3.2008069317966976
36.257911178386365
8.570988982642685
0.4173502289605322
-0.8973960899710685
-13.02889647586496
-30.790523571818362
-0.3186505023723453
-12.088151595906485
-23.889430631575248
-30.090286891278808
-151.61915273186898
-156.2222528757964
-158.48139245430548
-275.44448733012496
-140.19231050451089
-205.8847094346428
323.11017895194095
657.5037021541681
485.2401449450575
454.92824833301984
134.8260089223104
239.21000489570116
155.7872829689788
132.070750854415
30.386475458677104
22.302379196047546
-1.2750560981749235
-44.74486442823059
-0.5882750192491629
2.690289233063245
-40.40551273460715
-2.7475446431046042
-69.27033519157733
-0.8181429170300498
-120.75317983547089
-26.24948491871874
-42.55264817434252
-34.6143844518688
-81.8507146342338
-48.907272137031455
-332.3307953186113
-203.72150136250602
-364.54484092133316
-581.2529873486241
-265.6563770260774
-531.0481201402625
-1226.75258728211
-1038.2863440773685
-883.5699110532936
-1514.5994019144362
-1215.1123501692236
-1831.0637649315713
-1892.828690850858
-2905.3103475389776
-2364.613204853402
-1490.232211063697
-879.9356684236602
-1334.8816557093758
348.83191910291566
286.06264568736435
1289.3513986102053
7777.125291346178
5659.027096963593
3095.597401819108
3019.0055009588655
2234.3751574616936
5816.9285787703175
7863.087657173301
-99919.25
-17591.079999999998
6187.336948188766
1219.6307002457504
2016.175251410149
249.95203477851976
375.9034902696382
381.43520215626415
100.6081096906694
1938.4321441034451
3865.476682095058
1704.4184052642167
1054.9938186011223
310.3314051151802
226.7779133095461
63.518011160344386
-24.182154875767758
69.93745296073101
316.67192118757646
-13.152902336206745
182.73933273745922
-181.59909869651082
-611.2614325691461
-24.705339906105895
0.6150069537619346
-210.88704329838816
-59.88984608169238
925.4611207378063
1161.4387382050784
121.20114459414546
-304.3781214288013
-58.478752160469966
235.0324215917201
-30.890886425867258
-487.8334654292952
7.896271189324646
711.0189318210445
3702.2648346212427
2007.898309307795
721.1211604938278
221.2555911632517
131.74592173532244
2.4921319108748174
85.04831027443797
-25.390106411031375
13.311814011087268
-4.132823447996927
-31.60719536146437
-442.20226317885795
-52.39627150219589
-989.8077088812356
-999.2084922744161
-1454.9552061296808
404.7561790560721
92.05328485860251
-257.29653998126673
-2119.133906371194
-7452.155336699903
-2132.8059039296695
212.68721970640667
3186.67281400269
846.7717065536201
1.3882651543238969
431.17898509208766
-13.83183131434989
-256.91176460002407
271.6881085740639
-0.0007837034271176713
-405.24841392218195
-1089.4511444203054
-0.14069653817201389
6576.359810093695
2805.918271002531
1027.9869465006545
1605.8951642338566
550.3776977677978
217.8202289611338
-0.21630828103599517
-289.48091505472513
429.4995166880422
62.02735627357595
-34.04116851533884
-89.36814741982698
-528.8784547650127
111.12372347145072
181.74499068297305
-98.25824155363556
-284.46841466456203
-692.9051852374319
-1631.4552446360908
-2593.582694728645
-887.3112943005307
3797.9668279543484
2297.4702969779537
1796.8822941764756
433.72219259576843
68.51508147121865
-74.4374508880738
-415.80788230674864
67.33888191134234
148.78498653306548
-285.67173924788705
-355.62152908424184
-2621.5324349272137
-1677.5591965352974
-3158.736003876814
-1146.2263586190188
-4.14697687280625
151.98844463213317
200.92554294819135
446.80401023417716
1107.6444104335983
1387.6562761523032
682.0752361462551
524.3346598879966
186.52740412484988
37.42062937769516
60.13209823339269
-8.983010181007824
-570.1575141747759
-1394.3807543766784
-2700.8301489058576
7.320105166926028e-05
922.5296246904786
83.06993181256252
-89.54962256874099
-0.013506306779853884
26.39167974040562
-21.476971716655115
-1609.1665993057486
-3288.1889209413603
-3682.145978797202
-531.7670228039858
-554.8992925551556
-55.592750838986476
0.21173056865314455
-474.19878527827257
-497.17917556283436
185.0536142926394
118.06775681205883
69.47144213476275
1432.8037434294852
45.88583852894391
-12.45177927343534
-469.066491985855
-10.145742324667237
-909.2845852104347
-361.680178894195
-548.4663666333604
-2125.488512533601
-5570.978841255387
249.44923159265062
513.794461322356
-7.422983285348959
-141.1142151377859
164.28293940625085
27.910479732582303
613.2830624811663
1558.5383910299333
835.0445916416622
713.628000537423
574.5866167065586
178.0671296606385
14.229293305277183
-1.4794158051710855
-256.47574731696955
-29.174508944491393
13.764581887353085
589.1033111000501
482.15861644114324
265.8160677308619
66.62160372808364
39.75509699457764
12.968695042698819
-7.9865403190731055
-0.0841491176554689
580.2520910669691
57.79523924067857
-157.5399448074329
-324.85517241379273
-262.32867013062037
1131.1553123255123
591.382756504983
3965.432212073305
252.42449511912403
416.0301227134022
1684.1410611237088
1319.5253524969967
630.928969208087
346.69400943935284
300.7859260036621
152.343664997146
44.726004526253945
-4.909610953700126
-2.168912234359431
110.01162105901687
-15.08362743608609
-146.1954779514925
-854.0387222018745
83.07659196979452
2.303060755599769
17.956984690280123
-61.31936791099045
-1445.8846483531447
-798.0038786200828
-34.37771656642634
-31.91641911383089
-25.485343001880103
-6.892603007233076
-58.210673221739995
-42.117757054035664
-18.08381762068084
-31.453167405126607
-84.49773753398355
-68.0225627805849
-15.00656539511968
-27.457199938370078
156.27443697113526
1218.0415886626706
1640.5168196020668
283.7795242840325
-2.036274286509398
-194.00990846960286
114.03502011455106
52.71366355981437
34.25118807822935
14.67468040193824
-8.058451259650347
-70.15723072189657
-475.30869111845914
-1872.7043673370295
1054.2955482430375
1762.0506998123228
369.94920938212215
3.9788558227831725
-581.5130122400712
-1083.5563038575576
75.78563852723374
431.06685203292017
447.7272250736282
334.7883003102809
238.82598442412757
50.88021927022929
62.43663238271182
12.948063059151242
3.050466285953781
-27.665242771959324
-33.95539719708688
-312.3784334985316
-255.56035613878976
-620.991752512953
-798.8752675693097
-82.3050004061339
-23.112316984874205
-46.01864185970642
-14.45131288305379
-5.06102356889631
110.89376725561877
586.7703173337808
146.09196234968738
128.77703017325254
36.55884783765448
0.21426810676258673
-6.676442508550999
-271.6603892616423
-229.85937881461737
187.41944582992744
316.50235676558503
165.77502701303388
18.647252939758577
-174.63754259311364
-651.8977720060296
-2385.6648779168186
-376.2648962821597
243.52058832403935
284.6407051110031
361.96371870346485
430.80006641665216
209.3983664582422
131.91617242840962
142.08869500841737
168.12293354975475
68.41026098823761
118.64109197057975
20.031342608018086
13.470466256126644
171.40672983469395
0.07867276942516394
16.77721895203878
26.47138049838872
0.2562501519126578
20.938420610933342
9.747202282249884
0.00860112741272805
4.755004006381719
3.4121106819728375
15.629287807257272
1.8110198105100295
99.03705490371057
65.63940465154187
14.741896578224509
39.79359046122417
30.48804379057652
33.21747216672368
16.282329475313325
60.75317623603774
-8.972271947402097
89.52389049655642
24.756244384142136
25.051057004711268
-1.3205761222763526
22.946210041090307
6.7409701942140945
9.591246950068008
6.706634983036681
-4.744193880065604
2.0638212050510685
0.035614606527390305
-70.41129612955189
-59.63090647170587
-32.511811927059455
-88.41261962702765
-73.06274128906928
-94.51517076002746
-90.41876994102708
-251.2925328376704
-190.0282071460189
-181.47597270613798
-161.9016666874267
-446.06338426977186
-245.93109331215425
-526.8397800422894
-507.55501313355103
-1020.4125656156564
-873.3654773752247
-1051.4977545437418
-1291.254400910352
-1817.4544404651451
-1537.7670601597333
-1249.4145329322218
20.313487235590966
289.14687770777937
42.82989677857937
64.29083402043794
-0.9712699772004462
85.38375418629555
785.6009252421459
730.3966965687371
796.5124667734652
2212.9639951883505
1478.9705804698872
558.9350440029718
79.8195223712954
42.89653322502427
-88.00748320413436
-136.99476086629645
115.95044576584415
2422.6751009915615
477.7433336056843
1786.1416406325125
2727.236137230161
1118.8535122262401
377.52773298888326
189.9228784165303
54.4312196770611
99.03567703142811
10.84471122983733
4.782958453471714
-19.81804576999069
-88.99611586843807
-359.5721051025231
-394.4082299669471
-700.8864846089455
-949.228462944252
-1939.8322767941936
-3409.7910614380744
-5511.302871084427
-2400.4980839218
-35.60784061313602
-5.314475859250589
0.03040838235218447
-15.098599876416001
-68.01416107485234
69.51184425561108
47.29144290875018
-25.994920822594313
174.068183732688
3.671515819382277
-329.2655391073729
-2206.751583190604
-43.66587925563533
3.6078322715251354
-810.5369366370094
-140.41197503105326
-115.2402143923422
-691.104607371238
-108.0083955947284
-37.94770265996805
-255.18430867062364
-39.77488781725408
-9.550704251237713
8.884192152870815
0.004047436534503845
10.472358119843452
651.2550572297581
372.7716328157114
504.4366076888005
668.4151843159241
799.8721300766933
499.2897008292099
1166.6723216253627
1554.3268244574629
601.6377661243615
404.42663465036094
1174.9111451450453
430.674230142046
96.0048001714068
-0.37582708425232225
-16.06691169000481
27.038074027320512
1351.2713713998385
538.4715755821306
160.42035427220972
556.1628734494287
35.464705861324816
8.155039501260337
476.43761688378396
5.430360778509464
-141.87819749513935
-44.701658333359624
-45.06319140106093
-27.577785944125306
-31.308069785038075
-94.96682570491262
-273.3202733258071
-59.88128974473188
-143.0844333847612
-120.56410677715559
-317.6861609416433
-121.29920915176785
-171.60552631525127
-280.2649321877677
-165.9066640792548
13.557359872654382
-4.530684107330474
0.5215935257446502
15.856285900962556
4.419667860401404
-5.168809646770926
-147.96431191301917
-259.7223875709538
-723.4795808724805
-300.6885378807959
-743.1256790168613
-1194.453129969813
-1062.1764493332967
-1642.2178449158514
-2253.31107585465
-2412.3909739470505
-4467.636645824488
-4414.917200125979
-1640.3060976326535
-623.6141214384179
1796.2806046240376
0.20180329326489024
683.0602079815177
963.0693626807388
205.896058795145
36.1041808377054
55.05042267975957
3458.2619939084097
1257.9943657411586
264.68334055085154
102.82600983427912
-194.17632399243433
29.22486770214262
128.98161197315852
10.012024917915328
105.3332561337989
200.90181834061048
-0.6922804700911386
-634.09619535818
-3697.830095014811
-1131.4830211627532
473.2225542162127
501.33981694929
958.935006818188
304.83051525678627
-84.7247443564212
-933.0865992975082
-804.6463613727175
-1066.5069650635194
-1553.5975459038104
-635.8460700968344
-24.320532924814103
1123.9842421969583
99.90598367750847
-1163.9387939873718
-1474.2009959187649
150.11472940799456
965.2565978320242
3.3871627708013694
-1203.750170401379
-574.73285469268
-127.4096947823987
-0.8632109193442689
-66.12050507103142
-339.5610500393052
-18.78157191092695
-474.8798913579766
-1927.1891961801484
-2943.6920561128272
0.10778299062744597
1058.20706876331
3470.434566151651
2877.770428124335
2992.024973572049
2511.010677723555
2567.239908879712
2070.4888508017016
1778.0516589488332
1441.4123484850493
1461.1392030163433
984.500310372057
963.566470737443
498.4918285521868
369.05176057395835
542.7493489940431
300.1333428139722
180.98617017958117
309.02510900911705
254.2920936651929
185.20279201420306
259.51673482081026
121.91881319792473
109.62525338131297
73.28323698927916
63.415243403156495
17.237207236660932
55.029676133790915
26.56867532032559
53.310756453573504
4.202355788819409
18.300414814276138
0.7419421202440533
-0.059839747337617634
-8.458381144410282
1.3439125756403159
0.4761771228707003
-17.22784607155002
0.15162396987852794
-6.340711176907129
-2.274912354522524
-9.691123434329256
-2.65251446293882
-30.224544348230154
-1.6049408883723415
-22.01091139007561
-7.835320221388155
-3.6468847319490596
-3.341075418025367
-0.014429269681740322
-0.22512708844805854
-2.267742153073057
-5.596392239874489
-0.0405638396314003
-11.682594309088756
-7.443973920151474
-11.65546852863113
-81.64744698976759
6.512567857559515
-0.33959490829247807
-5.93676665417617
-2.0146077749734195
7.553696907321754
-1.4280564792373827
-0.15048142685249905
-0.07917893235211426
-7.849263328489589
-26.113865061337236
-6.214918928591847
-27.00463260728513
-0.14438202884575935
-118.48683837736492
-17.60683604628786
-84.90795153444738
-8.027340451140756
-124.5209136319166
-37.00814566792304
-70.33079483151607
-85.15673612918137
-90.18807129906614
-115.44662656958974
-59.73652701530094
-74.46098650775183
-78.39728516245607
-77.28722269312695
-125.22202129067414
-84.48850118960826
23.339778507113675
25.91523314491186
53.535633973869906
57.99395550323089
0.9855577554470116
-0.9240620580048079
30.464357818676035
-6.463275618082524
-7.2145408850773
-5.619394037636847
-30.88380472167657
-43.8466658078677
-142.16957764291504
-95.11286745811246
-100.99123970527721
-11.990440896491624
-20.529126027102414
-55.44297510843851
67.40497852918674
426.4833232749462
298.9556846072568
264.2291436287783
168.92732792528216
96.78858721573843
306.07247114260576
525.2976429819814
523.7294052328043
457.3728516213507
322.7635536398667
318.09700825694165
200.71113072163024
68.95483628398632
191.694030120111
83.0928994065797
79.54689110106774
67.11589111819372
74.7633082503932
6.646092895200897
16.48868075175038
21.755296762521414
2.490575005723343
1.9661956108048373
20.017742455146475
12.804341013956261
3.106435472330073
-1.3137424318935251
1.760465073492403
-3.038653830683964
-9.565882278384844
-30.915361299097132
-86.57478270620871
-69.08108561891108
-20.110634060313526
-71.53255300140336
-26.494667809312276
-47.8748854587653
-55.991813421680355
-10.146640361379319
-54.094610420326845
-29.953196885806868
-163.79679353224424
-14.678652900334136
-80.59634602413726
-111.04053441589822
-66.65874611718402
-81.36646426129968
-102.41517887676534
-48.352125069532896
-169.68537270576357
-47.02908238981756
-93.31405592491802
-174.1922367025009
-78.89867644499459
-240.63680646952426
-433.69590890073084
-348.0878461633424
-397.49748313780145
-426.22029959026713
-861.4772842712962
-915.6494511667614
-1313.8046079925343
-1559.357943079791
-2055.8846928280195
-2237.806171169315
-1871.5696585226328
-323.23602468429067
44.995776762727196
1510.6542460449236
938.2772579397865
29.95268503236125
11.42749548052334
0.5619867970112185
-19.372050902414337
-161.4301763349543
-420.0596252556966
-343.90489930479464
-420.0350643727294
-505.87151791274647
-775.5618402612026
-1221.826599973014
-464.05713903920446
-1070.1468868791367
591.2071653123144
2675.21946005865
216.69739562399278
-294.2672221600795
310.74895065393645
143.7824826189694
2216.1887962857813
2.6457112037894257
134.7477077162776
94.70027437060145
20.62900771148138
-894.7657619725749
6.060614236377042
2903.003230318078
119.42920576534044
-806.5996510741553
-1100.5848217756356
0.0006119765002475781
-12.207349107320306
-460.66166929776284
-86.62970926176058
-273.30058825446895
273.7453908682208
1350.7008792551119
230.65135643610796
9.412185002111357
52.542911161647254
1425.8816809933705
3970.836682476037
2865.593803395596
1094.8238590842982
615.50194860703
359.16867858454805
462.60326600642156
728.0620076400678
142.15788130280507
0.9050872965564194
-469.8369312427424
32.11584645965053
41.053382761730674
3.537601600463461
-14.367890854363381
-315.68761316594646
-561.5088541126985
-230.40981943091077
-562.2608173308649
-318.48803629922753
-306.65991922975655
-1729.9154807029956
417.335414360113
-0.3024300858658634
32.84420413146477
-12.577818829626533
-815.193697011618
-1019.3546032593573
53.37986229007417
155.76255752281224
295.85447190239955
184.2385519316993
91.10726836629628
368.89231100482687
61.783395179741184
34.4670062631973
-213.70947913868542
-206.6411940731041
-935.8054491340392
-550.0020639635889
-343.0026510121038
39.87935458091951
-23.002053157171922
-316.1939364550655
-1756.7382647471068
-4832.885488002632
-1354.488031125567
1324.6096717824048
1844.2186103583258
257.9990240094259
851.904729076941
-0.08373695338581551
-710.4087140667468
508.79404162300943
624.4306420813687
272.4020278130456
17.981339812535936
-263.900892316857
-23.188906821395623
36.3357583281431
1240.9399948161101
4084.9919375631403
396.60717102589655
64.50179050541432
-381.6147028937115
-1119.7871614257801
-110.48597618580692
-52.25999416311984
5.939817694071692
5.775553143992357
-22.472471271762778
-592.5841172689454
-461.9869407724567
-30.66452628393761
-0.34978566350468865
-251.62793087876716
354.6563064586885
627.1771144302113
27.692555203980056
10.944843630383614
-1005.6221210311043
680.0545732735674
1169.026444476958
91.57807216376602
130.54078089183463
-6.717370884275395
-360.5298941939976
-1042.2654475570862
-809.8553921375257
62.99723561264378
2137.164500874196
365.94017265760453
-58.27751245542653
-472.82929753813585
-1384.5050177098974
-5058.495192862336
-3200.808661473865
1507.799841881345
2202.56926793281
1191.0814695482927
2232.2207284455676
1348.4638416724138
469.9768755461876
532.2362258277705
12.878228270815555
-110.41316007414393
-8.287784153008332
-125.38850175850506
-593.7574359069488
-2245.829426393149
-2795.5126719376412
-2260.9319121132667
1354.8075283386866
3867.531799994055
2718.425024027722
1413.2559196886832
557.3764242566971
239.37592801278237
60.41858097362484
77.40056338018462
-17.820518475333916
-100.88877118276898
-230.99198048310933
-515.101803987007
-1292.3454759184026
-528.0456285685457
-304.29729866185966
-218.64536872534998
-201.06575120260595
-1328.471272108014
-595.799178340695
147.914456274496
308.38801601591024
-43.10356004555009
4.768399558867741
348.2128880620706
158.12056015845235
7.5119008808218215
-8.622268019288505
-11.853223261974088
-8.573336000785893
-419.16492495422443
241.3121328913931
-27.897216578706995
-93.67764292076365
0.6164448588798186
-459.81031518960145
-594.9456802074051
-26.43121218159714
484.829120977378
1697.6176326872219
320.80036017013634
-119.44269052743869
-1601.1280771150482
-4.730593468938869
-61.363025104655534
-4.947408851437684
406.3261650739522
-111.23076403756248
-1439.81150216587
-2500.7204738854825
-300.23113230661585
-1110.64029746306
-183.35358975228903
37.210882026541455
1606.8391519874804
1142.1515984542061
613.7710734352802
166.06097685095162
70.92607385730193
53.96764092399597
26.103266738187962
-8.041540814272109
25.022780480550225
1236.3974904347672
1780.4776196789524
1452.1362890516375
1298.9433216774971
1225.218104073737
959.8081699455328
820.6448760436814
407.74665140938856
293.3946475315762
202.10240382580076
14.725862889592001
26.568548242047505
3.2719339855354206
-38.142790416930644
-55.876138109626005
-95.42163404502838
-41.45789414788534
-97.95519220323153
-53.62179885653152
-112.95957565870826
-41.204533976834526
-109.08611346896055
-329.73772706154506
-398.3876639171126
-728.41819728667
-492.113702577426
186.73002580925012
165.60383599195507
93.54566449802573
12.142834660313339
-8.301576487553579
-102.8975295061193
-407.47785512808866
-268.30633307921767
-9.780804049529848
1457.8388841320534
752.4536911437418
371.18879059566046
62.606807575349606
-3.9995242141036016
-100.52163200003143
-202.71184411842972
-596.7833623209341
-1404.3525427974873
-2510.8695796712127
-111.73472992910825
896.0868807372642
1229.5213932213292
1229.7962395207762
3333.0236265211424
2538.498794104508
1569.8765938074207
1372.2449808666643
1140.508903862653
805.7744310031992
631.685226839147
251.20089474750705
-8.955014789568706
-161.54618253837273
-40.9726796595511
14.293425637829227
194.22807478030276
205.37276537946815
9.610457814358682
100.0596858318735
13.058913323862047
0.40828145661020154
19.165959506801727
28.75822691558846
4.859499905685652
-51.574425606169065
-4.69645950872793
-104.60316470218454
-373.68422419039644
-398.4180343019255
-600.069568300992
-817.4936814121131
-874.7089398600541
-1230.7652424243086
-1826.7781090121916
-2723.6154478441395
-3351.277064862143
-2890.691593265852
-2671.634688752646
-3825.698662177165
-1381.8279705891318
-1378.29880097753
-17.436352151209626
1643.933643215692
497.4367071404429
2298.064388391412
1143.2008547111175
160.27633410262197
117.1752348801948
0.5265701130598477
-140.2083990548229
167.99574836544704
93.22283524335543
19.394074446026142
0.3746642094831827
2137.62539508891
529.0727020540085
-1.6410181348076605
-179.56176554837225
-1717.6069772246196
-633.6674815044263
199.01588703042964
2296.9654528448773
888.7139822235279
220.5543721615452
329.4472235901164
143.59498176165476
0.09419382850555541
320.41147686185707
237.71291618955527
1911.958799156017
905.5250695596621
236.53878527311576
-0.016945587092283134
-34.87884115856539
-190.188739251483
-503.5872844101028
-1158.2144219247507
-21.56399250197597
1020.1939648476036
541.0514679441901
1394.8276115995018
579.9673168080122
148.72346227817837
7.926675936148468
-8.734146986487012
-103.8223987263604
-498.9902881775265
-1923.0060004742616
-3285.9024580977584
-3767.5852099545837
-3812.5414308830104
-1871.4313810866856
254.43607588880357
424.040160980415
263.27454834177047
1968.048611431156
1295.7492124977184
1379.5715527765883
145.57871631213249
78.4360212511546
-0.42139127527667225
-15.039726143449036
-8.540365681883957
-149.8660655060972
-205.5535804145178
-166.38260660256128
-589.7143178605046
-1851.8414305780743
-4161.711812510216
-6388.1951261859085
-1657.4449339487305
-29.089612486051703
52.5151793150094
48.03620713765172
-2.345068938565361
-1148.7860731745604
-191.70789812145364
891.5359689023924
521.4367663445016
574.1428496083979
431.2874429677758
0.734166375026662
-61.934908540520276
-49.716221067667604
169.35690608245113
172.9274345809322
44.13714807852175
64.190487835603
-4.089109222031924
-320.75698708991587
-30.007493424305338
0.29518420823081826
1227.3070809565095
1086.6530602724386
1544.2067096907956
1098.2001976993229
443.52413024463056
604.7074422630436
303.70370421220446
261.56148228822286
199.77833284761925
400.12201551356645
706.0781487892675
586.2818156398592
509.6919204950235
365.0413876723462
299.63586631150014
156.36148763283254
101.82822719450142
24.745260427791944
20.750173526361788
3.4199888908593996
54.668567036041395
0.5744179389653247
-59.71018002941305
-27.93489627004217
-14.330772601644089
-68.03330394231664
-230.4214374678959
-209.09957702986267
-985.2753282638564
-1292.4364472754728
-1203.2358945493106
-583.1479673661981
13.995308658402832
3727.490125618304
802.0105359732476
32.488463408787204
-163.6415354307861
-1113.130214186727
-3215.5855401478984
-756.3557554943677
-5880.408636099437
-1573.9204703541693
-27.544169231162638
98.85926650637799
545.5743947419048
696.6637589680215
1163.6809748039957
1749.133972098832
1281.79936665061
787.2078050885784
1079.6816439131828
643.1620556042751
418.1514715027545
202.54738340298277
281.29947911603307
140.8086840109442
132.59929568936744
111.64521357803093
68.473378557752
55.600639505318405
86.80492403815511
51.37449053922177
28.055643402694905
1.141376061314451
-1.9245179806432309
-64.46413154710899
-98.83727101312597
-165.46357298199206
-164.6813399154806
0.051432148897556845
-1.354460382021528
61.23128613698414
54.87027986939911
8.359398019533407
43.089590301399525
51.023596616016185
-3.3204618932496817
9.69941240940562
-1.8893983967046363e-06
-3.4496343983645623
-3.3599353829373713
-3.5397705777861193
-5.075220394168031
11.18365848411488
-8.957825227692078
-0.8396423399090104
1.5343052444804965
-0.8976088552744084
-33.663853677287584
-4.513874772015782
-24.414510802249204
-17.1025700995403
-5.021275900309183
-66.03807104300675
-73.96219493108862
-157.52247996044082
-149.9189013281284
-411.0475916999231
-501.5194521681946
-519.9352794496018
329.3955890570388
193.31670037614487
3.132320793417877
1521.6531276041865
1428.2039596317106
826.7821589812693
500.04717773958384
119.40578276344397
-15.28111308176956
-106.41176428752188
-22.0124297806247
-1.0023104310888966
-24.298752669138324
-42.051764794523585
-81.22779415269187
-114.02181155319514
-409.11002060936295
-436.90566045305707
-530.8183677705078
-416.5157163300487
-828.0059562070767
-652.9948340653707
-786.3892662710821
-1121.1636105178463
-1239.4387833802664
-1457.99001089345
-2176.481477773583
-2696.134687721802
702.6035624655738
4230.454479543219
1532.5198900572102
386.05531908380607
0.00011142162971233463
-390.62098075620526
-1232.4504494066393
881.4373496937662
915.5837628452775
55.917989235394955
-34.57596079906187
-1667.0136988237944
-3536.252065976164
-6255.596361938766
-207.23432030464886
-6.069744068737117
57.215936052825256
366.1954615234707
752.1177368419094
665.664957618193
560.7884358115143
688.174990153285
718.5380241219107
958.4774038344327
646.5618245541947
529.7492357247563
602.8717322021193
491.3126645468142
427.6125465183925
368.5853419380503
147.89691734011674
197.49673137712986
211.8929538948765
180.06228666336142
156.4293568131638
73.47804264960018
12.338779452453808
44.72927051656276
38.20469508279083
107.64626392297123
11.049486303839771
5.12719011614938
0.9822154725780701
29.010768474247392
-0.07220776295039633
-1.597574638943246
1.5796431836641966
-0.10527237792005435
-52.349218763988574
-8.085043441631306
-1.8108148744936918
-43.71208336824011
-4.184080356414282
-21.29780907699881
-7.144239323206962
-89.21330042210813
-20.29865389127238
-106.2216938414029
-29.0052195702129
-18.593894030595273
-53.33606157012183
-8.22601512148201
-112.79243271143936
-80.7649906990327
-67.57228888160861
-96.0479786714581
-256.316690649355
-102.49897909033436
-297.5365324714754
-576.4473267496966
-582.9596305717264
-442.6452383971042
-930.0859913291642
-723.5426594213259
-1006.9132656173672
-1306.4581142976194
-1288.2261283259058
-2098.3903769058306
-2221.6848389256184
-2891.3210878919845
-2419.075426555056
-1971.3797705396391
-1136.5373690335919
-93.71401288604105
-369.8840027201808
-759.1302856823851
-98.33198042653599
182.98837451295668
645.5369854607591
929.536928318445
1335.8704583253725
201.48072519213963
507.9744912611243
4447.706770814056
1291.6642162362095
890.5155785140951
94.46608159451264
-535.1144375762452
-1790.594063619229
-111.8586687230108
470.2125881250161
0.014491665411878992
321.3963702840505
32.30211371471704
-207.0711023546282
-249.13384728804834
-1.0133586564551318
521.4766927794435
134.60136186705103
236.99474362922834
110.33643969023298
365.5721740349836
-412.14290921846384
145.31434326751557
7986.439911603089
7154.33063968791
4996.777261410882
1811.830169306981
1646.7332719766277
2465.9789189281264
2910.4477490102668
6817.405972732567
5802.342906269538
6419.356368664485
4457.5405765593905
8285.36276274117
6656.991096036469
8581.960298162674
17211.874578441744
90518.35806333215
-297405.46
1335.5239236054163
-129.37093755671765
1164.2459891011347
550.4838578146489
4.971397816783179
-523.4910191774153
-196.62465713659225
-21.850909689449626
-606.9348735954309
10.285203445484825
62.37893908275176
181.82646212418416
922.432050867362
385.3694672316092
44.91433305058623
-83.2710310473549
-762.7940150058637
-1623.9865418323266
-3596.823051384925
-194.19786293467823
183.69105750806008
-120.89138888490297
-489.2817134272591
-1434.3500247341467
14.429694041158198
1896.705673588789
1239.56234886104
-75.61730897043559
424.41310114054994
-13.518453500226569
-1550.7457362694895
-300.6705010483297
-92.59595550449623
31.75029772848759
402.06953572996673
187.70206717191817
299.4707824425606
82.58590066039078
-47.92844476807019
-879.3762881492934
129.3409039270687
810.6044049578284
-0.175014976315711
287.2000532358351
590.1973567722177
297.96476716441987
324.70320538297034
144.01213370963086
81.40208173718378
49.730454178289165
234.0976819632867
778.1649620562088
380.1347321054004
216.16987672981173
35.03177175250993
-15.985554394430919
-42.44177806575166
-147.8345127905754
-330.8299973027327
-1015.0141963400451
-1335.8379133911114
-706.8277659469632
-943.191171560634
-1608.6225175587515
-1680.2943967640056
521.3185060895077
13.198501529908315
339.9387652124554
102.83269776308981
-38.13863495512608
-37.565701705807484
1085.6227681813257
535.7832503271829
-0.6754200983346916
-230.23766188651373
-1402.6535597277189
-216.60559006839685
-8.59663080691151
37.34279426907459
114.41165117621574
579.3290670829856
837.217675338953
329.38565164640437
108.26233473012637
2.3887202768264597
-0.2380482395544868
-3.2209218482172477
-79.05537493772928
-375.9813569663709
-868.8628010061179
1.263921534446743
54.458225473287044
832.9990741021102
-72.4971769042487
-984.7536746264271
29.190869758895804
-595.5306048126229
1128.7350340410599
1605.7706797072763
529.2899952709126
112.78066336793853
-13.156177713562684
-77.94487864956808
181.66128287949286
201.35928543049374
-436.55526512461074
-14.330436397110914
147.25281115420103
779.9997676179406
63.56040386590359
-1263.2327798443116
-5587.320519107106
-1210.3216966960315
-3172.421242643298
-2937.5182817732925
-26.918644061753263
-644.7097988058651
26.491866916497308
987.3656133669268
1109.0308432806366
69.02682418202461
-728.1635847111177
-2857.7759066038248
-770.8871449553293
-2.8560052771186832
10.279234320255773
525.3548958089909
1490.4310738423528
635.3573094607103
-465.61575821110137
-1983.317234597267
-471.1893922928647
126.7970477224604
1252.085921816496
2697.857020688258
1158.1296330304995
2560.9610430124567
1847.5856917148192
1397.6185535136206
8026.50651555913
7692.048953427695
7082.912709123826
11335.585212721908
5676.908171999745
8587.878572462396
5588.242168456702
8571.712946581076
5944.037603633517
18209.85074519576
13303.057817826124
37649.05667786456
-242324.23
0.057161933018360624
202.75610052033352
74.55197105059835
-580.3954697086256
-418.14270000448255
-113.06908840372412
-0.04029221614979042
605.3677761355985
213.6583631629145
1804.4604294739074
328.1216748616671
-1.185792474918502
744.862229400042
1543.0552493533503
2025.2237499168862
1787.5741891700682
750.6340129190245
1232.5517206074637
171.30166195857925
53.33366323836337
-19.96945997257926
3.6902935544366047
38.26513963469826
315.85613725694736
0
-16494.510000000002
-18196.65
0
2024.4827661667405
388.0405239931898
84.97476983277083
17.777301730107155
-42.636963417057544
-16.905851541629126
574.1027607818442
350.1568833717007
-24.22175472979616
-241.84094074194763
-1358.6042565267921
-2493.693418147713
-3980.0356051595227
-1129.0212575166597
-2246.467448757763
-3899.5227659339757
-107.42918964346097
82.71090014151328
6.386914077343093
-31.181044626703052
-450.389313079237
-125.47043953623083
73.9159858552799
-254.44663591753363
598.5988036969686
1702.166489393445
32.20144497258454
-307.35200422588866
-164.21109062178658
-280.3681551639283
104.30854505727652
65.14125305503313
-14.19830068784211
-8.213488370710222
16.109055248631634
-184.59471635470476
1200.648404788457
-52.77274586290385
-246.50768370273332
-3058.0701326364992
-118.4110813417351
226.89305015998855
1500.4533105860714
1879.178522232255
1459.6271019244248
1215.9117896839025
992.7857691590141
673.3508878367971
482.1211276780363
220.14759557672485
114.37897429296984
4.768588538641634
1.1991346881914091
-52.89010880323056
-91.57367427239221
-412.08090425546084
-523.3007709241267
-157.2097587594208
-11.58190209899465
0.05924236426302543
-16.979107255028936
-122.73189554341266
-35.59794324044124
104.47674246133568
972.4681428035917
103.44036096249579
94.32608399181194
892.9750895837915
47.91308053745448
-31.183048590748125
813.1488661208934
2476.9655190844833
297.88772249980616
-8.516636879969786
-393.5311608355954
-1102.753982703316
-1642.225268739805
-76.75140998808642
502.50187693047667
13.27280076174618
-0.5227836027950956
17.845561953874267
-31.882510586588143
-169.41636365418847
-513.9028375337809
-1227.5586201103968
-1091.5630424045432
-6.527899935475233
-0.6591426226815437
-225.7864401587284
-139.37871508113554
-4.278108142326279
306.0584190492277
-18.848512581816838
4.474143867550687
-200.27261155532233
-343.59389202141693
-145.31847511940822
0.0353831234108684
107.88018165966838
483.13316290515496
-4.690549539582149
-873.6339509998737
914.7067369678966
2183.316001698453
4291.260988338952
1018.1935221839794
907.375748272313
193.27892598160574
81.80359788096685
-12.521554343306768
-1208.5444456178786
-5584.588989990333
-857.9578459870629
-151.85395702792584
-41.93165060024191
566.1164110208207
-72.67150104609304
-315.2597665928138
3431.1870193811324
5410.411740525904
4706.0205374281895
1998.7130696897436
2387.924896776227
2709.705624396781
1898.6772470997817
1988.56395753827
1626.0721929674605
1652.744857260724
1199.7009161369342
910.0572817377493
490.81679826430883
510.3821178671712
222.41967559898214
26.50489655839497
47.34751675786149
23.165574021903883
39.31901513207609
72.37139546147543
110.62041131078689
110.55045333378543
69.9101469763675
6.914677190525685
-60.26299524414514
-116.19397424756622
-258.8176040549693
-303.3081447292531
-747.7434801605418
-580.3564070550208
-865.8970850111133
-1346.538098422805
-1960.7919569758396
-2773.3643401999034
-3884.3529196550444
-5387.937111668016
-3310.8276560739787
-3269.0675254199614
-273.1677458340133
854.3390098933276
1895.4760237024325
1453.8731942095178
1635.5408833169224
1697.8170217304864
998.886185507216
1022.3494833102628
512.9549415000699
337.8531337547957
467.29912069915366
266.0633557863631
90.72157837775165
105.62935914431122
101.91921647638313
35.63404486451274
-26.897644540646343
150.26278210881645
-5.491590640350108
-27.948247626687284
-0.12471652967966881
-33.9579990066149
4.472653769047469
15.93680244018588
470.637574938493
140.8278555920221
97.23560182407279
263.3836983063869
-14.955177703072552
-52.81640232732212
-404.38521268716374
-219.41159831713134
-845.6863947011092
-990.2823164340396
-2383.139721475922
-3722.1796415385293
-1114.297563004658
-1424.5206174159853
-1287.8779243718914
-1519.228049709094
-2283.2137349877858
-2436.020389041112
-2260.7161431715494
-2338.2697698975035
-1359.3540758866343
-365.86325315580325
-1393.8411956752693
-2515.4027097109565
-1799.307042273375
2435.9232344937022
9748.874283106663
4494.410501205374
1998.1382743537852
607.1160512719789
0.391243141529416
-220.97424179023014
-425.8444600401684
-1373.4266392872264
-4129.967355281278
1.3133395311234157
623.459272699479
148.4243435031267
-224.13130162072076
-385.9906337080989
2085.9971035347467
101.99363005109595
-917.6322304648025
-882.8095228099392
-309.65899764677465
-1085.529974492636
-231.0252263761656
1077.4922456582126
748.5392348507919
255.79518333582973
1040.3164223561164
397.3800547413524
703.7549492072628
-316.4499750575527
-3259.6817715748675
34.382680675663806
2144.3535154869173
1157.6735620940358
640.0055863433944
423.19865292065833
53.04405382663828
39.702600866067755
0.9626080171389377
-97.63355770207261
5.490279122208853
133.90734818443343
6.788186550680377
-13.147487579043146
-220.2302085747395
-369.1216496890702
-281.1998292809951
-397.09053928302325
-768.4503266597696
-871.648688355573
-206.60080286051783
2727.589674498192
1253.5556809827754
-334.2507856546461
-42.73539973734319
369.75877629927544
0.2508629732940408
-1758.6992976750623
-990.4733986549242
-13.754514083106717
477.8612496164084
-604.3558758998752
-1322.7108348412498
156.13955832044434
982.1806080437207
90.2506979889738
-196.09594105923372
797.1733108356954
100.21875141317118
-1.2726476823458905
-174.6253869582019
507.07565289573375
1782.9412931033662
286.8998577361735
-134.17143269153445
-1686.7200782996326
-2667.516258321939
-6194.211984948155
173.46245658596047
928.7181817562855
1839.6633056893288
1749.918348593241
1492.6292521014454
10161.022922590178
11956.568393361154
11898.542334564609
28393.726778902215
68049.6677192826
91316.33898915123
116185.13969974444
118875.54976588389
145251.26161431835
153362.96286488033
148067.29801244463
146228.9751012951
164909.74088754412
179511.14161956665
179311.26783889212
207368.79092447367
194086.77517244653
209523.47432298143
228662.70839352813
254935.98759667552
267950.89051287685
281072.98789414065
330081.5763817901
334201.5799494567
352040.8691189281
390498.1362283914
488006.31469737366
520379.9958847919
653583.5070748111
717651.3737108457
917708.4319138564
1143371.461017545
1318857.0290700751
1546765.6458887095
1552417.161763615
1630043.820179204
1751012.4407941548
2025655.403171307
2148663.1774306605
2795193.914903573
-2721252.4699999997
-1895902.5199999998
-1749076.7099999997
-1589263.99
-1665766.59
-1428916.6400000001
-1075122.36
-1293175.3699999999
-1042077.6299999999
-728241.3999999999
-578229.3799999999
-312999.37
-213038.45
-248364.08000000002
-394902.5899999999
-499969.5000000001
-340153.27999999997
-431493.77999999997
-510200.51000000007
-494290.6999999999
-501576.88
-511081.19000000006
-467968.0999999999
-408666.61
-390581.31999999995
-412743.72000000003
-371585.3900000002
-277508.5
-375371.13
-313402.26999999996
-275439.19
-240188.15999999997
-231782.89999999997
-214188.64
-146803.25
-120882.4
-97443.66
-74344.4
-42740.33
-25560.75
0
0
0
0
0
0
0
0
0
0
0
0
0
0
0
0
0
0
0
0
0
0
0
0
0
0
0
0
0
0
0
0
0
0
0
0
0
0
0
0
0
0
0
0
0
0
0
0
0
0
0
0
0
0
0
0
0
0
0
0
0
0
0
0
0
0
0
0
0
0
0
0
0
0
0
0
0
0
0
0
0
0
0
0
0
0
0
0
0
0
0
0
0
0
0
0
0
0
0
0
0
0
0
0
0
0
0
0
0
0
0
0
0
0
0
0
0
0
0
0
0
0
0
0
0
0
0
0
0
0
0
0
0
0
0
0
0
0
0
0
0
0
0
0
0
0
0
0
0
0
0
0
