9932.970000000003
3031.1521613553027
7434.331701949375
3633.7761526926797
488.211598230285
-107.95710227847152
721.0873937029609
128.55468641751932
546.7343219304544
515.1381826382299
621.048096160084
-74.94136192860239
-73.10092506114565
2219.8721392207954
2499.3479467110783
1829.5450541920252
519.2419308260212
131.37391999879677
35.82316650379792
55.49862827576846
11.199790196336364
583.0780984737723
1258.5602937009571
93.2435693076896
-190.29916135021097
-510.1779618607636
-570.3554224702234
12.169454393389639
-62.63056785717499
-948.4624538947251
-658.27432772609
-117.13049190496906
-32.15846775508249
213.81606031288405
-99.33712272859437
284.17262460760764
1687.3202519103093
1423.285948711553
1005.4787747090384
943.7249185938483
586.5893692536499
655.7684147692944
721.856976051991
410.1082770048901
737.3911009899257
814.4995114078155
656.6641655703462
293.26428001616193
248.87935426357674
175.36225225559633
51.13020812726011
72.14712917212867
68.09925024179887
24.512720275025803
-2.4765948637866346
-14.696678664015842
-31.94431425938167
-113.05097744721003
-170.35276182511814
-60.72713642976027
-40.79039161021257
-65.50742705742455
-0.2272109607192173
-44.36290823032527
-8.001253674691997
-22.20161360686184
-6.572155583745276
6.691971985703457
-0.2528622020496345
183.706668354989
1476.2437675482363
1239.1053732442238
1011.785229256516
815.7246421939307
786.4848145420865
616.0903487719456
507.49785360893793
535.0768559957053
296.4723878813316
442.92953487045475
471.28929081516543
389.8961101798325
398.30253661406374
103.726657249358
51.033450013848714
-3.272590601742367
-11.448323950584465
-85.4694123989191
-13.89704519242721
-157.6062748866618
-12.033698789464024
-109.59078476548603
-93.35276103188416
-18.6398436151169
-169.7799118707444
-132.85615324201217
-142.8659714367042
-177.07367004790976
-214.4900807263501
-167.4921616736343
-67.65649309742506
-176.18737526454862
-149.2944788395809
-95.43664189579057
-123.75540550216657
-224.651118466616
-300.1055242730628
-418.0130509854561
-394.81429839541613
-819.0966356086423
-935.0939948891821
-1538.096631669845
-92.45947074106553
-89.96236810128457
-310.90904369413477
-340.38687377324476
-804.9361496915744
-1793.123941573538
-4355.105923090218
-3582.1673982594925
-1765.9819783088587
-1509.7002913213337
-1378.0592677189275
22.827773205974026
267.6649697559851
440.1540453360389
408.3780493461532
62.20908610515259
79.68900757216116
0.6310845534514486
9.669399846971146
-8.846800640068304
0.6490854330061224
-98.84969125873388
-139.2969102532578
-323.4042520953471
-252.7399585300572
5.50184704795514
1707.3092509317823
1142.9624570263795
231.76151856096362
-1.7500174528745318
-198.66027435283092
-563.994602753867
-1466.450556210326
-1641.7545606079764
-1503.4838122424803
2688.921231410419
2091.7831922849
1453.7581686058984
3988.8974815789466
2505.465739066034
1139.6429040869136
385.118923314041
116.0332154055306
189.3959583529034
-3.4421215111333194
-269.1674661885491
-1328.2811581073015
-878.2376600231116
-1606.6103792653337
-3124.1538516084784
-6369.662577095201
-769.2593886216299
349.0775238405223
-19.048258060550342
-659.8085746859904
42.09078753257561
7.25170207281693
766.9545710718214
312.16727904558746
-13.17986849296655
-36.54687136805713
108.42969737441126
705.094948088497
309.645101755821
378.14486276792957
584.1498247884706
4974.770417594072
3309.2037454626015
1250.9112647544687
483.9587738557237
83.83418117970604
33.86238958951971
-1.0151987803919444
-136.50472432502752
-17.86440642436752
-4.326456060573451
-663.2391955693555
-2065.8025151431
-3713.4149793378792
-1061.5997584704478
-1088.01171962755
-293.2654612005071
-326.62700405446
-283.8206821261506
-4.664076309949643
-6.022319890302192
70.11478956142838
-39.76712234145008
-265.91724740306864
-6.57123051469516
-44.62829858760829
-1577.2288823966737
-2006.169547649967
-216.4891801964509
260.6349826006241
1957.8564033041703
624.0819348670736
340.81416228998717
903.8817883226698
124.41332944676667
-731.2463635830511
-3747.94711792064
-1563.2057825730294
-0.6383849113108189
-29.637814875156188
62.612657611889304
157.24955311605774
38.58184041723857
0.1252512370139771
61.70324318438193
523.4585040025898
841.7763535530279
672.6069842010473
896.9740242464561
570.1990557789047
488.54294203281324
263.84193799306234
49.211961972791244
7.0650837561451105
0.19299190848087985
-28.428156154932417
-134.43624884998107
-371.49537690981134
-1230.7638049047023
-816.2564744556621
-384.2134633421561
-46.13563523882574
-3693.4487211328187
-1740.4755089525713
-67.08421587054508
364.61015362689676
844.122813049519
1640.2778857621006
2228.60082745024
1272.9318677640535
1267.302562881303
852.0673238375048
901.0863380889675
958.4082570147852
676.2151643164959
372.70385670234555
203.50410064264338
354.1896576368581
139.24924377479454
151.83820609649217
141.21595470282583
205.46290147946962
144.75780873900058
8.575183829101391
52.224069509544094
21.423245229854103
2.51828233559212
-0.9417246990930149
0.1354465346982923
-7.701048181924261
-7.549340007029139
-2.0325973525141925
-1.493687453706785
-18.663166868881124
-38.03524485306393
-31.5537193613649
-2.7974515416375056
-33.568715678167294
0.822989331480779
8.211854327243751
-3.906812080938198
-13.758680628026521
-13.884219235846064
-17.11241691558312
-22.546644252349225
-24.54831541275734
-51.18801879209677
-6.140311521298086
-78.7365788879511
-13.757797783335697
-43.690739627791544
-30.06299564557279
38.64939307138311
308.31795562103434
147.471335903639
69.32391675251105
93.48128888288885
41.59403564074413
6.9941097100586385
-12.005100179623419
-49.976948225869435
-50.6219374178135
-139.0156453885072
-64.19888208797109
-216.08201994574884
-292.5958078748413
-224.47079485006347
-248.05455308048656
-566.3551783940908
-532.5432254438051
-829.7731239379954
-356.54487245033727
-748.2467315382803
12.314911192694778
3250.56477935781
2389.0785424849328
1731.577057850714
220.26412528659517
280.30129884070675
1.091113485005782
-95.84933161186302
2233.1946431749625
2877.6873925743575
1295.1516895247585
3029.174089262996
6355.576610136553
3086.0435584298953
5057.34041410622
7083.09862059355
8069.879322519013
3965.3889694083236
5261.994514937568
3332.752547096193
3857.7197182037926
2726.2828930590535
10562.738073918676
43704.272072931955
47780.08336857935
-32217.31
0
45115.164992642625
19071.024168969227
31997.85024825342
79358.15219993678
48304.64567291414
-32815.97
0
19521.386169589612
63652.57079591129
54671.464852091616
15900.269999455142
-74507.01000000001
49002.7187086341
15218.676995352038
-267349.93000000005
-235330.08
-23703.25
0
37814.24176699947
85756.61192183301
88464.80539882355
94744.15267972411
120106.70915641144
424463.69365770277
-309617.5
-116507.26999999999
-201240.03000000003
-129779.16999999998
219387.59930073336
-92046.76000000001
-70228.01000000001
-174845.78
-69663.85999999999
-75531.7
-123853.45
416.32262904167635
27.206527472948117
61.05491039506699
-21.919571016351977
-232.53724373553328
-387.66272174035635
16.399132601695804
12.45156810060801
311.0699576944986
199.82269351912788
997.9391791987932
2251.773917238732
290.1952403629872
-1.2365944884598503
-76.79682934886247
1242.3456658284517
937.5124651140568
-34.994776754531124
-89.88919278793371
-66.18563910030237
348.548145159529
232.93043218416125
-8.285446273757685
134.11432845846292
-1132.6830175751022
-667.5319137738451
10.967849923050471
-0.27210023628691815
-67.24086302944534
-656.806528602957
48.433093233235454
-1.9613700991689837
513.8896201746295
1540.5717386037313
1488.756592389483
434.86974297685646
285.6977307082209
-2.7474897376970002
443.355494711738
1084.070240878623
838.5133693158825
1064.0466596543497
859.0986199484284
549.7861077897941
279.89125665301003
127.1790666596472
-1.1501608462748742
-48.61544717796208
-63.19548919610926
-321.32753781426516
-577.9951828623256
-996.2652128847922
-1180.9623005443045
-1133.8504416560618
-1237.1873339543508
-295.3687753856333
-693.314197201419
-730.9422023206957
469.1008470145636
42.041632567400995
0.24268242600397483
-5.711308768185298
-429.51625842765463
-0.05597269023235499
-153.79321442391688
-120.16109859347125
-5.504784287004696
572.6447809122749
354.70591853028327
-458.00320473467644
-582.4014546632707
-147.65398007665675
7867.726766615828
3433.3729544932944
1321.0710536589793
164.3141740378299
-167.6696140332539
-1019.9889368710169
-1156.6823101436182
-617.053128328782
-106.42189368541067
3.337350387806555
204.30305443302524
630.1791719009077
717.1084380178822
1.4549093598653928
-185.4554184245101
-448.07538735824954
-847.6566746921665
-2078.428768285022
-751.6245782814206
906.7681584148108
1429.9038633055252
1479.595548612387
1778.9075262073552
901.6545754257468
781.7045329321599
287.41763492344785
38.88741041693791
13.194212837565196
8.77189067645728
-1.7125415148404117
-335.74183218647056
-893.500762371234
-1993.3780545976897
-4937.8020094462245
-7477.20976837034
-2257.69519338833
14.64943200349861
-293.42439002227917
-1471.5328845286972
-324.1031647676597
-2134.625293964804
0.7521052396220917
841.8095448955268
365.13949393441857
364.61601038170954
741.6277751935039
641.8997874690034
802.7190256606902
734.2066794942482
2894.4136322160575
2567.643131966149
2237.9743258877097
1746.0139908575024
1468.370515177119
1184.590129497341
1368.4466212678553
1192.5160837951114
999.5327130422947
864.9539312260137
666.4128492655001
708.2243865045484
649.462449269659
316.12446084716026
296.85491327600744
80.89001790390303
10.920090818772623
40.84868705245814
14.57569670093758
-31.350395954973298
-4.160889674954056
-88.93271741151142
-53.24284161852741
-44.39041353807412
-19.05122692261078
-21.554612833720334
-24.95984204038197
-39.97170620895168
-46.556758138736114
-125.96558152916882
-28.133131638554875
-79.71025416906963
-117.48486005404298
-4.6910874458472085
-63.63814815676989
-104.88997285251497
-115.37477893776517
-64.72851977571906
-74.5425747604946
-3.3425308068762183
-29.240011650745075
-20.456717040823186
-35.558582177091104
-6.772233865710341
-11.398802006389083
-39.53735440299044
-35.47302923107082
-193.59585429580082
-44.13315181869988
-113.46194967157767
-116.75530922432459
-101.35080212797955
-121.130627476987
-187.66573940497
-170.83650647225443
-423.4767088751348
-255.542700516041
-277.5209642540137
-495.4459623384628
-286.91491024368224
-551.3675646742513
-761.4356173250574
-769.6937145174751
-781.1271090956775
-870.7110472777293
-621.1086064905287
-333.26408045564165
433.2866194860914
835.1941022273364
262.1111769688407
1002.5250345172132
1428.0398148807765
2043.571093224578
1628.4360017192305
1358.7575682921583
1296.1655572246575
1325.4534231663122
866.467659056622
701.4252640247256
306.8934393600379
164.33535138986437
107.64005623583698
57.883286775369506
7.462776270904801
3.782423483768738e-05
-5.744559353779264
124.00562312292058
149.70481525859975
11.603804210329697
-8.392319737685316
49.184924985915075
-20.838345679862588
5.393220617485971
-27.291862550664504
-76.10090964577516
-73.57316157347475
-63.54933311320685
-195.91997847617603
-285.94650262775133
-856.3822201234317
-1129.2565926536915
-1096.735971837828
-1356.4869092170384
-1990.7824111825812
-2225.6104964861174
-2313.4722870307937
-1824.9484870365068
-1628.4889162760273
-2940.9291426485993
-88.91099374568175
3186.861987152774
3754.37938056435
4971.742379725541
2669.1401997035073
2624.6912648913076
1141.8496794945115
94.96596691888858
5.207435636526153
1413.4601370689916
84.35751445773367
183.93426641840352
12596.865530769051
14534.08743591692
9371.578675559265
14825.608738033548
35103.890010598
-195094.0
-555.5474150921589
111.78851636314779
6397.693476266044
5833.674676697163
2787.5916086910956
1601.8471993812457
609.1254398167082
515.6327057714741
1089.7536186942425
1159.3321282322158
98.54153967792351
-34.604240374372225
-456.26499427786615
-1196.5330158062673
-3492.375085305046
-2353.047946619304
2057.3370448752526
1127.904854044231
131.5120088931594
192.2660644503408
-0.06254802238880403
-512.3434492313672
-197.8247358731764
7.404068447311475
-3.460745277156141
-300.26792118881
-682.3965412943328
-2326.965692752956
-1688.2927216236678
1527.2883417783805
440.3555850714086
0.01579422452837088
-809.6505776998795
-68.84463564987404
-17.82151689223575
-399.81939777702115
942.4013604499476
486.8492218123835
102.53555278701906
-37.830062037199674
-364.7814586096533
-830.4552647133025
-2346.1159116612457
-62.81605756738662
-900.2141167172522
-2568.8921287840217
-587.282134676721
-116.99923490792466
-98.36227101790442
-73.94214238521897
94.48521422393168
189.23478352195113
305.2028085406412
194.22143156388438
214.73606402316102
797.7166627154621
368.2598887166047
15.88969145392753
-143.00805430728343
-1213.8842677655434
-685.7273150232068
485.89278869778786
2135.2454101142944
2131.8235492825625
1806.048524483042
1181.6016099587437
1439.124956436704
1292.792001625703
865.316708486092
848.9297833441794
801.0918378389564
533.0842037871834
529.9322785254376
341.3264954058718
416.4403592107486
304.1896617676875
256.6071172769999
213.30715275794452
200.34917051055288
300.57085074324874
180.61088274418063
209.06137221462598
132.41392043445438
185.21945588689698
151.79945491943465
103.74518742842763
61.939505677694534
2.6216849710934875
65.65026130106334
2.4726580527796123
10.366363792633654
1.2106438934527033
10.246315562660971
2.4911075474423954
10.309021530122209
9.372980407243006
0.05498660869016998
84.18320868792306
752.0636085528272
1064.9019995834572
575.0766323341637
131.12601513629735
-113.00493003262822
-281.6081378725516
-158.63571202840683
-553.451590088387
-1072.7947848406563
-623.0304793275261
-782.2611622710903
-1230.9528184101634
-1306.342676415181
-810.5005095485833
-1540.7905421161822
-1347.8997205243854
-865.2628624932889
-1385.7312272462127
-1991.5410721811322
-1963.4586448089653
-2336.1694566058163
-2100.7871332356845
-2149.4202986102837
-1575.151471047523
12.526295713775085
1.7264306878112328
81.96764172875763
143.58061661772848
-1115.0541957762023
-708.0877823840253
-160.48398566633773
0.6080800802603893
720.4718271118096
789.1141184960348
136.96551261108328
24.131908657747132
-8.676629100487126
-134.62654632086014
-208.9053793773918
5.3557115019962485
913.3747143998754
-111.2457745546514
102.63297619367897
-2.123096014434804
-317.77057283803475
-307.1140660190322
8.785621272395872
-7.395134459639301
-993.3127046036349
-1914.949078355428
1628.901304641875
2697.4808837142673
2428.8751763842306
2523.106475364458
2544.840699598073
2137.363450528079
1685.5632819528691
2078.150514109725
1823.8262424738436
1777.9311814950624
946.2167869611574
943.104289667366
771.1527164256007
409.5602000975997
171.35507603115335
70.24040611979513
141.27193610966853
42.564362921078995
34.85719052109427
41.85789505640599
-0.045711944188711745
0.0032558227574695313
3.96336674645864
-0.48358085612634943
0.372530773027013
-59.557656032583644
1.9340845365853478
-17.146111624607506
-60.129293544211876
-41.613419834120165
-109.60180396155025
-66.2970141783113
-194.70179576185438
-139.61461774003936
-60.60941180949877
-214.4200674780951
-63.77293012570403
-284.0989512978456
-87.29873049353924
-35.384734345009235
-74.26162852371293
-13.865505162263291
-171.14626752064524
-95.18168827861652
-2.009911042239449
-94.38451292935628
-95.00053076564602
-81.37042476253534
-224.6332951086104
-126.8735901629385
-328.6370724167675
-219.02274058524705
-85.56544206006363
-35.0275529647802
-2.1321344851842428
-140.68471802136284
-39.07761817560137
-47.032469028038484
-135.91352763565044
-106.74253442095673
-200.2691390169257
-130.6785717192026
-445.3543535258127
-302.3310359270721
-479.1212045840708
-591.4487344409631
-904.4120859111902
-1084.4607027579273
-1134.7370777511633
-753.7277286097582
-988.263649419981
-429.8958022470572
-0.00739334146986648
-82.23806562270221
-464.6120679637952
-921.93191263176
-129.8468084521508
135.19044496741668
480.0410076563381
707.8114598672103
1008.933164154583
170.44163447089215
10.6718229558966
-61.623577714373816
-149.06148964413683
-629.766709829561
-367.88574326954836
85.40051851348896
-202.86439121242265
-1606.2404520976092
189.28179088622687
1245.5683022242865
100.7403841842316
26.8326991550181
870.0765989643128
1322.2753967359304
1063.193015365808
2128.3983357440775
652.4351054648547
2.0592530470305395
-102.7738044122751
-967.0205215317219
104.01795174586111
454.7076938233966
1244.5861010912593
571.5374136039584
47.26181943907264
-285.35996422301434
-1017.8618569898297
-5305.789712249269
-466.8556472055264
551.0321873639164
362.12728732747763
8.097233157910795
-14.508653356728903
-208.40215316630443
-682.5314784680216
-1887.1113499671635
-3188.160066255183
-428.5988609280457
21.513829429348416
14.983233208227976
292.98546334990067
-49.62436807524675
-700.317501026334
-51.61911482168651
184.81071409008985
2.875685501966232
377.7859173710906
-14.90108551331473
-811.530196178675
-300.7644597464905
68.09676661188807
89.56998148295554
727.6932754713507
1937.2595139304503
1988.756596333702
1925.3646031708236
1550.3726456099876
845.3886472467927
585.1260393831112
183.1787191688291
148.34729816499373
347.8971426210336
290.4369238889843
259.3095587165311
50.70941844362493
20.866836645193903
28.47343377878282
90.26430119966
11.108487653023403
13.024075974414902
138.77383073413864
11.252811320786284
62.29975227600527
26.79478686655004
0.047143964740620735
3.6743065787291886
0.03607979778876657
8.346206915990496e-05
-1.3187867980707297
-0.030799080127941518
-61.67360708527857
-14.974992871539591
-296.8440270831207
-189.4485850468397
-306.31530627795325
-521.6709918664741
-22.947556635802478
-92.32681802217473
-51.801882462596105
-65.62373869983136
-266.2448541932444
-74.76259157441075
-135.18135874661317
-186.41440851508966
-0.5104037372622694
45.83023044032417
245.62937958278513
177.994852030418
271.41443900874657
187.10292839697573
232.1077649302353
199.13625615667246
191.7094500224237
163.61151385393197
63.921128226089245
93.0644587576546
137.32089195477127
94.86009849850826
65.57554484920584
78.19250784847453
155.40649672687726
34.67163025896994
44.99583446782548
14.385234311495841
25.691324553082545
-6.2614436553673345
23.407474276304065
24.3599879725851
6.889546433978907
0.7639749220877825
36.75074466014158
5.0360722244084775
32.87522071301312
15.930146697738413
33.45679884609482
-19.389595273124456
7.792386333042023
0.2137730273780039
-1.3663513188052754
-1.4830700850493619
0.5621441915589821
1.4391588033004874
-2.7189758133217565
0.9226532197911022
-19.118471721076183
7.192122625134131
-13.327485962682456
-0.06550845787812117
2.197728393966435
-17.195704432144304
-2.017362013006524
6.567706640898919
-1.0382432242782227
-8.07795175320954
0.04403428307064347
-3.0807395683970236
-24.763235710036135
2.794908570965212
-9.383779436544305
-91.78991336838035
-6.1665244114530555
-34.07026681071368
-14.336219398512316
-132.38596568129887
-287.4536722062276
-145.17537438473985
-2.9305482426075598
-37.11865274440983
-23.629560261942498
14.991958524937228
5.545554256663504
151.32901596570255
-75.74390800305082
166.5328331299203
43.57845026137735
504.00641173278103
2437.4896130009556
903.2569398256459
361.8166125320192
0.8704378072226024
-350.5968700726075
-434.6941268137018
-446.6529028049779
-190.43156462594737
-18.372329284952222
-81.96414350013725
-115.67443627550553
-313.53676246063884
-660.818918425743
2288.948261035341
1037.77211386427
264.9376253176944
71.57675147379565
525.975933885393
1655.0445171667295
1722.2294119754565
2759.800504778913
783.885548325052
589.7958514137847
1901.4101377980096
1703.7792895221264
7487.833358861
0
0
0
-98533.06
1922.9809729278331
869.0591481825613
156.48034689511474
531.9606179024181
486.87667404109516
188.33072565004005
164.68558936439632
13.968961038120273
80.92645766059165
-18.43213056883141
-52.42167973296938
5.769070171130669
-51.53494012821578
-14.015799734654003
-3.8167951472698256
-9.318354509990609
-279.07659920545876
-248.836420229859
-547.4289279495529
-887.0058779507351
-1128.4693241691477
-1692.6339106904657
-1268.4310535929676
438.3066474679341
825.3199466705446
167.62598163534147
598.0107011768632
347.7430209094868
225.15550728683232
206.34600658558594
58.659046221406875
-5.45692468313642
26.50120469057245
-89.44863994578364
-106.49770714338021
-92.02602206000086
-305.74804912947155
-228.00983957643857
-334.03003676796436
-0.4811991413466285
-140.41269438253477
656.2294776751635
38.00287893327943
-20.420539089713877
825.0383657431667
22.679822422562733
-263.14122634415656
-1208.0967413900246
-5704.579145526765
-2360.3251489863887
-50.838054349881666
252.57842600195943
572.1503858306755
739.4359505429483
384.2935940341008
775.4537846150585
628.5262374047364
433.8794609447193
198.22355883292425
200.66094476952446
97.60647745956626
341.2335111704984
181.66225513415355
222.87672855844875
428.77181184574715
337.3940970358088
484.63053892660025
166.19623600548408
132.91765694929234
109.5703282083569
391.6414025209145
219.94688827489318
223.326193603764
88.39460092007307
208.12752315776197
46.62072835780979
1.2027155777457275
-1.3711819637886888
9.4972696799347
-2.9056296936193773
4.126338729449221
-48.06960063063261
-44.92555619345361
-91.69122033524448
-169.74107920992486
-201.09382420079464
-269.23803418637186
-336.38507615284703
-320.4277284265808
-396.1100015743059
-452.7570893658153
-523.5382531444402
-610.1930546208696
-884.0599703815459
-599.550638816293
-599.8372256336211
-1269.7102344166456
-1105.565096580934
-1133.0133943675662
-1336.0379452016487
-1155.9688560173813
-1034.5221333160619
-55.545285946519876
610.5998164968574
760.9185703176945
2664.984713157648
689.1962723821579
8.463815587384444
-34.21862975145481
-175.5154214018573
132.42737367919375
455.2849136197206
115.68652005709507
1025.10353444591
672.9950880032196
577.2741609597276
313.4968944949099
240.78749022115858
0.006099883870252921
-192.22987585109706
-917.134748188381
-1529.1128850685545
-3485.058161656284
-91.02205799149158
129.80772938065655
0.12035998501636702
-118.01790232390016
-0.48495119647721696
-46.23721661041442
-322.8307892269572
-754.5598846299106
-92.81962111259307
0.09538023631073617
24.29651223811447
306.8715958978417
1537.919218192791
1225.8383779765377
554.7496969089253
862.4427081058444
746.2073363589475
466.7880758420607
357.5272144742543
335.72964659510006
423.40033496465514
253.72105617596787
53.75885222556618
247.360522135969
74.6175917624789
56.555938164746905
16.864991046697888
38.51792497224133
184.14140985060988
144.31052348762617
39.04302062940668
50.42935702203252
-0.020000015227569126
0.16852486653115784
-15.411607491632715
-17.110288614950502
-27.19965468928487
-100.70218523905997
-150.43238412664275
-144.61942153114398
-225.61700714883193
-318.55817499378816
-327.97950496904866
-463.14570398338884
-844.4875405648638
-818.9705713474883
-1413.1866285122865
-1263.9435101035738
-306.975690149255
-26.705779307389903
197.8525149114859
185.890563559285
35.09102079596114
21.557318142082764
0.7626988363403633
-28.501203514189648
-89.7128291854699
-413.1771824648424
-553.6716384957783
-717.5857417407922
-902.0882563075193
-78.08547504058657
1400.0590669631488
492.1241272897146
1029.9370126693561
471.4699486309772
61.36761422535298
-203.86506910980967
-1228.5960082082809
307.55090775316046
1439.34974277327
632.0515878805898
1245.3242291106244
2714.710524113474
2312.848759689696
1974.2650175599788
1916.0708951494737
1207.69156052931
1074.0497129450612
1013.6359697237724
537.3459304476656
241.07888293805516
438.0489265747986
136.82809649472296
104.53809527934575
118.91731806313851
-11.251295686359823
-17.65749177137854
-81.06107455771144
-150.82227830025056
-206.1630749599011
-276.33910399790733
-255.77162166715365
-339.28933284946004
-629.0512607951191
-846.2304897437874
-43.817920371472084
-1073.1485106202936
-3235.2407971858647
-1278.4641733401074
-445.03692181607016
0.6408813642859579
283.86091233250227
242.510118359882
196.01125536876708
44.07093318365422
-15.907220452094307
-233.42500192767625
-1127.264760176603
-633.2137223922397
-787.3466341718074
-518.5113854101078
-920.5743861227302
-1211.635708336602
-1444.8823590157722
-1664.5467370579531
-2228.123889889747
-2760.134400523099
496.3987962134944
2218.885237580974
632.4651608935221
64.94569432500707
-0.4652600300259192
5.0596235637191755
-93.55832696625896
-644.4444443035482
-462.42960161858434
-643.6705573194719
185.34807910618602
3255.1640596147136
5162.96638539529
2382.4553082456714
1437.743588477826
6.702329214729559
-119.84424014807136
273.0601614259561
1442.3128093991434
1728.3120316193208
642.0578715800887
683.6516648581455
37.128917828785085
-2.988057109876001
-453.4072250923368
-413.6011852948978
-1850.0680712567503
-40.909857975541414
1109.8485403812117
693.0782973096286
8.081524430501199
-1604.4035815850189
-1693.7533441181943
201.2922452494832
1974.617529607362
637.2663902100558
3643.0250716938112
8726.413118442732
23205.15143439796
30497.08753724138
70913.96880240858
-248369.9
-13.4964372207351
-10.143204291032859
25.724590968907698
-348.7664779586214
-563.9830988926038
-5.493751821109591
-27.018598720264936
113.17962714189935
2308.4234356271672
49.70426937155923
-3.7852976581968845
10.680706529213124
-64.77574373981636
-137.84507348776788
-11.598934325469951
57.62286664708687
145.88710488840758
613.8770213584344
31.967733946430346
-1063.70897776297
-204.65924259834355
-216.82458784569388
-25.945246052801647
2.145772507837428
333.1256447975475
2.609420529801314
-4.055373741262002
110.80754755970767
2684.64310552916
1946.590373625863
1508.7930747775797
624.0833341445191
1073.887068528199
2450.9466538703978
514.8464413950544
-11.898052740528854
-410.4511606078216
-98.9738009678831
3.6253071301345146
8.704434636022203
-181.5593398085212
115.53916576100954
-863.4978811579797
-713.0914440089227
46.12819093776146
-937.3304381700443
-2456.2073015319256
-497.5475124406721
-0.45016098006075156
-276.28661368343023
1.359613203474117
-2162.2281647295604
-1316.726431549581
-29.124099699039252
-546.5013694906776
288.9673800389238
-889.2663917544442
-1395.1189515357844
-281.17044279651486
-36.90908383558815
-794.3567197330793
-1094.7728241930172
250.9160470698353
362.49345534266286
-13.446012004725272
2328.8636483792334
2993.1837332874056
3872.176791507546
7090.654767214624
4488.210024021197
4706.787973169276
3421.7785015217587
3750.5358178172264
3845.286937060023
4551.748581992852
5268.148834341722
2542.939897402259
8187.642765667382
6319.223902787176
7420.929232066554
6169.940499580272
4772.711311115117
6884.555434865713
7360.115016246509
7234.516131410644
10706.632953653778
10529.021729365837
12569.263108125433
13264.557452210509
69132.47401909264
-313854.02
178.66734087840175
62.309387975865356
-6.217399736080035
-40.54996289157745
-4.992105138974298
-63.19052544024855
-79.57074883584468
-131.3996031293611
-369.98691850690807
-658.2221470598772
-613.0790544274104
-619.9171214779634
-834.9316816403583
-1309.8915197175916
-2062.831822440808
-2354.674772916207
-2657.5330455624153
-2996.5690780177506
-443.1040865697753
139.82097399806426
256.55860125003994
-1.0238351002970845
-16.02434428459553
-1750.009105807304
-5.651823456157166
656.953484381467
727.4808314504755
822.7436261669188
942.0646953526062
311.2588412695896
222.32559867194976
135.77575791719394
17.491560974928746
1.043012073562005
4.601151151127741
-8.267647875755669
3.8725725259278097
-6.303846104683131
-13.042146763623494
24.694961306254502
296.78915130074336
229.42860691133964
171.76704582086677
109.70038604444517
42.30744365682281
22.998543958884063
80.46904172108799
-0.1842457871318276
0.18995626033422902
-34.27919490683681
-26.16717056970206
-50.27423340340393
-83.28944264230385
-78.96361064657484
-12.279806143715955
-40.54781353159735
-7.008600138794417
-21.32426470273218
-271.35945431459925
-304.07178759381003
-247.99192851290337
-340.70899251275097
-51.46670981492811
-146.60880683814423
-103.44175385741937
-617.3057089769615
-225.27977487901
878.2231618189885
217.06491067452254
-118.8619650549876
60.951550615387035
434.02587513709085
756.598337228598
136.3956917641425
8.942394956794976
-25.32941726038137
-385.9107705127469
-388.97170051055843
-588.4575486920862
-1.9347021544067746
2007.0266697672987
1414.327282275739
570.0355066075433
1344.4316226894891
1134.16153810834
229.05441682856122
82.14766651005542
34.06638501984762
-3.1534746836842733
3.691257648144895
-343.79458060011024
-1535.1718755994934
-827.0209413149511
-1098.3420717961192
-242.26675348829087
-18.455358009549954
-270.0791017311181
-43.58536790556754
-10.507386166068768
103.53349480790538
7.157781007473125
3.8563419312638283
-44.70776961404151
-97.39878540562864
-76.98886179608274
450.64240335056434
31.167675145693746
-89.91368156224888
-1011.2191631905908
-772.0131209479337
-1247.3171348273358
-313.39775710515346
767.6588647937872
2619.539145996243
3765.570311694467
2476.1881030977765
1370.5885469036564
989.8692202027107
1306.0509818276723
628.1105540829565
73.18918495155246
120.50546845494301
13.57567316321349
-0.14206541417751634
-70.18806277230003
-230.58720066171787
-910.3981286082587
-2306.647570807738
-2353.0480572424467
-226.53929758934072
-348.3308464663217
-1469.8656752927607
-2211.66293216084
44.179251378040895
1119.1003514536646
364.9995647779644
-2.416138343642828
-475.33790632122816
-3941.32408135927
177.68169258654098
2589.206204476018
1756.1689467448848
764.6194090281355
1220.1301380442621
1131.812131891779
1703.0775505875022
2632.1995288417056
1634.4508325527809
1613.8045114065872
1098.29554061786
555.0356172929747
527.720892469378
86.28412936709107
31.4103663031882
-0.15747088821516364
5.7948020286288475
122.15941467033954
8.891462745034072
-16.275872494137985
-139.81092038796947
123.16352769423176
47.531575771633605
21.306607342305192
-0.6258326021436283
-33.34524546687346
-0.0664237853311744
997.5530225344755
24.880035711161643
-132.59049115461517
-588.5279181537016
-1886.882850800085
-3033.809463009052
-5110.698784396335
-6305.461897729179
-1160.2748344653824
-2174.8571822595773
231.32166104746386
-2.271938468330929
-348.5285994336083
-1333.7191751394005
-2246.0598985839106
-4.970661745257479
-308.4023467113968
-213.3715587191506
-107.77018589328726
-491.15197074942625
-702.981684905674
-1270.117956370857
-901.5559977784316
-850.6494164057717
-620.7940090094166
45.89769069452733
1990.700892794895
1626.050674038856
2289.8917890665207
660.0971493118661
-163.24623010638595
-426.7749693099239
28.740190884083482
2400.443663067059
980.7785421914452
13.376894059468619
-13.271721299435029
-4.614199456059333
-8.752790666209917
80.3822088520231
42.36707604836785
-8.404702413292997
-939.4210717185156
-2318.380973384547
-1110.1534199298956
-486.80558665427
491.90087116107895
194.29147043063264
-1579.5699337801648
-1997.7675468225566
-106.10719761501562
-209.20138784840407
-515.3295298576572
-191.6800789781213
-6.6633841600388335
485.86234495524536
12.981541117798763
-13.03321636171748
-12.331298517738675
985.5533338834836
188.24911444353535
413.9320619154684
1279.9365084840529
-12.539859247896793
772.1519392129198
1487.9794807541275
2698.0221522332054
4363.4066997209875
2229.377734720916
803.3736594349878
237.6093968116371
166.31066397593509
30.24111162072366
18.939510937225542
140.1688461596467
323.52483251267665
111.60237110980881
50.8153206868837
16.67315102172552
-23.34492873430774
-107.5801250489215
-156.38488947253413
-308.9519648967364
-998.5576013336633
-1159.3638557690626
-38.97279078911216
4.758102943348401
60.42147790055233
-27.17962212576819
-527.9426069516339
-3990.916134245499
-1096.203310058626
18.939582963344442
159.90445167090047
47.53741547392558
8.46147047967477
0.008019326513854525
-25.339063994775593
-119.41677647387444
-220.88905004381036
-455.51556673409505
-738.8467154539846
-562.2822680870752
-903.8641336674656
5.465895927655503
316.53880801046944
272.7268413305869
148.4730492962296
-0.80203849236254
-69.95865738516514
-265.26002334175126
-217.65252454692143
-539.6561539098147
-898.9749392766737
-99.58629863137351
366.44341911503227
180.9665218014049
25.721248807507074
836.8461929017826
-67.68011279955346
57.509164507048425
456.1753340181967
27.699315298007207
-38.74907321620089
-504.26736218484905
-328.3158802372203
-1284.0491727581646
-2293.5408170149703
-2.2777227165769633
863.471308629584
964.6503626849922
928.4111414531266
763.7683067220587
73.5225591405584
198.62640446279897
474.8757421490861
429.31189451997534
201.77871330238023
83.61213546062504
65.65674972347152
0.0048943124906746256
-0.8945696170630637
-45.419394207780755
-153.05873136381734
-604.0726555713659
-60.67600083919017
-100.57455461430459
-264.134279075036
-203.62460678246362
11.740679142191476
270.51096722932573
238.0371036117795
897.9222981023552
1032.7381143586017
460.63217196511977
228.3032470118905
50.51086365307831
4.2855018425690945
-24.292661075462988
-5.14201165177071
-30.756754167678444
-136.6520849138867
-521.0187325090433
-629.252438886997
-1264.6699273257777
-1714.3550619343318
-2062.3778757709097
-1642.2090280857847
-667.5829497741787
4763.46049617238
811.2879022710025
-9.487168900177748
-13.33815169742845
-425.9146744708331
-270.26865591043816
0.745700037263588
2571.40608080628
2199.379221276347
1107.549417839915
783.9583497053625
1043.145382406099
549.3873881936795
596.6599588088619
1807.765583504413
938.1516844657414
205.01039623817934
183.82547577752084
178.70890346283946
49.64052495835986
53.870834685440144
18.205167409406357
-0.027091505567382036
-45.84272531997574
-58.929852941667015
-67.66452507109796
-4.854263791653816
-105.03000228141069
-471.899020154395
-689.5097642877115
-1968.5308941346186
-1893.133666058817
-600.7674254481839
-319.2904655972653
-162.0895080907482
-386.95550491486944
-268.554631347017
-356.20486279501154
-387.9608877059311
-132.48584998650034
675.5094468841166
-1.5896037842839743
-239.55688627082992
-820.0493471523599
-9.91647962278949
-13.126021983098337
-48.70614705732453
-1.951367553239767
16.700757202673714
-15.942493154795798
-241.51068172507348
-483.8959957111272
-865.6746526889989
-592.894074315856
-60.70185474938187
23.800277289084626
36.032383605906475
25.254604194782438
-174.1311571998409
-392.86373170726466
-171.3934852744147
-393.0967406866345
-1397.219556835047
-385.86458547821786
165.1817219596481
10.182467461440147
125.55893292858309
-271.4280971171681
-4.56143831104126
105.25704366788301
3253.8504260197597
897.4847581050622
321.43586358603557
298.1660934049826
472.30099395764404
-73.64926984590315
-17.408886500387183
-242.71923533567633
1660.9753811124867
-0.8764329806926527
-285.1578264823993
-0.5688768792415785
11.173605566792386
37.37374474520124
-0.3446852118355993
-0.0013469090427466804
95.90176023889302
-1063.9231496987313
-1066.1778774176305
-311.21478718150627
-480.02033178682916
5.692167920192257
-180.61006170856157
-8.696526305336304
-92.17372076560673
-454.59702764217644
-12.589937181801119
-2429.3689672308783
-14.722701002324715
-701.3725141626294
-1999.2993956925402
-1889.4362581554703
-68.20073817150394
3032.4704459683667
2838.154818218911
2461.7061608331164
2060.951700410562
1762.2124985871515
2353.9386963721877
2387.420540185542
1736.1042017604543
1708.6958810675276
1552.8480862871324
1388.5001787741576
1252.6700761986367
836.9563564010523
846.806690112749
1028.9654960151374
423.2326619078454
445.6905380284374
274.23257488571215
252.2987730525866
384.3141095330948
288.04930456040256
118.35280154377153
193.1867688575204
220.4704901983302
62.33816233901888
43.748913174200524
54.02738047204895
66.41925534224936
26.531091768357307
32.957432676746
19.41700001179329
55.67941818203919
13.784394486983334
-8.816687139545422
0.5975421389758067
-0.7097731815743291
1.3140363974445153
-3.1882404292744737
0.11803988574484542
0.1696804791536417
-3.757280253342547
-0.2773204107992893
-0.15851065739287384
-0.6650640101066132
-25.34037202399008
-111.45293901432649
-93.32004934884483
-32.14572822849738
-66.75065430567682
-41.53644918336171
-47.755814547837375
-30.717159712271286
-36.38324208622011
-15.319753206780844
-119.00612908806104
-6.825557950403794
-3.15660169439731
-69.17777669331139
8.355903817585833e-05
-2.6642811366424928
-0.6837245571389772
-10.212689166095434
-33.77025831018907
-0.28007420375775405
-17.99987562237419
-40.171632377297215
-34.2022583921378
-59.26436927061607
-28.399499101839623
-68.79464955892735
-0.22439004939607107
-16.1529264650328
-30.44266906935467
0.1668926148314164
-1.1860429743350096
-3.514328712463403
24.15803588163374
-10.2016671079428
6.0252238725948715
0.00572095867318146
-0.18625860326254698
-6.2093461247918285
-43.637660049509506
-1.387357648590876
-8.261242644619191
-24.276250158963474
-27.702286556716356
-168.30048760666358
-26.83830306712825
-55.631852564614825
-80.66221724541863
-55.93807121661736
-122.79282777335709
-183.54672829382355
-146.77914450218404
-123.8171358054123
-91.16008796686873
108.61238775532786
429.5341505519497
642.7010326176445
654.9488213462807
466.60474771688837
508.38721376994465
336.7329991232549
554.5327387932757
259.4151519654542
161.06157107922996
98.63019148380548
27.824349290240786
46.33207230572819
18.37079540903626
-0.025988484388376604
17.30694904785691
6.115542104564335
20.733098871313867
7.047735553739849
7.0775615418223
13.475625428038622
-30.416053665480444
0.1057580327454475
-2.833366821175759
-6.569621715084528
0.8972167780371585
-19.281071691311418
-67.36899054720816
-97.81977714721643
-57.144722036394555
-154.26104368181043
-90.79038768740038
-246.78987865738668
-100.62806536218316
-225.29576646244303
-422.2886231524949
-379.9514676116383
-340.89027607572575
-369.9848500626581
-348.96996326644137
-59.717539728957526
9.287424396572426
26.09440615052375
97.36919712591357
301.70105963691077
8.725370915729362
101.51869323113812
-0.46195550904149385
1.1600473518587593
18.38158498629576
17.60719522266511
4.756879295131154
0.07239667339575184
-11.043676234812954
-69.18139576486928
-23.178787163965485
-82.03306793204429
-284.4294066889112
-213.75613614584682
-131.5754417357317
-339.5971166628405
-250.55714211850938
-2.2343832708836624
-218.7654814673955
0.06903492588957118
1243.3672361121658
3097.8154531265372
2039.5205477279787
550.1693825197103
1780.6138963783944
2635.083410162208
1369.485212603819
130.84652898644865
1288.088852931562
570.7666878727188
1933.4327037261683
8683.457135580797
16161.0487564227
19705.142280878383
24713.796562272204
55373.42726566261
-261019.82
-152.78923759968805
-1220.7398697375324
-1383.288651760059
-724.9991583308938
-0.6951226265947239
-0.0019912651124735577
-612.9351126682251
-799.4516730073548
131.76972068315087
624.1079202924619
814.6490133633223
351.5055971339156
14.99298926825265
511.69510663102693
1742.9218579296466
590.7061994320777
2860.053080228297
421.1667626071752
150.33591450228585
107.27175023611005
-98.56090941953747
-4.534025324621086
-362.72570928718017
-573.5753986189636
1.8800210202989542
69.85311509578905
97.39946705710656
943.9117743299478
354.44829783802754
-23.321923614888053
661.8880216634118
98.13741399397793
-227.35568842362514
75.70924639637644
-1087.3049781992004
-6.645239786974523
1565.5300279818352
6.019622146188655
-437.4269316088379
-1777.2420953128883
-54.11818259131405
-1554.0962943670756
-1536.404385876216
13.235228610625736
1598.0682798506646
126.09560390479948
-20.00169867347996
-1227.8950032879047
-3138.743870396756
-297.2024454919462
22.16168753088094
100.166795485732
-1123.58674868554
-2195.2776383235328
5396.319046225559
3843.277610209687
3498.998502023381
3176.2564856238278
3256.176053609827
4137.31326143507
3355.3522078151545
2804.0886524174093
1526.5100104212997
830.0835231237609
657.6987978199949
547.9615318268575
435.98258756521966
307.6669794091494
126.9949359806724
118.46494206793874
0.19256888916023918
-33.14414998765933
-1.1289016732222115
626.6338207839065
312.7957927871705
-156.70761777510447
-0.5117069349615349
-401.499985149591
-898.4667432594617
-1874.3266534094237
-2470.02053797096
-1742.691300521295
-1466.8160332400598
-497.7866193928851
-574.8602269883787
-1097.9787071956512
-1364.6940616375382
-1564.9901521481638
-1565.4482540759675
-1893.6722555120764
-3014.8384027775064
-2344.8894759994664
-1444.0238830461399
67.67754790457788
665.2105338413395
239.6013109802387
318.04561429830056
77.7058740752698
7.941207643641258
94.953104029948
-7.268662485763023
251.88807354013335
113.40652822370635
-43.02450136067283
1063.6886179620544
1797.295128938286
297.0106149195262
7.979389102676902
-189.62487172832715
-448.52443338333336
-929.9708488531913
-957.7313374903836
-1385.6841425509183
-2282.9609078465533
50.31840766458464
313.39429397300773
58.607723862458656
530.820308238234
552.5397161549035
441.82927487535886
125.94298405218932
-251.93678801880552
-130.97044343178476
-924.4436723904377
-158.07762486808917
-73.99432226298225
-361.98337469341624
-1935.632583218668
139.02705109916604
380.5284172448975
-31.34962471152894
-0.35668893716320726
18.014649229688246
-106.23556084285471
-1832.4072799479814
7.472339960988255
108.26008480126859
-356.23407653322386
-1846.7800649240987
-400.0841640102849
-984.1853710131253
-1715.2108694636186
-58.26253468700412
5910.356209082992
6147.308679040238
5447.1422732635765
3997.103528092938
3159.704970300191
2763.8174591430407
2243.034662602051
2106.561846544988
1744.0781030661524
1237.3664709632421
1192.6705254855412
656.0121715533214
809.5970808358322
576.1895257651356
165.41493346943565
212.73199268027304
61.10660876637834
3.2938302116100857
-0.12951991372088303
18.204943104771353
9.6359361790368
-2.5972954038564846
-7.245162015633401
-76.72425336081011
-202.92815793730216
-374.978838144139
-520.6779939780998
-877.1332871374314
-1309.7995099528312
-1572.9201995382132
-1628.2377225308574
-528.8227619865686
-74.57186324242772
-227.52134769401346
-562.5147025226142
-722.8717471399511
-853.1975922106685
-1649.1031380303489
-1711.5192893291949
-772.2167941972805
446.88382998156584
796.12769377868
121.58027540383176
-30.977074025557023
-717.604671275604
-1977.9807646349188
-2451.856823863436
-126.45571953394136
3959.6449496665073
4742.89793730759
3855.2547918548275
1985.7006673491878
1144.801635359298
1246.707119496093
3262.4404856119136
2106.6980994697055
1000.7522833520923
570.5580792685107
559.9869769796313
840.3695423992353
1100.2493454226217
1457.560761573916
1086.603796827497
628.8754491284898
173.94288952205457
7.763847529442113
-11.204312222520912
-4.167155698963404
-89.69993385910318
-277.9087231716186
-225.3286815013453
-998.9136537847431
-2455.9662340983878
-1211.5612525922566
-97.43246068369933
-0.4362350520434163
-61.975209689711235
-151.80544561364985
-126.98993625231181
-217.00849009100992
-427.1847208295352
-456.5514505227942
-553.2398343974793
-857.7343075452001
-954.2975756345163
-1694.4144296662773
-2311.9112279226697
-4031.7947966087213
-2025.4131972668015
-216.60235618231138
-148.83195510650341
-129.801962793391
-103.42644013613393
-524.7748841172915
-692.0043020853769
-595.2336879583497
-91.23738953036127
547.6718262218423
54.83715158308198
584.7276730555029
1287.5405899957532
724.0524706508895
62.399240961813035
995.3714660332247
258.47387827016735
-136.66809619850295
-778.2638915978769
-2427.942384062745
-2846.5162544481504
-2092.287103359113
-1367.4647909216094
490.39868822140346
670.9115401523093
35.80891232655523
-0.01696422718738502
61.500538369837116
7.2050994982367325
1182.6162430958893
1992.2652742479477
2630.188455166649
3361.968420264513
2296.2438257505364
1786.454399497597
2740.853189395846
3214.964187660617
3570.099730327509
1754.6232525036287
3398.6287625496702
3515.916140247288
4305.008569153153
2222.118446418701
2754.881285439073
2551.777909557808
3215.9861746887427
2156.9885223362735
3460.2950941413774
8893.024690595968
9435.20985982972
13949.2067749787
16417.904887973462
24059.333336263848
32219.293285591557
46296.87964915128
72205.95999826209
99055.20769924344
148409.96272765918
225680.961769137
299486.83033541427
347549.97556806006
380306.3749085398
409654.4832184802
519098.1180484039
619245.2320411601
748930.206399565
819208.4327391235
909265.2991825119
1236566.5694159414
2126341.1242776327
3282907.5269567063
-2362531.3499999996
-2170874.35
-1146112.2000000002
-772967.9900000001
-638797.63
-493631.19999999995
-395513.70999999996
-305429.68
-339486.13
-337712.91000000003
-330252.3
-321108.48
-320860.08999999997
-239372.35000000003
-218664.81
-237559.69
-191561.40000000002
-196739.18000000002
-174880.6
-140670.56
-159916.47999999995
-158751.89
-138581.97999999998
-122311.09000000001
-88111.15000000002
-102835.67
-100886.82000000002
-104449.29
-73806.60999999999
-81459.76
-73673.43
-71396.96999999999
-59809.4
-63198.95
-51642.25
-48849.56
-27086.78
-34181.340000000004
-17406.82
-7743.23
0
0
0
0
0
0
0
0
0
0
0
0
0
0
0
0
0
0
0
0
0
0
0
0
0
0
0
0
0
0
0
0
0
0
0
0
0
0
0
0
0
0
0
0
0
0
0
0
0
0
0
0
0
0
0
0
0
0
0
0
0
0
0
0
0
0
0
0
0
0
0
0
0
0
0
0
0
0
0
0
0
0
0
0
0
0
0
0
0
0
0
0
0
0
0
0
0
0
0
0
0
0
0
0
0
0
0
0
0
0
0
0
0
0
0
0
0
0
0
0
0
0
0
0
0
0
0
0
0
0
0
0
0
0
0
0
0
0
0
0
0
0
0
0
0
0
0
