8154.520000000001
3694.964692407394
2727.459957120927
1596.9772949815551
1380.0967280401283
1303.7798495099883
1052.8678829491087
2498.642167344539
7895.1091280169
3111.4521994181596
1650.729075047801
869.6943706649472
344.095613604338
2847.4166926871567
1565.6252489688663
417.01130180713955
-20.09443242772506
-539.7678852355851
-236.64866217984053
-229.57396404144797
42.86071644781888
325.91284421168115
459.92842175790395
288.5987241726581
52.54773649015
-9.935802720994527
6.6530334584389355
32.63468363785445
-0.007409905001538584
-16.265918559947615
-171.1926250199665
-216.16837150072342
3.806009877423749
3443.463840373501
2274.314764721849
2240.776634904572
2050.790861319957
1145.0812740203112
1869.5318178271773
2188.716049693813
1699.8885867326853
984.3366053754906
1035.4477622808067
600.9364456934172
618.0861210640237
513.4182197921391
468.601923171076
435.67089391100825
395.1661127755524
225.8778760843885
140.55570542986223
5.8199031897685565
2.8963849666940966
-26.53922708658013
-88.7818120323863
-370.1051904276657
-1302.666806384235
-778.0796049005626
-703.4961592769854
-1026.4613743335826
-1495.0472358882294
-1368.9077420652757
-2180.4998831038283
-2835.44877227774
-2913.947507341329
-4052.9548776642987
-3013.3385529559973
-2896.74516169016
-4566.094803271419
-4279.226369915409
-1628.6332606361423
-31.75727007252086
98.14489470121097
119.94743228280353
2067.846763107552
3511.6947402626715
3694.3245420121193
1971.9991968907225
1233.252997554182
1491.0995228844713
1295.6883486968068
690.0197494622719
456.20087084157376
566.4906152057245
581.444814359637
310.84591679466473
265.6653499313494
275.4975893151159
195.85992086167573
98.34238831580848
87.0336859177612
30.160318678497436
3.444102970820694
-3.644852735419359
-22.04707515085581
-28.974288895121653
-50.84617529704423
-202.63161176571907
-216.04454303566126
-161.45441993857162
-573.3197830362203
-489.28779577429844
-641.3231762304085
-629.3517552712733
-925.7602251304631
-924.5417383342585
-1306.153251293759
-1061.7042937812494
-1357.5969031833
-1441.1049256330298
-2060.9255794784567
-2005.3949065467002
-2296.4447118203725
-2631.333306702392
-2433.3890254357075
-604.7066454100525
607.4225677860555
2027.0885812343797
1076.8836390503131
1296.4985887902735
1061.5594014376845
316.94016698185857
634.9683122622934
3294.5942873026297
4056.0187264549186
1940.1487706168205
1082.9098381484096
208.04391096913815
-13.512780038533135
-3.6388247474806823
2.6046736833720088
-13.00768148422621
-178.07692586874953
-124.35032357904883
-456.27950557551605
-1310.6043417847686
-1814.46414483952
1227.2473677082091
1609.0939645649041
881.3909051665376
645.224058376763
372.31567050864896
284.1699322392695
0.7108418097563564
-172.59489385794285
-228.987167926131
-364.0827821919677
-177.3028653960377
-66.5724662253671
-16.383777185773393
-66.1498899517563
39.26682728281453
170.72607539849457
101.89991936508014
226.82874533085908
140.28849110578273
221.65694029791996
106.36929703994889
24.318055305203696
255.77028224730046
228.11864381895998
83.96838618161911
-41.553182243070815
-63.98444386867868
-16.324804440044964
-58.174789783616454
-116.30010137451976
-167.81621162157433
-254.70562233131943
-436.4854775430266
-409.12939863097654
-741.5166120163756
-578.8617527414672
-599.6376019996422
-205.94283108405443
2.3465612644190457
-0.3756699006202202
-4.967177645664218
-29.240325258188523
-99.97486279493154
-109.86034115010276
-592.5049718362493
-1019.0915191010397
-197.78031549108397
415.14139532068305
23.172592589350554
-104.75153178265717
-348.2008890325486
475.07458086811533
1201.4632281559961
32.3618051836747
-931.904512476669
-1525.355002770083
-2375.2160380579435
-695.0815673245752
249.98933142585108
200.8601409278648
122.35335927327387
181.53515381011002
134.57190787394518
1425.6970915265385
345.0022315861965
320.3947080049448
90.89771714516013
787.7813953403813
141.6354695167675
13.400232926330792
98.84945530716445
17.647900840985557
810.9792902665977
2302.975831106361
558.7052559331706
208.06546674429376
176.9255877230692
1.8282731159232997
-29.727080711340463
-440.9649673208445
-160.83768028250935
370.95568697260103
7.142061269189302
-90.74821867122728
-240.82013026019797
-541.478338359062
-1289.7182052679116
-5.97974267256427
45.02493179394422
47.85558092602107
130.32063313007365
15.435261293065562
-3.97080775653222
-108.54576715202518
-542.3228250939394
-994.1991331631395
281.26178693882514
664.4125661028891
662.3577326424021
590.1916073079806
309.20310500236496
218.04859033338886
147.2758519234777
55.23625732403565
23.66947041640125
5.163121191364756
-14.170351636246494
-56.60916818311165
-57.81440901018334
-106.60544889331838
-168.2832307937934
-246.66633606280823
-180.9915187674735
-227.00885961856372
-480.0394272278779
-756.0792048048066
-851.2505361259382
-1101.3161170424012
-191.6640586708186
23.69784068267599
110.47634039776968
345.2477436611989
2119.491684888982
6586.968700373869
3909.177189672966
2325.0192354141573
1739.9796671400654
1093.0256585756451
747.4277505635341
374.5533347884241
100.48537330841668
13.188438487727387
33.72927834336271
60.08018937881427
-19.084957990002238
7.992732171998922
-111.79890478621972
-44.94669737751941
-44.3332777065402
2.5105234156354257
-20.041820828818356
-88.6313046604885
-279.4125520248664
-175.02294287717234
-97.0159055158713
-94.87518113560375
-228.11613504320732
-418.29563546467153
-867.912692655386
-1381.5017189013488
-1906.6894545570199
-3465.414856001166
-1621.090623077682
-1905.5397405713738
-2093.2385085929627
-1180.6749798672745
-391.885447566406
570.8878697840946
196.0111501849861
4.294540883919363
151.66904136614744
79.25479848879516
0.0007982304437376149
1379.6254112849579
3022.6339098728963
1712.4016285663904
888.1084354067416
656.4102895522537
415.3432621348818
166.54789512695382
68.42733404669079
21.704837556696365
-22.720360558161225
-28.38708703529432
-138.85708115448492
-321.9364857971907
-380.3606777991318
-23.764463132881833
-334.54268635534623
-140.95707743585226
29.91563391185599
10.142865385296087
9.117993342348718
-21.25537283933953
-54.2742618125572
9.287264055025247
1775.4907408414965
202.34876815783386
-21.20924486494402
13.743544318869045
341.8606110319955
-4.326606372948948
-0.7024402954504372
-41.47838562371291
-467.22366624629046
-1506.0900213203247
-85.63068779610246
2473.3940868842355
1366.1231079071943
424.60281194088225
122.78117920026986
12.667952586536973
-0.12619231385894053
8.024907608779735
61.395615766986054
-105.39317454920675
-555.1936704342945
-1506.3164488860184
-2722.6939642023844
1695.4862500367824
431.7711157762389
67.35174746085417
-3.648279724153853
2.5227916284879566
0.7480724288406544
-0.03735215543655238
57.28744999273843
5.101967323501816
-0.22492971317350174
-45.340826110838506
-173.58904705547633
-407.2365085271881
-45.50578273940867
-319.5489352982877
-329.6668053933408
-712.6180710397023
639.9758806642571
309.7774702699494
43.45304790963378
-2.7643788532171527
60.54128347516492
14.424261533808433
-120.59785780741555
-216.23900789232073
-156.79652745479106
-798.5209407945285
-1190.5636086812394
9.899808117873683
-83.20519883708955
817.7194654602341
1165.6955574075419
158.1733579401178
-3.8031391458336334
-1031.3492368190516
1624.5898329355177
2124.6346862033934
2164.893990216573
1358.2679282132083
886.1150263154858
372.550035202707
264.7890296935766
268.91671790260995
196.58972266953094
19.986979818882098
42.03369573656212
41.01457012997041
-12.258543690163126
-79.42205084294653
-261.01525281634036
-100.4309608727707
-85.34484640076622
-18361.21
-118.32617149158503
-1258.255971664336
-1565.3254476108814
-2061.9565974282345
-2838.7310321964273
-3316.2269722975316
-2074.389996742826
-2721.1083948506403
-3251.7138647903244
-106.62047028894956
-303.0358073872245
-806.5651460150084
-265.8264527061482
-379.73521883736163
-235.78873671266513
31.69641977976456
4354.000012774688
6620.37969251296
2869.5418193033584
409.1537042252161
840.5601798080812
902.3847380171956
461.65677412179735
233.10202846302235
-0.009338869024991432
-157.30935531493608
-606.0056518495244
775.8980895828263
439.3622506126794
53.40782864894846
-0.07762730929878006
-3.520804456653988
-392.9805474289046
-2046.1312322335586
-3393.8449535097707
-2042.7319000121793
-2356.386329487877
-3355.8248050156753
-3237.268129805695
-4553.062041429288
-2799.964210124798
-311.25584108525686
-39.80114423213439
-216.36942605586222
844.7316810202991
1835.463261313201
1922.6382684500522
1991.3327632811718
1775.177955377
1754.8838298996022
1612.900948762684
1540.9534941163715
2374.307739010167
2813.5559102929633
2110.402782358207
1841.9176084045657
1351.295767705327
1213.5676141993497
1004.499020208861
1307.4554617958124
1329.7068412682966
1136.6457339903682
1076.8216184859302
676.3552610297205
511.1857678084571
286.3328298353564
420.14125029964544
207.62754778526892
338.3303188542708
80.4526623686276
94.90486176659842
46.1992257921613
58.583748902227555
22.827672097845
-0.02189684531758697
-7.698602562027868
-1.3706961667429256
-18.123355461677573
-32.4223001422494
-81.72080245769443
-73.31169050319969
-161.3071924072853
-122.56396880211352
-205.8251607736403
-199.1916281338328
-163.51063728211588
-184.110229106907
-152.24814121334154
-103.6956555035427
-118.35209646011191
-84.05253368628172
-19.300544155558608
-38.37045128886119
-106.56363935674013
-58.000611131320674
-54.949051502641154
-0.10540922891667051
-22.400044207121265
-11.33102930577508
22.35139520184181
631.2294035394473
310.5642868452257
312.9292560761363
46.798218166448486
57.88331803794518
88.33990025668375
90.5711258563569
80.81544907335238
13.292593759244632
219.82040264805332
303.06068143154647
437.6040842675592
336.6600013044982
201.62047890338954
88.3270864959767
1.2807981772793378
0.5216317220334904
-200.41984425066985
-517.331731627849
-1387.2023597866898
21.633328199052265
-0.5658012172088992
-26.37765099285568
-187.73318228346045
-241.74562324367312
-344.67960090953005
-409.94723518240664
-603.6416352888432
-743.8085923603114
-780.4198106586466
-1193.0369530220755
-1512.7716206653558
-2117.2378516546073
-1111.5277008929702
-905.4360865821593
-1467.8802079816778
-2419.3798685596676
-4534.941751796996
108.69943052658166
96.77481110646849
-21.475678841471858
-193.4406666181884
-555.7530287026892
23.250784305416843
-89.51999188156658
-359.3093203479484
-3.0293625898439647
174.36370476202947
343.8452273493677
35.03905557637938
-0.024303167770385138
46.630204694404824
7410.3328174116305
3696.872467464864
1250.6733318080899
405.38843033629405
269.13189113980013
2.943388636781081
77.6467255064552
742.8510719316425
66.27980326383835
658.7042885156585
567.6486031567943
609.3359838513519
256.9646105226893
73.8429980714906
3.971139967368777
-6.671719598862657
-163.43394369765957
-221.65413215260944
-555.9020590234614
-1375.6940778325916
-1735.8824925773192
-2110.817240866061
-117.34196220250912
404.5034232444573
1067.9155801903696
4541.855938178536
1686.6585884404021
856.2985001774412
467.8487687056141
314.35948275455985
88.9365196440626
-15.54734092233081
-84.2740242842893
-3.2749848637258223
-162.27369711662834
-34.32515996106604
-557.7418925904201
-788.93830929467
-1024.2483815165324
-1129.7833640718413
-2991.4497288315692
-2867.1777443798537
-6144.007658854237
-4204.674357768428
-594.3415285830818
1007.2963000609213
3138.9281036235925
4898.022466674901
1900.5257438600313
865.884924591034
484.0865208025199
1342.0656017678984
1034.1372302113787
714.484287212317
140.1390688979078
139.14492252214018
115.25537790190475
-5.229180029696527
-123.2792880938337
-866.2242869389835
-586.9938246849749
-247.17284408810855
-617.4816689858438
-1994.8590973844716
-2616.9526675790603
-2146.7514312935928
-2835.102393075954
-1375.3075221950521
-1.1983149355445426
643.3332649747058
1010.3452069807636
-16.033845359785385
142.4427675187305
1142.6985454347077
694.2148122527096
231.25603618975836
129.435956373127
37.58148767735584
0.38028801924137845
-37.29675869896862
-194.93549866776226
-17.806818517854126
320.3057877911691
-19.55362082438951
-505.9965736355655
-412.0396863915728
-72.66258589704981
231.69436694273068
391.4028511310581
595.1724457734019
2446.7250343256915
1319.6812149080463
609.6105437955406
436.53217429001313
223.30167991030672
79.4160260854388
28.208379096104817
1.1852037354426992
-28.79862945166931
-81.04327669441449
-232.1125025664976
-585.3346910761516
-939.9545392900538
-1549.7196199935977
-1281.1962746827614
-305.70589111507775
-535.5387505849365
-1737.786296151005
-97.3790721837387
2608.6602641986756
1403.99642282658
727.2947161723162
229.40322234362816
96.66074074641679
372.74952511760955
625.4969870399177
292.3565877032755
125.13712020184629
66.51078291027642
9.481420965704487
2.187125479352221
-12.661752750981828
-19.328826113777883
-1.7370148092192275
0.68920126580049
28.009966642678847
-0.02738416492998779
-29.41074615531978
-28.927650046626347
-217.5214118722962
-275.4516782205119
-605.6385133533427
-1120.3991374895563
-2068.009473990456
-3267.420284906798
-1278.361474452488
-12.819031799562262
455.227366763521
3141.9644279784625
2498.198577428894
1049.4724609420937
351.10752219955805
11.604673026083248
-146.0162901413458
-872.6581347080638
-1543.2359173147508
-2217.116488163342
-4012.457176056518
-593.6142135097559
-128.4756539485165
134.59899493515758
106.01412601059043
-26.096215356667425
-265.54184347210554
-29.810514846701995
-50.077884003108665
-28.504523434113462
-534.7275229056041
-1035.1325901955665
-1669.0264834688303
-2513.1144339483235
-2457.6729945509605
-129.15928965471167
324.6344250291256
340.24139144811977
1083.8583408717377
633.3232237121057
56.87184589291627
10.303762895431163
97.1396019522813
1358.3160328605702
1025.6130037780683
1352.2272584482257
983.0458913003351
702.90693715212
624.2174126610018
544.3573228053738
639.0393925967204
652.1789193027971
507.53989189910703
293.9476067141075
453.51794569016886
481.84991293522626
2.0139852891766807
1.830537768179132
-0.03533005494021245
0.15135786823513958
-76.9772973415258
-53.22122772134682
-167.59763852792491
-86.0468005668258
-458.9600689032955
-584.9694337519911
-934.8839914217568
-717.239554396201
-1307.9788533328763
-1150.224206637597
-1226.949866488997
-1810.7567572786043
-2253.8795427261102
-2641.8936177424057
-2557.1209344777444
-2773.5697763273356
-573.1544627068565
-16.665837128836515
649.2474514995731
1489.6425749368923
637.7606199594625
427.2141095446484
844.7283786141971
1357.198149688249
1436.7145401639664
355.77812885767236
28.33032297105845
2357.5800774087083
3250.889075174562
1234.1617159007499
157.2768994006973
-40.952859041205876
-681.2691704859903
-2177.2501263528384
-105.73989398719382
2685.325651071579
4647.529885433707
2631.4204830360068
1133.556734884776
420.15273488116725
165.6828574796529
-1.9368155425958282
-161.72296401137734
-214.53124077356807
-382.78356433779527
-538.1480000223326
-739.4708433058454
-737.1775172173329
-238.2409127027763
-149.43854044829996
-295.0415384351267
-557.6434064113928
-776.3246305460902
-1353.8774656723758
-417.6322877396685
-477.28996316954516
-803.661358234845
-1063.8702484804573
35.24814423860583
194.73948942097724
1.287015658743647
-52.51967398271195
-215.53279350566123
-368.04076064649803
-68.50680140514301
3992.8194595845125
3718.648506787895
898.126685823695
451.3114229240876
97.12242789874202
304.0777652512878
72.87820038970955
-134.21555929024044
129.2338704521253
961.7989119741335
19.983141648153186
-45.76689940350053
1099.4757968039262
1488.377758668148
4346.57888766896
3009.7536473851255
1771.1328624772636
977.3680587848155
418.59149955507365
230.67448045984236
102.616466482694
29.50073731577772
51.95083629765962
208.61761517683527
23.621263182811255
-7.826320062976674
-130.45791922366382
-186.56416893571765
-751.636924432069
-1006.987686210533
-1926.685112004665
-2943.1330945585514
-3096.5892280070816
-2902.5221625572676
-2488.8158056893753
-2579.1121920958167
-2913.5467441737105
571.4446259041102
1782.6829958444664
743.484899406332
888.3361425017335
268.76164971121676
13.554742185352426
-89.74679749075995
-370.9140488483045
-1084.63535400023
-2456.5658801886934
-731.2475996429484
5.0161713195244815
1028.5529165978314
1500.3771442120012
1302.7887667953437
746.7612884774346
232.81920853890162
7.201482297675558
-728.0195698866394
-303.74833595962195
-0.021919300675112306
-60.93746401332322
-246.63052704829772
-329.8267090242741
-175.7069891955795
-1.7136026587602031
642.111991471962
210.1877463663003
5.038176757312142
-18.39119734405464
-183.75017735792224
-682.108118274616
-1479.684640069415
-475.9597204483182
-135.98281600557522
-735.0603023787107
-27.69947468435639
5.191779223449643
-80.9004609795748
-580.4849700054215
-1029.0429592331147
-52.29292120731222
27.413074154125038
301.89424205592127
-0.2625390866746242
-325.9277188265405
222.8019733304957
732.701971234034
745.0882258293967
718.8092050854264
399.67818864014174
188.87089329127383
337.08940261723865
292.10474740748924
146.4689289625719
37.81748370570646
6.745135911447422
-15.252971611328325
-67.94749361982417
-130.72930299099605
-174.14495619406858
-413.693750300567
-501.2547257795503
-578.8508964073599
-548.6099861140857
-840.3604195532329
-936.6443021709083
-1611.3997602657764
-1668.7727752357043
-1003.2569190562916
1711.4929439139414
818.0798144874989
399.5813446837364
2714.333821359346
772.6002474500942
117.1831625226021
743.3206359547121
765.2959893824607
125.72953820959452
-23.22012638320593
-44.86102530815866
-0.6385019891945165
-638.7698969598825
-416.2934102536867
58.261536960330275
-75.09323680837034
-450.8369322878086
-1336.1126924914956
-289.1262314184997
116.29152510339378
-31.909646751599503
-307.04915149171063
-1962.2153733262194
-478.4628632555516
-7.226455650741744
489.1634817244164
870.4565607215337
1029.1426940348515
618.8565413678127
882.182445730826
925.4530973393595
265.94815014185997
593.0945346905876
568.0208669229838
1288.7878507157063
557.9096001529143
299.8817714360892
279.13027609283387
76.6202025194243
0.3837103805009759
1.2634300945376635
-32.83360706958997
-273.1253354426255
-455.32232806454454
-497.94179517492205
-1011.0033989861186
-767.6858399828393
-425.29978045727614
90.68373519424044
1613.3264697818743
125.01915399420245
386.90796300483345
320.08897144209186
14.492222218738455
40.065231170110756
8.234994090406925
-174.53740251582673
-1402.195102143403
-3098.5975818221514
-775.1367525052719
-704.8739020951928
-1102.5102456806655
-377.27987364367874
2399.6781988529556
1013.6579937563636
13.979150592015182
506.37405900430065
4646.773261364147
1828.1767554039989
642.3665908220543
142.2980262293357
20.61465798480261
-189.29239152432984
-707.358999110589
-1030.6305073231074
2447.2116607918215
1289.8297062647985
300.5351490180657
13.811401250191128
-41.307890022097745
-444.1511273744296
-1709.1820731008518
-2378.2254684016048
359.8270247971185
717.6536235712457
92.88987956455637
-7.117539607547028
-164.89297190645797
-978.2310005119339
-2204.3351641568875
-1178.0945302220498
-1027.9697817991737
146.1733279893536
164.02633580793213
0.3005078698916352
-264.5374183206421
-1061.84323621319
-2112.9923586685436
-1055.1589364605688
-3.299925293269198
18.49156416664853
2.2618615257489374
-2.276523778014345
-13.516131810857438
14.835840836573324
1609.380995737656
1395.970114295991
242.4712339460047
1.4304618683371984
-12.031586688628042
181.58322920243336
1708.8100466408587
3665.856542445832
1288.0093288754902
272.51544266089155
868.6728227003912
8.592137663112634
-39.206477074893456
-1461.6467783457986
-350.1693718294902
-535.0525652568368
-708.2024253192012
-964.068385883621
-430.28243820460534
-25.78166977905417
0.33259468390163827
911.3405245096328
25.737146653840973
-53.50451210085772
-261.1624357378185
-282.11760636185716
-295.1083628210797
-71.91177820375148
-663.6889117551392
-38.007641635276656
-14.512159781085348
206.19097728187208
378.36665510456294
535.5523312898715
-274.43522081093613
-1134.3389163609277
-647.0562006478024
-402.21679659982226
-6.576282449728904
-2.15810691026542
269.3285264260863
281.3851873871623
83.09809747702502
-148.7113387548318
-382.85664071224136
-67.12534960300584
-82.81256247907305
-151.9915546712586
-691.9275355070403
-2.2818995273764378
-26.42746458596418
-0.001955403240961579
-169.76345787611615
-541.8594879565502
796.3830365653042
626.909190184067
690.6558392041194
-0.22309801988641292
-152.1816814947976
-491.541209675804
-165.2788540817357
294.0587867755172
865.1017317677843
573.9917053965269
368.9456492389534
342.02346426362845
99.5999536807397
6.579403011796584
-12.799843142121475
-299.65973694366045
-679.8099506380389
16.914570638136247
52.01523445750877
146.17317974297825
53.08464527024297
2.423418451607418
-0.038085648570035255
-27.644390258692525
-84.15619347592985
-122.89084931748708
-279.6233297074516
-330.7485893815865
-350.93144002561723
-90.98529427741616
500.9176863444928
2959.3175099801883
1323.7812883626389
1078.5418652191518
3495.8382793825785
968.2157869190437
678.3250121788291
443.3053284016633
-13.881174560144412
-2.5324984429875372
-338.9035313706556
-1949.267819988202
-1278.5009909716516
499.96036154117417
1882.2579958700358
1145.8371471714786
804.8576310551666
720.4791763250659
438.7344935073632
191.93620972784112
73.1997196808292
1.8567093418605427
-20.16858072705202
-39.08417631660251
-201.2774045427568
-166.9544898834154
-683.0658249273406
-1027.5161247808198
-728.3280713704867
-94.09696106914589
-53.51651070125346
-0.12721983672336498
28.702289540972146
-77.26562917013572
-844.4639375888163
-2582.327221779663
-1836.8687131537085
-891.96020892054
866.7106662074011
1133.4787563099019
772.2118108419756
696.798642072382
380.84694130442585
257.8305510450846
61.26451049938962
161.1962038306111
23.969825523191343
4.383376932153663
-54.701847976545615
-188.3532704475001
-244.0855692338733
4.153019523399519
-4.443394577847163
-124.91113067743642
-263.0174494919338
-252.33454367402103
1301.7377618336097
743.2309343541065
353.64500122894754
75.23682628215037
226.71503850350757
254.66556638404012
72.41001664047225
17.16640198859902
-20.622138798899726
-527.2723996830152
-1.382496241651397
37.15782366518992
59.21109540721314
84.51216899759451
1.7235163287180906
55.69076649601386
-1.5438995878245134
20.236779900026836
112.47206127006001
659.2312820708302
378.20647199538905
481.49950099183104
4.425212398648959
-323.4251061109927
-68.05827554456721
136.03849289332817
-54.82389395890085
8.58611328138557
-54.07031796562133
-582.3131853300736
-587.1893366553538
-1160.4127990121385
-636.5801730426258
-217.67431054936748
142.999207920247
-15.043652234148732
219.08591184302122
401.6708947543891
127.97972171592052
-22.204140870653653
-155.8435715501026
-1384.9511573008344
0.29459121371939256
2385.5867586474687
1871.187589014379
615.5239680003036
716.4142293845097
150.85304748560614
6.951399491871844
-240.2802153020661
-777.2674249071167
-1565.6083209472197
-2.1518862519814714
410.9857390031072
1068.487421948676
1347.0752135889406
410.3718576098115
299.5194934370703
323.71471967316893
732.9674601928651
699.9297947409425
-144.60523950614632
-46.38578316742265
17.19172914301552
311.18265192057663
-191.33814591343253
524.0689555955718
554.3041301519982
6156.361101928446
10830.133171419038
8801.821757871669
24951.221775936618
27337.051409292693
31706.833973457382
64086.63987369347
65508.12652853876
64105.007408595746
66268.25723372531
70644.97907571268
71166.58034236969
64268.90186809747
66734.80636500078
70074.21334179143
71987.99941412207
65894.48651644452
66741.48758898482
38176.459958012405
43882.06331581744
77062.73635603763
66098.28249086448
54180.44354743752
118629.60671312462
187721.7414759681
-306799.52999999997
-331836.5299999999
231966.10210003806
187736.79909698444
261001.4854503874
-305079.16000000003
-118008.62999999999
-74874.25
-26340.96
-82375.87000000001
-70338.23999999999
-157422.61999999997
-105906.52
-114988.56999999998
-35250.64
-87277.15
-105415.91999999998
-106368.10000000002
-61982.80999999999
-76066.51000000001
-147548.43
-132502.35
-121104.15
53605.85058122923
62335.923375964645
-208255.48
8649.465450563119
2781.048681241331
689.4007403635607
5532.6939779951745
5113.015378764024
4119.701195840351
4505.112874267479
2567.024946249117
4353.186618615189
3385.384376711379
3133.5482964356606
949.1574373529802
986.503694841701
781.1954417596596
632.456345598614
245.0600753044552
120.71358052837124
36.446013873824654
51.67051274202229
196.19853916788293
-2.3059031975332602
-135.63531750798995
-1041.4324933009705
722.4490615020882
13366.163251683847
-118405.57999999999
1342.900039981162
524.04970091376
470.9248283508756
284.3820157651919
304.98203026042836
65.2083307639567
22.26473832206712
2.536602654841308
-100.98395932495208
-139.50564071181742
-219.4935243631485
-46.60906474333628
437.08685084833155
459.0233103696128
392.4627049412495
325.2953367747247
247.27713187997904
108.94144974605373
64.1000255389493
0.4431964026751075
5.355323698034849
-9.416265799248935
-6.04774157028415
-0.017944942800749222
-91.15288044751321
-116.34941883374469
-138.64598094396223
-159.95698495708913
-253.35166237301573
-157.02139423408047
261.9705813330093
197.271926311134
-135.1714393236789
82.82348613476974
924.2351095465742
330.45243505234976
52.251336750761695
93.50259694852767
33.190243087707316
-6.489035284292848
16.6684779982725
29.586081186948668
2.857965975773163
-2.126771732798992
-18.43837887281774
-49.1016862394891
-121.81595224848296
-153.29819170613703
-229.43537085475276
-472.29334259650295
-824.0602469169853
-1036.3170461431127
-32.80398288696287
217.95981376460873
56.55769619645833
6.3851240867816745
-73.74760580394779
-21.21266759123845
-86.29941143580211
-94.39841412626527
-8.574293746362034
298.98382628378346
638.1884137796296
718.6376580668227
528.3292713636755
499.4361473509937
319.7863085801679
181.1701401218858
148.06389089454444
420.21194452600923
205.9958669617925
134.29901752932741
50.52919444788357
48.31877778793349
0.1262233262615129
-2.6358990758269623
-2.3092625553439774
-46.17527458100747
-30.78495047378984
1.5682595562675352
-11.496858078641786
-29.404490469189685
-53.66387458277036
-252.89286873346293
-175.42369946525483
-308.46487496385
-269.2291475333128
-546.9972470841759
-461.91574742860035
-670.3463383443886
-694.0083066959153
-735.5112221326309
-291.8146647621376
-517.66426012143
-788.7750741854259
-1054.0766198262113
-1333.5210849500231
-1564.9926670285602
-1723.0894137836842
-2020.523244946935
-1846.247201040884
-1181.7233856670937
-1151.3997467785755
-194.58464282196985
-274.1520451684109
-92.16291297018533
27.3517602251982
587.32432318479
1962.4346992774726
717.4376027107137
772.4391510982559
175.13784786698727
447.42962227668
617.319657380406
1288.362747077896
437.31560453109927
0.8734128820282203
-66.46331023188695
-64.05582766690287
653.9720895569981
166.35567774081792
434.1985551599446
309.0317454769398
15.373542014079055
-10.264615291584743
-688.8996114109797
83.96492555920891
1482.1598117923852
459.48040109228845
34.76382105412128
-100.52792292081024
62.863787815996915
1115.1858953476203
1197.3048718295713
352.30867378547134
29.88496509547867
3.3042380861431044
1505.4952973057734
1772.6303706859007
1230.5759737331414
890.1976632306466
478.7760019993652
439.89876866363795
212.43416824038485
2293.045327509717
1461.4185777279704
994.3323344414856
536.1726771411749
332.2383650522052
79.64387621347002
11.896650163029884
-54.50173667791589
-290.92605458244077
-656.2374638790913
-445.08664380531053
-1879.092277891014
-1169.3598009544298
-2071.6968615235387
-419.30920380096984
-232.76792870464507
-424.84991327052785
-712.9229055040055
-354.6214754100106
-368.19895864219416
-93.75397162497129
-603.9445758857963
-1371.5316548453652
-555.2282883308485
-133.44606573539463
-50.04494203189266
-125.93609456221742
-549.2319518238621
-1341.7269825028002
-2094.0776521178304
-80.00463061801022
571.7568802651084
1320.3872638820592
1496.8937840603385
1618.449163212967
1815.524985098185
1591.6422981445344
1107.8817216781863
253.87332964380568
480.8196856151251
524.6227570696491
649.2821296526978
715.3795711426956
520.2873376645534
478.7484468311684
581.7209324675176
359.99120964582926
199.0348236596514
106.40206720947816
-0.006445385325739949
7.553083181104047
-24.911928312693938
-39.049230583780854
-150.93071751542124
-200.7064148877467
-72.71497465116695
-301.45471687520075
-423.7255700979565
-1196.7910042075548
-2349.5430497748334
-833.4596113490368
25.002034247222678
35.79366910482104
172.98873768981483
24.11834791953339
48.26615441032248
37.489259067357594
127.62556519917582
50.51776704690114
41.13880182492947
45.152658522581326
107.42745460565247
8.722927585660075
16.9551755166574
1.4133622397642904
12.870827214799029
0.05876684309829983
26.513458007052854
0.3457042125783345
0.03877434884001013
-1.7522543773961772
0.17935750875988765
-27.26321200700497
7.688690196795568
-4.333379318396705
-3.113401462309364
-3.0784250652741325
-4.325978401235985
-7.408701385322603
-69.88195984204857
-33.3514633754132
-54.60151211240415
-38.530647560302434
-202.28857972499355
-109.04342388140473
-161.80331152728542
-337.9835751239841
-121.0145059586832
-308.8645490393651
-269.84747005775773
-299.5676226701586
-627.8425744363934
-524.1281403814658
-345.568449875991
-575.4825159305118
-771.7087287608747
-932.1390430346239
-992.3262181131711
-1128.6552546484804
-1463.804248798213
-1071.692386395952
-264.11852400282135
207.29081487935235
4683.5210152128275
2919.8639661220077
966.0119259546545
223.51377560579883
25.02991941385947
-3.630421342559753
-120.02974788429104
-298.142333254472
-621.9035407664828
-1169.5066516892534
-751.9387525544986
-6.136021720137616
93.88737656872132
-28.842231759330055
-452.01612758190686
-384.2849850706959
37.83853050769481
-237.9425092872046
49.26849840445461
1527.1918957624928
790.9335852094821
3101.2516404028056
4431.993531985965
2639.147199547154
2289.0638302806606
1276.6546427220305
1311.1027335008953
1526.2533227630192
1407.4047199441252
1156.2399428911117
1000.7873977506649
647.298409663674
785.1258427210662
532.7458974349598
672.4132906286238
427.88941141582524
399.5186288562697
276.18574870443825
433.69397120945416
103.03415311264413
234.52036541821968
80.08382006588164
-4.97103154457266
-61.13384483807043
0.33595285456906254
-98.24627217592537
-283.97291485662646
-576.3148551783671
-729.6476073481966
-1216.7859499223632
-1578.9798614796052
-2373.0496606165243
-3282.757034148767
-4077.656348386601
-4547.319065771898
-8176.453705100055
-4262.079199321837
-0.40258635485850247
716.3524901114037
1018.055651002205
706.0955251660151
487.14043597569764
331.6457037838211
125.44946762304632
72.77892791254041
78.16595913003928
-0.05078008231779986
-28.382156364964214
-224.63799037184356
-407.75135189165957
-27.29231019924225
-9.487705548145751
-1.2936424169824186
-15.965132399200467
-64.7760715989031
-146.65165959665507
-186.259354253452
-287.80761678606206
-107.18637677542475
90.15484761321734
127.27402064370902
203.74617603114487
173.4734246746039
56.18412805715239
85.50505234746548
20.077181756501886
170.81439246177234
1550.0291752166286
939.9749225148703
987.672248697407
558.887419454431
125.16024040670587
2.8470927897605125
-240.7854376715453
-0.0034860406794166884
176.91588810237545
250.10678380507318
183.69429720734536
194.49905509384098
191.5421347292577
39.2256034743081
7.403450171890358
18.3639794655664
-155.10104401606657
-8.756483346958815
168.78266968062945
15.108017750596012
22.249641091402868
10.438245292026641
49.21117202610967
53.428274656154315
0.09043875797797576
33.46747465729912
13.830649157113413
6.307799628178267
4.1384077301777324
-7.077606430789766
13.349201973900602
5.538811286088891
-3.3029168925704506
0.03312169432801279
-5.482359230283558
14.99446250820537
1.3660878256700482
0.07447686413202159
-0.23763993896395447
-14.71858558773413
-1.475101525021667
-2.402525573536761
1.149677173984751
0.3790108671684838
-2.2714283903569363
17.99948570412153
54.91478317477024
-1.0301031012499033
-7.872153321400095
0.010326569775163958
-6.997614185961343
-0.08238804814999409
12.938576660197214
-31.04254441129669
1.3147682795539628
-3.9912789686026278
-44.06869815100171
-23.825742339448453
-49.36763109168608
-0.5067686796812805
-11.226604381837092
-22.47211828715013
-22.85651184332661
0.8628139817003655
-31.72349253244704
-4.557958375075023
5.163312905865722
-12.216044382756685
-10.03784936607384
-11.142545674325117
-12.619790880006576
-48.20469783706456
0.0413265900253932
-139.75284483060085
-260.35984309847913
-535.1995506342034
-480.68121985925546
-596.0707197821196
-945.9463261053434
-857.1485220990079
-839.7038510589687
-1271.5530717394083
-925.717722187625
-702.5626597488209
-723.5501602534947
-1243.5876425821134
-933.6205375872171
90.5266315328752
308.9092597514201
2461.4311704711563
2649.7427907356973
2739.933760673417
1416.741566783111
976.3163403386523
363.1723771973177
154.71804242121596
44.400211794987015
14.437280874119136
32.281593435144735
18.772012890232155
-5.5403537433836005
-62.25779419422182
-248.11889277324752
-193.0812536054456
-379.78057262276525
-414.4041818858018
-473.29671623709146
-943.0077824659357
-1202.4073648843735
-1628.0872100244865
-2196.011780878867
-3555.1112816420573
-3070.4151587479346
-1221.9172047891266
2554.7040054009617
6591.78538462554
2833.8953738796877
1613.858555252494
1857.8529317914877
863.5515377148263
621.9716451302331
164.75719332628813
-4.141638623479298
28.166797487848154
-88.10225795653399
-8.185962757004038
-51.04751365959062
-692.613922975019
-2228.3369504981833
-1957.3230503803866
-529.9206483222557
-178.1570216115585
0.05038478309474818
69.5731915131146
2564.464006604073
1088.1247041955346
581.2848918803027
74.9704765745486
3.7206190848320944
-41.20695538207272
-34.79957355026259
-1.7771508445596131
-350.622829180235
430.35133338042147
75.67246834296215
7.363443324019478
128.24730017704144
456.7483186554933
147.26748049409497
-89.37261243984071
-507.3684997210886
1882.8891123386452
827.2228087718174
394.03499696112937
330.10852712171214
879.8680341616531
795.6154120637447
180.50483480616865
50.06333749976984
-14.76022440441126
-111.13832418769518
-116.85725774135652
-42.25934788988175
-135.03781279017085
-431.53734452116305
-826.6501323972623
-926.7298122827935
-1951.9029650018745
-1566.8294862883906
-880.8149104693476
-1054.0443590662035
154.28694867860958
856.2881209537675
446.88518057039215
30.535982735815807
-14.17033897107165
-138.93254371839134
-338.1581074059301
-818.3283150166595
-1754.3914178357581
-668.706954458187
-71.22933681501613
-110.88945861495378
58.91818026422714
143.06280967141223
277.1349867573759
301.0859827218049
1224.0730212724036
766.4055402954557
335.24902372410395
112.45950125126129
0.011415191774594451
-68.47184008412994
-335.3420319579605
-771.3022948401824
-79.47163965119408
99.66652894633546
10.492606076161758
-0.6559501794444875
-87.37980555104643
-461.1058925891502
-946.5760052361444
-748.3699645802401
82.19483797895786
54.329297583073334
-428.55600441640985
32.383874190968726
1834.541348108352
282.00058536005713
-32.819849867444084
-362.67900281561384
271.5052958566813
6.01762337332188
-90.60939870313933
-367.91489234904736
-40.15244195199776
1088.4801771492237
606.388942300074
214.2923707417861
103.73957717253379
1.0590772488927203
-24.828347726974712
-52.85973248976798
-1.4323808241663127
765.6772703406345
102.66136509073824
-50.227197141036456
-568.3468933435697
-127.4638392319328
-8.107163079088915
28.07503014975864
4.276764182315521
-14.064911374292773
38.902214006479255
-111.91199693871138
-693.6854618324564
-2402.8812801551067
-2041.673385299956
-742.6430954897573
1.967332419898882
2580.813130632715
3564.3332846979756
1789.5814370347134
1020.62195410941
384.0309198425637
76.93028648726123
-1.4065776531825813
-64.46549957275778
-3.5330339961514645
-15.453974784143655
-111.11837357090664
-505.1471276060802
-1220.5191461912489
-1021.396330446423
-2463.125780768594
-482.2738194331082
-97.20650955580862
-105.03700691848962
-308.8028044168358
-519.9079773836255
-945.6007514353296
-75.19190268027924
0.37519585498561525
365.6558017159762
137.31673243502428
75.60901372055487
10.26562333431273
36.48812167077172
161.7472973059621
303.6581943065339
794.4213127632015
1060.1460690243507
1146.9339047030019
2610.3048325768805
1266.2311050896594
404.1055675588376
6.514689974789956
-139.5044040998406
-320.03169830622215
-34.21199958078944
-153.0585050442553
-501.7574302177013
-414.2768030283822
1668.312943480193
736.1280052508795
322.5279566268189
136.40872290351513
73.44772978621701
-2.3788092934980978
-16.435561715382047
-231.68350960674474
-489.98980630366225
-839.2874252684257
2.6088774502623697
-242.47765249293775
-946.9243606477288
-164.5748896135384
-225.33554622380802
13.486821736634063
4.088685136971674
-14.290617942859415
-4.052053568809668
-1317.861944046609
-339.8826083077867
-735.9715320149529
-153.41676607579694
-120.09190852490728
-765.7962184550537
-1129.1358569951753
25.435760441269704
137.20565397108004
2.9775664193445426
36.138517865949495
3876.3274767966636
4236.943185885365
4008.761389639801
1861.5679372938343
1707.67587802044
1350.2041376647778
1077.6852741397129
874.8655130610446
568.9814276879886
301.8558907322034
153.03497565076654
89.20490335247423
46.72705297609366
225.50409247648665
16.332465094929912
-86.75023822835733
-267.30180380249084
942.8202673835273
2130.5444718946046
1465.4348557972062
926.0778689255596
554.5546931270328
323.69176865256395
165.57810759733908
69.56145539552061
1.7485220751213348
-2.029321841116896
-144.44295799057716
-249.44106180342527
-341.79702246388536
-602.1237277256255
-1214.2294494569187
-1855.0494764144855
-2413.0015945718096
-2775.019790603479
-5740.819672990616
-1119.195891920434
-593.7823360327269
-143.03924835776743
-116.77002569481351
-659.6069049319703
-816.5339330066142
-462.3987206457117
-805.0455860992972
-1566.9039851399696
-354.9357579119785
310.9943004356028
436.32130186670634
82.18659610530233
52.7936093137478
4.267804406674602
-57.02884901175892
-211.51780250085577
-272.35950004991133
-1108.8868443674025
-2299.6964071340444
-299.4712512252712
980.8841813881942
851.6584981686217
1078.2795887795967
423.0780442104965
29.18219445084763
-312.1564731592887
-1066.965710606715
-2381.3139299765485
-57.19414721447966
219.6690388563692
837.7418504702068
3339.6269208764193
2315.588986406258
1235.255995359089
660.3220711198553
329.58296426401523
33.277866622818195
-15.520570637994268
-266.88748592683777
-500.95712555504457
-972.8292554880491
-1782.6319307481203
-15.760895678809746
-0.14493693626452017
1.788456667946618
2149.6468099474846
530.6240760858234
136.5372453500492
6.071727054667782
-0.09478391688273488
-1.4620563432100884
123.69539312706955
6.402491035906569
-94.32350496069733
809.8540672874204
2224.028978656339
1906.654365423818
1455.164022315687
1232.4243851655042
867.5493605807053
967.8499342234002
499.0514212884426
519.0461209444442
189.30532743324608
153.99120079676524
36.844439239986755
0.5197753481299457
2.3642533007497426
-36.740241325800554
-54.356806537985214
-173.24232185861
-319.6913589607843
-260.1263431698494
-527.7540864732559
-659.2764543281257
-672.0058632247687
-965.7200560592826
-1042.8081032083774
-698.1920828330861
-1497.1491809387346
-890.077262183696
-445.03895066049733
-264.08002952190856
-882.8032420765086
-156.98969481992552
213.86344681607275
-2.596695402451728
-1175.9185225650047
51.89913875238875
958.7427415475956
757.5363591796824
561.4146282492011
660.162662041402
354.0388427215113
240.470039807248
513.6563163174928
151.9291849411806
102.57527087922328
16.810908714011774
136.170673768629
15.873128395627909
12.084124641569119
-6.788424118590173
-98.82322626371061
-181.40454940107986
-732.6586024173164
-1176.1495908229301
-239.6111853137537
-443.03265934850066
832.9511526684942
861.3138307772622
1.3017033156029993
-4.039704155003609
1317.873172792758
2044.9700361753694
1161.71952675107
738.9272369625737
281.7669992531253
281.5412167603013
1.0368777570880696
-3.885373259698536
-97.91632031719665
-103.13503025409429
-141.28777317000737
-274.56108481714296
-353.4071473855238
-544.7614844797741
-987.0551602899058
-1840.695771293776
-2895.072221440246
-0.639972593647967
786.2649692615043
205.517787283133
223.41098296746628
-13.679802495069971
-444.5435699608591
-1714.0058391021394
-258.29004562323155
7.5579940275531
-18.46382341465818
-149.08783807441145
157.51296822381934
222.5184849558865
-112.5583429369155
0.5640175235671578
-147.07662653685924
-1215.6900706390404
726.846362691324
314.465347014538
46.045244848132626
-1.4696034169593086
-201.17953848079765
-653.162848304281
669.8301133495881
5319.47489573792
2254.827991673182
907.0265945845952
600.0453981606693
319.520222701102
77.17519353737474
10.185254273907349
-3.04699053103739
-29.166323470674577
-222.70293148325277
-414.4312226220934
-264.71044550429065
-206.3530180825176
-433.3236749755615
-918.5384519376773
-1368.97067602681
-1465.6634736746223
-554.1116467183726
-1730.2398133075876
-3471.7135595808254
-121.85472299754494
3172.295496068332
1408.2717619898337
669.3901827433338
144.30157370731084
-159.0527312350136
-435.7365211360203
1590.6826056224945
3895.7006840241766
1355.885009300026
202.02379232266878
-0.6563192405153073
13.825015578399391
-165.5930295834029
-635.4881857377634
-1296.1061489871945
-3244.7421306614406
-420.40624527836553
1006.0296961121769
61.16183055779365
-241.86962706461338
-1003.2485304950576
-784.403629140145
-66.18426766964103
-125.71293979103865
286.33561268688743
170.9696653078321
-81.67982917201932
-433.9494382997936
-1133.9340557603746
-875.8931819500599
-1360.7955258335905
-1656.7411985224885
221.83846289614542
85.57912906651714
26.814764448863837
0.07131714946903028
489.6869534087879
3152.670951902502
1920.0292659446377
972.4783359281682
300.93758892983533
31.809099601980783
-256.6962183434619
-390.2108858061205
28.113937755522358
532.4231891580934
9.088905066179299
-2.3258080994071957
733.2646530905577
1979.6126889050256
1296.9752418990493
856.2220049041784
919.0798846259635
573.573851506507
509.9717539026024
336.72117579816864
43.37183117327317
-5.964861395278332
-126.70735079691588
-31.644812639143883
-2.974811758971371
18.13979514372359
63.87237477447471
0.06581458847439411
-34.023383981059446
-364.6399027913591
-563.2536090286856
33.08976354270126
95.35923700166663
-24.3828679727264
69.07314662008424
764.7395179522903
88.23861557632986
16.71568094697311
-7.4649559392038425
186.158437853485
1058.5083769260125
836.5080607568653
831.1002630041077
617.9853767706708
409.66177233520415
776.4463347220184
177.57035168081364
215.8845875711554
72.41083028531273
176.50245955791968
47.017501320390316
17.265227873749577
4.3970389157037095
-15.522396164908022
-6.8891640526832045
-48.56733696551606
-83.60662502778099
-233.1174893725585
-228.71477995329053
-384.3042670331656
-408.9918852175043
-437.5616070640864
-307.39803388515367
-433.0479209787118
-478.761394891388
-786.4131135302755
-1240.6534861631144
-2098.7257503216024
-2500.0556110735415
-968.1339943824405
-62.591059949227585
-1.2309036490661602
119.87088387469474
337.0184086909875
232.76254052629017
78.45251826381593
-88.97731974231928
-644.5673137118
-105.26305094717875
11.255530613500262
-1492.3334552347646
-71.5673449856686
137.44261937268067
244.90372301506898
212.0593620257664
439.84626060136
1214.1409055575814
1386.6519676382252
1221.7862127878388
698.2871910090762
286.0907040487548
82.86310531699306
-12.522985208563801
453.74307148165167
37.13423968854512
894.9648633678021
559.7130679304134
1261.2799826857627
190.48732003708426
2195.644140537425
7653.410074940649
13016.745541818796
39372.995780872465
48229.40220930046
32433.96038027928
23200.11965963417
25838.774881874364
19560.276940141463
20380.225950022766
21625.88549511841
18625.739775720827
14192.386280721488
18898.72528891232
13655.149764999005
22106.026562685645
19692.030034873518
17032.697959297162
10039.92859642332
9696.233909531293
17860.43273825667
24152.87408308731
27472.783429419353
54544.28465215843
71355.62631678162
80978.2401539904
0
91769.13590517871
125338.91663243786
158007.49997571876
175318.3763689684
194585.95725180756
491436.17669969663
1237467.35822241
-331045.92
-110379.8
-508159.75
-49752.30999999999
-296457.06
-720850.4199999999
-533589.06
-638446.84
-531883.53
