198010.52999999997
0
-10502.71
207477.9447592093
230645.2354847575
-108246.85
-54035.369999999995
-46595.40000000001
-5579.99
-4669.1
-708.57
0
-9198.82
-9515.369999999999
-9837.91
-19384.98
-14817.039999999999
0
-11982.779999999999
-4536.25
-23547.829999999994
-46595.95000000001
-29469.520000000004
-21403.510000000002
0
-2467.4
-5586.5199999999995
-11173.05
-29659.760000000002
199542.62591507737
-150086.55
-57448.119999999995
-58758.27
0
0
-4343.76
-27611.519999999997
-12104.04
-3751.68
0
68786.01701085575
59187.34546610812
-49846.51000000001
-84605.45999999999
-42161.4
9893.872762529803
7540.146983829365
5284.571747830963
5270.131561317583
4529.573617693078
3759.0152675170702
1756.9481839617335
3137.7448762880585
2414.24609137797
504.8202010732766
1015.4422414002593
1321.211083003498
635.2872902560367
947.667412126458
1116.890797094231
3375.0192888605075
3108.502017248419
3592.277105072054
5181.15482240157
7598.383938967561
4361.656513332744
4939.072055521845
6715.647511447832
2900.270536863461
4569.285381164478
6726.82622276617
16844.586428380848
25533.074227448265
43558.652590194804
109283.02900314453
-440455.29000000004
41.341797848201914
443.81481716546006
74.92144282295314
31.2932786161469
0.4668343366270136
0.044154607188727046
485.5086530523105
304.0818546726241
-10.136995398468168
-21.97407931642546
-67.55378668759562
-73.29868108451791
5.337208518565577
-265.819599913665
-125.18807412942354
-1239.5047838091089
-595.9929906161474
2.525599424586752
113.23077855827276
81.38598789045749
124.76157621331838
378.89964227115286
-54.729938770720025
-843.066508506319
-824.2963640421265
-1183.965261563488
-78.76965134924369
-923.6165140974194
-154.01311587613378
197.67975215416922
307.41568343871603
452.5406667427488
0.6751210813336171
369.40857091221625
116.4683344738234
1.6002822490979982
70.25935084686105
26.810256459370606
0.011446554496931993
98.66246395889654
239.74687288226463
-26.864354381324073
73.85613034719711
-50.04356933591835
5171.202979108903
1685.4777174431583
1344.63434958279
2078.8291360643175
3346.068471081418
3847.782127362555
1516.2824865152795
150.44170333573584
-232.44609764598457
-198.7885247517558
-34.63329280855386
-82.90337316241855
-14.980095548051468
-31.341135565332213
-13.823790050724492
1.7344796674996608
-111.24501422923343
-113.23216658956538
-383.63648467848384
-637.1292262295208
-516.014250533816
-1071.0064208575377
-2544.5169543002194
-809.8730692110779
-205.05347654022776
-156.1080919802216
-253.23190268392867
-159.6965687626173
-218.2415107229377
-46.73059180129833
1389.7472166639643
2352.5429317111743
3259.436558692622
1540.3657735239062
469.9489326071339
306.69567143010306
73.0965147764236
-19.078668963052472
-14.060392700972596
-391.15608228879904
-668.6253290056088
-781.6289342738773
-0.002952054794521096
379.2291611329032
32.380356687444
229.27020009509283
-20.540373058931486
-3.0158041027183056
-0.5400683080541187
-19.48439592651514
-11.656163719173428
1295.530152496668
2214.7067461808083
725.3283902405735
288.2909859697628
240.16453529435108
50.151641341473244
-11.352642861187924
-153.56075779861294
-62.077300061948264
-89.20564189991089
-353.1684549421808
-431.86438489460727
-1524.1206337363565
-1532.6943203772782
-2754.4171488449147
-2369.3132078932313
-1598.017569996674
-1254.068800198788
-720.9384967427563
2.2104661123653058
44.92846560938979
599.9371725428795
859.3125046466384
-21.59452424272387
-911.4011475664614
-11.876328764045942
1289.8242789660917
1.4675286108775545
-409.1710024476196
-1251.215467206243
0.7740960507757657
-3204.086292061793
753.8512218333419
633.003565600503
758.3593934713151
2.31007290612132
-457.55415180667165
-428.593019031538
-236.7095747354305
-449.8508678550952
-1625.772058749483
-769.8468190000184
3433.928556734805
2244.117243435741
786.3483693413023
1742.097344112102
1012.4823897360212
1514.524017063638
499.8815954305837
642.7385036116273
155.9848834355637
96.31348768942038
370.7984094167998
177.95352367239954
214.94467545161004
111.10819860040843
329.37718653844854
161.60414225941443
622.737773797129
38.861423970231776
78.27985882462227
0.04859159984386613
21.26997251021044
35.71873019370484
33.959395791947415
51.5772389048034
22.393243116493515
7.681943226254026
24.633393843882853
3.0201155346051154
9.327734444726293
8.7089145703623
-0.4473381607496858
2.663610435942061
9.150092593388838
-63.09938782057267
45.736454809435585
-7.725235833491686
0.8840451819864319
-147.97671670681953
-53.308745631565635
-109.45760104105699
-302.283161730307
-233.6126817934619
-190.7598169122619
-184.7359813897003
-428.1562559423733
-99.04011038466969
-127.91920493704427
-260.1782106252296
-276.52694875148075
-234.14525815850732
-72.33780384718472
-350.32604417541734
-54.2060413381842
-24.956787488367098
295.4518860513173
972.2334287496785
693.1586145823483
343.3861643719315
380.72099776355185
0.5259631424591958
7.440789242748302
-136.3022556975487
-77.93575404059023
8.084665891888642
369.72283763396416
235.31174604245322
50.46636349699095
152.00810450237302
67.39591413225217
85.19375598284188
303.8784072816942
762.5895494009543
441.9612281836015
722.8113772336808
598.0478549356178
483.93308756703846
1637.0021684882208
419.5826665296599
98.50641480950388
71.89335176158032
-1.3849905239471894
-88.647948730868
-12.313762143435259
-127.6263300277147
-34.15605012469364
-257.38645291526916
-336.31360369201326
-530.7928420304847
-994.1989624635893
-4.528143523254975
-1794.0319042703702
-5275.7713273382005
-1022.0264793085043
-771.6450526883388
-881.1547391592021
-63.414692467658654
287.9975948598403
324.9989739489836
456.99817135601717
1148.480141824021
1259.560510061833
563.685545930181
818.7438722921277
984.6415035724272
533.8313254505207
75.54618650527566
39.43781192700469
7.68854933100092
-140.78863732850127
-26.673506814383295
178.0634918096486
-71.64337618539793
-15.66632922089021
-9.905913558021084
-102.2504444137395
-36.16283742353913
-143.58383737267016
-210.17577488222253
-595.4071254130821
-614.752957275072
-757.3041361282333
-1181.9402132676137
-1690.5535918794458
-1885.1122933411825
-2099.8094370270856
-2117.2395819359426
447.25727894066705
180.15217980785587
-1.1123005071020338
412.143835380963
12.420961555031369
-24.79942745066418
-179.36845712880879
-4.720872463011704
-253.12304755524218
-505.7741689249692
-1261.5217550160505
-4290.395909537535
-80.36989522255973
699.06809093429
0.5609649653042571
-691.7754007433529
-24.084540617360453
-31.58472011059382
-2007.0541747306065
-467.93707277537516
-53.74905550718399
-95.37422021278782
38.79249482489927
-0.518879701686092
-198.23511147323813
47.703145284858856
-36.60198181806308
757.8856224311344
2909.0298675349195
2038.8681802842125
2053.2257131176543
2405.5161974989314
1637.7178994754804
621.939049791427
782.8232749694586
1048.06575791506
417.78015277972236
646.4899242422389
393.7489953024737
462.0089562228326
228.15551639743757
341.26223923135933
272.9852955844415
144.04147117390784
248.98854860674217
134.74567749055763
284.0161128490433
99.37280604487594
113.24697919246626
64.05446215963993
317.14377569965785
1092.453566520925
278.92303386797704
3099.309550191282
4715.506326797471
1687.5879321796324
3779.453447582625
5930.216894199752
3069.914618638594
2109.5788799121556
5757.457373176872
3787.244787826924
1710.2406477050508
2969.2673612002036
3039.0933376014173
3423.2736091248653
7161.592016126517
9944.697593172194
8849.906552733939
14163.302015968075
10034.719748860774
12913.76586085686
16261.656032877296
9578.046489138105
12431.992233304514
8790.205649757394
21678.971698733403
31779.802647242024
29435.87462240526
34066.991188125714
38690.25873180831
45537.65702723268
61226.22229232818
45630.20011933045
75912.28105607152
104484.20579110601
103731.3952132141
133386.7408696425
160561.30535647005
170715.34792524032
295658.0110295379
-559807.66
286089.19082053227
-499768.07
391521.00803848996
-471084.12000000005
-83915.06
0
0
0
-1207.31
-3865.0199999999995
0
0
0
-87597.75999999998
-107364.30000000002
220303.22696277752
305181.04715707747
-365866.99
-251325.77
186775.14164275702
192181.9441376063
350644.17532094277
-456213.28
237694.4569881427
275327.4563061554
-385681.74
-237114.99000000008
-252848.60000000003
-244949.90999999997
161524.31789760964
233474.05575834945
-339496.73000000004
-98465.35
-142918.18
-132548.97
-50091.01999999999
-235995.09
-93490.21999999999
65144.60104187254
90284.90249912647
190414.05308568757
-336056.18
-141977.75999999998
19777.296270168496
14355.966082827732
65021.68214745719
-184968.93
0
0
0
0
0
-3507.29
-1728.56
0
0
-1526.62
0
0
0
0
-1440.59
-2881.17
-2650.85
-2684.35
0
-2655.3900000000003
-1243.76
-2407.2200000000003
-4429.35
0
0
-1201.34
-2411.75
-2948.9600000000005
0
0
-1728.56
0
0
0
0
0
-2402.67
-1449.51
-1449.51
0
0
0
0
0
0
0
0
0
0
0
0
0
0
0
0
0
0
0
0
0
0
0
0
0
0
0
0
0
0
0
0
0
0
0
0
0
0
0
0
0
0
0
0
135662.43999999997
154012.15878141177
204549.96667524157
-89293.3
-22281.120000000003
0
0
0
0
-7087.63
-22965.870000000003
-36445.25
160716.1764734272
128346.24672960988
0
0
-6128.1900000000005
-11590.019999999999
-19342.239999999998
-62160.22999999999
-58414.66
-13590.77
-18958.800000000003
-28357.239999999998
-71506.57999999999
0
-8145.26
-23559.770000000004
-16493.690000000002
217598.5856751433
-124581.70999999999
-55297.97
142673.38011446805
-28915.05
0
-30119.429999999997
-39205.27
-13017.380000000001
-21734.66
114581.71670136572
90370.00849529199
-4387.049999999999
-26391.139999999996
-15289.73
-30788.969999999998
-49391.71000000001
96623.81558887084
-36414.51
-29129.300000000003
-22513.57
-40196.36
-34045.9
-30571.520000000004
-24915.96
-31670.600000000002
-20284.53
-46226.71
97324.69084744748
-57318.47
0
-10792.1
-51182.350000000006
-36452.56
-16094.67
63935.802991195524
0
-16240.5
-69560.74
-44187.87
-51483.78
-15026.11
0
0
0
0
0
0
0
-1012.31
0
0
-4077.01
0
-3862.6099999999997
0
0
0
-2368.91
17218.21686546286
7894.207040844834
10299.515236017949
7743.2683872085745
10299.43705338201
8387.082079069163
15021.61747862208
12274.985991384618
3305.4716342436054
2180.414655074579
1235.9226680518896
3749.0584076330824
464.8194099415285
528.3265015438302
6748.583301168461
4608.41004924705
4024.8818834405147
3001.7268503725436
2713.0561744784327
3983.373565340908
6790.198631751689
5693.984141003951
5440.04986413749
5963.630739020874
1487.3939800826186
5068.184952671227
3507.7898901868584
1797.7777684685677
3541.5233400853526
6021.486402384181
3319.594263788914
4860.829334987127
11809.497031937588
29005.118295027027
57312.39806046794
-8064.33
0
-471.0
-159836.94999999998
-163858.21000000002
-86960.35999999999
22599.835897039055
21945.669228795494
132004.55557775873
-196644.32
-51779.31
390.4291129225508
6.911163527656939
177.54628047265504
158.0743220212689
34.51692160019172
341.5111690720138
76.44421186115895
253.60725936999253
683.8470684259365
600.5527357682158
232.6378352707037
-72.94328307793806
-233.72888282548863
-84.94034511489717
231.86900644731273
18.259181113610943
-414.99157760291484
0.7310472045986895
152.41012285264813
127.52598674288329
1507.8687419410603
1819.8612367773433
1800.084621752412
1250.047460829816
771.0560863073434
960.4361162977267
538.0420728109796
1008.3732233445824
731.4677694946007
366.66088948755555
319.1578723855023
374.2227699625213
202.31652073137155
197.2961150541695
44.74348360006356
4.299365878885561
119.16768168397857
25.921334911186342
19.64475941278406
12.276070896847258
12.441541095315149
6.287573934786342
-0.23103792832894085
0.5783105189324491
-0.179178844540344
-40.59605501029856
-0.760390576711544
4.233664667298575
-9.378670384157465
-7.273400172076874
-0.5260840142065355
-1.0507310292612373
-26.740135945941347
-23.208267475904165
-6.571084908638204
1.5039487332412764
-1.6550678851353262
0.6109745447860198
6.38877081795859
1.8884202677327022
-5.519017145004026
8.232666555423473
0.3762921014326409
69.15269086694352
3.0830739896246806
0.10645688612565583
-6.152498304996939
28.30757631738627
-2.344482088681144
-9.530308543008616
-252.04294585597802
-559.0778584488909
-440.4436675173497
-917.9412550555776
-1115.638417585234
-1392.152747034127
-1447.8781398136528
-704.855175439107
-802.8083600652589
-338.067521707276
211.33083434784814
-31.574595720642296
-280.2793324918101
-788.9930051262139
52.15893243726971
161.51345406394103
-22.453793773525803
-2.6095712346677438
-375.1813907502646
-437.277249589456
51.36895488193054
37.17657867143546
-78.07972988441985
-471.5980333223288
-563.0694596311519
1922.283082538138
2346.0924376144358
1853.2069243306064
1339.0921502316723
910.191848678618
992.5956513246546
454.9087172683327
501.37505864274044
159.19834448097407
373.92489801466525
219.62069691847327
261.98071162036024
391.86843037702374
459.3154996070256
210.90285690390678
50.962136345473084
85.35702264445571
-0.08837168836022768
58.76689275645956
55.196604285003126
-0.05154588460019595
7.832130614924978
109.46331658669818
-9.787927225930746
5.316301576205755
0.6605021448223427
-2.3153979049951703
-4.480253198803818
-10.09100386848246
2.6250410836943323
6.09056930401984
45.96148949261951
6.1054558462772475
54.07460411054229
138.1201435939233
-0.27437102800555524
-0.010837857872093133
5.82898374254842
-37.29150498229896
-5.486471010439092
-118.28290418644994
-0.057101246469592915
-13.196708251962399
-51.75911797918231
-79.40630934371724
-7.329956164601267
-4.223338729078419
-101.89590452449448
-25.270007050137362
-41.579571841116824
-76.58680716438067
-48.94229006858015
-311.5892594723472
-219.2571382927443
-46.41309267545199
-186.62542212914462
-131.45509045799963
-1.3573206335853474
1.8396479068789082
2.668579845755163
2.043732426355192
-2.4640020159081826
3.896860998111369
17.9465237990889
0.07975955616170596
8.760942564346736
-58.9240184067767
-5.948650342422605
-37.07548768729612
-67.72850245177858
-32.965577431640305
-63.342099283513484
-9.24987130916924
32.91463566770126
-31.51014677399964
-0.9641140875436484
12.336228156985408
6.9805941022005715
-0.16066172348856672
-80.92420685383652
-23.90330012511676
-0.2709243338339601
-15.78555369127505
-65.70619461825706
-305.7337657892928
-7.602838246084842
-96.40330657906492
-238.79308666242449
-518.7244403343857
-373.27535781741545
-399.13604280487056
-881.1366295287428
-597.8772451291605
-759.5878289790646
-768.6421157706999
-903.5793740723316
-144.8812895794764
-607.4878024014226
-428.99644301430806
-298.3140197411006
-183.71367034942946
-476.3394605068271
-178.03424789231144
-153.86818747146646
-370.58426393283565
-600.8609441610538
-72.9261169887189
684.9545917433178
2086.272711288461
3554.6683819727637
1478.0046259688597
1155.192851825411
264.9108270025507
1.569828457580819
2.4506113311297066
-151.47586316268354
-1121.312450123282
-69.25255314613467
-695.4847307643677
-1067.9794401887295
-464.68720973679063
22.82775073812926
1107.6170069958903
1953.876331060634
1171.4069029604798
964.3506080661848
972.8004652224606
1318.5523816778423
769.7038799030323
436.65146899782405
168.4329891829272
11.15356349852938
-13.740635480091065
-511.1826136875344
-3606.500125193982
-138.4830483681199
806.873021655294
1102.0460522254657
366.601966670156
277.6507268437067
437.6325087763997
348.40556231921084
194.81003485725387
232.72482267889438
41.38082709151186
43.2982712891081
10.126855523077555
-13.975773600348141
-13.431496375114136
-4.176172012908996
-177.47611864439114
-153.70936790144165
-395.1521025646038
-465.20979153897235
-496.28242104882094
-1329.7033097004337
-1617.5955956948646
-1788.4707374875343
-2968.4912795870346
-1246.1617252805454
-243.8449664361914
203.52852440985598
4872.422446831433
2573.126101965319
1083.1924146189988
249.4960243006943
116.21221509612108
53.84632787698984
0.3653926876642716
1.0886017155852028
943.2707114533509
213.02562201722574
27.931051170360647
-142.61603092407603
-137.68657086893802
-975.7624520476452
-1249.0039015235043
-23.109738658024682
102.49261897517958
140.86404469336685
23.054160729761666
8.952548273134472
0.9342725510772495
-1.9354766574171676
-0.69196690661296
8.09683421806422
-5.295697307517294
14.48978255799491
-124.85291069903909
-1.7271398222502086
-51.010576031656164
-56.25459890447042
-110.86274426369518
-279.8649878737158
-164.46019802255591
-182.90143756267557
-718.4036879610676
-185.0295380899579
-3.382487810021101
355.64393283192436
-81.25819941338771
-139.4469540675404
64.14529963455035
-4.897058365404343
84.9518277984083
14.74973057223238
93.88260412335168
28.96685208730812
511.623260456188
1398.7125126724382
1181.506137408347
588.0048762075879
491.48408490832225
-274.8516276944406
247.0921295097998
816.482756329724
2519.377508807799
4847.347507632219
9852.730840572585
0
5004.419526984647
4912.575494295199
5630.935962683746
11016.060440533449
7251.847636372322
12084.599143913332
17412.1905855744
26828.873911053714
16181.919803182718
22081.82973468748
21101.196996165443
28637.62915260245
38117.76920077114
134540.77465743147
-361708.66000000003
0
0
0
-26061.829999999998
-15695.11
0
0
-5972.779999999999
-45346.340000000004
-57688.049999999996
-10617.86
0
0
0
0
0
0
-37438.55000000001
5798.154994977488
-62149.71000000001
37088.32935475948
26239.897045175006
13805.765963314228
29266.216331369025
25026.831931912726
34053.8316706939
65818.2406311535
161429.91314596657
-458713.77
-52048.05
1143.571665053855
317.5179024128955
50.68032659740543
7.119641492987931
7.0290948360210015
-1.8106094002546886
52.750037083078084
-24.355584352198278
5.392779360651782
290.865967006317
156.19902173193628
759.8595967700808
2170.8598614810903
309.50641536304124
1023.7657738333203
820.1636588242739
519.7620425482239
720.3388108030824
63.943446225192375
-62.66207415306041
-5.88898109427606
91.42009865019817
207.35336851076585
130.67993611855687
74.97771466827987
29.784898484017116
-12.177917072710544
-0.6121021786364653
37.21363959302182
31.494623565592775
-94.3391219787328
-703.7031710101837
208.37916821901328
880.9191695301176
227.62909322973877
199.48155391853305
19.58968615736935
-32.9220911323665
28.149093130259857
14.58710352735883
16.18932293005343
-0.9351284205779158
2.858178111420989
15.419911576718695
-3.1430288073964685
-0.5598961716678447
-63.84501488228073
-144.40113934996813
-108.5614363034433
-151.6933900444851
-350.7260667363133
-606.9072779731288
-961.2421455629704
-926.0331469292021
-42.749478782232636
13.793371307697875
1114.2959985652965
648.8818114311475
363.47388999162433
158.95199456476922
809.0542658357091
296.0733557683973
187.1870740624654
132.04445632785627
-3.918999302675285
-1.1085706091735807
0.22888891420794782
803.5834986854054
1673.5813577654403
1243.1984853252516
622.2113308705996
259.4018705891465
286.956579321207
136.83342580486533
12.137387706855824
1.4459517524698229
-53.143019730526504
1.8634177629723108
-1.3903765286100855
-141.22866055791718
-107.69467642950079
-155.11136277100172
-173.61295037354506
-446.00485538673973
-141.95117766425665
1.6784737760893171
-15.032876985936165
-44.6625808676622
-5.2762171892153615
-107.26160300964169
-444.0877701004797
-1786.045473956239
-2983.4258987835383
-1455.7312457040096
-140.6376135865562
-351.33296682341796
-41.698676522658964
-0.16130439283362982
-109.53368154579665
-49.560632828797225
-157.2561572264956
-221.0377128582446
-279.27692177458016
-150.28962741748393
-701.5477188314742
-31.96730015616625
65.69527482128231
611.7899261517134
816.7857551567593
1706.6930059348324
255.9080039849825
684.1882058762401
266.4040812653917
728.5112947765064
565.8616366245631
345.96066968639394
234.19501707240568
521.576559004628
190.77069022996008
174.9118451118957
172.78436514925227
228.3451857905665
266.47699063021537
105.75220393125906
51.77356212654847
34.123723245532474
27.650484176713427
10.844242527765022
96.57935342632697
14.21426573763474
52.983994637461926
10.212879796579307
-4.714500840452078
78.8342238120259
-0.10564761858637992
-8.189479978645494
0.23413846912022146
12.864087574641902
-42.4947695491854
116.50394948053628
0.044772089761565055
-34.65900630535761
2.723728611396559
15.168179433587902
-11.328018619265054
1.9744182915356714
-21.163086714812493
-15.379714065754198
6.157735352776664
-2.877968634641698
-42.0521117966155
-65.99226838439742
-95.54462905445527
-70.19467711299657
1.7091572716135022
-169.44647111605158
-221.7267871821586
-33.711428894236484
-70.64613507798757
-85.7641725339336
-159.6797990270354
-43.464337559067665
-126.81313153163622
15.66855903620281
-0.43672253108863185
107.68847835924362
8.129781771071414
75.1140915244487
4.236319751903837
54.13191160191335
23.210485234852605
117.68002589501354
19.36286713147841
29.555717912325076
11.936689758567287
110.37310530224124
-0.18091456365378136
-0.06349418408884494
16.81944719598646
60.51159213371983
9.241202862479486
0.01704713534287876
-36.523480672119504
-22.33402232517988
4.470077851546807
-8.378710388874389
-142.24165346657256
-2.114609170641992
-12.54627342513572
-102.73694607004508
-54.67216279902015
-24.21862233300247
2.099487247000341
-218.08436245050984
-300.2048695640368
-187.22102755118405
-65.27595581568022
-89.6645593363711
287.56653918953543
132.06867249435953
226.44046151437536
238.9071320903464
254.6652982039809
38.37730166913671
236.42978463178548
172.68551046534694
72.46620595923406
12.316473723334061
4.155725665370939
-0.00024603893622448115
24.676009663245217
60.72699811557748
53.14398719643594
18.194315795686794
74.64049939520163
57.14383979193783
34.956606198959214
103.51610602133181
10.1253396133112
79.32988833735192
-0.04548076381787754
-0.2498504013965249
2.220573147943736e-05
6.336029365095307
-7.535696916226305
0.5228969860249371
-68.92352814754972
-3.3272178731179523
-5.6886091267613415
-66.66319899279932
-73.28838429597914
-21.77311401714071
-56.133880585551
-11.174179555828104
-70.38425751341313
-23.63965144803863
-57.86801482418249
-473.2335504032791
0.24023779206236656
-80.28232688157753
-180.91298067879546
-123.0554721373954
-153.97492141309215
-281.05773628127804
-381.6914650360445
-246.21407009450928
-465.27684200499954
-226.69584065971196
-752.4425333123858
-1043.6819666179929
-894.7764630063114
-30.035721022963678
269.4551963274562
28.953180005310365
137.61781866016688
55.65244869917008
16.99312549591827
487.0892261135542
859.6997339914815
774.1913154408564
1228.4302852800304
5876.972178755892
3165.690206567687
4731.271255621569
3473.5065150749733
1526.4212342010387
2526.754570501231
1387.2418712932495
348.43528349504936
1575.8315311851038
2026.4212806606383
456.62075637109183
1435.5981497388382
1176.6863509884315
406.25247492636396
59.05494770740616
115.20272011543906
374.9449291779638
1787.4991215040973
356.9589286938455
99.70122208661039
10.533196394586875
820.3853044519607
1473.2715674237056
344.355422079356
21.418374239123352
857.066434036919
810.9411155285367
2194.670002735578
6399.585941197184
12474.16024884616
86871.79189323964
-328616.74
445.42719190154935
19.621333349792458
-149.6123424492099
597.2881623432081
336.3857746937845
17.484440845499847
280.5295468073059
5.271390131174473
408.95874613489207
137.21615273768543
57.772493600203646
8.811613984813118
52.05432142654923
99.81384613167599
286.3885664099012
149.13793310223983
-283.9782170210356
0.2647817718551333
297.65259060665545
5196.465337393835
2444.3803018388217
2774.0066613418885
-3.430826651687662
1420.9211697597889
4994.870251991595
2116.51266402703
1064.473967721483
1667.4811760287905
443.1566626734794
-0.0019405969989798068
753.3962872064387
1715.2468042859377
706.3652653516132
1006.8463840710319
1777.8712226268058
1100.0845064671153
859.7412096989121
330.70135995069177
900.0302845668541
1.5205082994545456
250.70396546163178
89.36579579800637
-4.864832900548693
-17.589833543403124
402.0821133277963
654.6568211406891
436.117605726635
1157.6608784337657
7750.31463268536
12033.230883529182
36703.75270339983
77428.63779916927
125011.24433068516
-217116.02000000005
-220720.05
11807.347486153758
7494.764617510196
6326.163044055285
884.8127618269177
253.28848551968605
1884.6368046483976
3022.494798615027
827.5902074119413
352.8491328458065
220.07566184994036
2755.940096297805
3200.318715762053
1714.3619325308546
670.8901468747717
485.78205769046184
1811.7663765663485
1760.7913078719703
937.2432495827857
2408.4547884274452
745.4842004274233
165.3442648415274
875.136152933371
759.7868071918635
-56.24614936195217
1447.5467955667339
43746.866533448134
41071.16090823053
43690.75633659089
66943.01710166791
-321982.41
21868.45885157676
27494.854678314194
-237123.5
-42.46741460317483
-704.1343383873821
44.00819731388995
1.8978702330503046
1.1605838403223305
16.658969832391513
-105.12131182724164
-387.8838560847088
-449.14637189706826
-140.19732727700926
-253.1712866066464
-177.61560456537006
-330.0018519700953
-995.4628442040796
-505.9159709659482
-258.20898354628906
1543.419990749952
474.24249385837976
4746.61079168227
3719.591337412254
2240.6419433609794
1736.6520774301334
1446.4885746782968
584.1584573682178
276.57823983490937
21.043591551683647
-124.9733277987183
-3.636925809660543
179.35003179088724
355.83394132582333
325.31430104992467
727.5893695823714
587.3838009856094
391.0335937739131
306.2744962178526
687.3169224776509
1085.3239165810614
985.4185877824921
610.5501446312505
796.2458577113437
1016.5905431594275
-224.42828633132459
32.30212923584519
79.41164405358364
-3.2824988928619314
-0.5994685893305657
-45.65903735311644
-154.1739176081028
18.735267274857456
-11.120127491813706
-187.28321020078283
140.35024423627436
-216.44858780763056
-173.747041255121
-1081.6456022425698
-3209.4713386229723
-2652.6847869994617
-3031.5002801766504
-964.3783873451079
-558.460225456596
-71.1905596189745
78.27325905302808
5.837394756120812
377.2126325662962
439.2189410730941
214.57229341696817
413.4920245966083
180.16992128359038
458.6802439585381
8.926577531389546
29.2436575112335
63.793178974768566
421.2025483162717
49.62125723784874
-35.47934772107289
17.88033856976141
38.51811220512178
314.8088230580345
247.6244048915986
488.5217679170493
182.49307790917413
41.24850504929323
22.91988699143697
0.2473640472628506
-7.872771142821541
-3.6763600793463826
13.224721299662438
-2.1451498227078827
-16.770974512816437
0.0023517283330336206
-0.40410829530116044
-6.672043162294758
3.266145837698134
-120.22931262120962
-70.53932493024081
-42.007090092147614
-70.61629779991013
-65.00018277949755
-135.815119038484
0.02190337865596146
8.315714886195403
-13.540451791990291
21.683975036601442
-8.311116886645092
0.0007351375697825721
0.29791738973079435
14.697923409038786
0.28624956243432
8.3787763394197
-1.520665671124396
-2.2350959739330607
17.129196729667896
4.055041390557966
1.9317891133554477
-0.22038399310088527
-1.0788164306140589
7.233577977029224
-76.01282783853368
34.991760834856564
0.05704010575637065
-80.11331163642609
-1.8254949766900588
-43.50002007221299
-83.28214227988892
-85.4511838629235
-30.151372313362796
-116.87067556022402
-48.82357944816708
-36.37380767346936
-73.71149098181625
-33.852634555832566
-68.04085035004718
-62.44844317944861
-25.678664162441848
81.35144107304589
105.31648126510771
181.7032059466711
117.4326019248033
28.789829542474656
43.52188886578489
52.26088165554653
138.00580666825607
28.36125477298876
3.237707778738538
16.933016072697566
0.2605097916176074
45.22634830686335
9.822307692307847
29.19572492915973
-0.0312835068805164
-23.486861035650193
-0.007875085939274407
3.445400431692904
-26.773878693205084
0.0026013961962706926
73.03080428209724
35.799809873701875
18.303691523720392
16.667465766472567
4.586052831416623
51.507706257346975
0.08070404973673925
-0.30807724893344696
-0.4662729599440134
-28.31468243909288
-135.38869571029562
-100.46221864271298
-61.89379180308846
-149.3508753798547
-217.16776704295452
-42.242186427259334
-58.43700155607831
-428.19393247652135
-34.17002097069617
-795.5102815475896
-219.8915617405772
-788.9162484831083
-753.3600583895734
-1080.434657526352
-291.54890560959683
-496.5370539792766
-76.98745742014205
74.98754390934025
716.9651180089706
471.9083037620735
158.24076340835472
382.32467784369373
208.7542260214397
154.6326901373345
210.84454226302526
64.7833035463467
751.0934324190756
1326.5135171777415
408.1593751365591
397.9152083582034
485.5416300565757
35.679526303343195
159.22372543394772
98.70863984256319
16.88883271843006
19.0556845074278
-3.46370017954364
-7.331983193348543
0.02107929257020749
0.1427372458092943
-261.4816649914739
-242.48248127167028
-152.76351004082994
-587.1513524223658
-764.2955196826709
-747.4205388849475
-490.9676167994893
-927.7444986436888
-256.2587137141502
-369.5574341907153
-833.7930010733883
260.21660122451783
706.4297345874178
44.323068412846496
-228.66964686636385
-1722.1971314702892
-434.14431778060236
181.44994280062053
100.95129755492506
58.37288684817473
31.214324332197794
6.714482036761226
-212.34648306807952
-132.68181416286117
-96.02679989355634
-43.987004402845145
-23.50049626161292
119.85325478318632
387.97804295620523
628.184660853075
474.56316831683137
777.9262090677419
484.6976043568202
609.3638804111778
293.49632052370134
387.679715985231
212.1009458972672
210.3441786516471
141.16003455491395
27.363421840797898
39.943013346875674
77.42657750011925
15.91369613831327
19.919294728366015
3.25766595105927
-15.165022371129186
-5.203573394162747
-29.248440779053745
-2.218160916966292
42.924271492833284
16.08954570222512
-14.529757105776126
124.42957475644593
-2.811828137888866
-160.68588944147254
12.183801097602892
-95.16800335817274
-16.091688464504937
-8.244428239648437
-74.23837051351259
-91.24781867912279
-3.905353081294206
-163.7959783637354
-2.7544112809978722
-5.042144461718252
3.6017828925501028
-33.66456328177989
-0.24449176004363682
-12.080258548900158
-3.541722518336597
-61.21801868959828
-24.3183348698517
-21.798050913084964
-9.507496150004004
4.864963909408887
0.14790729452834622
36.751412146391324
-9.264681388737314
68.24348961683285
43.67226023197148
29.951706466231947
1.015433883391423
301.5136637621164
24.677195819328944
13.192549515032054
-1.0107917254711536
-2.9316737898584724
-32.85376222398964
39.468817867268065
7.3610584604445535
7.345659002477775
2.0853533198020022
-40.70731324877901
0.007871721596500797
-21.421011983899223
-1.7833640793003793
-2.67298323205232
0.06447280938343979
19.452967517463634
-0.023226751008058984
-2.3470459153357623
1.770619591142221
-74.15362829546811
123.09971776098917
-1.8606669188658431
-124.32713591369547
-0.13254441220184524
2.284280196879495
-3.55610905089505
-23.830918952880896
1.3318312540069566
-31.80936676769046
-0.07222625233468268
0.25154805047356377
21.50884868284499
0.32278854652843836
-3.7735288340591686
-25.71109016750199
25.1623733881465
202.64117233596235
268.8446656229261
200.4229328822182
69.63546067035578
11.111275766312799
108.49410216943596
0.05864025969103044
-4.956947077643882
548.4581861953063
-17.12213978878406
4.792307019359893
-52.76589178669297
153.49167311657015
-118.4485452020529
-2.526660074784974
-771.3784178247837
-236.9736604165422
-434.7787836331982
-6.176958093895823
-246.8784248124985
-376.9572354162307
-289.0241006237853
-687.7765901143478
-922.1058288525113
-590.2190452192583
-974.3341373339828
-883.7199380653049
-429.2940094987616
-238.53254460157012
-298.8741407822083
-169.57074631537355
-284.55143007906094
-360.2638703274815
-1.9939006828057528
-94.8646301719142
-135.2285178848151
-146.08964518206315
-277.713651408147
-4.46902004112558
171.45305348287866
1553.253953322066
393.35168320741417
9.740856480310384
-2.0720465970381774
263.00408453744194
477.1970720830452
59.73878262574366
-2.4663029894394795
-102.46589316419409
-179.7629893200605
-19.11878732762917
42.417674479499816
-1.4074026935282373
-82.84478165001383
0.5750580592759121
7.735783990566329
-982.4512823155651
-201.4088481928801
-116.71656847372284
-1060.8327010646371
-59.391525104999914
39.198364835883126
-216.28181698198046
47.96816194611532
2031.9877102763776
1632.9015467686718
191.48880230248048
709.2009810515126
1066.1588189367744
135.1783049625342
75.10017489219884
555.4798263566901
427.31622832358835
1521.9841799481012
6.498116669473596
-624.629510616486
655.3775153736993
-16593.980000000003
455.6709510573676
-62.366360848817976
99.25527012644311
-12.877356283015295
-119.2223288552884
59.568804139290364
137.22648999255293
14.690631835803659
91.97377170140953
115.97785043217488
18.26266143487724
23.384083831170948
-11.319219138927359
-3.1128437996440583
-41.40693519439779
-270.0185466589179
-7.010525789403763
-119.20459441062111
-412.55752114177176
-348.1314093928158
467.37942295789196
2189.473929985106
142.00534880325267
-235.6442024749581
-85.09224608712724
197.92587793790082
71.55883822161701
-22.082815744935324
-23.90728762648135
664.2694497199748
102.11948503575198
205.11837249198828
125.46350170616853
89.52551734097807
56.92851565096669
-54.592122064398254
-19.90881483449639
-114.69576711551531
-0.05895180000264148
1138.3177458193475
554.6028731475315
333.6331706427951
186.13408192889517
198.4359490545546
50.46837265351155
-7.534407295779733
-10.161440041093627
-84.21517056549823
-188.71499514568467
-47.315392410846556
2.651803586446782
285.5549351544095
198.3804302466828
188.3578260162506
143.5105503181312
53.80459456218381
174.56347544703553
39.74146592029987
-6.726901343155053
34.43008034889429
-0.816374136484404
75.08949638963486
-194.60596609266557
-40.68510373169285
-2.5688190770632056
-22.829880670753663
-201.77943984974476
-684.7253704298696
-1435.085162794991
-1618.542916433162
-2248.8659750812303
-2218.2281827923957
-3864.4415570234896
-2708.242311631186
-140.22009546743863
1021.1371777188848
134.21482960429108
-159.77942055987424
-478.10344168313594
-1515.940922184892
74.85238643060548
293.7393445282992
318.27741966144083
3107.3978698268447
2893.8784199161505
1865.9055342545198
599.3889314676032
212.47680211482026
7.673795599436622
-16.224564446275103
-170.0434086716635
-1106.2897463227443
-918.3182971728044
-230.16740528588105
-158.19009641571313
360.10492265730954
583.3247702051314
650.0926010082181
678.7781508433653
526.2829972026269
138.02664685472905
7.524938824794568
0.8023234866035296
-50.878872891983164
-374.6392572483543
-444.6437868382813
-1185.1225910136627
-773.113239693897
-2114.1348545220762
-1120.9310902567406
-1316.8328499811462
-8.561763452098718
-170.85331450995278
8.981979772808174
185.46622410966285
44.74503955750719
495.085226346552
61.0199779012359
10.104344614536863
-460.93837180499366
-544.7911430235549
-209.1571847961145
-16.558990092866644
798.3590671790124
398.6894229135058
17.260882684110108
-433.2028729097975
-1353.6359531857586
-227.2082588497188
6.30196872283067
18.10636678260188
102.30282516266227
179.158925176995
-0.2984769199543317
-42.831203247251295
93.45832978221603
-549.3372214589177
415.5197670358354
1.0114748690936217
-272.7880126141432
424.21374092839176
-14.372508628105328
-419.83556983147434
-252.7287034023558
-123.19457987541332
1347.8966987762508
516.397733976431
137.4795313981027
-8.182458165334937e-05
-580.2191526136517
-550.829325143834
8.187704879826036
8.860007901425256
-110.08613120581857
39.30569154827278
659.6391658725913
454.07682587870613
79.55975269401274
227.050488100972
-3.0257508980898677
83.60797141710397
418.51417496799127
-161.11446044907174
-67.51925936726504
-79.1991531377929
38.99000531477898
395.88061002842517
-16.21282284167601
-771.3119538622848
-640.321406011345
6310.992445786243
2430.2325746207825
44.02580577637132
-7.660481265838656
304.9782983937661
180.03225194326222
-1.4787170798606484
-310.8577144264041
-643.7973729903313
-1251.9825139166069
-854.7649749657835
-111.58153334106647
649.3581305622371
1540.9539152502011
3538.127903552989
3356.5844655165906
2390.9901886751595
1463.4665494722851
900.165330089635
218.46461800481495
-44.57715849935984
-80.18870633706732
-72.79358835783664
-158.0110835134128
-673.827035969359
-809.4119475622505
-1197.8280250344237
-399.67084242738974
-1006.9801022620584
-1371.4683011118682
-2950.5960104872993
-1816.42818977525
326.76504436835734
578.1094263423265
1376.800754573125
854.4937093893528
619.9762776539587
504.5605105553775
62.99143578187495
163.09329601446365
3.8539432164546277
-3.2165992272098327
-18.622896419140964
-103.02220034138223
-353.8231597723741
-81.03215449562835
-339.7850685837292
-5.787087522213453
-0.43359015658469974
85.92232266434281
-231.4317805331403
77.01185106140258
-0.9940458913466736
-633.9211071792913
-1975.2261780650997
119.54794518462525
113.7353640922584
20.21631204313139
-106.58269994797323
142.86118113929874
204.14102644608184
501.30331231435713
727.6353455986639
105.58437189842572
-9.269187593234973
-12.90540084061072
366.32872468758126
3354.9849948219075
1227.5704984198278
607.5120154568807
2.8975963447436057
-0.007027922352961615
-84.6707997034141
-1043.0692155155432
-209.7328740163143
-421.928942203253
-957.5762278578105
-2479.573609211058
-2615.1514908684508
-6017.217675045024
-3299.9610560107676
-216.50248518295643
-122.89919786950115
350.5716074956352
397.79768406428354
975.9576949416798
1038.4972075285732
1949.832895619828
2023.5608685697143
1497.105815072019
762.3974792926377
656.7384738833276
211.62411585884172
295.85437600766244
161.37243621422562
26.861605952746324
-0.1340562806226402
-2.7409107015678487
-34.10194367705148
-154.31825927197704
-231.62492142183402
-64.51497777003789
-1.9993378528274501
0.11382755580549098
-7.187116719128597
114.15771500129814
367.44916609051916
164.05556929820725
59.92632503110349
-0.35576455650586636
-202.46479681444
-579.0260112243237
-166.18418497025533
-95.48716149751041
-1119.9773525412081
-843.638688150897
-664.2486056056479
-743.806704808761
-337.003283776968
-140.61804033902555
-1.2697060323896794
-80.16500921643403
4.482528582679375
205.03923966352124
44.00098956787268
597.7923293337705
626.8829420653282
296.02229323431726
485.2586462453378
325.51276559607146
257.18780539871085
267.95537418644415
122.34259186977266
151.2283279896284
66.75680601351107
51.10593841437472
-1.4710778446845107
-2.36104386511688
-42.32845191832116
-57.9748350743184
-35.54450202686433
-44.07774772214964
-61.43891318035786
-286.47848521241366
-365.4882615860301
-96.30376408253
-515.9111659934595
-248.059316017942
-356.5205223426656
-469.8820464066437
-278.93551440422175
-799.7890696749851
-520.2364532101428
64.08920934801426
362.45208420428463
1822.097544969312
0
0
503.1754264982388
605.432578826599
205.2932649209276
273.4684859344147
45.00093096109704
101.74326810759521
31.699652229138408
33.50101575401672
-1.9574858094467151
-1.2439352838480913
101.68046061473072
8.79831582591573
-7.036570985706818
-84.20873301326927
-70.16609633014606
-703.5472694983614
-463.62550140371684
-747.8370720755356
-642.749116538211
-796.5678053880689
9.398808747493376
784.1333243081716
564.0363299782634
1161.5904019611844
986.1497677145317
334.9758704107634
83.89790440379691
-19.428707224335085
-11.918515873955833
-115.92640316305665
-466.667995756855
16.498962536507783
3930.36695594547
2523.747466571033
1910.785188083179
1172.0614420607694
65.7435782169151
665.8433936326777
591.4266180610684
341.8177765005869
678.8617085833498
177.1391633066866
211.70057495674888
46.906524517993816
-9.114301947809505
-1.4114363051576355
-99.51713706355027
-397.3503566007066
-803.132264015919
-797.8971601807752
-586.3233855918381
-746.5461141459566
-1930.287419347056
-1915.5107650368989
-915.4243646690741
-605.7542646119533
-436.5436484248747
-773.6098334241939
-691.8939938482363
-416.341653356304
-365.2111328354962
-331.15231387847354
-1292.0496193887502
-1524.100195024984
-396.8519788507128
56.032037296951444
293.7811229216307
713.6143108030521
1527.2227392021491
473.9171228123836
481.13408277051656
226.72031054248998
8.783360933610613
25.461809576674185
21.93601875119207
-0.23145273922698856
148.10966566413197
82.24269505770101
74.42353702113567
57.04259259227932
193.43307203664835
233.64019907857903
122.66146223379461
135.85377712905523
201.28201104163367
96.67910995613876
125.05040970691704
58.57148207954134
133.62472307986116
100.98994516622732
38.13652774762578
95.6249660118285
62.08834534907729
30.540257983362498
5.959177795341137
0.3867610723702691
0.9895628070394334
2.4439812113997874
24.053018109816257
0.13993991000730824
-27.357911349484056
0.7119834602571122
-1.839944714220276
-0.0390023688796463
0.23583634810641435
-40.96022665072106
78.67399518799871
-8.612302950216781
-0.019068150273536748
29.0568228977741
-2.019854070812934
3.723828839719411
7.722319789418349
-7.571635958831896
-26.537357792220533
13.72382957032115
-1.4856255575632624
-0.003353828216948928
16.997907116770623
-14.55589657761186
3.4697450745883103
-2.2147445830921932
3.6672873140843802
1.0703077855449297
-14.499763924411251
11.082474079237793
-0.3923418663306941
12.983617530676684
-21.814465129477426
6.871435113683233
-27.217924306733167
-6.123695927502858
-2.3336744145342543
-6.9801823862873915
-11.93740933818378
-16.41723734526362
-15.517192546662992
0.11763464606879101
-52.6018446915675
-2.9191660440424068
-59.89712555161477
-5.769248991340939
6.651088556503481
-4.195011522194857
27.439398068931716
47.599864573700415
-15.847488352001168
117.55127160384568
-5.253379777113732
5.708630932874677
4.497179236183407
25.309906315018168
2.125104749788444
7.565308103243532
32.020312281996354
10.656272970767185
8.36124798578454
48.34406677372248
161.61915640034454
-1.8792042661385013
99.75783050290707
39.38451857636773
-1.3787538551347531
60.97080622852981
2.530681164860048
7.171059121858586
1.213987916908302
6.26425951420885
1.0363434031430736
-5.821856458499605
70.85451495863524
30.566109139204038
19.072067185028054
-20.403288284935023
-118.51874898484888
-13.94375432643186
-115.35626229069436
-74.46558633483797
-266.291158415192
-13.51323792975088
-27.520170547108762
-0.0025792739681244525
-2.082017771579187
-1.9500005921294492
-4.539806874879236
37.030735437099885
-10.549598442325637
11.558256003099713
15.795291264709034
-2.044538884174929
0.5194324179427303
8.832159438124222
6.756738782501076
0.122801012433462
61.87783731823991
205.2225342767482
615.9874125536553
454.68715420394506
1076.9622679498336
1229.5489641422482
1781.6101655158423
1359.7471555129061
2670.5448626958605
2542.1953319411987
2278.7099022516823
4350.020088470391
2989.9384256261364
2485.3297084659303
2832.3439878709405
3658.2086046210557
4374.360839016896
6643.659121291534
3370.5449684393034
8343.738571758362
14530.239986306864
12216.652943594396
17485.990688240778
26626.26907305181
15544.857311403364
19951.313074123103
15562.731258834898
24795.612931806638
16755.870570560146
24925.233392405407
27028.95579017326
34460.77056358219
33656.610338283135
31303.250879788997
41437.19231863298
58136.29239074322
69425.26799574117
80799.40560335046
106800.18865845268
183301.55378015604
476636.6196811808
-440359.16000000003
-138260.24
-241908.51
-66180.52
-60874.349999999984
-66659.73
-56490.83
-96730.20000000001
-71979.51
-80295.53999999998
-102541.45
158686.79071552935
-73242.15
-85948.4
-68908.51000000001
-86026.79
-70412.67
-77641.53
-95036.48999999999
-166074.39999999997
11246.235652533183
13958.200423672835
7391.176457437543
-11609.81
0
0
0
0
0
0
0
0
0
0
0
0
0
0
0
-1283.94
-30962.72
0
0
0
0
0
0
0
0
0
0
-464.36
0
0
0
0
-2579.91
-3063.3100000000004
-28290.93
14641.347368153096
5217.458641586579
4717.603214045908
3034.575503743873
4565.720697884357
1522.8621879238783
2132.4655796253573
1526.8524179641802
1176.3081634880896
265.0957095239595
781.8877779893872
275.39491557887044
218.03772498595592
0
2982.3105889462377
1161.44358996329
924.7725036018401
870.519116118841
285.99170262878766
793.9239402965102
382.18403748999174
194.4955717526728
171.33047707461677
215.19238303352455
70.47474239098084
150.4176877366552
-4.758061350568181
1.6457917040625436
0.22070349136820927
9.609478964587367
4.733796455223615
5.5993304231657115
14.55392211176446
29.310998088204233
-64.32220073833808
-13.29286332415993
24.096575947022874
-7.151877136478286
-14.691463543476184
-3.1435288593199524
-125.94721065532322
-66.18716436168683
-100.17670083390217
-267.2986102046224
-16.689817189302374
-181.3697404290158
-211.1835798867336
-229.19802290691155
-187.6221275611607
-134.28230132376723
-6.71242824007569
-4.397147660274836
-80.7446052667116
4.663055259629663
-118.38675940659394
-124.93584395295048
-281.5239890659131
-107.58210311550548
-172.52425699495066
-168.66892134618882
-123.11283202680661
-269.87108654945166
-107.4314263828152
-2.457683483455534
394.24065822575227
1578.1791362045187
580.0754722790608
35.52771961842399
225.258465265179
135.35691192178746
85.60713814711686
287.4375152695346
109.85723622725838
65.0839163387701
0.014619585541157118
32.28828305433608
-284.2658429065814
95.24748045159718
135.89723461015996
317.2864982793253
199.9181693706375
827.7644070669646
384.9486273651029
390.53007892503473
83.52285823753006
61.09432799307602
60.034621884649596
11.352014433852592
0.5233004862345308
-63.60617328840413
-23.139574194773367
-5.464582457731527
-307.1191498351389
-15.124577999043238
-15.611987451615866
-2.7775837359837627
-20.250627456672152
-61.84736539488111
-20.682945479475208
-107.65435147779013
-105.35299790186203
-69.12815321082593
-20.32358680333918
-3.602767315067606
21.449632157980012
61.91070316148975
23.68381011701279
107.62619456701236
6.394166537070726
65.77656412262694
153.82868612960561
114.89698735878244
78.75310656805111
142.22758003745145
33.433449149415964
72.61895442753189
15.816322928998026
97.8342354018046
-43.173109679691116
36.57254831720245
2.81038271001693
4.1980677029366795
41.39073533841574
-8.555169956797418
0.3163316464883974
2.937052328224751
-44.95060518382367
-39.92432894875554
-0.0391069689932696
8.878818841345481
5.096456219588717
-48.627486173662845
-14.690543434067536
-69.17909895247581
-185.11361810575997
-137.06354791377555
-89.17612913570058
-184.51237977846424
-303.48788806005393
-94.59539069656483
-77.97679903088775
-132.28679803564063
-53.1130227247148
-355.61908689063995
-176.10228951846082
-316.32520257129255
-230.70531378398152
-97.6632611204451
-615.615357613917
-541.5008195899707
-296.31939431768217
-260.6225017739304
-310.12370616575726
-2.974731590449041
328.7963536821644
240.58975271158872
1198.4971333834494
1539.944911441183
1696.0688741461731
-0.4945843441715953
6037.367212699075
3228.489870015075
2436.361683694047
1061.8909336762538
151.2594713938698
0.00015681920848985585
294.0080704355935
366.545429396319
334.93550721448605
113.68672286694155
437.7323968058758
3430.374734115714
5259.714592974913
2477.5051559585854
3838.7746703949174
424.6920613197867
42.65514318198257
649.8613619879254
4332.249694887818
7555.23127695762
15107.897254441525
11987.379997993898
-139007.05
13702.100548291428
18325.706422023268
82423.87284231395
-205691.77
-8935.79
-13460.349999999999
-15810.13
9486.848681396265
3938.353997892259
2721.4303603091935
778.6170205930684
738.1266448498444
4624.844279544543
1289.2006928196477
311.9087466197366
39.52719794047461
3818.4259871918903
2275.176419630436
1385.5822483109077
2944.3574474012325
5343.517998477195
3812.303710533026
58291.572575387305
-185238.16999999998
780.9262297320195
412.10423329235505
-34.73856963984168
242.5226720708123
80.79059990543749
114.59441269047065
176.00728430536302
360.64738302825685
-14.314115077826925
-11.337417907429824
-8.055919350208242
-75.04502911944516
-540.4035693342798
-581.445491691429
-1989.095999517618
-269.71561535747867
178.61655718667419
63.12359770530935
429.31138027668175
195.8735406634656
945.5296088586119
757.9385911170502
605.552827582711
634.7686814465374
866.7110659965821
1005.3113197297909
777.6276508175049
471.8819890132821
491.31890163074564
220.34223523708548
86.24870718690156
85.00887800980996
-8.654379979800568
-182.23046656757185
-233.50800742724124
-378.3150308708101
-0.2906443957226027
-19.949273403207386
20.33118743714353
0.4452144076424029
-1.7658831633798795
-59.9652413683498
-1.715429904897231
-200.61715538978598
-78.06238790816192
-93.98704237778215
-205.26408553423866
-300.95556235084564
-258.78572241760855
-390.2500560711271
-326.6909555754228
-291.3307466057996
-367.07077969897665
-490.55528344005006
-508.3654263837567
-98.30711594290919
-32.293249710640964
-70.526406715182
1.1294135838481678
256.53652302816636
1000.6293218494059
573.8940090946095
107.7066221406296
6.9890770148024135
-123.20396497759842
-103.85120068462084
-15.176172105229952
291.440743318647
97.34171993467092
451.4183325267518
214.66902909407867
108.75691150878222
59.24053277017066
-14.059569420987186
-39.92124639531329
-246.5342696620994
-195.80560638863102
86.99730953713242
0.6456560333007426
0.3188823062182008
192.525299474561
1097.2080571003007
368.7298932887359
-68.80237980951497
-291.45382418260124
-499.63221089725954
-480.73351326837314
-212.04367309230767
-437.4653373280905
-228.02266168586823
3.3278552637883925
467.3964011291775
0
0
-22411.799999999996
764.3724236769382
1004.1505159881506
1020.8730441834794
835.8379930666829
637.4064356630423
264.75670664372274
110.53582508395371
62.30599535348984
56.83074632125637
141.4724986676924
19.446473580529137
13.472132469893944
15.17431742701981
-24.38408384923668
-167.4097717620965
-88.72045284167699
-458.3629079514094
-533.2457554309926
-628.4317536467886
-750.400403658543
23.751670755684515
988.1456954332734
2.583321516795582
-1.2627628138778513
1282.0644383824642
581.9929662891914
1.563335640667727
-236.53798592768334
946.5090105810458
413.6040064021872
50.469651744597215
-133.75090359563185
-617.0082589413922
936.1747462764176
873.6214616813493
-1.2757211105055912
-368.63295040317433
-3104.3681717088734
-513.8106471349893
1061.4172128991454
687.6418074009879
56.22783699139259
-37.49995268757911
-359.81478253264083
-822.0145978757088
-3634.391938023779
-120.9365212509147
50.46175272459374
123.08492399229833
59.75954722438223
135.90317509929767
1846.3113397847733
1547.6939445533344
715.3990874935562
265.685445004093
511.74664112289287
92.37381169657684
127.19138316817677
223.40641189009574
49.000176862065786
-16.541883469648862
-37.81789983701613
-995.8946262853083
-549.182979140443
-79.24107896357648
1025.6442071220506
628.8831668886113
101.55724152108698
42.512444080100614
-4.252153637006641
-2.538240713538842
367.7741830338207
337.05909232395237
308.47025190101954
153.42839577454242
252.62475863557128
189.24664670633317
2.9297414346977324
10.473253611984946
-37.20706374506725
-187.6268605697503
-186.2905453758723
-983.5933538581883
-709.0913419204046
-613.1619416945836
-387.860827168035
-238.58740937306356
-37.51405903283873
-157.00917198351297
-140.13701298712567
-235.85873700414163
223.4273589831467
142.0095489056576
1150.4397934074977
1331.0384240769226
1676.6513085522013
1829.98847825412
3171.8173658184123
3202.994020941839
3494.5987060593843
5110.923329216228
4928.6906213265975
1386.119631181809
2893.5389027942665
3654.849970880895
4596.577346269602
1633.531652951639
1368.964607183193
3701.3151200985158
3060.4010516738417
2164.717523903986
2508.5414910342597
3238.3593405858255
7363.394643611002
9250.667365868834
10573.489955817478
15503.76510122429
11925.551357739138
21048.236137923213
29983.092228359987
14972.296602196022
19170.804177204875
17137.794004947733
11131.45540111218
19441.53191779961
8435.990143081786
14832.510042466467
19597.709237874456
18823.381939434665
30052.993616363063
58951.02509274181
64644.75032938014
130075.69557716993
-131185.41999999998
-24069.969999999998
-95014.75
-153559.87
-62779.299999999974
-4343.7300000000005
-5115.93
-79459.9
-15261.83
-3368.46
-3279.25
-555.08
-4529.42
-985.38
-11117.86
-23779.879999999997
-17302.56
-45054.56999999999
-6456.11
-10218.67
-52772.159999999996
-118952.93999999999
-86830.39
-69837.13
-15487.550000000001
-435.86
0
-2634.92
-1046.06
-2298.08
-3116.63
-11963.05
-2780.46
-535.69
0
-6616.870000000001
-33381.67
-8100.1900000000005
-3009.56
-19150.7
0
0
0
0
0
0
10821.140000000003
2609.1305822965455
2204.6477145533618
978.0036996938802
642.4752743109668
327.424918366292
370.7236866530776
3070.633200925342
9528.808323178004
5521.38173239156
3031.262205213284
1539.5381438232366
1834.5044609374104
1068.3893276109104
925.394602802872
129.70966265803278
38.04895008229478
345.82761655803245
512.059929779686
104.29574431187449
52.633184407604205
200.4337212210587
110.42360673302815
52.4097637300413
5.936084403230134
58.21900560859547
117.84035892042557
487.9918821153102
591.7217713622847
655.4787667421019
253.19045825369847
109.88302697096168
-78.30576718530746
-410.45974774717394
1.109192262332897
222.91118600036344
-73.00524088584655
169.4952647696722
-291.60476372042376
-301.238109572892
-684.2073391673656
-1015.4679325429403
-477.3232328343667
-740.5878310044303
-2187.7065398874975
9.397460604712169
389.3984375197438
-85.87270312864638
227.74275979266017
296.10353442431796
731.1070497454973
839.5004935313873
123.78687892799095
-392.8452509935879
-763.1011167545008
-30.007491563517135
2150.1867790183824
1795.8145349581887
1446.603774268528
411.54917750095
3.0082239052870787
13.797237950128622
1062.885842078957
184.31919429611142
-884.9143242771794
-0.25936467659164075
17.63422935474434
-7.012263416476044
3.4969996353503485
-42.42703222484358
587.744301727143
-113.23229696690743
-1104.7559533881022
2766.7768846330728
6762.110617328137
7845.352104458585
7398.750560339962
21161.239753917114
-24636.539999999997
137330.09405594537
-264326.47
3715.845615751992
1568.0310092480202
1444.5167619800054
977.4236102474413
1102.837494759107
810.1676464171026
585.3164937113567
516.9694953461401
301.92335425984595
2.0397486415679382
64.5915734732495
71.67428462004901
11.32785870031884
-1.0747924823431172
-19.913974196922105
-0.24096868749397687
-38.64435308649572
15.852290154973389
-246.38423054583
354.8105363433724
52.08594302659999
-217.25087111990962
-1696.0097628642282
-1918.9214416846187
-158.85625653968134
435.53163511959315
641.1774119194685
337.4331150564159
582.1796069052986
1146.5875211865105
2170.930494074942
1076.027163349306
1045.677147616136
636.695122679717
809.5741239690399
323.81929580204627
97.332315031949
131.15512709486535
6.137609922740794
21.996175925171194
61.78315555928531
-7.884627768383528
-2.0984568866071927
21.250173506727105
-16.59465480487431
-2.9689540070735476
-60.91709834413303
33.23606597569639
-5.066125584526015
-46.439804079055506
-9.252070437055863
-56.05186245647017
-263.9532322791798
-285.7828045930006
-85.05674651167136
-325.3675943567552
-181.56285075867217
-481.66438803424086
-683.3112098732547
-633.0421182671299
-1003.3629127415243
-1285.6621668161515
-1093.8031720209922
-395.60176188648927
-282.02959401869236
-540.6555854232723
712.4968073293752
181.46955013311901
3.4365012000233968
-355.9172520381858
41.21022947512324
2615.6255464234837
1814.5166625978395
1019.1514502694675
628.0821664772163
770.5134113467169
1076.569174465763
1190.5990486704384
745.4498701098565
225.92039820729667
224.3190456414943
117.62773494948247
-0.00023832860908030296
0.04250540401286344
-109.25936856157057
-261.64257966140906
-259.91110723147403
-603.8654231624243
-1413.5441703301096
-1004.5426125322754
-1411.1486332994864
-1629.801828220754
-1905.8034299357068
-2271.286653869487
-4349.905056509842
-4432.980728688924
-509.57355216770185
3.937823217883569
66.7386207537914
-353.98398133112204
-253.83520795736078
-1275.7135715849056
-1597.5607444881323
-148.05552730539944
-51.690659931858924
1444.4183746178521
2355.9591924826345
1117.3943984615862
436.28075845886195
1750.6751585937502
1179.1791585957544
180.82026322654826
34.77341273779944
-145.10346453540805
-369.38464170764473
-1535.9376454679877
-330.25487190242666
456.5474072446461
-0.3803466166478279
-551.8264208241746
517.1666005452355
1840.708002718261
1502.4307814801175
831.466798329759
489.2492431694284
571.4909216449095
145.9069697071991
47.587120186635175
-50.20995596552335
-97.66574546104171
55.32781015260763
-2.5459530792565035
-0.8473589991531484
-262.42369882999
-450.93994233097953
-1673.6675591871942
-2469.4049161957983
-3591.1093649967943
-63.65465166529306
0.03284026634706049
10.106082257416444
1.483063864462199
-24.230523086220735
-2.484902871315947
111.1948024815071
1547.9638293886467
739.4876156907051
180.72958866146575
49.38067567897489
-1.7575367186166693
-128.60706727410783
-280.3890756038521
-798.5095864030445
-806.0657385481936
-17.95534307829643
-1.2925643679040375
0.6314474771875559
1.5787539157405122
-23.485967726516847
-81.96884841101812
-131.78843338295076
-188.60736586320175
-567.0496793433326
-201.59476323470673
-799.1587098193265
-527.7193071372087
-124.19362654827296
167.44508053870084
13.612200437295678
3.607284050801781
-70.69993938558272
48.24665861690431
116.39816101677248
123.81812344044424
222.69087045014592
5297.052204324028
4627.807016265247
2645.8120228009902
1436.3495831408225
963.4020942003378
1759.6891794687326
1358.151476799971
987.762506427071
417.44114822296024
65.8914965682706
-14.481154621755
-205.14723241110082
-543.8034158818364
-405.2007049112616
-405.1154190484289
-155.6998555830115
-134.37759562617077
-219.51331573819854
-333.5774247711331
-676.0020006654192
-1196.5165025142373
-1076.8696307873126
-1528.1306517889357
-952.5223152905546
-118.08257387336869
-4.696621682546887
82.52309877572235
-483.02980659246566
-847.9085206486565
-1516.2614363870418
-3415.252882613592
-217.24000121490036
2151.2736079863344
4851.774809616578
3757.379837485607
2911.1032140315065
2672.441815025438
2958.3145772406606
1562.697354956853
1177.0622056722916
779.5486023958533
276.98878668647023
492.3162371853942
171.16542524227535
369.21382577677593
83.1100363988765
169.57733143017714
34.71412893857162
3.85526998290341
8.267209120717927
13.159277540857447
-1.0067595685136483
-131.40810028486044
-55.35805832268309
-499.00758047046247
-162.40940099364343
-447.5323714159538
-835.8763262529709
-462.0881513269948
-1316.8383982578343
-1444.9859650852152
-1724.3748275253924
-2112.4456217764455
-1188.799167771603
-1243.0850924212573
1457.737676275577
1142.0452765997798
121.7187420527075
0.3982839904097471
1.8289179578895316
100.98162549518605
179.06071814126045
-0.3611703011431755
-114.48232187908538
-700.5245789633963
974.0430722010539
1221.686094774494
661.7253057086702
227.31598598000323
14.638764755317883
2.8659013083693066
-178.71447259540273
-251.5374856894472
-803.9127117318576
-1082.8145247675066
-3683.9262725784893
-6913.554145233489
7.866673242710448
-18.959994051594226
-2.2114475455868337
338.4094972991232
693.353268529287
1315.727549339261
557.9139517795355
202.12032720010927
95.58127690346274
4.545797490297682
-81.94542288859081
-353.1852531451798
52.79228041480822
7.388786432652017
48.682158553802125
25.83636748958442
59.328889562425346
16.24055185425508
-21.685086319386357
-0.8799538261171886
-65.46413219091473
-46.583169291320395
1.9310310323369448
83.6333526911973
-38.83536815168538
-51.0920181055053
9.702638207753548
18.39555765595473
1104.6095629297884
1486.983877242338
100.56902241087445
-6.589932638885396
-76.54929663134217
-273.2218658123517
-87.6189280951086
121.4241011575093
10.613145052060442
-2.3817515550304317e-05
-11.681677262310107
-433.72694684185365
-2321.5408527549707
-259.0992551930624
30.78060994937657
17.947021506826502
-334.46102879161384
-188.10031247558743
-93.42379742174033
-439.5038828004853
-309.8850319073426
-2399.5111499280347
-3.258574871534507
880.6210164965275
203.96592624242385
-1488.9865131095123
49888.97629146849
-127243.14000000001
0
0
0
0
0
0
0
0
0
0
0
0
-10907.65
-11025.96
0
-716.23
0
