38497.310000000005
-36341.29
2115.284100126499
312.74893895345326
1148.329051319849
1192.4853461578145
1490.6845210838128
813.0077217753783
247.43513670551135
422.6018861984922
125.02757447751733
729.7243261888909
1009.511693001748
380.68047951937695
394.29806022508416
752.2413073876385
393.0854222790464
4.0840887395884025
115.93267711399358
1562.3204997103146
867.9989633239152
88.08454134170371
8.442038220585289
-39.15474575934972
1846.6008132020277
430.5847817976436
-54.24194925191289
-156.0180573615234
-660.9048380745305
-10.214117032351925
-10.448310943886309
69.5383178288863
285.9208509732413
1.9059745303986984
-410.3430267888997
-1015.4807846543314
-574.0916012299808
-39.112085384670635
-626.9582422310098
-436.8929157859177
-2879.6472621804887
-1842.9496157889853
-1653.3626206191834
94.90771486563854
1465.2545098801497
153.74449842084812
-79.41384292200304
-71.2910141865637
783.2671318884176
1480.0422888082655
1283.3935301292602
1443.763721969284
1286.2444054915366
1013.5751301594411
875.2143820716291
493.49812294516164
331.4900250589627
449.0877346026914
418.9351140592634
604.2386230057398
518.4385967274629
377.73254009121786
301.80814276370154
297.51408544956007
87.89543633466144
117.38050344403146
47.076009382554815
10.458335638126645
301.5879952456419
330.2544489887438
406.23542198750835
176.48842195682525
238.3340531744497
165.28977839228054
274.86950523909235
121.77992327710714
96.83278144015655
22.43405039305398
73.87198928410542
84.32666638467447
55.527737369121354
17.65752666400886
-5.308546245743142
-0.07521935494824025
-5.099884844358634
-41.14488711664366
-80.96047684860262
-62.75084784166262
-161.69987841384892
-174.71962978394154
-137.5657255130117
-523.5928606461898
-325.6946728711113
-332.1716821358226
-375.40171219906705
-393.1634745414032
-430.59139454877794
-600.5306489967389
-461.70149355361445
-740.3830468457018
-784.8453397106632
-283.4037704938237
-548.9750073685609
-228.41153651914158
-48.23269606441187
489.54844151861545
3095.506709394209
2862.68458811017
1303.7540354328655
136.31164954029555
34.92061082938092
228.72269568026192
400.2548495039278
-8.682019712789401
-114.17123371771542
-26.728568794971295
1861.5351083707872
1826.94708723285
2706.285904480475
1133.6249969388555
152.08421588715234
53.41129978228366
2.9726112977414965
-13.339302969209314
-39.76552762037413
-78.80778087772981
-122.38208630221953
-191.87186656173407
-267.99923077742335
-340.6136878560163
-741.7308606962275
-879.6670803915201
-1389.6413929066923
-1599.5398650113532
-2044.1817953170566
-2828.883040378466
-2690.4316960176275
-3794.459396146538
-3066.8076708807293
-1541.1485748114155
-957.6622056206204
-1026.4358154911627
-504.9142549646139
408.08106305074324
12.834474227957847
-330.46627762028857
500.3009411142195
-58.35434058211144
-270.3649551696404
5664.63945545145
2869.339067419164
943.0708985525713
28.524310294404643
-71.74045297665165
-297.7353969660842
949.9122721256348
603.1466112295635
0.546183075531784
-469.5220382316903
-335.3645353192343
-125.39280432888611
2.4616297871233512
197.23000000000036
12.878796935746823
116.15675848254074
-79.500543208619
420.154418141156
2620.112937205822
1163.2759322162544
614.3338823338556
230.92948711615125
298.1993440112686
519.6395317977172
125.81171616720407
6.529553786593281
-263.58472718461223
-704.2426912558408
2.4611174957347153
113.09182407336124
13.940605230337876
9.402963776222572
-60.85859407944291
-1.9810155800903158
262.03061918463067
51.78679695398455
135.05185230248827
78.47079104473607
11.021531208499217
-10.803969833138492
-128.55948068360112
-71.77862320657916
-124.39266729675171
-259.77338195226275
-233.71247865585752
-258.3525246090226
-537.9358882994247
-1025.9796579292986
-970.0069126456862
-543.2522440160301
-393.59265580387074
1968.0447891594442
1486.3668050151311
179.02517105101643
0.4060034236230049
-294.7475756864966
-733.5007690937898
-958.4797950518337
-160.75403674960307
-110.77911290147898
-149.28188927587263
-235.87321531696182
35.19314062687852
-8.242372136032548
-59.05766756387961
-2.7021923753075874
195.29683546172353
1597.7007010416974
307.9926933394573
-3.782685601450493
-235.8992925333642
-407.34338151718896
-56.4181097128675
346.4481836698321
253.06695157254129
86.6081531098745
-155.28713133298308
-688.1169885715237
-1413.3142971418692
-52.14313787378616
190.71502797046105
432.3382736738842
984.0373516853925
1705.1162768911513
1345.2548093609578
850.8209723781586
348.25513051562444
146.22074098976853
93.25446253647274
0.23517676740154841
-24.989295903073195
-70.75758551052319
-116.47951905789662
-137.23910839850265
-336.5742627803488
-317.17259324997866
-308.92826397673053
-703.3629022276563
-811.5530847275952
-367.58809919833385
-52.91741746208653
2.0558353863493837
103.23140149640918
7.346451650296759
95.90876424791252
715.5975291500646
1823.5208968758866
1657.2074871689779
276.33286480143954
-27.384042149597136
-1044.1183600224076
-1843.684579963447
30.492276347481777
101.14119695922219
-299.3850182023741
69.91194592600306
183.30814573939557
84.12924156931845
-19.83275525779829
-456.29627248978113
-1807.803146283103
-394.72906393983675
-627.6728434930992
-1000.7771446737406
-1454.9176768457678
-1432.4561800356169
-333.5978788330223
-4.131090111120124
-0.5804798781865675
-17.87013019287121
87.69058874359618
1096.6603108521197
270.94640259559736
241.84406503151996
-66.9638991104796
84.40483556248155
112.25803031311597
28.386164238036635
65.4387772744059
-24.467835910915323
0.4797419264636995
-8.491988515049602
4.841095953714974
129.06537010172383
150.8535944355627
-140.94000954050574
60.47057171144016
34.28074150636816
-89.58855512183624
-443.367392111449
-8.332793722049532
24.503793402318145
-759.4264643176283
-2239.8293800096253
-17.404723843523627
235.5789671549693
427.25294371742933
238.30579875191046
361.52668316974683
12.75885398674879
-354.4500805880955
-422.67595434246783
19.339824788820593
74.75138891412557
-238.25406628567399
-171.8011431125722
-103.21858293945783
2.489180594404707
1007.6968215753811
2763.52042177375
499.61450875344207
1770.7504531905029
1513.3976589872602
73.05711267825215
-8.162348345634376
7.531741242209333
18.063933913196912
14.232380846938504
-3.055286862128237
-69.76625489599166
-312.98241425837034
-100.60429046879062
237.9029249475951
1850.8217521982647
663.1864870076485
-41.66569419604586
-0.2299204029728139
33.474653381068485
217.9202399419759
-413.2675738657721
-2266.480013432195
-458.25115499020694
-87.02983917375222
668.5803133645911
10.300559152347724
377.9140762395717
-1.3266540197858876
-241.9587525665852
-561.7199254497955
768.7649807885207
-6.015643395716746
-1515.6490789852414
-551.2808250477543
14.164254071096
216.3324846367417
826.5873231707728
568.6678476870504
1251.7937025810413
62.07745842241443
-144.57415462116498
-717.5873542017516
-261.89714930872094
-648.6541137115521
308.2407245153683
8.624176756065374
-422.28811019809194
-2673.2702736301208
-551.9830512995311
899.9599474075451
1169.08097686669
475.1090123734251
964.2786269176686
-35.43865014375844
-754.7256355220334
-22.159970964001662
254.16822743425533
507.73782862602405
-2.8627041801696467
-315.81244221506375
-718.7157344736435
-72.99519873019527
-27.675001876133884
-9.699577686641575
-122.61557903526409
811.1425745028733
3255.459955400939
1099.5806474899055
87.9635415062882
-16.017979143273166
-804.9458477513035
248.4084848238131
189.43825374652806
-125.54793737999458
-463.43813076611013
-2321.664286218781
-1552.1443117838319
964.2024307356287
118.84087240861632
-10.736082258525974
-474.4321619277187
8.072266838461308
513.359335316128
1044.762866914219
26.209699635852434
34.429520322491165
-267.30146553853155
-716.0277897138315
0.10462312568629069
1103.323721346594
274.3645623280819
1418.7282415830687
186.76511261288238
173.69768153128348
1.01227150948444
-45.55435178109943
-383.4244295201104
-1538.6549388579886
-821.1054401839431
6489.508033809461
7911.745131857466
4087.5620166006856
2156.633056757034
1121.5069233583845
731.7499192097479
323.90486057485634
259.40620971494235
315.53051483034113
272.11956900112466
19.785145526544284
90.80338252121615
-62.18786086883044
-105.29829911122852
-48.78220731134916
-326.12509402771366
-1240.5399676860163
-1124.9883624662164
-1039.571821243734
-936.5463720547821
-1682.7218444961468
-5210.13741882945
-4017.262696772436
-190.74350265044282
-525.6863011190012
-1732.2697046489136
-3153.294441337166
-708.7671897150799
734.6976116832797
1283.0292835149091
579.2103163039365
89.94078679101038
-8.934586667632963
-86.32207835833563
-86.63496334225802
-142.78719674866454
-267.7169022246633
-283.87080003618536
-292.9095495728916
-292.27401070471785
220.73220327189523
808.99120539603
278.7286789024631
200.65625036202772
2.6732708758839445
861.2210601907369
1714.5962723395285
761.7117060115249
217.3687767337473
367.57065343134815
268.622577164958
641.659708591316
508.3178769453464
61.9816582590767
-24.919111533070996
-155.1964516004069
-252.73277510696667
23.352769901263596
4.045394768103501
1.6084821312212698
-74.19134187409954
1.2951465857387607
-0.278434263298803
-13.089690494263142
113.1983227555455
217.99803761255765
12.573384487258187
-34.22256789073323
-408.53001079611414
-2517.46787742293
-454.3863547965379
69.8205889709679
141.289541560876
359.7814564932273
288.3071811630954
81.46509301648734
58.71781649986747
5.14512701900657
-0.4608249318330233
0.18792026970470851
-102.06033666900139
-44.84530216142703
-113.18430405689233
-204.5975337419758
-301.42498311819764
-400.1896753968568
-825.8225421288315
-650.5527931921463
-1138.2372134888103
-840.0254925721963
-1701.088740349435
-365.76653612937696
-1.705132178091734
-5.826309547266611
-50.390675734845935
-77.30774165512938
-40.00954221501147
1017.221975262217
1152.7415936720538
290.61133414717835
5.101964635496888
-43.23117120878803
-86.07473947760212
-343.3768680656174
-749.7811649374087
-1238.2113002175154
-1281.5038294578824
-1804.7286379557156
-2306.942923742417
-3088.476636351808
-2984.5745527781255
-4712.768968353406
-483.64657630266055
4423.821013341429
3964.432168794131
4490.043696074545
4186.156252405457
2335.0177947588195
1191.073569077204
626.3826132638238
95.83664339365444
-111.31298908924634
-4.272365884081525
-190.78465038812232
-2460.9134918281666
-4019.8518357034436
1.2362148948313947
59.247329717269864
1913.4081755392565
289.33637783385075
-456.7632996350361
-253.2654934677069
3724.2038656886502
7234.795899657344
3218.787135356497
1817.307930314877
484.3775686326129
8.368921824503515
-14.680705401932947
-311.8967680143712
-195.51571371012275
-329.0384795539685
-918.9224809483339
722.4205941150385
61.03726311451302
-0.2594581153819365
-248.79831042266952
-1615.6298443794626
-1900.8625376972213
62.53557686362271
2873.703302903462
631.5933892654523
25.248907230796586
-349.2302326794493
-1197.7126065878151
-1268.4533613431372
-35.83434549447188
-335.9777638057739
-308.5873861938588
-410.6382939395585
736.8032115028635
783.6882303545118
186.2950868254426
826.618296575994
-5.263855692727716
-34.87418035798649
217.63793521442386
128.92719564892118
58.00986956271007
-248.8511336566986
-990.478255528979
36.28460131391111
-269.25165577472535
-465.5374584188165
-277.09719579266556
250.25430871212131
30.66536155183521
227.80667401192449
-86.34123328550552
-322.73087794093306
-789.5141191102172
-544.3422057815989
-221.9378447147338
-800.5675280294283
-737.5049311564138
-192.24887290293742
206.4350917967452
1949.8492528479767
238.9044401950663
23.06973680438362
-70.11549768787958
2.6441927780774135
123.6559464315325
-2.6175247626660306e-05
-865.1809964422254
-2543.1607531935374
-764.8642544216734
14.620761167733868
12.159228815087646
-1016.2123638418908
-865.0338655264225
495.0993923613239
-113.61148257029053
-126.0229916206482
1270.755044487424
1396.8255478854212
757.0881695684393
752.1756606659343
818.9645534089689
313.7277576897128
199.952979743785
293.6199638381951
35.15211937825407
9.584592824625773
53.47450060539694
-58.12443864324491
-26.591382513093098
-70.03109034222052
-132.50921933606077
18.93890468739371
-1.443609107337791
235.73639583504925
434.19276311178146
514.0790353517174
61.584002071920956
-70.12049353896948
-137.15677521950334
135.8221289993579
27.64857417561818
-5.780019546872792
-28.59621659780775
-69.0689283536142
-229.70260676643812
-487.1160578081318
-54.15419945812737
658.5067995915103
177.06608562674504
-13.139268551309517
692.1862565676688
22.420932717682263
106.56657316205875
193.75995654165328
444.52818201308713
1453.4808657069461
993.4504451177665
813.4316222944849
103.01548811577057
-2.8198894746003695
-52.75667093167517
-26.582239204265992
977.8208597854062
307.91934322233124
4.6286358527211995
263.50753550916164
-84.35562808544343
-888.238745115139
-2372.6772053310196
-2184.167597442503
-90.20057924188137
-295.28906243329106
-2214.4740142508426
-950.0780059840486
94.06795042507818
1411.2613030638233
957.2974276981248
699.7020872305226
734.9663388538129
417.6365238179218
251.99680918046343
78.5520023890059
-7.271785760361858
25.423132881256507
-90.99867047476553
-792.3947948152195
-131.41213778731262
-2.3629507947446253
-58.16129962436837
-19.713185596134874
-81.68841008098536
-513.0481613336908
272.3686978123096
302.57137893378365
0.2333393907882128
-181.27097282514936
-2024.6999436337665
-1474.2374186739294
-570.3083478795427
35.293354670681495
343.10787285393536
-399.59027706139835
-3476.483374042917
-677.1886795833734
-110.38484927483282
122.33668424772301
-465.34844073273104
-2081.584002556377
-1397.091873558416
-2443.7513834844513
40.34763280984524
34.9874096684934
87.0639708556624
-0.0681072951442946
16.000641054778935
1171.105507387756
1260.3996039469166
1595.559441843445
1658.107254526523
1477.8946393537694
1412.757401369616
950.1267779424395
854.8060481665636
1122.5427508979017
657.8986560959734
628.7820092888877
495.8330483703861
241.85311000495994
371.628238438651
275.1040403731099
116.95437993332988
73.1246584527723
157.56578899443338
67.8015781879145
24.917821802081257
163.27695160845454
52.644081719025706
15.391508682575903
-0.18237259400869427
3.7256051550836293
9.390812009867558
3.916788413815926
20.554294541390163
10.048169197070282
-0.8150608090667126
-0.8526587036529055
-11.605671995937522
-14.352417805737849
-56.34581417653945
-26.288712153775716
-52.16239343791085
-246.4949680508371
-285.18974303252605
-316.87716977369166
-198.52564396118552
-252.244609093629
-469.6110161839832
-337.5207651523443
-57.93881211242077
-77.45208759365438
-68.27854048425291
-253.33534941520566
-291.67681082000564
-235.4750609820149
-371.98060568024994
-466.2474182488249
-508.6963521865532
-440.49216869413425
-646.9688693391083
-723.3191955731154
-705.2589039493205
-665.9420387598436
-729.9929537135256
-472.19869047252735
-157.4235482456324
158.67357526426633
5883.267406388863
3604.00779288812
5694.562680338094
2689.321270332855
1550.2929435839974
654.9934173926933
421.45672694696987
131.1664490960623
107.77897453738073
10.94259371085126
0.3455306048107838
-70.10409050376661
2.221978738333487
90.98572497745344
442.99246051182377
-10.348987624228176
14.820506782997473
0.2200284362200775
-60.52635649997904
-302.93991512766223
-119.41866537980654
29.62593148646271
12.34970286693955
43.2621910824273
-80.94892208767706
-549.4125612020156
-490.4977348039065
-74.53264222153291
-4.279892630669471
17.29060415086517
-130.95225791239204
-748.7285835737392
-1700.7150772460695
-1225.5441608189471
2.490579164594053
66.70641084056967
-210.57039886565155
-1791.2729841856126
-988.8482340722298
48.345798503101136
432.0602522665924
260.0217228946706
606.8635801654534
-26.870612464719827
-880.2059790371987
71.5710407968746
1641.6529926002313
975.9835183779653
215.00336048693174
-0.957939980899917
-272.8599013300754
1440.350810107946
3837.2804708245376
2308.7672111129755
149.83444358013392
-175.29913197732972
-330.0763532038166
-1754.00578142311
-3943.1852539649167
-5266.301168753496
-569.1532808469137
1200.9704067947878
38.14437518658743
0.02831040705484545
-336.15223002861757
-451.86567343519175
-162.33157197546427
-714.3286489464376
-1565.7242083259434
-2284.406400571799
-170.4858810541454
20.73568088372956
501.0565355672629
355.7055790652215
224.99826317233132
3.565772031927736
-153.803841941785
-291.1661906914119
75.00883553594794
314.4888451443575
819.6323295422803
970.3379204543049
779.9156710070991
1179.958375994745
1091.8062491451014
1378.0851397862793
1694.6466425736849
1848.0510988547198
1362.0101265074966
680.3830700330268
595.2496592557129
403.0310026605376
568.341221274864
416.6000408122188
169.15586154310287
216.23584562481756
216.0227118998465
203.29738675218545
183.50490424248622
26.15180297248985
63.749397463337914
75.13627429713485
22.107142606699977
81.416188256811
27.619778014663602
-1.5508517463517884
-2.0702060718094346
-1.1233505528229388
1.1187385850750813
-55.82021838194997
-19.99754912927022
-53.59025159636248
-83.26809203508807
-180.90342515256538
-114.49296917625817
-33.02173464762416
-180.19566998426848
-107.47266546497032
-270.538184961459
-451.216638705909
-468.76984044698156
-152.8963288845421
-113.2201914515901
-59.11576953288487
-22.134180996016173
-1.601849631554787
-322.89507613027206
-967.2453717152141
-744.009270405445
-513.1797544358443
-2369.1945975969975
-1758.0073760943246
-2003.1766923090154
-2006.9950031949875
-2430.8810664806756
-2407.064138659788
-415.7964437723548
-2.7508632946350544
-20.907279315875698
2.4050810460026693
257.2508246463747
544.772296571532
972.8143522206839
557.9172673377377
519.280758086153
357.53573887763577
1859.5444446517247
4083.966931699113
1822.2422980472797
1016.575242947657
844.958624801996
1150.1136295008523
1629.109323294319
102.15636969365487
-26.882405012399794
8.843775353312335
-0.10192504164291753
-818.3577650466971
-461.4777517654875
-724.0194322941752
-670.1699172930078
-87.62895756633856
-0.04279782197234927
-144.4037843019168
62.59547057651183
-0.5738288963177944
-4.32114024106633
-245.33853904611755
-143.4736785116993
-1038.1877765817926
-3242.193793151701
-7629.813003101968
-2540.9129078807564
0.6928616257998588
141.25138903228955
348.9443544435151
110.84315696286512
341.4574300843441
140.46320047108097
396.73781008319656
800.8991212446725
1005.8437387053575
2543.9992257152
4545.447207731547
2745.6807661536404
2089.9582465748836
1519.0100537514663
1471.2946154419553
736.94642961048
469.03223639118175
589.0756106076411
258.79621644541487
177.09711379226124
175.8369472301906
87.67808842612817
-36.92795176429739
-71.31081537013432
-154.40905165473117
-862.0225764757138
-2459.38066388279
-4234.37761849038
-87.74794945447836
276.5147002075894
1983.3334761811273
1270.2745524752333
676.9656767193716
624.1279268901919
372.85228546264585
246.80732696433063
40.42650620145767
1.1952135208268266
-3.747052353176141
-1.2086027473979455
-18.17227084190798
-62.620401484308374
-105.11492003884288
-116.04965055158577
-255.8767141137602
-306.4118535724215
-377.7167837033837
-1042.2654654724406
-1222.6494918220571
-1390.6375325896502
-7.757194888094313
159.85911807399208
53.11635131798476
112.72448547177626
239.08388140593257
144.51949384616893
20.111560228091545
89.8459376143667
75.78704350093753
80.0531281380657
52.26083712438877
148.12042437575158
2.3042762753851083
42.07329597197898
13.209716691207689
-19.289986942907948
18.205329360677094
-14.663026012063018
-2.560694162098495
-36.840836708106636
-0.6360835948843375
-43.75003675030508
-63.29153427018309
-40.53381844099494
-143.4610123411848
-230.96838023970508
-218.82104352104957
-198.1991347070299
-323.55105168795217
-506.5735362258977
-619.3024302946369
-471.5537477237235
-875.2265349042491
-459.34125908980263
-631.4585933003162
-689.5898580923713
-423.21243875564505
-379.2339085021336
-847.4189127519574
-938.1580055563811
-1081.67857001832
-1455.6089995936754
-1275.1332720514301
107.17956643635755
6353.294348498652
2527.3104513527073
1058.5152264073968
10.318330184743932
-167.71265358363294
-934.3238984474639
-2796.8938256323663
-1042.8644713010979
289.5254469505089
2220.4798616656158
-5.623386836709547
-108.60734226082498
-375.89303563741737
127.70148926594635
175.91030561969467
167.81957203224715
331.46801967679613
119.94099678508361
42.23633898058273
16.514058741258896
0.19364095640546125
4.89042984864293
-1.771898862392353
14.612807924001824
315.3480128545607
863.520224739095
485.4039669040523
-37.930161995561576
-450.75744234644833
-95.44999594752946
-352.1846291621565
-900.0965490278688
4.4081247298457695
1.1680018584415843
1339.8870183396925
1327.048645128162
61.97881516427603
-5.986430688296301
12.652128403367367
-208.74433943641782
-1509.5953834078803
-5916.135163896835
-35.696838604717854
890.3270195431492
815.9714698510265
624.4841975536339
477.3590315670737
186.3189206390332
61.09099934601903
0.4286667724803908
-1.4522576607494122
-8.975839002873624
-31.62759749121934
-82.79549719890883
-106.485494437104
59.68734156744706
159.54309147234233
56.450475733386526
528.6715363167557
2557.066031477352
217.13742182597986
-152.22424643401095
-1136.4471093099164
-457.45410772106396
-1050.5683378839717
-49.53833517001567
23.69809781234661
72.33245712049157
64.37967898531988
47.083918332046935
11.974295721643248
5.075838489083813
21.558781675812345
-0.5444175267114792
-23.5380468769532
-50.35056506700732
-113.11354875613546
-3.49259845410992
1052.2259026059505
761.0248336826826
6.425282366080334
-598.4568255170133
-2961.855981715967
0.012420842329313791
623.5837309628491
511.0656063631674
594.3947374502482
288.37877476504985
452.9793330323231
315.0876699487413
251.05509485553216
72.19346842896728
105.66410861332521
54.035494857839176
13.448913891916682
30.1438399627256
2.6407584094307643
2.2092177455179147
-80.6646493119136
-7.566631406666188
2.359781473070484
3.709714090299367
-0.4970148510061321
23.51825288069425
-22.060214590395404
10.167483100998822
0.9768110880937433
26.611470194196478
-0.5980791594844179
5.139652039803343
9.90626215917495
8.75852000903297
27.147105246216416
9.005664755060064
0.6749713955823833
18.081487614472714
10.676284112403055
30.157467356878875
9.15918255893695
10.28985342664396
12.401530758341792
1.1348870429599764
14.572681187761285
18.892502042541153
13.406019271599067
1.1212206431957241
9.088317728453982
33.89502924890788
7.848113413028539
-8.926228189794248
-12.10019579170544
-7.7668457001638656
-16.86261715943797
-84.83133933113197
-56.50897850885674
-178.00092600780113
-249.64306924103965
-245.91486052367264
-404.5657195961212
-371.6400227619064
-309.3678493895786
-391.0761667535388
-610.1936214327573
-724.6199892574801
-338.7393481358077
-7.994314418497725
-660.8373350804854
-318.3449271559456
5.679061280181906
663.4937889846831
487.6072173148816
703.7125726363794
234.5734468834933
252.29522813441153
254.90684929789023
156.22707454370374
39.91791752107085
45.62008821549054
0.01688553097079531
70.38109103731571
9.169608312424801
4.065596311989845
5.814040292769164
0.14742738116952675
-10.929891049557291
-1.2381839747825054
0.49869825407041146
323.8343873245066
333.12403627949004
28.017730148985205
159.7818341416954
27.573671512292346
-1.079068998432493
2.0537636672438824
0.01824694875367716
-30.039479608848605
-8.169882842083496
-136.80068077842643
-111.47097909874121
-229.315078970344
-267.13834971597953
-460.4382010223201
-355.8044126184618
-402.73462062968673
-394.2219494174355
1767.1526550227368
665.7823654735721
269.3762017995847
1017.6909414576867
432.96892396411334
150.25646683378912
319.8104690706203
34.431187497534076
1.6603178065478053
-100.1115647797645
-198.67155336514827
-1494.3850394219849
-206.75840664950243
-1051.5568816791067
-5402.215933415293
-2178.4167547038915
-429.76242788977186
65.46528903849656
252.86312909379959
78.79679823153955
83.90845947019636
-10.31718827998319
-7.558643610457117
-344.9662633037607
-560.23267671668
-839.2774331354715
-29.010573680786422
473.8706024715259
1881.6413074577172
1914.367938771995
512.1214376444073
658.7829223851201
427.2103762788777
478.58914510603296
636.3175376689367
562.3075299029113
77.72830123410884
0.9488946804028564
-0.752485125695477
8.952111929131098
35.31008522245538
-11.998129851862455
0.1496333352099508
-28.73400095077786
-35.29784695053906
-29.43849462749812
-64.19225692642706
-0.282147317930327
-5.760060205156622
-3.737581079741985
24.819621513713805
3.626702045373909
-11.432255238500169
-2.551233887516379
-31.706658380938816
-13.580453918042805
-72.32151117528936
-196.1492526549913
-72.97949650896437
-210.87184164342324
-110.7884422625524
-165.11614593453936
-12.277062624151203
-94.34149895299697
-12.071106985726939
-7.193486219608104
-36.047182253482056
-7.017946195610682
-0.5436748125285231
-5.823430007237858
-9.99640536566304
-17.87367567906921
-3.416255130484375
-21.22624013374223
-2.46380213504062
-0.7690725517241903
15.401475164593588
172.89251614975225
117.05194688815394
81.32219865436412
214.0691327819407
59.86836284109894
243.22252881509633
179.42981568223317
392.7399645247124
176.23091051383648
173.84292255640702
381.72104291135776
311.884365860327
378.6386533107815
269.1981306955886
304.096195066851
123.98929974836729
384.1200174816766
361.77805312363563
249.4117233545371
288.09312554620544
217.17996933917624
299.2776120453651
158.922344632729
107.9387707582574
163.57462452948502
0.16022231790468822
55.25128285588194
3.9992903103215482
-45.8862851204567
-43.514317071792846
-18.194546688438333
-100.7786608075823
-31.939266310357254
-153.14234429118935
-227.4192339524177
-1104.0088877830983
-1858.599762814925
-1977.0880449598667
-3735.844834539854
-3498.94560405698
-1971.6468737148564
-835.6371629012901
-291.9420494839082
-672.0288752022124
-142.81855461235202
-402.81608104480944
-152.41657355031194
-63.143857445639455
-101.87083739379864
-42.10233125174504
-10.598459290853476
36.61200295943884
198.0899794056033
354.9029332946528
178.84401882189675
188.695378523199
291.9887789976726
37.89233181278289
81.44253963303298
249.8498125587997
31.963963695681823
75.04336554943768
45.24167141166252
0.6965547580511708
24.12869863675686
10.968338836282907
-0.4120053650587655
-0.0005564178565229698
-8.253140092867014
-0.6152002372968679
-0.05962160679405379
2.5042814564205838
136.4843932993327
149.98776012531238
73.01476950640755
110.34298813460485
10.24484277322842
-3.0524854832295834
0.17178597122595357
-54.22828249690707
-19.39566005319076
-0.02654856870912047
-26.620793084527357
-30.80408824374058
-77.275093210888
-83.51447081764573
-147.3889423354512
-189.363648767185
6.892282144669882
48.22365842057361
73.23687260228913
135.52327118400356
87.7461131478398
213.60995387729338
81.97965591980801
142.20356996947282
63.034479582056335
85.14532777611252
12.4070916302227
84.20407829878557
15.51474293375096
27.129057289725466
-3.6260720227934984
-4.95361126074743
-11.809956652503066
-36.8307451431788
0.3570103975935174
-52.71721262431035
-62.846537351348175
-53.98794222543745
-67.26237513574193
-239.83573692878687
-27.07766589595859
-106.78020054791881
-173.5656440410763
-123.86818420617274
-215.60804284341575
-124.55442778311098
-349.30209374122927
-188.9020603129576
-329.5848267794257
-473.130740958852
-428.1621087698577
-330.2966964845961
-242.76824033431313
-57.244332804494206
-101.32716020762878
-120.83383963238649
-142.22762644001259
-206.22438362041123
-220.8960067433828
-302.4724163676452
-206.49568789372847
-40.62435212409605
187.9270439292403
16.180426151050206
-13.64897723606568
-16.355680398576588
0.16284541552565698
463.9238840754352
1527.081717305637
4713.219800219986
4339.880732149699
7976.28012172554
4853.061770652922
2638.808364722998
1268.7950541262364
8.652276589291548
-123.80746761697097
-19.185719130890067
-794.5792328765316
222.98788154550516
920.545002664004
327.4617450691133
-15.446046813991353
-91.53411856834701
0.9275351432356596
-48.76201500981301
-229.22661373679742
-377.5373687885845
-510.0556603794382
-1192.223227326652
-1884.070362471265
-3168.8609503779708
-1965.1249102415748
-2820.227058739244
-671.7275146507033
-5.425482207160607
4.341941547010757
-90.30544339702675
1737.5667427185776
1618.0577754766448
1444.7669012108136
972.6266004390441
54.760009639725496
-94.76555013292976
-929.3691758091131
-96.19162136829044
99.01848124666076
195.34197780544244
1.5164133851835344
-10.230568500848452
-24.18835414494345
-60.33991811559629
-142.07539471066116
-120.9376537307667
-521.5287489238959
-880.6902955695783
-720.6065690127787
-450.0754888769803
-117.74478874114551
248.62085276401717
1698.0991525951301
92.46659320373517
-167.35342473734522
606.0288095186435
182.76828828587503
817.6260786598136
-205.88532558883108
-1403.939655610441
-1566.8929555249015
-15.955675683829163
5.269778731986426
-0.3640816418421048
-6.775337381751216
-39.46994089165099
-31.954489564027984
1.1499519101858446
142.69775882486093
154.31810481325422
266.98259758157394
609.0426983478706
632.7154766993552
461.8599918281932
415.2368504571068
445.03997085238365
196.24728424978292
90.07583707185424
51.002122942583576
90.20127393941735
52.99594312859834
9.585185040730117
7.807273769263622
-0.3640504901454793
-15.181576251083946
7.627733059391245
-6.741182011318719
14.240704155712255
-5.256600834244404
-0.38572632999632595
-17.822966552427644
-8.47216380899004
-12.037234397797974
-45.08211421240448
-39.72069330445248
-51.41463015014149
-43.25083750097912
-24.74561362735777
-166.57443500957135
-13.180789686354315
-108.70769848075685
-85.78772639640924
-106.42905760708517
-28.85555222414883
-44.20767103281154
-18.160167454736825
-14.172085280759735
-12.088246771434301
10.474359525757373
65.82421162934604
305.47992050102255
1756.1023795719777
3316.464153486134
3111.5862628669593
5346.088015318088
2565.0513393261704
980.7105417625056
168.07278517391643
224.21492857805492
33.866237375394114
34.81528737414731
75.26714286716239
-3.3642312069939986
31.51047065717229
-41.45130792453952
-61.04577578322592
-25.80709631506695
-158.20028814516107
-75.36138402846495
-98.24151783557274
-75.43313521856449
-120.61187478364812
-238.41963082719764
-207.93357182997977
-189.73219914551348
-145.55364023976955
-276.8585076505773
-259.1369944576996
-140.32499312856822
-47.34710141518837
-20.8006016904671
-0.0380886962692978
-33.60781578474684
-35.581227563024825
-60.08478251407909
-52.4390320718105
-21.416893168560293
-4.47615614967084
-33.07342817642673
-4.135124755758836
-19.2948323169379
-21.239918340767453
-7.298843891995364
-0.5057129079999837
-55.51904943149988
-9.720340758306936
-1.1765792795152226
0.004729151143780672
-40.91239543358863
-27.94379116295823
-53.23892896116672
-51.29220248341209
-32.01793485932359
-120.34015498981461
-185.50581119985412
-208.434167367003
-304.62369659090973
-75.66645793525197
-369.68045419644807
-472.90860133208696
-467.2180485291677
-584.5664836333466
-437.39096770094284
-816.2215504895164
-791.124575956329
-1147.7817043764658
-871.1653367390861
-393.97567419186447
0.28505648011198803
219.66822550997458
384.4178627754421
208.84850028916478
1020.5918310105492
129.9896995430845
-205.1388276303636
112.06121962534834
1035.1822800282912
2377.948292070799
1301.9188913906912
271.8750936677294
25.18940651014675
-226.31297372647816
16.849919234245068
3.291227312450289
-2.6308854435584825
-9.587186191911002
-76.66818304094676
-107.17795738601033
-496.77062359444017
-497.14695756891956
-686.887825879868
-1159.9574752228184
-13.744708792394816
481.63957094520424
1898.586090795139
1672.580754724945
1137.7726937918908
1154.5527483372764
803.7215465826824
564.2722265846535
292.0974248579635
244.03248582423765
74.92272238661681
30.071456834571624
8.918762486067287
19.19176117634232
-22.270640445649704
13.237216986639073
-1.4336014784221027
-10.027709303988054
-21.70732041486353
-45.408484874669796
-165.0029253766378
-216.30020391762312
-236.66807374439978
-405.1993300963802
-569.5891931058289
-357.09294858885954
-945.5419130480764
-1097.1336214638588
-1172.6203023553617
-2243.9686721192847
-2697.9170777408517
-2294.417898539755
-315.94622675199446
332.61962398847305
509.830830595797
90.65175168875979
2154.090169610982
1068.5865619637902
786.2295131945709
-787.9313767359131
-4643.275202000888
-770.066386836977
407.3491015761384
878.6861429982694
614.1489824443487
421.71559564198867
3570.659994476176
3362.654155286692
6474.259140224285
8245.980334507367
17136.41539401256
22676.29016234088
33596.18410645777
65086.48399158419
63217.45245857573
59212.353034896296
63479.48337853991
88543.32594728729
115077.99257435134
142612.8308472975
181304.7498379163
151550.82000824407
136676.6108260974
130461.35013283792
121642.21771005259
125668.6851285685
115496.65786487018
128510.49439927629
132057.06834106456
156661.2320109203
133300.73496274225
132639.46008593554
175491.9084643273
175311.2837976507
185128.70409138882
193718.80284757944
267634.14503150654
310811.7244238588
368323.9850868798
467249.52930862556
647039.2079782332
1748795.224276002
2204427.6807812466
2261429.5743047935
2446359.595095368
2729573.7323767236
-2377673.26
-1574878.17
-1770424.91
-2041284.57
-1030729.7100000001
-760978.55
-790583.77
-802217.01
-644943.09
-666820.1799999999
-584752.5000000001
-552717.8
-469422.19999999995
-440405.22
-382073.59
-297260.82
-177545.39
-154206.71000000002
-148004.83000000002
-145457.14
-127200.95000000001
-116644.59
-145672.62
-143131.89
-129850.79000000001
-113722.68000000001
-100289.26
-74037.15
-82996.99
-49737.009999999995
-47467.09
-47398.65
-53567.73
-41424.85
-34672.95
-47269.58
-27209.09
-24333.86
-15613.02
-3629.7
0
0
0
0
0
0
0
0
0
0
0
0
0
0
0
0
0
0
0
0
0
0
0
0
0
0
0
0
0
0
0
0
0
0
0
0
0
0
0
0
0
0
0
0
0
0
0
0
0
0
0
0
0
0
0
0
0
0
0
0
0
0
0
0
0
0
0
0
0
0
0
0
0
0
0
0
0
0
0
0
0
0
0
0
0
0
0
0
0
0
0
0
0
0
0
0
0
0
0
0
0
0
0
0
0
0
0
0
0
0
0
0
0
0
0
0
0
0
0
0
0
0
0
