7449.530000000001
9886.495153836056
3190.352191921608
2391.7619870544327
877.9701345172662
2743.8956119019263
21.13097564227192
-355.5248647584231
-23.296980320105668
54.93455587180205
1171.0164712198093
3997.1331775478493
822.4444803614583
-532.8677196651308
-1663.801549154308
-108.97816850377222
-1.980372917505747
-240.3242298102782
767.5986535070506
2723.1536449579276
2515.742325501859
1912.3708036873968
4134.609846476408
2869.200873678286
2330.088962296625
1910.18359729153
1147.4195862763854
886.5449479381689
558.8771019762187
476.64727890408295
248.71838884434604
53.962653664811086
217.81821325920072
328.65090383361604
1012.580853116983
470.15343289068323
29.079910570332185
57.18839364947856
15.041912735744832
7.213938371775125
-59.186319237396
-80.21157829005796
-96.61722387243748
-171.40989070092772
-131.99338853745573
-152.25079113580242
-130.30824241062695
-178.13580456574965
-219.31208717763758
-362.4423887030829
-276.52047865615293
-354.09888058125154
-254.51601720137336
-348.20082645492045
-653.228591430447
-630.0790146307163
-987.713972750279
-1149.9438868378043
-1169.107117418619
-1222.2781853686079
-981.6544334144648
-1050.1118944154955
-162.0819048905183
1923.9498015484255
254.92580144011094
177.59501595312776
-101.81157913032325
-216.52226385710216
10.095407832315194
481.3782178621678
4587.232485674283
3889.369470558948
4441.158594456067
3723.9324166444685
1827.2388381336818
1190.6457257779075
1134.2469193433885
581.5639221119238
85.25365302271469
159.82877555867736
42.45713278896054
13.204345226914112
-15.293985454312837
-5.865984683174171
-115.9548348298389
-0.9155601973975406
-27.974025788667667
-70.25292518057412
-173.59286408401073
-391.04027105032867
-325.32350767538867
-712.7001603971141
-840.0535539047812
-885.0356486560119
-1531.1327223827873
-2202.854026630467
-2185.417787799355
-1545.3453384259947
-1152.4996255395033
-1194.8850864116466
-809.7099342688824
-474.6514985029421
-273.03898646229277
-173.64189668299383
-174.69551975276295
-120.59936786738436
119.99331286368111
1385.1858338512752
620.983801051091
1733.827740611322
684.773095803778
946.0472229347862
3872.4399692858988
1648.9505983471058
432.7117594820499
234.33048670387484
169.9858270649762
-18.295969621984685
-987.3138664823123
-2911.0654467415548
-3785.2310146030286
-439.70520659535174
604.4156875582448
170.7817134723151
21.911041599752934
-16.965362507893424
-198.57381097674278
-299.12917150941524
-650.1030523197908
-1145.3546204904078
-249.67641095374822
434.162195669033
-50.3741865828696
-672.0055793525232
-1377.3774205898706
258.9952758317438
544.768661007429
523.4220702687878
42.57683729554154
38.85122325292486
-50.69880720152321
-181.33253236012115
-86.12296812059608
-9.832166307393603
-0.05151600117777729
-1.671993709747603
-50.40710635950037
-164.35096585360486
-354.94826214306255
-495.6672560496175
-365.62630659948076
-805.3648114354887
-985.6878484551875
-1933.345841769462
-2028.1574257592376
-2138.191949392184
155.98167319288976
4017.9676287568386
319.61925195171654
0.0562709379546627
352.9307456691391
-118.06529368267917
-988.4476361640591
43.07260632059021
13.422264660760362
371.3483717043433
111.62276657705016
-510.6443528342662
-976.7200142343986
-946.4515484368513
107.99710359733388
3131.058282746746
4014.797392002205
1427.5715568021153
165.58505106899995
20.017183153195738
-124.64574413977874
-3.18973537126168
-143.7251242555177
-963.5483091776323
-532.4110903384551
-102.9943077444679
113.21415196438574
1295.8595938472633
2085.5297626285824
2142.895885714407
1832.651972275834
1687.9689579902752
1937.9916247631177
2604.8755210572554
3382.6242415753222
2505.539997002613
1911.0109088232844
1397.691088126861
1347.7129440272502
837.2792668704687
986.0231657719454
411.99303508095915
10.06522000769158
-6.272446521619853
-75.9432713519659
-16.23072962067839
-20.08371423106454
-39.668421484917694
-88.70258532747033
-127.91744961859767
-103.9310908961746
-155.1552745043055
-132.18401353375862
-466.4462526057525
-392.4455335974789
-593.946288154546
-705.2684224705185
-927.3209734317464
-1184.552575467108
-327.36877018614535
-379.6765265185511
-377.07607721740874
-392.9112462224167
-562.1299694991876
-551.3037445026152
-703.8191807970637
-1078.3980975759696
-946.4383625329839
-1071.3697605991015
-802.4802233094879
-1619.5875675263255
-1694.425299261518
-234.94861607582027
340.55404503514
264.4205991911961
47.24357940814545
1.5712992324137738
-5.878238078122283
27.00287221339725
1909.1109622326626
46.057035996587544
-49.38064597520821
2841.613510000299
1460.839418622269
751.7575838991243
72.52862847448208
-7.721234843318833
-148.16397713049128
-1175.8081510509523
-530.2256734591698
21.184470475877507
51.51918887009876
59.72533284136984
18.522487601644652
-2.1139609980029284
5.843918636716247
-9.857789124707336
-46.24634033965561
-51.065891770477144
-48.1298450825745
-0.6876336291472176
39.05313152193592
2090.5496223434
876.7108401895193
25.018120319247025
-150.668978673742
-55.45708258760138
157.97521189031403
1007.6785477369211
1343.0258326892208
781.2127017968718
793.5695964555903
443.3492350731002
420.9568370926009
540.3868445250271
289.43448318501993
416.2903219601905
228.98369806338656
78.13644840788803
155.47268607051151
43.8647535376936
47.836258462840796
29.4963920897014
78.98664458183273
6.613956510708807
5.645592038121674
5.094997593150825
-0.918941152652504
0.8190447782868497
2.7786169110390384
0.04706645475485452
-27.710879912142367
14.224993399163033
13.212276481131255
3.791245253534211
-57.06519489273505
-2.43579024970606
13.03075520011303
0.9459135789120918
-12.96682899332156
7.872488323547695
50.52943138657325
2.08317578036928
-3.970277999712046
-1.930745564475449
-86.95918345338032
-117.28000245611635
-51.74149789823033
-120.4963091831
-139.7294568385191
-68.47257131679883
-242.8593153139344
-254.67382792255154
-157.05887594309246
-370.75987597429116
-285.7643620304148
-447.14309414673033
-195.08581786405026
-355.47766362216106
-454.63579102362036
-543.0861995599438
-792.6622454833059
-824.439455773877
-901.9499209656025
-1115.3720868139926
-1264.6824898357759
-1438.5494465186352
-1930.5830062125467
-2469.118706137476
-1933.0118226066259
-1538.0815161415842
-390.58031684061336
-59.099636425783586
1093.433771444872
3033.5066838462135
2571.0910811451695
4048.8492381536566
3348.1162336137986
1680.7652735924064
85.4447368525283
-391.70514194064265
-538.4975028738362
1.1221615967734264
627.5949796078653
1256.7821639797014
1915.3689822418942
1905.928260681923
1522.7710846019222
1000.5484436882513
616.2923187534998
622.9000806190622
225.38886699232032
172.07085509068744
46.40410740046362
17.857155712943566
-0.2788599530632686
-9.573760557476477
-76.15584098044417
-304.44340005506115
-169.41619801067472
-628.2389577803203
-542.1682378718127
-521.0064602752838
-767.7028609702006
-891.1136142476976
-902.4481960276045
-2320.6420540332474
-1742.2763187798405
-2283.567658972312
-3063.443050771125
-4169.857888245386
-329.76884911870036
-148.7952511376508
533.6007698895557
21.754473793344882
-16.531119636583515
-10.290706322972078
81.7663381011865
-3.903205674791587
-291.03988101445805
-30.401389395182942
-762.7643827572095
-172.35986070052562
2347.1810436841383
2554.599136778392
3683.6303492553034
3345.7339217076988
2010.9907239804118
1289.3557293317358
256.1958438364337
2.6594259703852456
-3.4297718551598466
180.86141249464038
848.1564125690878
1106.3920906123533
1142.4376930647372
933.5890310402704
736.5486626526376
758.0380087279711
361.50797842152065
688.8075368582831
690.769942221507
181.09630125986263
401.0957768401471
46.855529297442715
316.27782057701813
98.0075690902362
188.96276286614417
20.4774921252193
11.215890163252347
18.6316478097464
18.426995081033333
-0.012306366343362999
-2.7929073898768846
0.3585534039095771
-15.010119380543959
-19.55187944276424
-179.47146810789152
-116.11954942795977
-243.16913876581708
-282.6604819969339
-618.0173695822782
-629.4083748316202
-541.3707626703294
-1255.9512038620194
-1136.573929327728
-827.3215874626968
-8.994780941495632
-48.280186375254274
-1.331993083189511
-217.74295783642086
-220.80091984059433
-864.4714583200948
-588.4379464854273
-2595.066075291751
-922.8894153240203
-364.60697145369886
2.531952768560324
-83.11727669784277
-318.6483231186808
-1313.1788507290694
-1.002296354449029
95.54650529960212
344.7946313357761
166.1973736655725
122.96951184255883
139.2153958901514
181.1037733376437
105.41356375394307
416.4889616071696
210.10585037174917
243.55659031646093
127.23216951865746
279.28118302101865
171.83924073203215
140.78255632008404
78.44739672404376
99.80224348092946
86.68676987276933
9.016550483206535
62.55710203248927
-0.019138907705170013
-6.9667939638063165
-0.0006810807231321639
-29.64945174250596
-54.57746194094858
-158.8741110163367
0.14673795014688187
44.04937554469026
-62.8727078705781
-762.7908920060848
-2688.923053440125
-4360.581508903866
-4188.056626923051
-1211.8883548006092
-60.67846044812801
60.29408062030704
48.62114495405549
116.61834338474031
384.59422861728285
298.4515857893675
549.8075162473991
426.46589246326187
337.10664056991016
362.019890627489
278.01380035668666
193.971683196076
158.01773562386748
92.30827930350377
72.80754331954662
20.719191421135992
40.297561913126145
9.759271017591402
30.150747032707137
-31.247741203492083
40.91023435731888
0.7315487198934725
27.962420380020813
2.0934909912760755
25.30966729125253
47.51188189935544
35.09854893337064
58.10903974719817
29.5672424566395
20.335260403799776
0.969527597613094
7.896458607652004
16.856485701867946
14.39817797034867
18.085222012016853
5.77998622054484
55.8433855764884
17.69097383133696
4.467883607626442
7.145033726828884
-0.41692578470325575
18.57596084839793
-0.00968708583456821
3.3472345906961225
82.87652868893684
87.04953155939288
16.425092272096606
-0.018859554635422278
-10.465662216445507
-8.389598765620763
-65.17918167522625
-67.38968832185776
-159.8575510350513
-43.506862400558575
-66.32961011649516
-20.50350437715009
-23.241443436910764
-1.0910308686909422
-0.23622287169834175
-2.04373982010769
-0.04003323341400115
-1.0953028124726192
14.490594708214612
-2.154474510079965
1.4343959121830543
-3.0335952198234772
7.930973458661501
15.823910788381761
1.0273012418929746
0.8002384784928351
5.032062966881556
-0.883743943979507
-1.6215970695723778
5.394155192775014
-8.563720020804215
2.1518148522504736
-36.89733669053443
-18.773365796953115
-34.91291734271864
3.1787221714498837
-30.97696059620642
-23.863600317831903
-46.23682812180655
-37.27615953310335
-219.81040878423107
-243.65705515475923
-238.4413789074283
-447.41937670912836
-251.02699950653624
-556.5314746313932
-582.7588635588422
-718.0134629941724
-1046.7665803088382
-1277.4222451741439
-1044.8418827574958
-1447.179509273633
-1506.2735562345908
-1173.4976223556137
-805.5632951091176
-1111.482114962394
-622.9443688033027
-521.770950923147
-768.8970279349481
-698.9996876977161
-633.4361288562989
-971.1429129129566
-775.894922655596
2095.1089337095154
4092.213783462979
6280.580548646767
3129.3364196866673
1811.2866048446501
90.23367805318615
947.8858194358154
254.14112375199664
146.99756066574201
-59.512786345415535
-863.8240642227038
-4143.537826718356
-510.7605261275475
1452.071859147176
1370.0523814363512
608.1322707010752
561.4523818780742
997.6926983835997
75.77143115414219
-498.97273296969547
-514.1971086127942
-877.8071404852067
-486.13146670408196
-445.8914551256485
-203.86269254660465
-752.8928469774959
-3552.9305236803884
-130.67806915658687
1188.4229707702068
3525.6840242438857
1604.7126443185748
1537.0963254838216
509.72151464535557
505.2298691155142
73.56555007609307
330.08436730061817
237.46612016353936
331.86172450415745
89.03714152754422
37.8022998923597
71.98573628979153
40.92490870828185
-2.4436885460235445
-64.93467110969394
-123.23934695590576
-391.11217057834506
-137.085423036473
-457.73245784022447
-992.6250411343143
-872.3851360607634
-982.8863189983747
-1784.1857098013766
-205.00830467597433
36.423780736656106
119.33761774026195
104.48104411544638
-406.73297061081826
-22.120899290943402
-1074.0041794801396
-674.7216687626974
3053.2997101806623
538.5344346649229
89.65703113956097
-210.3285818111578
-1247.3079203693019
-482.95425569441574
137.587624402775
315.8188057784996
862.0179060832656
1402.052367706628
1794.8360454212868
1315.0665124493203
848.2706856736964
825.4166436953827
846.4017288063012
465.0086546091447
656.9479632592679
477.5144729007727
261.1468915527425
428.5813828550337
102.44846960084583
94.94792158006703
189.52187950715086
63.78288866806419
45.85110369511336
51.460944671037154
37.17496721694325
-1.0131071014436748
8.024936720334125
-0.22646849808618008
14.084086912791854
-12.489731988635663
-1.6226077848625249
38.40799986123131
-8.956867567352377
-20.879503899216036
0.005258405499942039
-116.31638080203186
-145.39100212218895
-79.64642740422818
-83.38461981771113
-23.366266104866067
-0.6333968486390218
-61.67458108274762
-0.020276026922884962
-0.259995416491449
-6.751817277517183
-63.44338235201023
-13.60310061653974
-3.57116169104221
24.38856459917256
37.132486496577336
-0.3131872712582827
49.113385137466366
8.661343962421666
35.846664223131626
83.08928826917341
36.943771109625445
63.759385623146784
-0.01126891193883164
20.743469004537182
29.798458965419577
3.459879870461907
10.16133002513573
4.783317410584095
2.7102681488901283
0.6075720737418085
3.0305433137451203
-17.04147076505816
37.75629683682659
-0.14750298609771775
2.2045631979415945
1.4491768193456336
-0.686459341165643
22.83122256817828
-48.02118899876871
-0.005902010862261547
-39.10135579449327
-13.651387585306583
-45.00815213803659
-167.9522198858859
-293.6958825475462
-44.93754288677704
-217.75825952748784
-194.6928941398216
-437.73156961663557
-294.7676559266618
-496.72028078917333
-448.96435265524724
-491.58046543389275
-509.992165044265
-852.9325997332992
-939.8317621207855
-1264.4632851598367
-1488.27027299663
-1740.641226842196
-1420.043847387556
-1678.3212608117983
-1632.290430480466
-1902.1956090043088
-1833.8211784447549
-2146.8673257012388
-394.73068961809616
1579.0141241810077
1862.4363594747358
727.0519463524715
-13.617776715097069
519.8132383323587
59.66752918526724
-152.28612742493436
-68.32104923399666
-529.1345914887983
-894.8126392532314
-2334.3924270010602
-921.7057464180257
740.564026723287
6008.507839538852
1891.6347613841654
29.3810390703417
-119.81520207877564
412.3466872751995
835.2359251628599
1236.95378302597
177.13431270922177
-0.48794284756376544
-72.14280475866538
-4.854999444040313
17.793178946293107
-687.2662198606247
23.856431534691502
2306.593068587352
2076.413623230359
481.4310684887438
-171.57705583292778
-285.291736285013
-2.7096659496525417
7744.909381620847
10992.23730312397
-45962.369999999995
-1588.5999999999997
-614.21
0
0
-347.08
0
-1464.8500000000001
0
-256.8
0
0
-2410.75
-1718.99
0
0
0
-40526.1
3104.9133340108174
446.58858089953026
1344.0548503369414
-176.47908992206345
-18.208358063554527
1615.7451426307016
6228.737839353878
3315.4781042660375
934.2587853088421
126.2368851616555
99.46311423288314
2.671722043787593
-133.17953713318707
2.0725203753139696
49.812647921783274
159.65138057328096
57.75542177278813
390.87376736079165
46.40107227095413
5.208615318631468
357.54010629435504
-172.31360097415836
-633.988296558655
553.0570049185033
-478.88197395034535
24.703518351382893
585.7423243082856
-57.525712428829536
694.158606524187
533.1599510839474
-34.24490751993316
232.69916651752254
717.8847563240153
400.6772298831976
177.90254824432117
52.42338036001816
593.5914226461862
-15.010812453357136
-0.5539181208673919
30.940829339464937
0.344757936065206
-243.725386698746
-1085.3858819354791
-711.0164522176343
84.56500944112418
1442.0814796321113
684.1220503582732
958.9536319831311
209.9843818370806
-82.29175345824147
-773.7831196020954
0.16143081530736164
42.1100469653095
1814.2803680674397
445.28031810461545
-39.6166704733465
6.934816828066711
-53.01569150136901
-166.07911060787828
-1130.0516594836183
-2157.5354405647017
-1592.7050737256725
-806.0205502172911
-7.636106654666299
3.3780850284234907
-94.33852394842393
-758.1542236113339
-956.1848759208546
-262.12964979664304
80.51787020744294
-105.47415437326521
-631.1312055539913
-109.10493076226848
-275.67349513233165
-272.06612283773177
419.5649852474308
8.844972762130183
8.60355766569437
297.0790321029876
2989.8196443380416
1177.377191714634
159.95582981398954
49.22823753157307
-146.08302856085578
-822.1673122082545
-2078.992444077535
6.273534622675258
1697.8898165373191
178.42483699915567
-20.171928280983195
88.45465041574519
-74.0772144323538
-99.92920667032996
2137.9775330396456
2066.2223186430247
2574.0857749411894
1162.7031739532238
717.7130724098273
719.5205306405762
312.141065575324
51.26577232730465
2.2659013051076116
-33.240656755457614
-49.619864374013744
-175.73146353793896
-99.79597416846408
-13.870936696548926
-214.71897346169686
-456.64886972094916
-83.32939974092615
-411.3487419838583
-1578.993779288459
-4782.912652376088
-2607.0375767488786
-430.4354448624918
-12.68451949444712
-44.64750159774822
72.69868504490586
31.575711205746273
1294.9840130525927
2669.392476165479
2262.6389185547773
1248.1896214527685
390.19581737121194
349.2568262257425
26.663705511650278
-4.473542551093169
-10.484696212938346
11.590999478548639
-849.8334339482437
-1659.9614313105794
-3253.161948282257
-668.9379971401261
-153.68340436193313
-380.73934445635643
-153.72258475630002
4.312210591530157
-653.6583862534235
425.10006247145543
3028.772456217215
2503.7346086610605
1897.4455593341136
817.800421374011
441.4033769745122
470.29494945938677
764.567453088406
693.0724871033042
760.1938606785288
616.3145675218318
574.0211816255076
791.8537976215148
320.43749642500836
260.5908155788936
345.2861944200958
191.22000641131186
114.37313264356476
143.81936748233898
67.55472781183761
59.27192305259447
295.81467367251196
179.86186908691752
27.366855616916244
117.77331936314036
15.298996401149868
49.48763995671704
54.323034169888736
10.656725858120769
25.55234473818088
4.355659090143263
-11.769805972972224
3.2092096235961316
70.48268037006814
-16.482490356469434
-9.180756831662741
-154.39643643413967
-55.55530023784827
-131.63057918059545
-223.98000338806386
-208.6476709512844
-415.79537205051923
-279.5114193166969
-199.31983605560163
-622.0537969887353
-227.98465682048607
-330.9385571796683
-420.57385524199725
-510.7706324501794
-444.3617360268964
-922.9913816249474
-785.6685283501125
-989.4516667224873
-757.2084207173828
-1199.7189366092466
-118.18578586803102
-121.19525808574231
-316.571720735176
-721.5858456101521
-887.5345699847122
-1539.02999434019
-1332.0538985973758
-1160.0418852254188
-1348.003272048467
-1148.8068086296707
-1201.2084701187923
-2022.8957143496839
785.8389034272137
2584.0037168450726
4421.480194513199
3290.3609031362444
398.56929533762474
31.49342129988286
36.12338169503532
139.24184921419268
177.22670723016645
-43.70679663788403
-794.4640608477572
-2297.260314984568
0.6530662133506002
-0.09365094106461591
344.0339060775053
297.748373832203
-349.6989138485188
551.7800252401573
1732.5470678491208
3916.341248424759
2536.581048665025
1707.3332819805416
1338.0501589358068
1257.6918605487444
779.8839482139325
932.0618409044534
1143.2288989188146
1263.0242200534528
629.967258542687
435.6046501240126
72.18921735298692
-180.74871326411778
-132.31221851109817
-382.95151868436847
-332.85621622120726
-186.4323933352992
-466.1568717748398
-384.3287961685418
-492.0196618019894
-227.0682495917198
-313.0599482940048
-442.4940575626283
-724.5211178567365
-789.5026472443134
-889.9492278258527
236.9080324514582
167.5295377391465
-83.099758696154
19.60526944934343
738.6795553529083
4600.590682627268
3301.273293823932
808.8210626418422
632.6618904384368
632.2756706092275
51.976764067963124
7.955592499026552
35.96456057464674
13.789552690864133
-21.81417559129896
-68.88964142222599
-251.49772974235762
-598.8983716158705
-1042.3936214859089
-1607.0875854995197
-847.4921280253498
-818.1322593300813
-1771.303956609317
-1767.2828123116365
-3205.7598562019366
-2632.9574703143044
-2996.0508552211413
-4102.676867451992
-5985.790062216131
-1655.4432481382842
-37.71366412614852
-6.979310474973486
87.87535132605117
135.96246107715672
671.7609375327489
2223.8527148382927
819.5677624318723
-8.455173494952229
-43.15248314957556
-0.3320776355724062
-64.06450720624825
-73.57216054458603
944.3195512621908
823.6639568229093
985.7975498426041
210.3282290238371
23.967076189289994
59.636179621163976
2471.814898299649
728.8248538270313
81.4227659595594
-66.8829334212982
-1030.0786888517869
270.14885293097086
593.0849515137139
5.858201381248928
-10.045019136838432
171.9724238542017
18.20014240163893
-91.39511955518745
444.6061884683478
637.5826451380838
558.6179711080994
1260.0944098258199
480.60050451699465
94.24198164769619
-84.13429121658255
-643.411011713076
-1502.198558405038
-1512.6074932584772
-224.2671455816673
0.11347848495752456
-8.34891521181936
1.183100190629098
-4.3687921081729435
284.66363578265555
2814.56235931444
2434.913775517533
374.06500671948515
89.70539349936068
-449.0098067554575
-539.4796349804083
2647.9575166862955
94.0196674953344
-103.39309634702929
-860.302245724195
-240.51800353358288
2203.7600752484914
5105.069179739058
1312.000805333079
3620.9981869949015
3055.1271073055755
3939.2403753079834
28436.70840875419
51474.71696510627
103975.99368219159
184546.50222944198
165741.3875783393
255739.79646887246
-154543.41000000003
-147715.72
-9432.529999999999
-66406.62
133707.96901821205
164155.0977379721
-59708.69
-37804.49
-105277.95999999999
-90054.53
-30495.559999999994
-34478.810000000005
-124638.6
0
0
0
0
0
0
-18729.149999999998
-35762.6
-33336.95
-24575.05
-2652.1400000000003
-62250.39
-4008.0400000000004
-73277.71
49760.04685951266
-56798.520000000004
-86241.33
39366.97934538438
-144118.28999999998
255.33344550086667
719.5106598738851
139.7599732269387
572.4841803766685
-22.80185118197071
158.79595180840175
119.76192674262515
52.26742417365604
113.5357863301721
850.6630426112722
2479.894066726145
329.9895414029555
303.87660284389403
884.3624273084486
375.52858894959115
2914.0609823177156
327.8470669152298
-688.7747176676091
-91.27044430191427
-209.8177763727901
583.1078333132566
675.2383172714021
518.4555683750261
96.47578637963417
47.37284465524667
-20.113325027947123
-199.52661782035864
423.55506684752936
277.4346560682548
-49.81012465865947
-125.87416503454293
564.7181891932122
1506.3866571058875
728.6894285978925
527.1035228208368
0.6812427604213998
169.5480064139723
342.8671280189045
207.71100500773238
-5.45624509962
-538.8784692900801
-1253.856038397211
-3011.846892806677
-531.6160560726664
96.92219134823523
338.07006359407234
481.96235787664466
654.9771514014385
447.6123163125469
429.4043401954102
291.1355125012225
250.73734242159716
243.49814383911266
131.76849477017032
740.8016344615103
661.1639273823321
489.27048415233605
458.91840846348146
236.55393076807195
232.87699608230406
140.84500509261747
122.79939724274786
27.777202748980294
2.697009257018948
0.0013616915598570333
-18.11108137000058
-43.8770864494215
-24.855650454640795
-76.59881533911084
-165.96718185350596
-350.5658602782231
-420.4782874666393
-666.4247407210551
-955.3703177516793
-1548.272891715553
-2216.6818200850694
-238.05859618503
4.917241367550989
56.73175192450885
32.164702267381735
96.02795997191608
6.907782073090541
42.82662921224822
-0.27698508646881914
1.2230462901392998
25.589670390574042
-0.6109316673729952
37.96609275757885
0.03768238897694215
19.968154763360698
-3.217597089174478
11.02145163981534
0.21775195538675984
33.621246653578794
427.92979335269894
518.0362267108242
569.6050306956321
808.9436006464502
2038.5970477766095
3421.310928422762
1118.1264230456622
446.045803053133
392.6346581135073
801.9370782969911
335.6023402404927
393.8883054111815
318.2868935680982
48.48231550570122
85.74092215717165
7.107273416372526
-5.476521240267374
0.5301040144011877
-21.357564787928894
9.422368702903597
34.715031757782505
-0.112295093367627
6.072132127574693
-12.381133294770322
-11.741289050778967
-70.23636015716346
-65.45205939658449
-17.62261217641147
-58.84943051094738
0.33413689540646496
-7.385397695751518
0.1477960872024335
1.2015047422193033
-31.351074098665343
-10.706049580291408
-53.38985597497941
-10.374447133706013
-36.75015736712021
-68.82227098606222
-59.37630403542462
-60.4407359571091
-129.38362541703333
-209.43329526827853
-207.83649542579607
-243.91207143908662
-346.0463511921949
-439.64208569028176
-343.87932083014147
-289.89347063566487
-19.79702701657174
-67.42055656093562
-2.26247747412921
-59.302531460887806
0.16483397507085795
-2.142867165258384
-3.655797276161813
-49.43025941933537
-50.97053294993361
-73.74383186237232
-114.61433335520542
-145.17437350755694
-126.53137962508828
-203.14379379884
-210.17896190079833
-209.20429036893688
-471.17982950187513
-252.33203319757553
-357.281905499081
-331.35087722401795
-341.39978582845004
-329.5993677957677
-766.7400596849661
-619.8246145874256
-358.0014670585131
27.037169339116634
155.44395147114403
-26.13071609568807
8.486972921375518
593.7224411204435
1025.8771367408422
-4.33312085537141
-1168.150876259905
189.50177335807788
504.7614312534467
657.8471803343999
1284.8927150622496
885.0411399719691
1397.865636238369
1432.368355214907
1195.8935747702208
1459.4282713628215
1203.0114039124578
1247.001637836057
916.2268207402889
789.7513880542084
651.9200035210386
453.7855314675385
725.8097251450963
399.77049928506887
288.61777176991717
360.18064564333656
214.2773547951127
1015.2175340530061
1236.1092919174093
931.083090447378
294.02458016709716
2061.4270804576813
255.0322705867015
629.9662532579223
173.0661334418815
256.0533402221324
33.488711967699295
-200.744584611752
-2334.6239956459067
-297.416045017339
-217.93857059430277
-123.60725923360883
43.83021314944684
-189.98505346191712
-19.516006517167863
-34.00257617827502
-6.114568940960114
-202.41411753742724
22.53771690647044
75.12782434168764
-3.8732510834903917
8.761945076884432
498.4665408194232
-36.24029876220965
485.7316771380616
85.31305815895183
1408.623190299917
2258.875490079797
523.4792874124538
590.8977283528609
927.5003125036785
2411.5409971207628
1070.8323366804616
5241.716462847011
4291.515117094666
10328.167341459008
47904.74152505258
-253389.56
612.8872234795389
-9.446333807794847
47.76726977615448
48.723463775279555
-94.74957857846744
4.620757821409445
-38.09839211844544
-23.96292902597266
-0.7112877575739647
-14.976985179328098
-1.0785481873219598
420.6981616971082
662.1226151392448
3.4215793247491457
-276.14585193551017
-95.45409351369725
42.370405193090214
529.2374765514434
703.6506115239492
509.98511950355237
405.13955962536835
414.50382458846275
448.1135160652231
627.9030935520457
853.5586321453247
678.6737898267288
757.2674996521589
1366.9938935822133
2313.792978386011
770.6384087960464
491.5603748118617
732.132136368536
61.04007936817833
-12.853945509668556
-19.749463575395243
-54.42570169251633
-168.15205789903408
-6.024923877716158
-87.65572939118148
-13.437413937910462
-46.31469080940689
-1.3391119688955522
-1.5151865435695726
-3.298110374133015
-3.3470473264704728
-18.623302638104878
-6.93399377275455
-1.2335936016549454
-39.64909185308521
-185.3231405624565
-44.39392461561002
-80.04334486670945
-97.06097435664742
-62.2514919623277
-167.8875019211764
-82.93813864921538
-100.1400373496985
-88.00786954838617
-35.585248971023866
-57.8830445364029
-5.151405567793491
-12.825628538552023
-81.14757673694936
-102.68710891703863
-46.262124893168114
-105.65656388610333
-80.17083284999593
-6.487049195222287
6.9101899012934265
-0.559044483356216
-0.21458788670026724
-13.866070626291199
-81.60948348331439
-123.69923393834362
-144.54201130054352
-255.59296499927265
-341.7506637386001
-265.4524555362367
-142.72701381361907
-2.203781991666861
100.27094996361393
149.80085796678821
216.23980044385445
198.46721944048872
216.04732052217537
384.9725588354877
232.36691927191086
204.6114605832612
83.80724819930597
157.00841676571162
96.84598777742289
87.40003527391337
1.2012904948827774
96.94708364986923
60.354304173225984
57.672508473405486
82.71863747846572
7.286513636763205
6.882656843888508
74.53028555123026
89.99862748159974
22.396979362405876
49.80533197671398
2.702038630501096
9.836066793449307
10.383598008578966
36.98479301922392
18.32641977026401
31.525816993402227
17.675959321081304
52.654877444326544
11.746068792937086
5.602282415049816
29.14002226954778
0.0025763362530438977
13.315862647380376
-9.909444541694448
11.345376669112799
0.1837562324810866
-2.697459635612418
-26.48038723128167
0.0008015253026509448
-10.922693632445245
-14.666733268385599
-212.28292940406487
-72.65110239685542
-53.14206438003675
-188.84511059308173
-67.9685783893409
-43.571214090111475
-144.54754970972098
-345.6349437759868
-197.22382151022467
-326.5312170628822
-408.84322610424516
-594.0850480231273
-719.5958634630115
-714.3826453256602
-436.26969503691896
-289.01112529531645
-326.4270334654445
-440.5795430585257
-518.0717258780293
-17.330454567596732
35.5824287526267
38.67859141594633
41.028753427363256
-54.33050913509395
-6.454329744957973
-4.6877260917298464
163.71441001686537
623.739294609855
253.60328347065905
135.41371136652668
222.18312325635029
376.8997843909319
364.8637028162586
692.4021622061131
1797.1294525186158
955.738306047054
530.359390888618
436.52758648056044
70.79582637491094
41.978740663358735
10.253996414431928
17.376223158843185
-1.6503579252685951
-1.0634565297912542
-14.747041609331154
-3.501842117813453
-11.568146767036236
-61.468257611174195
-83.42096123137743
-74.14101100317704
-229.28441207985352
-301.55206162479004
-409.0402139445539
-694.2362586184485
-1266.5225631953642
-425.52339228416605
-52.30266931370008
-34.96489691603461
-115.85126535171416
-102.72143843227255
-649.5343112100611
-2852.7061730271316
-1004.8991751554327
-552.0103848221229
-294.9237804045232
-491.9509486937931
-610.3764944671733
309.4120429676112
1410.2827739753925
316.30172353678216
-117.7702794453831
-666.778906669252
-76.45465708184064
-557.4961014175619
-1152.0919165312441
-7.8583385113855595
432.10082665689725
941.7678200158089
1758.7606533439891
1093.5177914615113
652.1132983103666
838.2870747587988
615.3877475304294
770.6211936751761
1088.0124172211986
801.5949725890869
382.6143159174144
150.5168637293822
28.638413168259234
6.399676570230461
-3.7064577573370476
-16.942463208639964
-15.353337074363699
-126.44144064040057
-78.22564568038536
-149.71512897392253
-285.2918655953886
-304.34529138217084
-223.78496439338676
-125.96506336743056
2.5270273089467223
-7.258063680586751
-214.0242806792898
-1035.685810980756
-2535.3763998455256
-516.8977103039485
3.1191602979269293
-3.1166851864559373
-22.558626636059525
-16.891298118938316
70.22367710880093
844.5537910295593
162.1645606594015
86.09775167387075
-4.58613814525309
-38.52702847270473
-266.9324481903927
-525.9181539607198
-622.0005462262358
302.74211924084096
582.7276742995091
603.6041758849112
152.5708381030077
214.4067500882349
230.1550054025109
23.88710356364105
40.05619285084392
-31.121230078827885
-101.32761110526171
-452.03346025913527
-850.572889897849
-847.3884100888014
-2154.929598595423
-2949.797678199162
-7.198505600480265
362.78530112486413
-223.52092378075352
-198.8344431063149
22.033306167557523
-274.99613817196524
691.4929988110001
149.77911822701748
752.1486118291521
1087.3837373319689
636.6140075559497
649.9454174353389
246.15184143061686
598.1358549447647
389.2264638242579
2363.911201237033
11111.144459048903
5486.081598543991
4339.5783955667885
1325.1299482260888
859.1891911265186
1724.1039524046698
594.8023889978563
275.68314952454693
2221.035362131558
3970.5107626271347
1172.5428352519448
907.9225203262822
668.2127535457145
730.2715036946763
2935.1828560424747
1205.7817792586075
643.0277840960331
0.7467978093408398
-18.37629608918065
-288.43303052542876
-42.21593158981557
847.7425966182692
854.661936968388
1979.3362582732816
2934.21541744946
3963.3669547114096
35429.01352139004
97252.9895129371
-355549.83
189.496573748578
886.3943954928455
1115.7660903157287
429.32696559420515
11.692734660576633
-21.690172316073312
312.49485699135727
2962.9613507792237
901.4491302259578
500.4350094462725
-48.05215474016835
-178.62198150454145
-1548.4223034594697
-4027.4613460126507
-3710.433407307921
224.6422230503284
187.19556910720343
-546.1179081421428
430.33275596988346
888.2135054291059
968.9390862657671
935.904035149149
1011.4870906986522
862.3609420850993
610.6197175406339
660.1469875443146
527.1553883439715
479.8091420086988
303.9155130316108
321.018753840098
185.8191650461092
119.13636751466021
329.03460016901374
77.41910409335
95.84851734109402
75.60734049999131
46.17363500675269
58.029523343849476
3.273906540930315
31.58391647512449
1.7402034748188528
66.40905790990843
153.41950618130497
7.350147475042132
127.29834971151973
87.47161002153972
123.23174510826857
1.1145722282400983
41.79178386605497
58.905320408116395
15.577343593816998
78.76737740825537
44.734726345545
4.508374055730515
-11.521374061884533
22.95157134874801
0.011048848464421224
-17.100820600911565
-14.263315918762826
0.44815139785922986
3.089539619050316
14.617528915245693
28.332209019267545
110.19757222917403
75.98736528019947
244.2503050340735
322.5824420270011
146.4628485654796
402.6255269265808
73.8221309410177
26.827588450894346
11.138806402404638
117.71693561529524
63.490634947570356
38.49758214277875
283.5596631063993
68.9533364352601
237.50266042532354
394.38193466647664
171.64531997875568
163.19022794158315
255.27896573672317
479.16455807719365
263.7992985469955
159.2631118126636
145.49681890296856
114.06288835688552
0.17248373405713177
59.90261742805313
1.5742087821237618
-0.10490711165008705
20.426440359292126
5.440043679664959
-19.617286856814466
-43.71281108446152
-273.80478899538207
-413.9479057524419
-900.9463408005179
-660.418059661479
-1727.9081713135843
-2213.7448342566904
-2871.466666876349
-3744.0656106831543
-3642.194781615854
-2889.0257864263094
-1359.2563842706118
-798.2933950118019
-1189.4279443422342
-1063.7676958913953
-1418.2454710187963
-1366.492167383209
-1350.3103159199748
-2218.26367416864
-3317.704529125549
-3921.491453722934
88.62176041256683
966.4286523646
1796.0664190448642
1002.6203091655857
21.347328665720934
-2.7650741189078913
-635.3737306907012
-68.70310762565077
731.5836024097006
8001.141659121817
8686.404690480234
3108.871244312806
1595.0433803806093
1067.181242755745
729.8637769399702
228.57072528043162
124.15714851620181
4.461715542824276
-33.38254308313438
-212.98610289203216
-335.96811705864593
-503.64284587562673
-1111.3223285802972
-1989.3273895145608
-2631.6803971979025
-5470.087773599672
-8264.825899849066
-3535.7624048167772
-364.63608843874374
-2.8580984219440566
493.29606834978716
662.0161765807429
904.3086694369424
822.5989354328669
1192.382637342472
695.2496821760253
166.36664475677952
16.198697514954052
-2.59230818477438
-36.37328113592418
-115.48225708623772
-614.5307517994067
-431.552415423487
384.8488138234154
713.8880372243485
462.2463150089799
360.74868703358777
102.07856442157016
130.47342263461704
162.68610249095929
103.38007096341063
34.348123037550266
9.289527628119798
-41.263615631991726
-29.57895054112949
-162.3690396307569
-120.54998549085363
-138.68676960704087
-25.26538339423205
141.50634188385104
1992.1608018799734
1270.9300023803514
594.3264494673631
465.04879168932985
3995.457049312045
1242.9291060402625
331.7304208625464
55.952421135056426
-12.902016289333295
-109.79138622358082
-378.4929804079602
-507.5734810513901
-475.5723791213245
-1196.2938628992824
-1142.3779332656193
-1040.7073920586472
-25.204158441708493
-351.83313520281405
-609.546676765856
-214.50897297056343
-310.2401328293292
-891.1163592901414
-1422.2723243641922
-0.27999750100675036
100.17795217319022
-119.37972920590376
-865.4433471784907
-35.80887291914956
424.9408902107223
68.18860284440495
-110.0501222222603
-893.5567591346328
-5009.674017696183
-97.24116310341086
149.93250132416347
1023.1341180717957
1395.406725252126
1031.0582688566233
457.24428822177515
187.1505692840286
171.82525511386805
2.925606308218847
61.82781915529209
4.538241874584476
-27.47778678252133
-216.9248036296041
-331.92098943612626
99.43518640567032
818.6950047727273
1735.709724588512
714.2623083646253
429.9738226891975
205.37651328452745
65.8691232930393
0.7379385433446537
-183.91017522740682
-645.2355198541991
-766.8254769098107
-451.9341169051038
-1179.0493125232288
60.189776400188364
194.3502898284911
77.24959663282733
59.26927423016883
183.41086041270165
-0.47944854732400594
-16.64568570695947
-85.33849416762328
-16.502488520626752
-0.45125529741849046
-68.05730793794183
-488.4384974314068
1105.4372114987461
346.05152033664535
-25.639112553173792
-553.7302416190356
16.108290184717344
42.8753307382594
112.40237959924988
650.310666362523
75.77043975905026
-102.27339074183394
39.49606124705885
65.45263884815948
9.18023689505485
49.03829317872538
-1.9194098617010844
-163.5199029758988
-1923.5575168266648
-423.7010491899325
-2.021050356377628
20.381058345245563
279.80924139659135
1714.2021356658934
729.5827762020074
58.563332114878015
7.124706833596464
-44.75734886156069
122.94487841019345
892.8198888662516
-109.19741948120335
-1440.8165296014038
-1319.6946059314944
-212.17213032803136
-57.077750854089864
-173.77069143756137
-66.00236718257455
-93.67930347682525
38.546078806071506
70.27014830319422
-46.6413913977367
-777.143260043413
-409.2181206726664
-56.67944778305356
-3.9980277268639646
-620.3390012086905
-1.2469398524901618
324.1012152472267
737.2261168231927
535.6426263519244
473.04494953220035
556.1401750756768
337.66900329550515
140.8485791836714
251.76210333585965
108.37995871903487
67.79889660322942
73.21974031656094
45.572920864696854
40.51406206671574
-4.064587585384837
0.012332656662558587
-8.744276919297148
-37.31416896072969
-59.518075081759655
-200.60703001159573
-76.24977492894848
-239.50685518436532
-92.60186709980808
-166.86237249310855
-230.16670942147542
-361.9740948764477
-310.065736424611
-283.67721298306435
-826.1278160541729
-1280.628957483767
-996.3961944838268
3.840346317706911
244.3354831482026
866.5875861542104
899.4767196723298
589.227447503116
4468.919246533345
1357.266504116284
225.06227894325286
72.5598826022036
257.2734056871064
100.21977009948003
15.640317609222292
-5.319257555040155
-1.4192851278449465
-55.997663709713635
-187.1412660767848
-825.2223696089308
-1035.7496064663487
-1150.7941555470416
-1774.204640013701
-2247.1042435267564
-1401.2955086203228
-1355.4380720185386
-2066.1411940401767
-1700.9139580419478
-1606.84889538239
-257.8832119818288
-31.59968121171899
-127.25905908777821
-500.05357675933783
-109.06104891589018
633.1262621180865
32.29737943159691
595.6832597533195
2587.0476519175763
407.59268957367044
239.74751987158794
1190.2239723019404
3074.3351930775657
1652.3206688054938
478.62171220672883
-23.094169230796346
-60.11803316422738
-125.74112796443879
-792.1548135082696
-214.82403028991607
219.04555379179453
229.6607917062787
-401.29748989581316
0.27102483371295194
324.76957083363624
535.7353039472687
170.17626359531246
-3.2521770971454758
-683.7579423742226
-192.74159116243604
307.0884092242023
14.985909690096852
-937.0763531367375
2.736023430465533
1510.2688393707488
476.6276577687046
25.265531250190314
-0.003159283429644189
-377.16571690503935
-145.45134387677666
-99.1444258766593
-2.814069638958135
107.72458031834402
538.0937101067399
-61.60793282527961
-438.1709963375356
-415.90945228295607
-573.2451640185711
-226.79090285224186
323.07932038417493
167.16475106667437
-36.55032225539386
-0.37663314738527565
93.95584280352668
-339.144645866935
-1645.1675710164081
-127.56098293270419
-22.338589842728585
-560.3228031353538
-1517.299763905426
1.2987759783714248
-7.408884560010756
-66.85131029971666
-20.413776083916176
5.953084711334545
876.9174859390739
1231.6546676080627
791.7435282659321
-2.1273489947905073
-840.4525130662219
-762.4418856800575
725.7636246784513
159.5097643681827
-52.06013738728788
-348.45625646501253
-1323.3429677175163
-193.78781475616225
4677.2635879183945
4572.008887365559
3447.1128314811867
3173.265543529649
1971.7089003709862
1657.442306195464
1297.9013576719367
1373.4256817653343
510.6089011398052
695.3740973231804
815.1324524888374
290.8553689861063
112.29408125396843
93.64410379478448
52.13959584319585
0.9524435188219413
3.0271880053509523
-47.3540796367515
-2.476528033592176
-138.32726239370547
-176.33965420311594
-177.53771067839958
-429.9015696736523
-838.3288276824721
-467.65732580145215
-201.71056123551298
-33.948643373770835
-209.55074926914432
-446.58292784335595
-572.6842266097575
-1170.0155141408086
-1961.2270784434709
-10.209766040807025
69.53997444916408
-274.17412459783594
-1166.8561725962438
310.24640308361484
3232.623918525651
3224.4775044084463
2319.290000172469
1591.230833412062
1119.3470483040105
748.5308166725148
527.428022234473
333.76981190416836
164.74872476670816
74.79540023487878
66.80570522032644
149.93512830475385
73.23852928237645
52.92443883687087
0.03370830689957911
0.7205046608038481
148.3041311842963
117.42468690633353
133.04416805317507
187.87232215795862
34.08285454351359
85.80484110231455
7.831322952569172
16.62535915657461
-1.4325286238267911
-18.44353508420781
-62.57057341377789
-67.6075904547349
-104.85266494160385
-186.60511738289426
-282.17510313004595
-281.5971985457513
-132.71809813497475
-97.75014745890407
-260.1075479188484
-256.9965107603309
-522.5213661029438
-653.4307963255095
-1210.1813518246975
-906.3298076215093
-1934.5801046500733
-1665.8372666757368
-2162.2098091582848
-2816.7702105207436
-2971.394108659004
-2699.521628549156
-2771.3700008163014
-590.5797612112415
497.0010637337117
199.23486324027263
83.93906185182573
48.969743097374675
-17.031713581165846
-265.27778729879407
-163.94199410346943
463.5112252720239
7.933804125390944
-64.170185277049
-331.92173420541064
-1013.5796349221418
-517.0816026259554
-45.188404745058456
434.8789464289341
40.65567552550161
1214.0558807641567
875.3490127974737
250.9391787498345
-8.972213673420791
-34.19447783496699
12.534855715140779
-24.1729584867874
19.574591839931458
-121.99261713123757
-1097.2036010776378
-1740.5342475514226
-3423.7309056490385
-9.86169277725187
360.86133477904673
15.713491877174064
-93.8476263099234
-165.83973665157248
-2503.0176564052135
-498.2690127115086
94.09835593467716
2095.6145694986512
3837.4284076208805
1021.810782931982
580.7367781062896
161.74546540837486
20.551625278009308
-194.82322982853523
-218.47624035236032
-999.5824668486398
-61.19703370775521
-19.968317084661237
-16.169391427804356
933.4735913131185
-336.15599805734144
1114.4383628814635
1223.173932835022
-4.321014611356115
-591.6258424607339
90.21312955328462
-237.3415869401087
-1431.5387723188142
-622.0237685172215
462.32974330213915
1678.0225628376925
2532.2398848860894
1196.8845341549884
395.78261577849196
-217.90414578669942
-452.445946486971
12.286805222792392
-4.806686340595892
-141.38154764943718
164.89099670694907
-118.6607963056122
779.4344878769027
268.7954696764233
440.15578165461056
43.12724514266572
-423.73568616824593
-1186.9252760916727
4.0989005544199735
-68.63560897487471
1.943165061179813
-1244.8552940065224
-574.7266895585637
-35.65229036110709
2.0079505226852277
58.48993490397264
-183.89812084000272
8.417100859709123
272.8859837581072
966.7559639245045
311.3436461211959
55.50903119514785
-98.9685942726987
-58.92998338204768
-666.9970064608265
-57.02495018524538
1531.3067999365842
5.749239357846067
-309.13686732056493
-752.6619417789913
75.24171296108013
1393.442282996696
530.8230159819184
604.5484866511856
610.1841670116253
357.93457717453157
104.35826451573891
19.425452886826328
-38.347529170533946
-21.6235942337034
147.2796825424638
57.17381374602974
0.017563052016201376
-30.700676258498742
4.034652121972151
-1.802768139774968
-497.32274217422764
-1584.4769919389
-758.0177246005395
13.859012225836338
690.9954354412342
-6.835174853288601
-776.9367790401195
-788.3623263073293
4.453954233124323
-240.3637556549973
6.183975163728975
440.16542119623523
317.38017427730955
141.32291675805237
-5.323833035683737
-0.9532697802232029
-1.3034873959096251
-69.85696595548104
-208.26932358051474
3415.8702810556356
3386.392388393285
3465.724950880024
6403.953490892398
1977.5934745753214
5845.064998424813
19875.210656626114
13106.142874512905
21211.26578759227
20996.21839638607
13210.576963956395
22627.273143283765
15590.491072028506
19557.295408302496
19024.58911538386
32426.190635612755
-5359.75
-1452.4800000000002
-11322.24
-8755.420000000002
135529.704903985
204471.18202584883
-340623.23
-11226.47
-40868.920000000006
-187521.62
-7704.040000000001
-12288.330000000002
-13887.419999999998
-24467.24
-57620.82000000001
-98.66520652996826
-1068.2454337176457
-786.8738868254793
-1748.9819320663064
-1969.225310557401
-1893.2083001881356
-13.260784673623315
122.37335185885243
476.9783932528819
-101.42862892055214
-22.60000570106027
-939.5127215542817
21.629398656170864
525.5545396628648
113.61219446073252
144.59490537164714
1705.8369054227996
701.5595302730967
181.0693387392001
-42.80261915802034
723.4679638436453
380.0820245404424
66.55444023904793
-250.99780314446076
-188.37534512159445
278.2502740019943
3.9312506191066796
-81.70659460367528
1238.16464890494
4107.445589248078
1055.1749644451327
279.683063777578
206.9918509124162
799.2851813483005
931.4188457602338
415.86748026727787
69.0919739051744
-5.941506455402708
-137.05750258811943
-312.3719812504045
-635.8642400092932
-844.802393998478
-2971.4776818589307
-2741.005538163222
0.25430269454814525
-1.8843786594736747
-142.14098278995016
24.91657278188301
47.88634460284356
148.4576067511268
-431.3625751179191
-804.7516454385218
273.34586404221164
2624.4224123015183
1841.815100335328
1496.4508529444497
730.8559048348832
343.7450128895601
94.21557642803455
28.40246471972773
0.16671547109085613
-123.5163824733532
-265.3639804066944
-601.8990357654457
-703.1269384786569
-1439.5149977356205
-2030.3714697999485
-2939.1040351838155
-3374.8695707107972
-2107.734935372453
-86.20536304437465
140.408303043196
5.723384376991474
69.60413005804486
656.9533726526453
-43.63502747045806
104.00612556398497
1081.8423479515038
168.3552194027726
-36.79885861194079
2.3190970460305826
2176.952831750305
1225.7964730384365
63.792457234689394
-250.3328794021475
-68.5237292523386
-1102.3535366304818
-951.1960216842955
-659.954663751226
-1921.2260781062373
-266.51788840251373
0.48529762512555524
11.827269927647844
0.2748874430923378
-400.9438698141128
-16.271918285595767
-388.95587940461394
476.9945544185871
1242.6689746131674
1734.9826070338434
1452.5532816001746
871.1650835281837
394.5227885433086
967.0142008388441
546.0626540786496
466.6814114422643
215.96090109276065
40.42580895949293
38.822003675493264
-1.5298379028393116
-28.668960949466875
-78.44448908844423
-288.8127889633329
-455.94595846704965
-579.0667412343723
-613.1285463008587
-709.529962901508
-1305.7043041694233
-2425.842659225778
-3336.880651195013
-3249.017336796678
-1404.8585239165786
253.48264761631134
62.117459252277754
973.5763983322502
10.26591728322809
-129.27708347626836
-159.65122729080795
525.5260509881716
1851.078043634149
38.60957870631957
-1179.4377057565296
-55.423277398812566
330.18216757222166
1826.2510713747013
-12.347102601698271
186.35556418826698
307.96299007746416
-867.4375892510161
-22.29131490568296
124.29783752596339
96.27981059633831
-121.82012513166303
90.90675225593782
951.1866731477309
1729.0976502632855
376.0710143170599
22.304160727108524
-371.983989548716
498.7237620192898
0.00034745863251322185
-662.7158534698401
-0.00253639423456439
-770.3053219246794
-21.27170728476295
-96.9361461979176
414.6477134620817
267.57757862631524
0
0
208.34472302710228
-2480.588889759813
-37.393362896364216
-1363.8971409762985
-428.08869075220036
521.4716007720358
371.7084015574076
-702.998427294923
-170.3145832321805
2305.523115347197
2599.9120961321146
1383.9238198514408
588.8497341907139
467.73875588493445
701.2884938693762
429.21541854357713
41.7203796710222
-77.6966885207329
-130.75983927767086
-139.84027932188695
-276.927588341623
-497.7466560806557
-923.2125243110676
-1938.5087440447112
-1892.6913899369624
-2790.702560330469
-3233.6347757260964
258.02858963381254
819.3769722169778
394.00708758934354
52.6374130053173
-299.67933901267054
-85.09640751143974
-540.1206646826699
231.36031118910972
141.34927047425307
-0.145390082757638
150.8907884643513
18.389097861140947
-63.08415141648918
-40.456922348733684
1277.3081529691738
-18.768832116340615
19.761737950742873
111.9077728909922
178.38032845425343
-142.5733934809395
-1.7731330424168497
55.6131595765284
536.8331171196924
1893.727412550631
509.56657221279545
-6.963445687837934
-692.9844331585844
65.96648541886451
-850.9182176796459
-112.78009514483395
82.18345294213421
-224.2344960923874
-53.85740780056953
-121.1826060500528
462.21366818797776
463.99149556334777
2021.9914558599112
63.4825178441557
-59.70770104019187
-1941.8540372926282
-135.38140368852456
4.36944606084884
80.57907802431586
702.7293519528773
150.86338486552415
-5.929839634586591
146.16013000792026
69.12794608860966
-2.9187194898451114
5.365268929711284
-788.7257032962953
45.917809649222015
-845.7626460689319
226.81104856515952
1649.601610249746
141.3540761164975
-374.71711606578225
-467.10095780228596
-342.5463761944485
-61.80167674060333
-328.64827806940457
281.4627434228554
2881.678555238056
1123.6368931593693
407.7872956488333
-196.41788376599587
-1001.5735756804568
2.3111823898836574
-239.5136672796807
-2043.164839124755
48.690610309761574
-23.31221776989249
72.02231867908489
2099.949062149802
32.13790737834455
-562.7672814680683
-1544.9757133511769
-11.869739641662466
-109.97810141811007
45.13111971968743
-15.959567195267017
-314.7744052098641
10.864926278453252
-57.53379143900419
808.5732097282073
-190.8239241931833
-264.39917500855313
169.37298888638193
349.4416321032811
0.05466854118291198
1780.1304307316516
723.1608312125225
184.9062194120168
-374.6994139953261
-892.3235882924855
-791.0412772135992
2855.986852534535
1226.6525656946644
57.64076137126202
-41.838798553534076
206.6861060810016
658.9219449094413
-18.421235653391445
-101.05910384128237
-0.02572673234666033
-3.5710511269317915
-19.88420327082784
-261.87552943412146
-1515.1701128468067
-12.979933860489645
-7.300017789706616
-60.90994996277496
-0.0015588872455472007
-670.5412583085923
-872.9813399836216
-101.70057116954884
207.32873993418445
627.9532933041128
3.180942302387869
-54.64554106175234
243.25690686766302
-523.0378726999343
151.65326481190175
120.08579728377723
-45.02746092099704
-829.8667359151583
-840.4476519112588
-740.9805488043937
-1038.657040855767
185.96067600875537
3.1403993051542156
0.15941780397371338
2877.7300990200083
1145.514984936686
554.4986190541147
487.4220956897369
8.507737384182246
35.95280809728864
-2.9926710086577204
-780.9505137148211
-233.49849441634663
340.11998546537177
92.83931383042442
0.46050091247649494
415.567547881338
604.037880486922
-2.634835377738479
-856.9699806180502
-865.3848225944596
-19.39683876416609
312.06280725599953
152.61944723746606
-0.47726220247277357
592.5113928920697
-84.36574409680564
-759.6988934276451
118.27009210771004
600.6977171199435
64.187195231404
-190.02079494713706
109.49413365179899
599.5172389096301
263.61811253492226
130.04573065474187
63.188076147616755
4.298527021021848
-78.34166758241174
-140.1932686106864
-157.7262638239467
-822.4654175333833
-1457.7223888968508
-2244.947711330383
-2871.5906602797063
-627.9727016178538
505.41023967533505
41.10389543697597
-521.7932670220149
-332.8206171122048
203.1933681146474
57.079256691804346
-1286.7134970285786
-1461.4135892026825
-26.575758328874624
-794.2206781797396
-340.7463034342348
269.37754062365354
862.4570130417559
103.09106172937118
478.71995768185167
-74.89049539920285
27.50800204642151
1908.7541862786202
228.3473329169948
-161.02905405762533
-1552.2313237360613
107.37398703290319
-12.664554456322874
-174.20930944836363
-1142.4019390092199
-17.189730486759235
397.74124588381125
8.248896846932432
191.42064110930414
1010.2607844655944
-326.5849483385088
261.0168843937673
6444.668094023886
2608.6897399826953
5095.598950892342
4511.8542149663035
5467.907087974059
4454.290379544789
4810.333923317295
7165.275909943305
4451.620934662472
4873.140197724439
3428.126550651769
2915.9444886662995
2902.725594423715
1657.180430551612
1368.7477716313806
2994.4914089248045
1030.521262359553
2668.5277090809195
3620.230770634873
2575.1369255247564
1209.1531540333003
17.198424257915548
1010.7830455314373
7970.8232073549625
16063.320006957969
28536.958260813066
108151.11718884065
-351630.70999999996
2384.168823506737
385.04159747034123
418.152481692846
295.6169229062589
597.1464373334778
211.1306974811149
100.08703981444677
247.43816415848914
58.87125267119527
269.22831565299293
24.84891667327695
2280.22351665394
840.0315776475111
337.8412451232364
1684.990505341143
912.4371074807696
2590.372906740833
4309.802000537591
2665.84775500527
3478.4437057287732
4811.216530830055
2993.429343715683
3710.4679027016423
3099.903434227095
4802.398537334532
2357.0708768252534
3839.4082055803738
2493.341482460354
902.838041455763
2863.9640515141987
1590.2491510966563
1674.3282667346434
1385.4064198262788
2254.3332444761336
64.36028709069518
7299.959937325144
6674.180660428466
47670.045421816234
28771.335514710616
49523.32637717958
53419.71741816032
47046.000206151955
138317.72226442344
-150723.35
-99368.06999999999
76019.8467418405
74598.46107198772
0
0
-269.03
91108.85801390171
-209519.31000000003
169752.0418728243
-132910.25999999998
-118570.78999999998
0
0
60641.26030558695
52263.65893980795
48940.79234599493
-59746.56999999999
-58954.88
-27834.8
78585.45566266373
-8982.51
-721.73
-98446.93
116239.89590863587
-197546.41999999998
-303517.92
8267.002509790258
5620.898984855078
3623.832465325928
2272.649976753096
3466.196701812217
15006.773246311444
4854.536350016806
3136.2374748813745
6213.734285007633
4750.590665119682
7837.743957595741
10677.649710049955
-345641.14999999997
-1152.4090456650995
-2222.0104401118633
30.264367384397133
369.24545801291436
691.2299262378126
662.762574435583
920.2659131363769
4990.1797403309665
10967.21823085493
10801.662647176334
8099.307734539454
4528.253109837598
7700.295324415597
13322.458920763693
14283.841536578762
52767.80325327734
53112.250373584306
77185.2343990005
125980.65036242479
175700.8657079414
177915.5000578024
181630.6256011973
184734.17125272626
192479.84410431358
207225.74263851746
208436.73686589263
214001.75776684037
233596.48494873435
297854.70285893587
257168.98224253865
267020.80227594764
286812.12366316497
310211.1566369321
303262.79179920733
349985.9911066605
360007.47588414146
365249.09167794016
500944.3390823595
519872.22467649064
652594.5861833772
913613.1540118193
1155882.9415956766
1297972.2910745668
1133215.2637412387
1147604.9436704288
1867141.8794907173
-2347300.8600000003
-2187332.88
-1874087.2100000007
-1109443.93
-840668.8
-531962.1299999999
-572836.97
-486727.36000000004
-472383.56
-457271.24
-398569.56
-404479.3599999999
-399201.2900000001
-341853.11
-291168.25999999995
-276096.61
-314922.71
-289930.18000000005
-266932.66000000003
-210209.75000000003
-187753.12
-84089.07
-74721.74
-43921.98000000001
-33997.9
-30817.5
-32304.239999999994
-23747.190000000006
-21029.149999999998
-21924.7
-16104.18
-13120.779999999999
-15892.15
-15546.26
-13824.649999999998
-15039.62
-10839.91
-11627.910000000002
-9866.53
-8305.65
0
0
0
0
0
0
0
0
0
0
0
0
0
0
0
0
0
0
0
0
0
0
0
0
0
0
0
0
0
0
0
0
0
0
0
0
0
0
0
0
0
0
0
0
0
0
0
0
0
0
0
0
0
0
0
0
0
0
0
0
0
0
0
0
0
0
0
0
0
0
0
0
0
0
0
0
0
0
0
0
0
0
0
0
0
0
0
0
