51435.76
-34867.42
18711.420642260644
24950.242530443436
92758.54780007814
-156889.17
7025.72547421194
1957.7976080950177
730.1869358719993
271.2320452031209
-19.235303862184352
145.89420237140257
378.84851049619175
643.3344540480507
469.5025741462887
1062.4182990642112
302.50298765432126
-0.5960422110437602
12.738993805702734
602.0457378349136
603.5143293655876
48.110220042004116
4.8560641219530805
-61.21584318277192
1701.2746792078397
306.1942851508911
-36.54832293187626
-156.29656273589853
-625.3377091307419
-126.03023899505152
-80.2111970472458
5.289647874044006
199.15524223742088
56.97018625215603
-176.15566510023024
-302.18687166488417
-88.60345653396938
3.7891305673881375
-126.35923132897989
-29.99997265557948
-1959.519411836793
-1087.5338286752703
-539.225703983043
923.399051524643
2133.1375006208054
486.89804045054063
103.75008549867208
322.2288855630718
845.3912551935321
1849.5357094944793
1271.4658387613576
1803.9051055227305
1578.0056861520607
667.6661599140746
223.75908370731577
42.36463769528919
0.28271837034095776
32.645924329588006
119.68857462525048
266.19927097784966
291.6451316963872
169.92142371323195
20.10795244345522
6.987915223446947
-89.2000081302374
-144.8032362663339
-107.33041641983765
14.758604879902089
864.9429445228762
439.9230388184271
456.2604309776986
212.31941112029895
332.37148741992996
812.2431820592046
1524.3525998209573
773.1601381439477
401.4141582417847
587.5591397318493
1684.527561352981
1329.9658589865658
617.40479567599
337.63972945922785
24.184947474620948
39.87024258844751
166.94176232667743
77.377931612543
0.383610025692862
-69.87947968785228
-370.8180959965989
-531.2936147420874
-488.6106039762956
-705.1946214668476
-497.41444140939126
-764.3548481840616
-1369.178454487208
-1078.765631006831
-1076.4397146107722
-1324.9600028506609
-1073.431148041458
-1391.4274451849467
-1607.1372380187322
-1208.4953549215427
-2548.507717314433
-2577.214130281517
-3072.1139533710075
-911.2310513713481
826.6869845223791
933.3104063668341
419.27150432013656
-12.989657932856638
-410.12528228761306
-67.97069237007719
324.4618100348147
124.64130401230203
-15.2842505901557
457.5428479368235
3478.540831287067
2581.681786629234
4429.838763819026
2030.9909928093023
833.9899063738081
587.4231734368598
22.15654893635711
11.457039399648009
-3.3003605511610337
-1.4121246958284248
-38.22090326039677
-70.24513681437722
-8.72701374491735
-45.49757140361682
-175.62987070884543
-411.06584647451666
-883.3082591815944
-785.989892360452
-1130.0775227632234
-1725.777160171926
-1937.1077696077534
-4275.029008854861
-2210.392678444102
-4.285802860696187
17.771598930555626
-183.02084005562622
-539.3240582167375
127.1902892765304
40.4723934131896
-780.1458885475993
5.304250936985454
-436.24869697519864
-860.2995464129255
2560.3233072947123
1480.0992807620858
285.72104522866385
-98.38336217520177
-521.5919045772963
-459.67876526303723
677.5047747213666
436.2996212464651
55.80408714463538
-205.6694513271692
-68.79810146852245
-8.704721841460751
32.311580240920364
72.08733157633671
1.6282009725210798
146.88019517635053
6.269141015294039
862.1986106782697
2957.5034937127066
794.4569499436079
98.65256619855319
227.68335473876738
258.92220442460035
619.6958188929796
226.84942485903215
129.2495799286538
-86.75248993016679
-129.3037604009339
33.87509207040627
237.6378191993848
96.55182172927144
72.66742875049552
-18.069177600067754
-0.9900371283353676
296.457683137162
65.8083095008281
55.33360000744752
21.341653655945496
0.8877462101311588
-86.90250105173476
-250.36093221799268
-47.06729300193429
-106.33178114144908
-155.83187193022823
-188.395148774786
-425.0776803581004
-738.5256487683256
-1921.0983652008167
-1664.1263628034546
-1175.364959414601
-1276.0636252223126
691.6582140476502
644.7174853183363
11.19936301652423
-58.44342227920223
-446.91700108748967
-1272.4675595542717
-1074.8263132632915
-4.959110961451423
-52.15935266311885
-75.08567349717791
-254.68485819410978
21.656111276987343
0.9384716552386557
-228.41297232920215
9.543441261925034
510.0896424832042
1808.6201080129802
195.45512978901473
-113.2869241679671
-445.9158351937019
-1187.7777467499218
-80.79540212756635
881.9997807567652
512.2143578406572
213.23939093517737
0.04138406789071968
-175.00972255166792
-304.4364531385791
512.12140826225
1447.7102695757374
836.8954896029193
1266.7093946224243
4922.442134639211
3047.2863020988484
1553.4491372757416
679.1820630852376
350.98940256696073
141.21770279059405
2.0399795675718253
-28.088301752369397
-45.57842726460609
-119.27921473078648
-212.26210612835783
-347.22672875400383
-262.35076041404295
-375.45120844746646
-402.29359655765165
-594.2885458254691
-674.2129417311793
-504.4895219796893
-165.5932464612649
12.962154438701374
-95.22794545853452
-10.749435834571274
75.74749099686899
1060.0353582985558
881.9232277616534
41.55825656486106
-79.64972239680742
-1100.3268203910106
-1726.4413609268622
5.103015790452202
67.29584927703652
-244.17957038337929
164.64460159521002
142.9063282445919
39.54017214036143
-108.14828890563848
-415.47923077082476
-1632.0954085720186
-188.66264627904468
-622.7183095954969
-1011.3965285579295
-1736.2270561170149
-1625.9960768850315
-391.38533921640766
-421.4349982777816
-275.2277153395409
-147.41251449742072
109.2887110452221
806.5262929800673
159.65236730152586
326.9863593462745
-68.1122669785334
60.50878081973663
25.516838092340656
1.0068072074966001
-2.033170123486991
-55.91699379261321
-3.2129795680106934
-10.64587323510229
0.015538192503924483
125.8462676248582
170.38457394996024
-25.237055235312702
166.9875336835118
74.19751079149125
-56.077663984094585
-404.76694325082985
28.822657206046923
47.82992251907042
-853.4264522340964
-1614.3715100367701
139.71081335668137
662.0913976392168
297.9673304780273
230.9206259456372
570.8759586607471
5.912286629802385
-502.8047139119846
-498.6196083937296
12.124764546150086
186.11797146266872
-182.59562603520186
-332.6904261039688
-93.94349708815204
1.151127654778227
1403.0979777877192
4376.60474932871
1527.1079844961228
3023.7314568156526
2792.557097851501
936.2466463282494
580.7826832488663
260.9253851044464
158.89434898238284
325.57818297286616
31.98806460536397
-34.62880075232513
-426.4459640569926
-694.7303537034262
-258.527382858472
187.92681990423287
43.21610833563624
-418.2959218125079
-416.1375329494252
-334.9080718221303
-411.46067838281823
-1515.9563721444415
-1983.768675886611
-696.898683518412
-202.128839940086
149.8451472636891
-72.12435788032403
199.31272912663874
1.191509947540063
-294.1927853982909
-1052.7777149352319
859.5801924172047
56.934028908775815
-1069.237179442324
-200.92807995166584
750.0966784476076
1364.7813536094234
2069.901324951199
337.7756296247695
1285.4680400770371
220.07924481942683
-190.8147926829332
-999.1888472572228
-1299.2454921986357
-2300.704231439553
1184.2461800834726
245.4713388349951
-241.9426659712854
-2309.3439469449513
-687.7298964957683
409.3271975654786
864.2361026459373
398.41835574805697
540.1171195742261
-28.28647917128082
-400.2920217842565
0.037365980770609805
149.60820437900043
167.0578534443901
-150.49317090303643
-384.1478724021556
-743.2728673454192
-100.78252200662044
-7.948977129731832
-4.140393695439741
-549.6421858002642
667.5068749085262
3469.7658332570636
1547.2518009351845
374.706541310626
12.047137534480708
-1428.401288967818
96.22401610504619
119.16823988494833
-2.6616914177351583
-198.93403380884018
-1604.3785307867622
-610.8503562952791
1192.9465377855163
57.296808319345025
-0.4844769298312167
-442.5463280437923
-87.27909987055642
-158.127750800546
565.9509379453158
279.7775610860135
186.88086285588307
-28.563094633808014
-256.7937913653364
66.56178978338467
1524.4416513809583
895.9042555805037
2213.7472662919386
723.2246864815668
286.1613979347246
16.988684059939015
-26.523010683444454
-353.22597033147474
-1520.640459136337
-1174.6033738187577
3147.8996223152435
5514.617330952682
2765.350411924208
1533.3904161657565
929.5463611172042
626.0017581197383
493.46555274988407
466.85083158201496
433.6170567061933
140.05497010024527
151.82178557553726
73.55016055886328
-10.863697492119867
-35.791705613818195
-67.79406615709271
-315.6555744497126
-604.6716551895793
-482.48831000090735
-412.2313849258883
-514.6329850079469
-1101.928339540827
-3394.242518820435
-3229.4579171412947
-338.19327856004736
-637.3438313080271
-961.4947230923394
-1211.0187240154428
-83.53177057664485
2233.599050545276
1418.028211503125
149.0937602335892
146.24810011923893
23.711278063727597
-16.555369425197348
-89.11303472427076
-192.78337854689093
-449.8195264269337
-563.8309959906778
-652.3696961370745
-426.2141612807907
1036.1637488022823
1624.165325382266
361.21147470137055
1.299512216879828
-193.78519880064533
446.90563118680654
1289.60765688877
455.38544618209005
10.04933808959776
25.54507778037723
-2.988375315389458
56.9023282671055
151.80404146411604
91.80432264409691
12.07155329746908
0.02854588553759428
-0.04039663729108891
209.42044964651376
61.349371523734334
5.064549058985741
-46.34150989158677
48.54629236789661
-0.4205348487859379
-137.4081067199219
34.57411388908061
261.47294550869816
20.002153858792234
-14.337941606208432
-109.83227622381455
-1156.3673523991488
9.99058706269295
752.3735984343482
833.0092095293263
821.8335278911605
866.9035087448765
71.14606314540492
189.90281414239593
23.782977265274994
19.333500815266312
0.049564361659771176
-36.98193372674296
-8.21292497894109
-82.50313220121132
-116.61329459909122
-320.52398766272705
-561.2010482220918
-961.8918167765921
-1346.8391592042904
-2003.6147243115777
-2424.920962853568
-3692.3125069989683
-82.75518619113348
167.47692642804614
87.76124321321208
-1.3455905887166468
-12.853498690021265
-11.919368979236346
1179.6586616507332
1864.7675730516362
493.56177694892466
69.2630113498443
-4.451923096461697
-105.31247941624352
-277.81092565152585
-481.6513831316373
-884.6113654072198
-1538.2499676318353
-1912.261603614751
-2459.851523998751
-3487.040751644762
-3731.189102988634
-6135.1074123977705
-2418.5763984636396
428.23773769515617
1715.1355151817256
3398.5861605923064
2999.8531672279987
1420.1277669253948
601.212901753138
151.65966147465872
9.22794426374496
-68.7685674494948
-11.433320479014615
-219.53736416679573
-2288.3393617423326
-4046.5016654351703
47.479402966126614
151.19155378906467
922.9010737765257
112.9150383985533
-1056.9533971115266
-1063.1456060110158
2754.9902928945166
6058.582660479915
2347.153910875083
981.169832259815
264.32460608168583
7.317689772299886
1.6529810472089443
-179.7828728302851
-128.40655245920718
-256.1703813390901
-999.6360365349204
252.63350603722827
14.056173952869237
1.0505044170448137
-121.08783470124179
-1476.5948893404734
-1877.5320130783762
-57.24142497607854
1601.653477540569
483.2219688151757
78.41464611537353
-138.68350435143185
-485.0096544092595
-567.4213633663493
-143.67876990783697
-649.4950858741477
-1078.1421309175732
-675.7428626030544
309.9716095945967
541.6204613525831
99.67513387621727
1080.2063164557026
390.26559153793704
122.50401479764164
266.34942764998124
89.255813886279
6.866358559394055
-196.71064205383152
-811.5887470876996
158.17107188798943
-230.22196533351598
-310.3116712707186
-11.384822559154797
820.2597623673785
23.764510838486338
198.4863148075543
-121.90269985595484
-155.29742730443073
-517.8925921910017
-643.6956676398048
0.002447545053501911
-166.09779898032102
-173.5877016873894
-6.412895751951951
376.160596507872
2144.786654980987
294.1737541550376
117.83357637086688
-20.856045048970646
13.97273142957547
47.68386788707358
11.586351865357875
-347.30889993593007
-1352.0237906950265
-70.45810000536986
288.13777439113596
1.645996717411101
-642.7403925218654
-372.0120375163019
808.2475004322309
-26.94005305459106
-47.43853013983251
1759.4988417955337
1931.5889604457263
1364.706652701412
1269.137126172813
971.866583992421
254.44033640443712
114.26523956723334
66.97906916411281
-33.56706661980756
-335.98272167252867
-260.7909462591289
-552.8675886526362
-171.20523801526616
-267.5393813211184
-244.55282224539772
-5.803007100581629
-164.3380413702953
51.650850734318546
259.1732785180176
452.79168466141977
8.657981829017329
-404.5138502886683
-575.1033766784651
1.90735679733321
3.781848802117814
0.04076536686927014
-9.812871152797985
-57.746004851740885
-322.3986713841691
-1329.0126122510123
-513.1487037289381
111.16592631152096
9.01554544884258
-285.1501979102222
5.396395387462967
-12.079958427134319
61.02978794882351
426.78249806824033
1408.0503064310858
2097.661266429992
1428.4475960103507
797.2228984768051
242.90362767113632
-1.0917723096837697
-23.071657554320016
-93.5211195233691
766.1985784283995
675.5466999620276
86.44523283643863
9.190954134030463
-421.8409721606573
-711.1269502997753
-1540.4805753388634
-1497.6415535089934
-10.068347936885237
-29.952416428746407
-837.3199817119144
-572.9383255902
292.53378326839544
1954.1550874694994
887.1576285746703
658.8590731995029
602.0821726494231
297.6566023232112
29.29955569082735
100.52766475743005
-18.79394472774773
1.4297113342084495
-274.25730096857905
-1053.1131321153086
-247.87424316698974
-12.55131753785153
-179.98345356897542
-148.2391115747648
-185.96870130571284
-142.3804025984773
178.08037760200077
337.9204195241555
0.6757816809438171
-50.487742598622305
-1521.1401980216865
-1785.379919001256
-898.2902872533416
-19.591856260404207
53.1508007867713
-642.298378968919
-3460.4673734554535
-438.7866816661367
-50.46715392311572
451.49365199826195
-80.75262600060401
-731.6927666110787
-228.83827743876319
-385.613081643359
1197.4907430666487
624.0329480313692
283.6557473163054
-7.179780524728059
214.68750502109214
3549.640579122855
2796.8771074470706
2598.9949947987816
1810.795828370535
2206.27857566336
1697.9720005886566
761.5975619587741
736.1097117443475
569.4843122712055
399.5046357519659
358.1822792369552
275.38460997927456
226.8424476229473
116.36089518604966
26.699124789167563
4.561300135756348
26.515972167465392
66.39130975649952
58.79472118788942
68.085958831596
73.0733631389632
20.45918399277978
6.66316298720382
6.325725230203545
4.341844193659638
0.03469143486440302
14.504357114913491
287.645660472327
157.55512814746726
25.15844052385447
12.947478147872298
-0.040902563416552726
3.149331389624132
9.178342920922423
-32.21399867039528
-185.0091549329329
-628.2365154792775
-784.2109364401146
-672.9460715504677
-575.3392579133451
-1207.6942669451087
-1729.935267108468
-904.3330238342018
18.677783749892697
22.35025359138667
13.806641407997686
-16.403620038941572
-30.789689240214692
-17.26967706101159
-32.19418553820999
-151.04166179991122
-518.1372615397999
-426.12842109800215
-918.61137887095
-1381.2422816326655
-684.0187042183285
-640.2750228676674
-639.7287866050588
-556.8145699135387
-373.85482913910516
4.684506670853239
4871.537938119278
3867.951438928379
6205.916946053294
3853.0360983036676
1894.60983622791
1005.5213922376115
817.8904025927552
442.37112791994457
147.67548891966214
38.717947081641455
-11.654872553285339
-79.01913876585294
-180.7554280878187
-63.285691908069666
0.2666717087068665
-194.88411734902166
-56.27088004840918
-108.85100936957846
-435.61692992208066
-506.7150536309353
-528.7933850076511
-212.44244027183248
-252.66966511838478
-162.73297693092292
-415.41803979183805
-689.5258165121674
-558.0695724491708
-249.23799461369745
-34.443859519256414
-101.37107125907752
-420.989855944795
-945.2698450969204
-1770.542655824021
-1577.9507741144807
-65.67167941463514
-12.608613752011088
-366.64455700960974
-1596.1841036626063
-684.8359802671595
-17.81007719658272
352.8122150440578
1187.7638748884604
1184.5070108660277
10.410374296339452
-284.2809986693103
85.53626410288216
1481.8983642048042
1067.2816753131372
110.28633300396876
-35.78833176248289
-492.0023240467902
235.5263359847849
1735.1791984552733
1334.5746389118854
385.8482061301667
-4.87112118108875
-67.16632033125624
-844.1872948831792
-2098.3692413307463
-2869.6630044679832
7.534416806600509
2468.4497595671205
773.4228924875276
225.0311803688611
-3.53017734271617
-113.1028386609586
-23.53736516790618
-441.94975089401385
-523.9494644220882
-1117.222989394855
0.006967730918649635
178.76966482115927
908.0310281086655
411.1500682654746
285.24841832321306
5.5378916753629515
-10.262029087557174
19.615874921936282
179.35542524515333
728.290164581658
1011.9289140677994
1042.008175632662
1016.3573632971381
1474.287693314845
1239.3338829912145
1110.3252518870609
2105.5136639910124
2564.6878032372624
990.4293857223772
208.99309396422134
202.2739464748438
194.43472149486428
338.6685707797094
94.79220825414563
5.3179185894870855
2.1425091717387925
14.008125050487841
49.939340525793
56.3907192832521
-3.227361841342235
29.417843893353513
0.06848867094741487
-21.650135648762213
7.767112517825814
-4.271371549157945
-71.29718901836272
-103.97157365596607
-108.50474920446214
-69.91804270268193
-436.4681760516313
-325.12844377444134
-555.5581218426817
-427.2545896908425
-398.19759289276453
-381.60115245140787
-107.2246160486454
-140.77070338120313
-118.20772626868329
-118.03702390569771
-380.20567503837333
-400.005432876505
-336.8481714311471
-131.75105939220325
-319.88930964059807
-172.94223209860252
146.03826411008
43.10245817816325
-246.60368006604506
-892.3536429713356
-975.9548117635046
-2032.4134115658762
-766.0030382469122
-1194.7254179396284
-1300.8962148825667
-1734.9815672618524
-2536.0816487702577
-668.9244737951024
-20.909237878732302
31.960849681368753
109.41485214652883
442.3619238925683
562.5465304725645
789.2382581438327
341.310956303854
308.47898274553074
116.80907108924899
1146.3321020081942
2233.3243153431886
1005.0627173424857
488.5921671728612
390.5236739195395
718.0997778335607
693.7686241001404
228.139615367791
43.1396104446217
24.43943548315619
-13.700958553633047
-548.5467708702124
-770.621069046945
-693.7924477409623
-233.21933209512193
45.54208768668231
240.15757898025822
-1.1812039421495357
197.58735822607377
22.841443534787157
-0.7692565794534508
-142.99427516281506
-67.47781235564483
-705.712557724561
-2154.516360559118
-6468.895044985162
-1509.5454912019943
792.4749041853424
1369.0363838491826
1404.4185284464493
347.96792631839924
317.62713320987956
69.22574827050855
222.7471715363801
657.7388809368549
749.9878485292375
2482.6406274964665
4361.246773289268
1733.2708724831334
1099.9445820112749
652.611908817663
526.4712430939892
155.71283508201088
68.68128627874677
96.90741910523684
6.187380916983958
-2.466417194104092
-6.674802965943656
-30.844085873597223
-213.5391390433195
-123.36244261227259
-294.62504379556856
-808.9065851933963
-2143.2703646295895
-3338.327065856053
-90.35079586895456
235.15896170515575
1638.3687711693865
937.8855156156401
268.6732995468465
818.920330897087
643.6233372782912
947.0141462970456
166.6854935184404
113.05927561320183
17.497526751053535
11.13271188764523
-7.767942942380084
-11.77893790196747
-82.3326352380046
-79.65734263304546
-111.7168527824642
-261.50581368391016
-94.88108551152973
-275.56353089155493
-467.54169463241294
-341.6492020365264
0.03993641917109114
478.8701171069331
319.1628382313434
429.1883727423817
268.56116253952337
307.375375682252
154.6122324731981
129.51117144872964
16.3174892819587
84.88772820691132
29.71271004278651
104.5403003463274
33.18594532039781
100.80756158255711
59.79632902115899
19.206374276146356
36.777092657460116
1.6760046513203575
1.9775142909322276
-5.858749492727844
1.4702324285052062
-41.12986792802722
-36.056775246548966
-49.713577097061275
-132.76932018615582
-303.45317375056527
-254.81441030001187
-165.46469236574416
-384.343153400584
-678.8670457976202
-604.7012779750734
-699.1385250878866
-1493.0906611119717
-1166.4581757833746
-651.3037258432571
-409.40356094915006
-441.3087341453384
-273.67868297982113
-719.5068159373978
-836.8340524978208
-1575.6682206936655
-2196.6878220827994
-3227.2766526511973
-774.9644126778294
1107.9018760653742
239.5627182170399
0.11816185951626916
-182.9999356610946
-698.5868024480695
-800.962768050154
-2963.82233836833
-1398.8292184445793
750.9167588586265
3056.5432052571127
30.460358412315156
-0.7960091175580649
-100.44937579106913
707.9424164955635
469.26136019148424
289.3042666590512
267.88401296325986
47.77330596776128
11.652252960461398
-1.0119887145188549
8.057395845266296
-18.921852455884057
-145.5771866687869
-9.393735723842305
382.20156641530167
1491.9431165992523
463.0138069714851
-33.32111627700665
-814.9549893518371
-103.3464893641528
-660.6774000121272
-3244.9875080808497
-195.83832541189588
-15.054425712463388
865.2799325295227
1219.8419992899273
190.85206472323821
6.204352128503976
36.62382675182825
-125.56350833153047
-967.3684894434186
-3199.8737205158823
649.5189891412949
3614.772550659719
2493.6150856579707
1702.7723894013502
1002.649812967493
379.8808282840372
247.5066993862931
49.97257639172568
37.143314089751485
-55.79119441006641
-219.84893658482008
-460.73453016723136
-380.08695117665013
7.172289868309479
126.32853107909398
0.5530129183363424
112.37938560822789
1931.743254260481
186.70966318414767
-141.8050787016619
-1703.8959504399684
-625.2462712898546
-255.30228289670032
138.65511987932388
198.049272270881
248.75327327617356
143.84641155221718
10.536255034431846
36.70490624640506
1.423568912953894
-0.5716893791552927
-65.85201651317864
-241.33876875498393
-248.23575707604118
-460.73509531127274
-151.2522237070578
945.8989113442178
1674.7330172197126
285.5132469150259
-316.33804313449
-1147.2882394200963
999.9255112809284
2019.458683936481
960.7765813515557
825.8211092624942
837.6513941436518
1154.4825343089701
363.8875516837545
354.2183433796523
72.19607647360289
-2.3806753606570865
-3.0878755041094283
-36.34275688935209
-64.50241048935831
-112.41521548787502
-71.36906528310956
-459.8861645046089
-87.94070943764335
23.309850935803414
313.8748222086361
396.5452544313935
331.71635143979114
5.739317762221836
37.96835339377161
22.403446797026195
1.3484882830313976
-55.91134911079963
6.195952513265884
212.3539309215895
270.606338187911
391.04337575772263
287.4196582195517
66.63039635065458
152.49417996727445
-0.008741817849935832
58.01805178985752
23.331322908266717
5.86205801670626
7.011514485351913
-59.94234024329397
-36.81958034076092
-65.80635858233248
-53.00479764317921
-116.69182976189985
-121.41659938722188
-166.7274444408348
-219.21142514726813
-299.65452184052896
-291.4066539757357
-244.08160234701865
-322.70974602780086
-579.1801597622951
-499.73533401346367
-930.8744489293614
-1486.0760545572243
-1479.1382274681087
-1174.5160629199156
-804.6955246541283
-446.19111035741344
-877.746645407326
-516.5855061114488
-357.2601916613952
-260.6850424631858
-41.61759956786438
-439.34752680320776
68.4929821411886
983.3049946921375
3409.715608994261
3411.48470189289
2768.5260805477255
1486.5936482797767
945.6730506672418
744.8800734824661
336.40843525786426
333.791231145497
290.19795441847447
93.64475742921292
333.86481006493983
134.7116063329733
31.185025585291807
28.885944543837688
-12.52470570316985
-132.85284569956562
-238.1527586653334
-159.31634099212988
268.0124302323855
530.075843451128
37.980635206736274
162.77412933924194
14.389368400000912
0.12217473917003048
-0.0016942934584056439
-19.933068163390583
-70.87335367321445
-39.28400143032514
-201.62303169806336
-204.65713229304208
-254.57079570256747
-341.12202361352536
-728.3979907932747
-791.7298688638076
-1493.2137612001595
-1422.1748096668157
872.8222232118915
287.7902147065265
-0.027086310179272172
458.6738871356506
103.80483198057168
16.341833441931954
71.24470079246959
-61.33301787074605
-34.823850005130495
-89.51403939581762
-481.14538245208473
-1098.4345721661978
-60.012571604006446
-788.8233822638015
-2977.429858304053
-778.4074349880576
27.7059967623194
1311.341075803526
780.7320002575756
292.3829462762003
38.656613848048075
-44.98769784228691
-270.6140621824662
-1125.8020400516243
-3108.2078880180397
-3716.9510213255776
-520.1823631413561
40.628021099679344
1850.6515046220343
2167.047745805057
1285.89757809496
790.7257773485576
684.6973353222818
1110.7865671455318
1589.3154186786194
1480.10264219614
492.05888261535586
354.30879253872934
116.44099999306867
211.70027300436138
275.30691763838865
64.13828928322616
1.2438019600767407
-74.99897178346318
-81.16594302974053
-40.41405499007765
-33.36506993884534
-8.4838916744107
-5.748797061551971
65.09075011621945
217.49249937730607
229.29169753273064
46.48093394553524
9.363636228144426
1.876418418152932
-30.26963373471921
-40.86632874826719
-290.7816924364818
-278.1913192871426
-985.1205198865473
-554.2439663612945
-343.4003674710338
-0.0992901828578864
-33.394311570718685
58.89231506074678
53.95326459202262
2.2037280159593475
31.244830194665628
95.14384192291763
-12.254239697560424
-11.882738495700746
-152.08431890801842
-93.04544196995225
-212.5465429964456
-114.88105493581482
-148.66799005518732
25.119248073031436
1059.0318945221893
509.4089421001668
386.84006601346346
406.40375130555867
252.7576999569058
305.7424442490249
241.81547005256314
452.94835854428925
155.56249030720755
176.284734423426
276.89448961081365
254.3366106378342
410.07608308805544
103.27199876391865
64.36578175221916
100.3412810537811
95.94428503516858
163.39500586881326
36.58414723550726
81.41142925498806
72.3376235550339
53.282537810680445
36.93913702060475
79.89211613350534
36.841413391614225
-17.284284474551605
-5.588782673975327
-40.582043903507085
-399.0231857959376
-426.9708440772041
-352.03202332041695
-324.84882080578615
-167.05856263845743
-244.40906688609124
-183.88431012655846
-801.8877921971066
-1068.9477938162217
-1731.5651935559856
-4033.0751732385684
-3293.456134316255
-948.6108205117506
-277.7945813233578
-76.72690890453327
-317.2395841751377
-259.2753530319096
-347.90118503263386
-32.87680613535076
-18.11247294518129
-156.01311664627502
-31.938253942060495
-149.14984688460737
19.404328309338855
1239.9714723604463
3196.8089552207975
2159.1392831242147
1194.5263823959463
1143.3737113569832
312.10583895644766
221.6209081297792
290.0913736806298
91.03155055417592
126.28988427310762
152.8934259036466
76.80780627691806
98.5388381119954
13.001454413023607
-0.18981510480713149
-10.010223616639262
-46.345703572043135
-57.21751246232095
-615.9636675828378
-719.0819068993674
85.72036578532428
193.53802608888773
2.6159638574770945
49.56041035529891
-40.35995639435953
-120.85755950181326
-377.2852125711609
-921.0672356293285
-111.5367558124423
9.867511513982844
-14.829152340732136
-174.447690697707
-439.92179404553036
-1108.6613292639586
-1759.098782635185
-2038.9106432003018
259.83465058893245
756.9106324759645
920.2252875382617
918.4828521731528
622.1352245263313
954.634881580276
814.4902379755098
796.4073486171208
667.428771398828
514.0706166123983
343.47912724157766
605.5372798359401
138.7055352932055
104.9028325370787
41.15671735379517
5.215225148683077
0.17710384533191575
4.469374988390923
-2.748344322731769
-5.259328901503894
-44.92857193454627
-43.15000602734207
-264.2282647705994
-660.9475844708835
-41.97198801671796
-224.18652774682542
-310.75922350913316
-558.0567624310444
-614.7121003130853
-311.4063161118882
-466.2083660386627
-498.1541404532793
-880.274047084989
-1200.5705279952713
-760.83366723428
-1132.4232264893692
-345.8443344954376
-29.35704912784968
-24.46399944855426
-101.18474406141104
-245.37023516080322
-188.90865987870177
-473.7090415607783
-848.9041651572577
-799.2248879034843
-233.92432152363048
37.69863307855044
27.03892919212268
0.6966727028084394
-91.58430162951348
-46.173199113440425
19.220269133482887
743.2387916410082
3522.854079432689
3506.6677779829747
4093.217026797122
2752.5150117931234
1408.7287549795933
360.5901127900737
100.11272836056133
-1.297991194640383
-0.9737602132175147
-162.4274385532285
354.92140338501554
1872.4637604544714
841.5208709501114
166.04937885980826
14.279428993955758
6.60829736943723
-42.76028714877329
-61.27252193459297
-235.75096740078072
-590.8866214441894
-838.1840275752745
-1785.2166564593008
-2882.2797595965394
-1912.5776313309316
-3383.708253969688
-406.7529361870154
-1.5168076413226999
-29.117807116886766
-285.0195312172432
647.9115982589727
666.7829483399021
593.2531431873105
419.3662974226267
50.69159030970818
-33.973577330546675
-352.44490432705754
-6.7295657394371045
508.1550346161351
640.7002242529825
287.8872829028412
55.42928945297427
-38.916914115119084
-127.23650568173088
-244.1046295816774
-198.23340946519946
-636.5368748484684
-1049.361444895794
-923.6192816134353
-1168.007617808566
-929.2801385333144
27.808112220531857
1435.6632109814136
7.172176468864469
-386.72188597685647
280.4356197680797
441.2467119640551
1187.7489479929093
4.47307967365437
-517.3113281676144
-424.48641877183616
161.39961756597359
104.06010937102528
-3.606074530170763
-69.3175781247602
-162.0934086186305
-237.30237314502284
226.72095026767605
553.5830790447142
401.1245647746604
1244.4588649106242
3634.51900855829
2922.581047034526
2085.2090900364037
1288.2375981242524
1014.8771727732762
743.450608646355
285.1679360862423
193.06147127241525
256.2984989464049
213.39160711254544
95.57122752656437
120.9016211277237
92.6667687687519
42.60476607009744
277.8147866814912
72.16124222700832
172.39117686272002
39.05090095111605
34.16842959381144
4.870066396846809
16.20855181045756
-6.667401621646559
-87.33992652676551
-35.56932413464871
-94.81522906043261
-161.7382767586097
-142.92274287766676
-373.95385331804
-296.0770832366371
-705.183430825186
-745.2004255441755
-836.0427144073238
-671.2062940388547
-1015.6413342681049
-990.0597070081624
-997.4818896154811
-1275.4696587283588
-1562.0656237354642
-955.350365669146
-374.54206279836876
61.44000639164332
1485.3734790788421
755.7332849662796
3332.115182348254
2442.08918625805
1303.3878682587294
565.9704254416351
499.1033983228101
364.1878853901088
602.1290302069636
358.4258858839477
105.05631068067729
73.48707137325654
-37.27012734466371
-34.34180874942504
-13.051824618924849
-84.8303819414537
-14.06845841255219
-14.544977271124845
-2.103107787869182
-0.3217375368739441
-25.2736304697154
0.020802927875151783
-6.0178349438973004
-0.022694983726196445
-0.012240872341641854
-3.8308103568318637
-16.82727162058568
3.6979059499624274
23.23615768181562
62.46959144940564
4.425587885443741
14.078720422033252
7.028280621632444
0.9643477566649452
-3.6615032909274157
24.270114242452355
-1.8943614019761466
54.38817728131174
22.863842165242577
-9.748417801821336
2.359002407551273
1.3083487751020866
-76.34130709788106
-3.2623493158479
0.013569082785917277
-0.007513080481433718
0.8144522768585327
-13.47166038640604
-52.725419743363055
-49.80133492659092
-4.237634797045852
-109.70765001654843
-138.49433272078036
-307.20944021229207
-715.0427207558558
-500.8514833035487
-1061.2794662267224
-1083.069308876351
-1199.1308998468396
-1246.8674706980962
-1238.9835637292776
-1529.7343788636513
-1552.4605568827785
-1877.6853641048704
-2201.8166199645484
-1649.1649150256487
-944.2970004940363
-107.89298223898223
86.81589771799351
227.1599720325936
1387.1456175548244
282.3890654328752
-114.8406235740049
134.262186915621
1310.016911840491
3045.155062346657
1787.4772587860195
868.9979200071499
256.12235494153515
3.6309977109652998
133.97280279030056
157.62826508327635
7.765310491099232
-101.6567230932221
-577.0397122640728
-249.97114950062712
-855.8289727639606
-735.786663178696
-1230.1028462980228
-1673.7710709677008
13.919557108242131
1459.7210939690958
7320.705296593601
4564.574495851893
2955.6558995686173
2157.664515138652
1575.051919542213
896.006900549116
489.9794403293029
266.5190362308973
28.15147527525946
-14.46057552538446
-1.874135881949077
-47.25378297094744
-54.75049441953176
20.018370972109857
1.845566926809998
0.3871977050813875
-186.45851564413783
-48.77052796691479
-74.27350910934781
-215.37359661768423
-297.706319983365
-649.2302109152483
-593.465794363259
-264.89668444426025
-941.0024549785236
-1292.926214418474
-1381.6673762565238
-3769.712980706072
-6532.951732773771
-4164.999533081121
-1494.710467853793
-120.12606651970668
0.22505214979845883
-21.24366873271753
1587.0405741403788
850.53300259992
868.168289807797
-287.86021543847494
-2718.196191452952
-233.108810903026
979.8747697577867
1607.3020059126966
854.467388460962
379.67424092676447
5649.664996381191
7481.758338746368
10403.179020607484
15350.127752878801
33880.97678485256
47509.50713876205
58942.93574681572
86286.40364459704
71749.06159807865
81647.13434561902
85865.14040323306
93320.0867873356
100506.33953556968
151535.3366256225
201569.21169154125
182983.8134116057
150562.74082177394
145893.85942199102
148833.64997679298
146068.62824386405
157104.10392872177
146804.34673394784
151001.26396528713
167846.50291768997
145740.27912681582
154402.41754739394
189007.511094546
202486.2381684747
226118.37415918428
263830.15475462435
406123.2624831193
470052.0377946411
565655.4081694963
646333.2974073502
690760.273173785
1432443.0029407833
1933465.9442807133
2086311.7836793447
2499822.9656687155
2883552.206367682
-2913822.65
-1941892.58
-2182867.38
-2589136.46
-1155685.77
-775739.8400000002
-681420.0900000001
-672890.5099999999
-456886.70999999996
-526371.83
-486091.30999999994
-481592.0899999999
-417582.74
-334803.24999999994
-300583.69000000006
-217837.33
-171006.41999999998
-163788.6
-158505.25
-132140.79
-152264.61000000002
-120870.31000000001
-142978.75
-120927.18999999999
-118558.93
-100194.69
-100619.33
-84125.4
-80453.37000000001
-61511.11000000001
-56192.08
-50363.3
-47693.130000000005
-28065.329999999998
-34463.79
-39206.99
-30462.33
-26879.640000000003
-12074.13
-8083.56
0
0
0
0
0
0
0
0
0
0
0
0
0
0
0
0
0
0
0
0
0
0
0
0
0
0
0
0
0
0
0
0
0
0
0
0
0
0
0
0
0
0
0
0
0
0
0
0
0
0
0
0
0
0
0
0
0
0
0
0
0
0
0
0
0
0
0
0
0
0
0
0
0
0
0
0
0
0
0
0
0
0
0
0
0
0
0
0
0
0
0
0
0
0
0
0
0
0
0
0
0
0
0
0
0
0
0
0
0
0
0
0
0
0
0
0
0
0
0
0
0
0
0
