13476.439999999999
4218.927759984816
3011.133387300229
2413.4439911427526
983.7510358923093
2537.29150422804
3354.2718421371615
2778.2866013655657
2098.455351354162
1805.9033784967828
1344.8932255586847
832.8164001368647
653.3501314619259
540.382642421981
1874.7635737177968
4188.605291252354
3015.789233819015
2467.702200897077
1393.657101825253
912.8197376754216
1105.5550146357214
355.57496179983195
203.32265004494732
161.69964321934185
56.445664977362924
15.348747305820396
0.24092818794914894
-0.8938244252144144
7.958547541065672
0.2674440456117787
0.6851682798986813
-12.101343279028713
-5.919452179686154
0.1773560427976825
-12.341583712859691
11.03203860555205
1.7521718889120899
-0.004830050430900754
3.4833473769849275
0.09385059224317077
27.836642094947862
1.0175764993924177
12.775319061242271
7.705252617137465
54.74387253284673
84.51218430003416
26.080708296258788
88.67380234043435
35.892496455886096
88.59620615372226
121.02534245936228
16.238878291286884
0.10523113621216962
0.6377049467477337
-18.236070957417244
-73.90761317159902
-11.369445144614264
-144.17186914554964
-186.58275468260177
-191.4293544104745
-175.15709478641855
-397.16404297850215
-204.52544271093927
-131.0740436375026
-72.18699026729482
-138.14380146960684
3.47640053784252
-27.495061435386585
-72.3554450840484
-11.15943691391195
-132.8203494100618
-175.023699965817
-36.80117796093448
-344.65702240629685
-222.39844984904116
-361.41104059268497
-377.1704710341899
-768.4325558661749
-1331.820036465403
-2345.830088946457
-2283.8709452837948
-712.1840350236074
-168.31580005249737
-776.7839284020631
-534.8254197432036
-651.9271147423874
221.20197368863046
175.71621190475707
41.95677525369814
73.37725090413045
3254.610339590937
2403.738350421302
790.8428261012328
291.16510357782334
47.39976056712125
108.21447542775454
102.48921656885823
17.866822473053972
32.610171392908825
-3.9286917084207906
-238.25828673133384
-486.3077846589499
-533.9696055044494
-1089.422446642613
-643.9899002314256
-715.8060024177207
-767.906998316465
-1465.9821347381553
-2725.899724346167
-3930.8704313915428
-352.3154991070896
76.66640376779998
1247.6442700900252
794.5798203039774
70.10385145103888
-32.996437781652794
-220.43796720163104
-704.4585830459162
4.9088454985153085
1293.8725663326986
-0.2796062198522244
195.35962148883618
968.1479674077417
125.1281426301984
-252.1116723949503
-116.90102465359429
-32.986313601562856
137.91382142006097
761.6141658396194
371.6668904097739
91.58566849481412
-128.862105490003
-166.08787433818304
-454.17128521311975
529.1874639208079
225.3443035748385
-0.6603470816834183
-564.6118499770155
-2431.18112071688
-108.39429346200554
191.23369177385584
55.84017376267053
-132.82711057516025
-1034.183953644345
-2559.5897006892405
-4429.176038304045
-1574.3711324272854
359.73021650223563
1729.335066479929
1062.6633001887997
1757.7562141485344
1226.4876501637955
1175.9694108863841
1629.8023724831091
2794.11060252174
2062.234262322551
1800.9533632772939
1619.1364687395835
909.5482115437111
1251.706049978097
816.4962213523971
1332.214907924979
929.5677195770984
794.0726460275339
103.94453088109589
101.06731643767586
12.108324681506028
67.3419392886243
41.28571376743018
43.38081580749262
76.53873684579943
-0.03132589805284562
7.861284273240092
3.71621883839236
-2.938027776418218
1.3472164092809695
25.74643205827467
120.19683171959346
37.14459408410903
69.0106261042707
57.91067589132129
76.98691051634833
172.7650267613473
93.93945247153731
20.225678267210444
92.82449903578645
5.087153111031979
0.31820634150004695
32.17074574468415
0.4995367324847879
14.272197048523042
14.81031633282963
0.18769091195958215
-0.5693534859977778
-2.730291697830916
-17.528767271902744
-32.65845261372842
-16.3387008832705
-56.76913177892341
-157.57287751877018
-12.675497293457159
-3.90525566108005
-8.737375656085884
-7.169653408477498
-2.827970374463667
-23.109704297055906
-69.41867460483383
-191.13703486288006
-585.1796361837036
-860.067610205917
-981.9820018243928
-1239.518920830466
-1308.1381676521385
-800.4223342039663
-2499.3982267876722
-3238.6107378782144
-1692.9267174855165
-155.46596781482745
485.5006025371707
910.0220138769258
1547.9921909597642
924.5839307541645
715.431865314481
364.4345591525191
946.3604955656926
211.255312960881
525.8499556749707
1603.1983968444506
638.908207539462
1454.871453491595
722.818080795982
1416.1253339779364
1568.5757272729597
3273.4184398772604
4646.968034564795
3408.152059874192
2653.430770015245
5966.161323856661
3585.1984230273893
1437.041595969309
91.85092936540926
85.87899910844462
-37.95396163456404
-536.5018351617008
104.18751944872616
12419.825736770063
34443.20204688638
23297.33053691277
26134.140120353535
44206.96058387986
35858.73030719394
92123.21703556864
-508465.35
0
0
-9.54541532532833
-483.8510479288284
-310.41977072016005
-551.0366094393648
-1204.0160511461931
-987.8170107392491
-2569.528085073104
-960.498815535669
-526.2958253132617
-24.78282812166162
598.4534305652531
1221.3737523803422
1262.7038512911088
1682.8548226726327
3171.6244758850835
2319.5292292674785
1441.0737844591536
1316.863977860039
711.9209786893596
704.8159792458279
111.0688086137155
270.6390433841331
87.43961535628529
148.98616984022584
39.15158904043304
130.79523386582377
16.77232275695075
7.400353976584152
-1.7950113880403786
-27.08370918514575
-192.20996772026157
-97.59433079705649
-428.44429621542076
-617.3225207947933
-326.8498637250631
-828.726419540657
-1171.313986173765
-1711.0737640157104
-1414.7242117136009
-2764.562688694772
-3740.0131986132355
-3056.6642064839034
-583.7254751969903
-20.5095726801684
93.42959259619195
1656.7677359035047
3870.4632655003334
1567.888142157156
1480.8781236178065
2633.922921239219
2442.938483574172
900.8947055349306
495.1844177720666
62.667917964929806
14.32065131622201
-3.6132762489948247
-43.65185114366963
-186.259264245724
-215.13580586619707
-437.5126884202299
-741.943266554744
-825.7512616488062
-1424.9011879205884
-2099.748982932727
-2687.5123294309524
-3396.2478173040126
-3008.2273603981184
-741.5851304694675
0.07919238045228849
228.21096518926606
1504.5764172739339
1351.0321776953365
562.0338589374333
33.17746094586409
-28.837943950981277
266.9779594319484
1122.369510144237
219.05242174598567
-5.7996482037094825
9.640696678362628
-7.8673047223807195
-518.4603227993838
-1089.965363359739
524.8951139514605
5.344586557008825
27.494545361481638
-473.1025121586324
-554.1833630532835
-898.3365057973156
-235.57453774292682
0.26363657863298384
-31.038293083567435
-181.6067939106886
-512.3941691446897
-994.2966653271802
-444.4451765883605
1559.841333244873
3746.6405501763943
4519.695957086817
3042.83535946328
2513.384568736765
1390.6644034243452
1163.5324049059354
886.6961316331788
685.7141014580528
534.323846251602
407.1692632608531
280.77958668205434
135.25353001585236
149.0561540425732
119.48073226903412
47.9008086422303
62.5935243772597
266.4092890448718
971.1977215830998
539.7698612804832
165.31141985737634
39.39705107020461
6.768755363652563
-155.35316827129213
-215.60242428805006
-348.05162518698205
-433.99649410188465
-649.5935248494046
-182.9742159470496
-935.6518983849721
-2298.632247616916
-2677.770504579403
-4181.3593911786065
-2747.5196071864257
-944.3243964442067
591.879641873963
1123.4300886541844
486.1065272933823
656.9760456526903
146.1855739919998
52.60840589916195
84.28890164495243
117.238706579917
133.16531347411149
227.55141303364002
313.8304250021823
318.37542582060996
143.49559390204394
148.34051252233118
252.46470407105
138.726314788536
89.32718078582462
106.86335525936184
100.68267202995807
159.89253467610592
155.7590951436943
141.72456485678185
52.30381950998914
22.70140239816883
37.333946671928494
38.34048463907518
7.540258699308135
2.759674692842551
-2.5964071428460445
2.8858947782769224
8.492188795369305
8.377196681482038
81.41505094881617
66.97189553049536
24.286094946541194
2.9827989988995762
-62.16388924872494
-57.504155593387416
-216.6789870005826
-7.685903553023069
24.965416021679893
3.086471690637331
9.017551831544917
35.25699359098798
-0.45696221976658563
0.8924817859577956
0.023845622012843307
0.8412928667177799
-25.620717331412244
-67.14833831823204
-48.173179792936274
-85.86826471216847
-100.70707872812237
-68.62902077069445
-365.72611302417135
-457.65125229183946
-349.25697531784857
-485.01958599456634
-525.7055878803217
-34.13267120427857
-6.119829454787578
-4.723406712870971
-0.6015808002442077
-49.850211632266294
-445.7200167699786
-218.4383256974756
-314.0640616127314
-157.16585037097866
-57.301052701668695
1.546236521494632
-5.066649901496254
-20.507093695157668
-38.362034164252655
-97.59970999996037
-156.8876100136057
-213.03506618325176
-149.96428329070756
-143.63954430860935
-102.4398179728973
-75.7493642841385
-86.21833274415809
-67.82468546233963
-107.30256486002824
-200.95590233948593
-160.14514481791548
-397.12557955026057
-355.0665603774431
-595.9324726628379
-628.9256808721457
-915.5953541538852
-1076.6356515682103
-1162.439759253846
-1298.806673974811
-1022.3512885935789
-506.5028330091386
68.88479130850472
164.0944740318493
1281.0125517920023
13.191903151454706
833.906267335911
834.0093854823842
505.81981889209567
138.64543098069078
951.1762318783975
1090.3669174440142
1100.628465686451
441.48704439572987
23.096003638896292
-24.003823269520293
-17.315722674724423
-63.40442486879676
-146.43922904649793
-74.74582481156261
3.9121832333570294
-155.92978943387754
-543.9202618388822
-6.541848873446601
984.0816049134453
199.81192552437645
28.328338309641676
12.76118659015234
-3.5436550312279307
-39.96213624774299
-111.813922666693
-275.934692350334
-36.77480267806769
-27.458322490753066
-65.73637390191145
-227.11246067595582
-2.998845715099633
453.14287216764455
101.17675119298065
-238.53724826655568
-875.634490553452
1072.0783854905362
1894.5505086563498
1097.7983134295278
841.9163997274659
623.6119098405968
369.8006700533274
99.47048449112566
75.91352942083051
44.62422730375482
-22.50986426437116
-65.03651860058821
-162.47110650067657
-280.2157080757893
-534.2793757895375
-92.4480352146783
9.066913696501798
179.97424329118869
10.65479881752169
-18.206291427490044
-10.188249222948839
59.48952645002194
-3.3000690656313534
-114.1771216329697
-106.4938520564626
-332.3812521210181
-413.2260870836513
-675.3038730841372
-732.1730943400484
-799.8483592958103
-1500.1849712212438
-585.6926688393518
451.1322093493024
2475.2492120390098
257.48034876340245
2.0473203573594376
-19.562415181463972
72.63235809967925
-2.102615989325799
-207.58646447244342
-48.8556926790635
-1.1605915009450745
187.7311339860608
-137.30788531526537
3092.922499759917
714.3375590333083
1155.7137132517023
538.5193247264198
187.60500802441305
-199.42322339568892
-117.79467795264979
-343.67995598704607
-1996.4656207822823
-1777.9944486162485
-5.848688985530158
57.62251287033652
751.4529766211439
1085.288845324832
668.8277681437601
264.95517868812817
57.70355349156469
20.354567569884765
-53.53120302123889
-232.69141207121135
-562.2125296103136
-697.7729259747557
-843.4397896952789
13.052213899030322
826.5941166024711
2.876080916609257
-550.3739380255803
-468.5686916385362
-75.32924795526138
-77.89546269623403
-1536.0752195250063
-116.72829987323826
180.76341698929377
283.3210146554438
208.78385179881883
325.16113718282156
494.4286240898898
480.1729343103343
332.5648229675711
165.44537695925223
247.29072253078226
222.4839358224326
312.7603942262282
277.3438809337282
128.71453427752357
46.39727274715159
16.110248643447974
-34.21261701158581
-229.65768121747206
-174.83036046499697
-459.0010896621851
-1012.3103839007774
-1125.0008813132008
1471.6744500925392
1161.7108741152726
885.6593583211542
2499.097947274361
1.1527916854751195
-213.23942307423093
121.13793497424167
158.80393296740561
373.99713897835056
154.08224688818595
189.80045315909678
110.02009037385315
23.187299600458125
22.22724329701084
-27.106526142060616
-136.16929133194452
5.875363168859654
1116.4876964039431
94.23955222227359
280.4728123928204
143.84893216339293
25.417115495065538
-65.8081355557407
-356.4103010359454
-668.773180188658
-1409.6079843233424
-888.8424046784426
-431.4262806872536
-479.1479386271367
-776.5783253686091
-1088.8193453728502
-1278.6649978530947
-1721.4001034472171
-4387.667567097282
-1886.1222853071883
-1337.5020867044896
-65.29990754502523
2185.8124222326987
2263.2505086099018
732.8921649544867
96.70645596756336
-2.1400615745587297
-51.006570237874875
-21.51715134412878
-40.43514821253603
-177.19397421157683
-784.1437072714343
382.85645526484586
1284.1148707257316
95.89481587070497
-98.78405799339669
-307.84933366161454
-1812.9005024265298
-1799.6640330275404
-606.4597876430121
43.87175850473595
1263.464150676973
1318.9025388384384
1055.1959379244822
566.5496373061094
783.1036652059595
1345.3230838863644
378.6332750010496
-7.773552492558373
-272.4920131907791
-99.81636961010518
-195.9833447857293
-718.152511977023
-677.424032988595
-176.96440109986605
30.068857022988514
-100.04935102283629
2.8402582052874874
1430.0209210384785
580.381889809423
369.44663255534283
1470.3489614243317
1503.8563108215744
405.41418773371356
349.4271677454809
161.17157591741932
38.179538193050846
-207.0429220733379
-429.2429617505223
-225.17454302152743
-390.1110540250704
-691.992884960831
-1705.962179563953
-46.8097110611031
1364.8748841528595
1054.7965987312728
761.2288540984251
287.5050832315151
-5.887067717018645
-0.7541449838932163
15.081928199936655
-33.18744053408359
-0.003380707761086837
-75.20648402679132
-21.339897570362965
-194.08004321041744
1261.2642809257775
2690.281016260037
2130.7483293519467
1296.006317015522
1454.4441328341645
1198.2460117196028
598.6496637582677
592.9505794322087
198.63911381410503
351.88873848260005
38.90641173025481
48.57738308421681
-0.17607848728569847
-99.71871427601552
-67.86962080713081
-406.2441760153053
-860.6299546709737
-493.0535140142409
-654.8925503922084
-247.39136873869148
-213.31796720102219
-405.87643873884053
-576.6049716679552
-387.09203988674835
-444.39561749576717
-638.65143547841
-1198.0235590975838
-1444.9427336594204
-2147.5687929973174
-3867.308047154817
-4386.289151955643
-1701.6763485803356
3.9007708182368503
7398.714680110207
-33077.369999999995
0
253.9123431582982
34.50063440066309
100.93697849159318
612.8497456156979
581.328347421465
65.44211672151128
8.28701289007078
329.2330577560979
349.31530667503
126.9302733043875
241.21688552503497
1091.0371091985753
319.3438602434645
105.39589400009737
122.78385176735199
-52.7193906677306
-505.8584186153836
-1638.1997502216586
-3159.058866996625
-1863.399428295445
-436.7110678749704
-302.0030065672919
130.06038186417868
770.8819375982191
944.2718151822655
862.4958880394536
357.5084620758753
985.0736834908877
1673.7131544116664
2096.81991038141
1741.116015502178
1373.9367590072839
1568.9929910887336
748.4128377788923
617.5501229533049
911.0824214010768
459.1120947811007
596.0083995232828
440.95383507583915
249.45861465290722
151.43519503396212
239.89709834065246
159.32855841995104
85.74584118879638
42.87682602679656
23.884399571415177
22.269749486402368
66.85807646375106
2.331671115568199
0.0017242744375619734
-11.614184215065778
61.08478551905687
0.3552225552027435
40.0144795911226
8.711067967944306
-0.08951932482476944
-11.311352575966222
-75.64658835044233
4.498509862153695
-58.36660190979019
-33.452836955226665
-97.64030524085578
-1.0919176599406215
-10.980566756487459
3.388933478279681
-52.309183283092324
4.258293010427659
1.3913644467464734
-42.19480206766959
24.82205930758695
-1.028473852514297
-0.1853433274728032
0.7232861874969445
-0.8502049391448232
-0.29572262558465395
-5.453977356879701
-7.790387587218807
-23.486121189201633
-0.06368920353440535
-192.373480946463
-23.564661877193576
-113.19483657183892
-220.63716281713366
-283.8431703820378
-610.7097071269574
-72.8509703784974
1.4464573119286521
-2.5397732883755717
-1.9350664711110404
-36.807194433201616
-210.22981400977085
-854.572333798731
-1938.3538655982618
-2778.20066293784
310.1514321143024
314.80422400976
359.30581526399635
687.9907866184282
478.4668015859222
567.5369638997632
532.7165135023811
451.39413819286176
158.46104524591212
264.21221974713046
209.76478778785358
280.3878286101624
219.2385029940129
273.4175232437877
243.4953960729962
100.59843297538718
171.77723425764273
112.28202399621003
69.14817433765626
68.8534776280514
15.655049449767745
25.39228304930534
0.3000553174964461
15.848534969557083
-6.185067551204801
-16.629548456803494
-13.228976111100822
-93.8083372924622
-141.1925725346228
-19.21093974031495
-47.565859968628246
-122.01994210605
-294.8185048071567
-205.40585258281527
-239.12835942251752
-148.5088101970303
-133.57885017327646
-60.16734801708371
-6.493964203833359
-8.907225720632487
8.889272798760247
41.173286610352484
88.39990492911572
134.36482051423002
89.43762558824125
130.86073124075247
154.97515174645443
55.03742746771936
114.97385867881708
33.4716794000148
15.026155957478476
9.942989291375355
-0.3026441512863138
0.01457551618592594
1.5574653106599858
-42.09164702255219
-86.25318568560745
-45.67961791404697
-50.93604914136975
-69.76247305263637
-81.98437102836917
-145.81780001403789
-157.68466783527003
-282.3593114204181
-348.9442426189963
-500.358435674446
-404.77731310618015
-803.0405806348493
-1111.939319973489
-1388.1587151483968
-229.6411685729223
51.62763421510718
290.58884499337586
816.0117597652498
1089.7060150800112
1436.7134943001167
681.055701203645
523.7238754002967
583.7406459943784
225.02796305443601
180.55902300390306
58.85934128871661
115.11161768035453
25.58110419463489
0.061901717368417805
-0.15976174845639937
-8.435471430153127
-18.796586438959633
-134.36471895865537
-124.04996149762005
-361.3323933141849
-414.5168207525771
-743.8905387941586
-1287.4685354745714
-1600.0975359242366
-692.5335446927254
-483.00607010613317
-361.01909577636593
-39.02431762138629
105.84010351868872
22.624503675365027
284.43176312307776
66.35453424402655
-4.94119927236776
-17.625024576561874
-138.2513726164087
-449.5779649648375
-281.88987879041986
-2102.840590299964
-3424.561401410547
-4490.74713746325
-2504.6939049542752
-1251.2875933315413
-2056.2949911887367
-3884.7653073217984
-3878.6686488226596
-2909.652359898555
352.5807260394418
720.8283563519238
-43.824624672830176
-46.00797615416675
46.800725515097675
1661.0380738695621
3665.0081942251245
2279.860564392034
532.6514481719687
928.2558444997061
2917.3747995666545
2522.5209596679374
1205.6401636384217
816.0944619732925
346.50266508311086
35.63009145625872
44.2976949456949
-48.107601832092456
-252.43043989837363
-1708.894296514643
-767.4613392138918
6801.054400177657
2421.9576192891373
961.9921770352476
446.055221965884
82.62529631037246
43.95934686539003
88.85728672246458
-15.352971778294034
-76.14523691243568
-557.1494951130032
-704.7893932524413
-1458.1885668223633
-1115.6308384538734
-1818.282726751231
-600.6526599723767
1258.4084640874223
1017.6232590549855
289.87510635056503
-19.312304376099217
-271.49406192504995
-221.37904150884253
-501.36187884405945
-465.395230370769
-1293.088413309574
-581.876435790794
1027.112548613525
835.8437625821427
383.5876787696724
139.53660935951189
557.5119920597588
1060.8442264865553
473.75549919096255
140.2228911792954
22.076976984927228
-208.6155739981386
-449.42752389105874
-451.60497171523605
-1043.2743925923876
-722.7496273674772
-298.5342892429389
-217.22781514334395
-37.665686542027565
314.28573338292017
-0.35078968963204266
-88.55066889468345
-183.01073655509757
-224.82670598000624
-861.9867420167423
-1442.4746887684444
-330.9565398130581
-3.6060664879081528
492.9947498615484
583.7398715373362
94.24647700330834
-0.022401940229680794
-144.4867423535736
-18.112042418284997
-22.561946400429786
295.0868209266429
126.8128943325873
16.363306067215778
-65.85557192134354
188.4886808541361
685.943009544539
943.9992955088576
2063.5950657738085
829.692137387849
220.59127716432016
6.559056961566503
-7.311594874618804
-60.89037501613622
-2.6680709999409182
-5.047604166718401
22.755770885516945
642.9543235529852
2862.389877863672
2001.6600572258342
1600.1230084328663
680.9857986291071
651.0101876602131
399.7197638359613
138.78216338605628
37.77232423520377
16.77899221687877
17.515990326125397
-123.652740150997
-9.396817803338411
0.012073896766907753
-96.83202696192063
-151.42011161943103
-163.45505977414203
-238.00051493437198
-365.00658841645964
-1615.4698931970388
-1330.91065846554
-898.3263781401722
-997.8105661944182
-1838.9721738197604
-3126.0680025658494
-1425.0384754822044
200.95599669009403
-59.3192725489404
-704.7792119100524
-1110.2486369171063
441.36919171370016
100.62020150744414
-4.3997149527528405
-422.08382184089743
1309.2064465703152
22.76203147491958
-145.8223111058228
-186.19641142778326
339.99560157667383
101.65586150383182
0.28583268683030144
-54.4909599931218
-526.3038941803844
-549.9908089844365
103.04002307186951
79.73896799538726
30.344085607889703
-26.80691441188931
-233.67353671645625
-320.54046516637425
-672.5612706605851
2.951781063749616
-112.13381269572433
74.63075894474704
276.04054955679374
7.094975002832088
-66.17892149420184
132.70315260225516
150.1312405451242
0.46965378557268955
-30.649614225366626
-238.89790094106246
272.9501074058122
2652.0499986108275
2054.02049012887
1042.9060978996995
835.247100800831
1993.0182647238369
1436.7903385094446
868.2643559356417
438.6209220619437
223.2366802332384
22.416822954851707
-0.00815360104695203
-73.24497515925515
-316.67232787183536
-89.15389242133911
185.1375650956606
1012.1860533175713
267.593977825992
49.006689455876284
-79.06604256539262
-38.519102073285836
15.079507511572103
206.34000230488925
85.97771060244824
40.44610283774544
33.82297008676743
-29.464777517932987
-392.94520015463354
-1015.2805041265005
-229.50817568798197
-1876.296802571108
-1829.544441473287
-482.2867342671874
-220.80216191391918
-93.85183169570797
50.51663034648146
64.51956592775726
96.89991840488439
11.38662561926377
0.3784979931192817
-18.259871267750768
-3.3191761410024347
47.89645244610484
1568.3247624990759
4478.641476843189
1537.5015206141766
641.6360911809259
177.8510089170345
150.5146302885173
150.21784081024475
1.5961768997109955
-31.303034521768783
-88.63238680461774
-267.7394006936305
-310.8716310519621
-1033.025936718798
-38.96599416330489
-35.72761314896666
-148.33955073831066
-298.80569055188255
-497.92352648008875
-428.77350599414007
-1185.169730676562
9.739360164997109
-32.129040121898726
-91.4837529245518
-637.9106405845939
-2033.5392544930558
-1381.1075010116385
356.3926371020212
460.7342679790587
163.34632609063794
86.46468416538364
31.314278199409305
40.22331515874108
4.344607554467499
5.173808546596375
575.4927473384703
394.8043319636032
59.61735651283986
51.40365795440967
6.5490993919328115
95.98647695755727
4.25613079789947
-39.91673504564335
-19.55730732224534
-58.15441512301335
-183.61403558230205
-102.68449310725401
8.169108604356435
1408.1829023382975
607.2196033287883
139.0310449042707
-4.904603285186932
-30.651952767243788
-502.70485795147863
-874.1709951162501
-410.4613267273512
313.1745006783509
1158.3401817437373
2528.8937842200658
1538.6524274524609
709.4497897393366
363.54265856723555
83.4793209056901
6.430537133483399
-5.0258361098628255
-234.1905471139798
-215.0658481031547
-124.23877789370594
-652.0572173031312
-992.6056175556
-1034.763887535447
-2061.2677133225156
-2804.7792604730216
-1710.1248975483081
-155.78835230624605
70.25268386425702
501.2892434121778
246.38672930814164
32.50295631539477
45.82288362294065
-15.625972668024101
-139.9059850286804
-200.5758990702432
4.614706985828973
632.4936725158344
1167.9921922762999
265.96285950247375
330.9497834967025
445.0267020852009
-22.004650042456205
-5.159700276441083
-66.17591612719946
-598.4882680426217
-2187.2260521530984
-3534.8894010688373
-3949.9246241672504
-909.4882894787861
49.42317922739288
104.53576047693336
66.30252139278382
2.873176734698829
-7.302864438808004
107.24316847543874
1330.9017443021023
2079.293715936783
2657.463785986289
1342.7968345445581
672.4724576107201
1001.6140127847921
964.8300373315251
418.74021538593644
327.6841871739453
160.78896443427826
18.545963614154815
10.801821635654814
-229.66755797059955
-199.25195489586454
-15.24973915053744
-222.81664230254069
-768.625031564354
-1332.1820449513284
-1555.104066406704
-1903.7923315587468
-1878.992510488462
-163.37800415625824
12.618338891767799
213.09727728435092
40.36186440177589
-367.10331575767316
639.620624467269
951.4615670825725
204.4396226998086
29.55188545597067
2.6175161596340324
-115.06765046605483
-314.89860727182463
-671.9804682972018
-838.2985082111475
240.87294905336125
213.3755965772013
38.410727715504876
33.99771741301706
-41.947802381178846
-164.8217826224633
-192.4891743609328
-450.20822269412747
-328.9497481878322
-1520.5866249877015
-782.0186484719436
-192.9956001535317
-288.5483740129253
-354.9352618746441
-0.8929990063428797
-133.4765669335282
-324.8113011426466
-366.7565099160392
-37.14214590132333
97.44878559639731
74.1274516011652
320.09983798176916
560.9277654415523
1879.991005935784
2163.341017876792
288.38957395056883
67.72251545817849
-2.135676248293436
-328.0707959316084
-3.291544292601586
-238.32308040752923
-264.10477847907373
-1793.3702893381897
-2131.986064056721
-43.07355206042837
-920.3561908932458
-3986.7808825632774
-2933.4087782993356
68.15858586587764
1588.282911853405
4818.642159082164
5307.818952681687
3720.0474037178515
2473.009704028186
2260.7739510752735
1934.7624409549658
1269.6352698727276
1105.4174582677183
1008.6761649982764
1006.5487359629207
776.2433051916762
812.5740635211197
330.6002024829288
307.08946009792305
387.1926456987651
146.20323365015844
413.8336965231256
264.89987597359084
286.297620422767
286.30956617522406
330.9252376278869
259.32542435317225
142.61018846230456
141.94570227781233
102.87434469801988
95.14734922274917
81.0856579770673
16.208648632461646
19.325317480106534
0.14931082352614622
-7.4017140384825435
1.6589522058234294
-10.131191344209007
0.8601890417274494
-27.14068471709725
0.7705537116916286
-29.262096358684268
4.491920783245291
0.21554030111268405
-9.372237162982518
-0.3540325564643748
-37.98754470738099
-46.88195877621078
-71.02217649229836
-394.6880123019357
-253.3275647808657
-230.45224973303
-110.47624666301223
-78.46515476486374
-170.29009848532507
-368.18242857898184
-377.05277437678495
-634.7911176156526
-555.3984367630585
-600.9778498589086
-1029.6925057456929
-1269.8691529989587
-2106.883907951616
-2489.8586555466663
-2799.3358404365513
-79.26936007789192
1675.6786294454141
2075.982193102467
1621.6299928934836
1308.2216933570112
1150.0260863462793
783.625207631148
483.4722137900769
401.14825291424694
212.58684527457854
33.35707144921878
-2.657902024284261
-13.679234824403729
46.99586572136594
262.6521052948474
129.18221764505694
144.6691827922292
64.74462832773668
128.16589835132825
21.425249943353613
20.436362813098956
0.4025880763367999
1.1187207478079664
0.04324505432873488
-11.167104926306898
-22.178651546663264
-50.35643951633934
-64.04500804704183
-3.4405172572933655
-126.51369985609895
-284.54824733501863
-445.30937595298656
-338.24469371672456
-632.3516847824889
-538.2096953783712
-896.243683596221
-1011.5129583255315
-1152.3996787814758
-839.2585585962722
-1397.3796756864772
-2483.54486965626
-2566.398090369845
-483.4428174796211
509.6606861090442
837.2141102218202
420.7334896442794
416.65088265495694
18.354845854261228
15.702045548912594
374.70803043186277
826.4712389001313
18.628492289122335
-355.69411306410785
-1514.3096473089286
-614.093091582838
-1313.6888605796535
-194.55703049815332
-13.356181944445899
-329.579816490655
707.5095396776097
3069.476775004335
2750.0402539470433
1723.5810400717335
1413.9255310930928
965.576768789599
1081.4978164173813
879.3405762480768
689.1245071292843
533.7195141208119
496.63583065581713
91.07042293972519
296.69569697808146
109.76021098990837
110.58096327447242
100.99221241848615
113.95753209142973
62.77936569024777
-0.40097896459280324
30.88221877364398
0.3535638627804335
0.004624237326654654
-12.292560398576104
-11.857103199865126
-91.36238357201734
25.56984034883308
7.095629064469845
9.112669622608635
0.8580829703061006
0.5538285046157551
0.2474905149817392
4.987391561592249
-0.0010209127100935709
-27.348663015339064
-67.58535847365236
-94.33516892328669
-53.26757221828842
-136.39190912576547
-70.29023094424493
-169.1711533050185
-259.13062861843116
-123.76450605272893
-401.51526370703147
-249.96297519900375
-746.1621769187776
-615.0184904798872
-1194.0737045438345
-912.4064583795355
-593.8332106857886
-296.5451886356478
-659.4021883997075
-642.0090771988748
-1348.452432487457
-1193.8368636861837
-1499.699468758799
-1105.259278761019
-2300.5690834928428
-2533.7152609799086
-731.6898555878188
3636.837093000806
1285.4757069776797
839.841554908284
374.4502989923559
14.569483277549406
2175.4359325865694
332.9706528022035
-1.3178791456829582
-259.16982742182904
-1202.506531718152
-838.9639150218359
-1248.0295502524082
-3926.85547819839
-1125.0252189537212
322.93760146356243
18.537471391545516
-474.21977983045724
-338.0960959329182
2511.9416203542132
1076.1743180831286
635.9207900031686
433.6814403492337
1465.22842408116
2850.749941956242
2282.579510575586
1404.8988492112483
828.5066103531145
744.4165308673842
787.672953143593
226.56683068133552
349.6640967297198
242.2267447286845
103.87306246384114
68.6430531967822
58.07802510978664
2.7610623690017024
20.585480062820615
109.02054378154875
481.1881759319529
1044.6687588126329
2723.843561502825
1527.294510488737
1152.9852168375226
119.51210933534733
17.106247039245044
-8.043279021307097
0.03829758784108199
-54.10746362444519
-245.09103819377893
-525.4766166736881
-427.6325594761313
-569.0614128461298
-626.023284049893
-950.8398908734578
-1677.4219480274292
-2327.761926053745
-4062.4117283376113
-2745.0361336296346
-2847.2561165455736
-2454.529552182812
-74.55579862748469
330.6960001567527
1335.5241359946376
356.2463439199908
89.01559122164728
-0.7673936902315187
-178.03938988055498
-550.5600325280532
111.59530254255759
156.4109824494522
43.47931698558541
3.4583122464817637
-155.8778890889909
-263.98883351864606
-824.6052081038349
-1150.625584084995
-708.9960983918456
-1854.5648164427798
-122.90139551776487
-158.61710387560646
-159.3614944398842
-11.014313741017187
-299.02427493942525
0.6009313042962086
-24.26018174613688
-85.58368943546233
-3.670860592536371
386.55476178448544
26.455619285567526
1.6876074537084214
-9.177232099644545
-71.91821171701372
-187.7610247074292
-1367.2948173326927
-2341.110709203046
-793.4016311368042
-5.1915883331093475
728.7064473329636
5.13731785897346
515.8754207762086
810.3524759318558
2.1121823386042604
-43.287566424115845
-288.16924085246205
1166.473682933859
171.56790921420532
-124.8692538649358
51.30781445819542
2364.334371102287
194.84135219108032
-66.24397306334944
-337.15750543394466
8.542536450831372
579.5348723705823
900.1051816823565
1021.2195625237741
105.84802872592556
-379.46535515378554
-228.15008199335335
1005.94758700163
2603.130250429299
1349.7310516606308
735.2149030366824
236.13226507298694
9.542639439331445
0.1970303415977865
-34.43083342108071
-11.02502273274373
-167.09899125876308
-241.80741471174156
-638.1837030539849
-755.2409657484077
-237.67843123234866
-5.81677510322879
5.1524461385516265
76.50313579349167
-0.14406866701314303
-107.58759425000724
-640.1063990162314
-1057.592058681077
-370.29178495547217
-694.7298518857158
-1714.6853605066608
-751.0955439735136
639.6115915832233
497.9038245445858
1812.230489747128
2128.8751928493507
1366.8167519108454
318.4716384612924
19.238616185715696
-45.798632537967585
-269.2959979897494
-604.9676616505478
-1856.691360280367
-3485.8780464012607
-1165.1654437309696
515.6808442204562
93.67894985176137
-435.61105612370466
-1743.687245018391
692.3581043864424
1049.5916566890971
311.20429447295106
-182.1988882226525
63.60330543721807
134.16761505506872
139.353595975136
-55.81000449475774
-102.18746297422985
-2286.2192263827183
-515.321332957699
-829.4171853770458
-369.1524008536164
-572.676773395529
-731.0109128504267
3.880411713134385
-618.7616480724334
-12.969638625119792
43.24122749008909
-10.081503146720015
211.0051426839089
2.0812823639948888
86.57399381504109
0.32561904826329635
-331.2188759121408
-318.6143364749861
327.94858736583217
604.4576546310054
670.356833104571
-67.97842781058038
-58.91140935195783
238.92717563274792
505.07994248176607
791.5674331974801
48.129961750881236
-208.92490813907034
377.29154853962905
-163.25595431152092
4.481574705129059
21.789538942819078
-218.18451037285368
-108.27143705681515
81.99158205775124
-288.34524133555584
-49.815373076182
17.178963555467313
507.6913642032038
24.31593238440032
-49.212643117311316
-9.356220075038358
1490.3530951462803
266.45163776654863
-9.405525903768337
-1084.556783741752
-1139.7251548883348
-668.7560745880037
-178.86787482731907
-389.0828241225289
-572.3874765308824
-636.09683191225
-363.09186959857436
-1110.6453327012962
1.5521660000423037
-370.9271136164907
284.6830727993037
554.5016361448979
46.06917183136616
-152.37689887294937
-14.426230536120384
-70.60150043016515
1712.2813092438635
849.6542997164127
-94.96845761185581
490.82367748032857
1717.7973064013988
6959.231989790638
7361.986110138618
5429.517876144473
3704.4809504808463
6697.912326864193
3239.4074399675533
5500.502404750872
6860.066808044399
3710.264532187233
2795.3775895820836
2641.9681533929465
5381.5695836533505
4711.007712933949
7161.210488711326
4584.40086327821
4915.410948195301
5332.256106016013
7057.968859277529
7862.452782419838
3717.29825560169
2445.359238769784
4804.771609168093
5329.804738659073
10165.01548736789
13213.565808659372
10876.898609803875
28676.000685681087
60260.83309051655
175387.05480683057
-360775.49
-222400.56999999998
3804.653562475727
828.2768569061101
1086.8059953430793
169.97867709792527
16.00752715148705
568.7926569794954
98.77626047966426
63.436375433155696
128.3890630241512
1.594455152476916
50.01890198649721
0.0035785000392801938
568.0080427053099
52.68816441090859
157.04871701962975
3706.494514605088
6331.658220186035
4131.445712561482
2744.4222506944834
3020.8446669561517
3870.3294106143317
8796.174275038387
3843.703871779977
2995.723953626364
15881.013942461217
12601.082091249888
31346.56686073945
52674.5386100557
40312.977422105556
53653.87448168613
73689.86892556642
110539.47490667408
-340904.42000000004
-339372.26
572.9046827838158
24.813844144731842
-552.1615875530033
-2253.0568638440573
-4592.185661434807
-4193.635369060302
-386.5282849960517
102.66102905795165
63.10626561388109
492.6108875358082
75.80213261920424
11.933527617725462
164.90481230736034
-10.072644223921317
-878.1816689161675
-969.5771807152792
-1573.1260784803808
-352.8770229743439
-209.25970387225715
-33.74325006616071
-4.435872648700396
307.2082499402749
222.7151566190638
93.28600987684541
154.52036026980744
-2.854202092906327
847.0525344948835
580.7736751063984
-210.9145702042626
67.00432643318528
1015.5179759448278
136.3167873049651
58.25739574303976
65.1001436413112
-90.10061329592928
-588.56420939465
-697.0892554782833
246.8315325069887
54.40772019570253
503.7283745295441
-213.39954925512708
394.0280283314179
-277.4383920052191
-866.3942039629059
-1415.4202967947235
614.3858622471798
501.4064605057368
141.96798385209115
-2046.7994897679025
-908.4981176073934
390.8273863945211
-54.42463769350185
-227.06316021114208
-116.05230635647993
-5.558290687504617
322.5683148227429
860.5974921437469
538.0888530850541
3492.2184537513995
3428.2893976464065
1014.6978439779201
1435.3720614286976
259.4747298146606
-169.67773022952605
4.047745772231545
-54.230114682436415
-1093.8195520982515
-3.533169685512723
9.840439880749411
-0.7217217756865305
-247.90929751823478
-331.96270564537866
95.28510255354183
1123.995051932602
1357.5034557362492
802.765834415058
574.8840284270968
428.21013513803484
6466.354684133195
1291.0787422574617
172.68129358075478
1.000298930558393
44.482448872821095
608.6404329991462
2812.739949842012
1273.0736539717977
2965.221088897043
13247.38728541784
9023.136321379356
-130646.90000000001
-1187.73
1229.6925674983063
213.0556467500153
995.1632334197727
566.4375631758239
524.4814986799005
682.6951257919784
1284.9384767494207
1934.95641186624
363.04045089662606
1146.623147110503
947.7415360343468
575.6688742785738
699.5059898164793
971.8602194528722
215.8629106414791
43.46480812114027
111.16361464872213
57.94301824843537
-13.952700723644062
-141.5537015697715
-208.04330455246168
-256.5056319742845
-661.3330810694766
-961.3031732423076
-1700.976168111436
-2085.1027542905595
-2658.4858821096645
-3097.253385045803
-2208.490754174786
-2165.6406465114987
-1391.144317543891
-48.770604188170765
1322.6536378448573
1309.5980286914553
258.1604164040767
17.92500910863175
193.3500749785568
228.5944464934624
73.27646320495646
-216.56128313925439
-137.0657303207303
-6.572545063522833
-198.30620323280496
-1.8725262816970787
0.14618612540162046
-163.98509854191514
-497.3958755358732
11.037777332279754
3736.9411799521126
2238.698423214922
992.1485021148862
215.67470508989783
-33.37977696969564
-435.6242442581695
-2294.0009980615687
116.9668426698853
87.68954044388087
-29.457103390663775
104.84905009629972
1978.7716095638616
209.47420577610336
142.2145940816655
-4.488537798108608
-452.78076680610377
-2091.9904379163045
-1594.873139066753
164.44418080933323
438.8774294047031
326.0713163751147
292.9301423193616
916.9327342801593
483.4788702555503
30.944784625579587
-17.63014196308791
516.1959709158409
879.5126637552244
426.87464632902254
84.37467733406757
-8.05774109549589
-95.5509959383873
-317.8183017861668
-803.485119363034
-1160.2673711998866
64.76233941214436
-469.4665644481164
-961.2501492347484
-184.73991228065765
-431.3347762815488
-445.3020914326258
-62.89351805413652
28.08811727861515
-43.577879632006166
-27.67740506920283
400.8982841081449
-0.4705945981979268
-226.9885117267081
-720.0895470245541
793.7776180898094
459.2870338215084
301.094854585411
152.41847081854752
88.78962674843355
-18.029797881778382
-97.19556598101573
237.39040589174078
254.57674407858033
13.609271411059822
49.181311071015216
12.887531487189037
196.8303534818951
67.63506722945539
175.02587337312448
136.95764500910548
221.34440483850557
-36.18040941887789
-290.72171990339456
-1011.7088155499093
-3103.082826650125
-215.31039592999917
125.19823295474016
-9.51506737539577
-538.0435482904786
-2219.79831133718
96.38725066760155
42.714446780118884
1.9030812754887432
-2.9121054773009005
-104.36401543288822
-249.17809617560346
-628.8692345448515
-227.85436671573999
900.8877459029407
1038.3802293276449
635.4572310227625
744.3297765367066
148.26648124210686
52.22936643874262
11.564307714791873
0.1542067733607265
-19.141449232198674
-78.92888508709487
-48.90518216456279
1070.223725523403
563.7673640732053
486.9973201135517
-1.5567536176370336
-1821.9033039555084
-838.5649388221354
410.5332059558109
1713.9922901502846
487.07920729858034
1359.686385249301
658.9229681120928
135.27897152345088
-0.20299202956450366
-26.606938963690908
-85.47785870054508
-778.198025072893
6.976088115192814
0.3220327591632428
81.2908000613913
14.99376320558037
-27.40679403895917
-397.85684231921186
-439.606022458413
-1035.3558486876195
-1271.4986607865062
-16.28488087258082
-60.11318919849173
-559.3190688257293
-873.9559776253664
-771.2579079768606
-948.0457638921846
99.91222729467506
135.6286202619233
97.50679051924772
-3.4387839702922625
-688.4250887035782
-1790.3494339581312
-747.5148710913893
-114.63438264303448
200.45844277798795
917.0082742206251
1132.097560103867
45.90037725605567
-372.43822036697395
-139.7226246218043
111.43904114919636
160.27156170619182
-63.990952864341445
-42.686135532448446
-566.0054973232301
32.040639891124904
-20.983143913392418
112.29803586210699
0.059398864532714465
-326.36282910930845
234.97737483968572
61.54953671701981
-179.6464757623777
-191.20170023001089
-3.9965454653245587
102.61210193884843
37.39062809868024
-339.76479647737256
9.816618418277228
-60.329038634611635
-103.55972522997925
24.66559541787898
39.65693596671614
26.368512738091717
491.35863754540145
2415.764459568598
1638.211644529425
430.854707340889
-14.619947777751289
-102.65973255124345
-388.5747497378454
-1231.815055037362
2159.5878336484593
1685.0702996941063
1466.3669685256777
956.146623449532
616.9659584439911
767.7381972579766
873.0443110098847
531.2062062295192
405.8451615415303
240.72194714027106
233.02534456443618
344.9603809942761
695.6655095235376
1190.7346002541144
309.93100080031695
69.71145470277088
130.68206537066408
110.16264492679474
103.19713085611693
43.027565606059596
48.7912985908105
0.5135392119675548
7.500375536908483
-3.0603132059921823
78.08911674227741
25.670268309332325
13.90640560762368
2.1289936056600194
-0.46375637809445475
0.2809958535518283
-9.461453449595723
-2.5204454281884523
29.69920664749403
288.2302619883402
173.02412500872617
218.81395215862824
81.03426390196535
60.87628187442786
419.13894041482837
301.42964741126013
40.0266905574953
204.8946766197804
387.83222907736035
149.78769266662178
678.4734851563629
308.17469792992085
309.71625537273155
979.1440575007773
278.0671561765075
200.33168054303198
196.05242102748826
423.6492957717676
75.47366458232486
3.0404625643900287
7.818989272515264
-37.69378249485351
-129.3042808419872
-16.101936051199694
-84.78116471775331
-0.8338696521817663
-208.1294527932322
-102.42067326436867
-16.599820846120345
-2.9538850115878668
-55.244873003039686
-1.719869803442465
-613.3516772483988
-221.65809181058293
-354.56664238142605
-1225.4220819688321
-2719.6212401524895
-1599.7436878648798
1210.4959067850439
2256.5476223026662
9383.702305734156
-89399.89000000001
-21595.62
0
0
0
920.1462648434235
17.402075195639878
1060.4032564522101
5613.3410211600585
2663.7351816793744
2072.420190824181
1090.4498193099312
696.1811452869555
315.5407143371808
19.29963118414503
1.1662681788558182
266.3346987427358
1153.5145999887916
942.4047228768655
437.41588001790086
276.27929603467356
256.639418136338
89.97049406459
173.47906194027306
1.9740116227590923
17.709904364945185
1.3293989902699521
-45.219140581177115
-38.977440159740425
-42.0666586434
-106.10421076862303
-121.96564427468095
-161.31310036764222
-374.6005351370065
-541.0731871303672
-621.08202672433
-750.105163288811
-612.2223145187604
-703.3409220894453
-722.3928291515319
-813.1872731087292
-999.3119758034059
-1861.4544617504334
-2112.2119583787153
-2719.523166002535
-1782.8413739590826
-805.1719567588896
-267.7540755957827
2398.0974112694057
845.0427234714236
2.990525069149144
-323.01896164799814
-629.0173585126748
-190.91253567857885
-150.03446725079002
1306.0478305368208
780.506386090328
112.4532802371227
-60.80751062667916
-428.44720861552355
-402.59702805526354
90.48877206382974
1152.039926682269
6.686690146305376
-314.0683342483476
-1.3747438625037032
-330.3061874920892
5.378473086823603
-229.72897429493278
-1718.5311700943316
-946.1779117462418
-2537.4826463066925
-423.3409241931827
1141.5108298371142
1018.5908110865187
486.15171319346257
70.20258418829343
1140.2503829902444
1556.5804771094681
1122.1772137369258
211.3703657951868
129.1096553192129
-48.0039814098347
-472.6033884731819
-17.714412153298586
470.86876364858944
803.8142279767956
636.3876455337022
446.4387607478349
343.536397168378
472.8209468667493
298.35611473131223
159.33295164619477
332.1025598102401
1031.1256410981287
739.7946990817321
414.9618195608329
102.34235098788676
13.998837041783975
-0.5620040841442038
-149.93552344883412
-2.7176052855776227
5.343551619764815
1185.180604312216
804.8618886421002
550.6552977518431
292.80200516712534
267.87212526637916
275.16560352815776
314.29291465391725
192.74440382302052
72.3956230369197
48.51465953118591
49.567057607917654
176.13915054740883
209.06673674930497
158.70996064992428
59.706133776100316
125.97774358966478
40.9423020304309
87.16040857745959
4.340705363528171
88.25220344328059
60.46119959077428
40.19702981421888
3.4663261283148072
3.396671793795412
-47.69266720330456
25.36642809057627
9.052463273932949
-0.27051161971932575
-33.19904144300047
-127.8683124387163
-151.2498639383272
-218.83941381661876
-433.9002916515881
-491.3242880933295
-657.3713120490445
-686.6120779164333
-666.3439003483593
-666.1178792835627
-472.85635914431197
-590.7261421339999
-625.9651939096337
-870.2241736238324
-1057.9499128962232
-1077.7835321880516
-1296.756742641938
-1035.002062993649
-1383.3912454506833
-1080.7035790542634
-913.6049970615936
-1309.5034933274508
-2409.25604574194
-3034.616029802714
-4352.18302523651
-5027.456877321805
-1987.232059058452
488.5780682795037
73.76643919404003
167.89876231786246
4297.611920296386
1220.7817600635003
187.2746336574269
-187.1544502894608
250.43674106822306
1974.7250896744065
258.96707727393476
-80.69774795514951
-1181.855846973734
-85.9066263940755
35.9668382683973
921.0795871733026
1523.8943283094804
675.9893735549272
11.46495549414207
-520.3678024157202
-1854.5052247922297
-64.1619492416699
-92.65482127795568
94.4282244834839
3257.0135817901305
352.0397997312515
-52.25920883637765
-201.3490629123948
57.17258060080743
-68.40770267435175
-807.2447845830688
989.6660527254462
38.950715458794136
-256.0114917639154
-32.91910141134299
-308.3128171385863
-83.44471736593479
58.21013709052248
-19.607980127071052
-863.6311736858188
-588.1652038708528
170.40455526576312
117.52778369314268
-292.54478206600834
-1660.4498085731898
-115.732386376235
235.20522991100583
53.222168610222056
4492.794662130651
5207.135338835884
4329.176289983219
2083.433472903495
2071.2057779413344
1323.4048557822987
1145.2267407033517
525.1646099606106
289.8423980248914
201.14536397255927
1.5660509228835853
21.34064834020058
-47.664494935467076
-205.69194802974837
-979.6956367877312
-1138.6257922189916
1.0386200685603175
336.5264735988899
261.64379371926293
193.57838067745
28.9144928137247
-86.06238538843499
9.514867817281347
91.24435686327408
195.27598107481361
198.55839234682418
110.92801118835024
72.4707135940662
86.19470818449113
-17.402337003069277
17.907219936243823
12.124179069823619
-9.722821233653256
-8.414354932678162
-38.824368048258314
-106.89813583799135
-242.72813882511298
-249.9698530357168
-263.5031228540056
-165.3153303346799
-286.6344493428853
-244.3820039997004
-335.2603446798927
-329.3594860833193
-348.7913068741512
-82.52464492885443
100.48348076711294
1179.3903886485825
574.6109455935601
214.29236584054792
357.62198602465355
63.87769755928197
-132.88639713362582
-267.79645160553065
-610.4966254587189
-596.6317266950373
-967.6307990295579
-1315.6288915481796
-339.78062037505936
-159.1006476667191
-378.33116762090003
1030.8245138714437
1935.4532065967453
83.59870784468637
-89.776937412492
-889.5010046055743
-1031.3431360597867
-2493.417574427005
-1325.991958908214
-225.26324928620068
-184.99013912220354
-85.39269919315169
-220.32257086336637
0.08840013532966985
29.799892460396222
-31.275885678987976
321.51452248377757
14.045439340032585
-217.88919902916575
5.8799437970896165
-636.7973603138255
74.19551250172867
628.5610102007579
446.8584546590231
49.51777656394192
0.28716270923770854
145.33837613221692
34.87659312492725
-1206.0862603741748
172.42951844777318
2021.8163251916321
2065.4506473602296
1449.9028378098583
941.2840464949644
762.9756110379329
404.1946324648507
238.10408641365942
1494.277095306547
789.9548196285325
691.3374591909867
375.4032069537959
99.30297858206288
87.462884862953
-23.037550147508
-15.23586026973714
-140.14088129412602
-125.14447119614513
-398.53023081791156
-748.1511619215177
-862.4637459778022
-1539.352282899386
-2223.2267239641155
-2745.5843520311873
-3601.099523394289
-704.8431230680553
112.69382776875847
1995.1074692092295
156.5372501619903
15.363274019947253
-6.489818319612973
3.9758324082306666
-68.40639293730194
-1197.165442969067
-3112.4281263837497
-1417.4326108657317
-35.94089743031075
411.70435469485375
887.8271528373613
1262.0844062793171
199.2940222753777
-53.055909663610365
-338.5917745618146
1088.2333268646853
715.7014316315594
565.469775973206
122.64213107190108
6.781780821199408
-7.59470290658357
-137.82050601072532
-531.0420632082823
-960.3232420977007
-2154.5145190396915
-1322.723327743806
-946.2376985288806
1313.113749626011
1278.4542156219725
1274.2402187335433
790.490353144151
444.79503245457755
20.759199887892937
-64.6854298176057
-382.06405381455306
-327.75238273402357
-2023.447974826307
-3316.056399369558
-274.2986054888554
1585.107104177155
582.5453462044475
0
-117.19159754787644
-536.9621097795352
7.5863673109562795
163.61381051965978
220.4284226868976
387.5802294280454
164.7479952988384
6.406787361290164
-8.35411589146935
-8.711623970516687
283.98978284924345
198.8660509875676
112.24007620862932
60.921424398490686
11.816959609788707
8.810779510923815
-3.824043999239759
-43.0513480550659
-199.02204779108695
-260.15831663014615
-237.80448369787058
-155.5093352699946
-372.54671278101375
-516.4729878344698
8.57034944711993
806.5110900156259
2091.3137468222085
659.2228540750176
234.6805862739509
-5.105161674640187
-117.61205684478533
-143.22769550891155
-53.32922756682231
183.9617746992614
146.10798683071954
0.7886304984002865
1.220832305675624
4176.027597348139
1968.8616533999063
562.5240811971714
139.29546544911662
-73.18816542666418
0.001949245937966623
0.5240628698821023
209.94745968755464
71.18116785205075
0.23165601701061755
15.063790018511146
621.1587623909725
659.3909356131097
690.7127589314534
395.450556310348
116.68124200625563
55.1365541844138
-0.39871807398080206
-91.53058970659481
-92.55172704682008
-411.2132419065236
-413.1634552245366
-540.835942422048
-641.9994131073486
-1143.870237473437
-1121.348519916085
-1123.9649211283286
-81.38888613992981
58.23518027466596
2.1390453302153984
-17.824766305399223
-175.79436588959504
-579.9273768115526
-743.2175514599332
-1392.8444450338554
-2357.040438210674
-2930.4708022530886
-4219.619143430444
-261.87085380189797
2159.2530758483094
1856.721994835161
1373.724151460979
2101.0346190943046
751.4179118602237
293.0647511976361
16.715806749081572
-3.76660816362352
-596.1739708875498
-536.8123965527636
-4.346243624106812
-209.71574211455908
473.13886565252176
2420.0294807071386
2492.818895670368
1999.7097515099852
1240.826341827851
1258.3963963359095
1149.528081552173
1003.8097714750788
543.0815121180718
351.2090083869583
171.38722815974234
86.64663525507598
54.76235361769835
37.7500344987148
20.890342578371666
-42.084438453727074
8.261405066098945
-43.77777715806536
-465.070638030028
-1561.5725798910216
-493.2800552294185
-1.8991595298601942
45.61139794501387
13.404285865715984
16.734752645789737
-0.7333565307228603
-52.99982180968559
-324.548870397298
-426.6051651291694
-861.4236946170167
-1218.600183786214
-1430.287814637234
-609.9472886443875
-468.92092421224856
-698.7426934210927
-453.58303760472296
-1302.123918992851
-3393.4471313835566
532.6945246074787
364.91334577357
179.4564826522219
52.19143702621085
8.431594548635356
26.775783337990223
-336.09055918339646
-2430.369834431588
-198.67048896413982
334.75180896777744
-22.67296113216493
-233.4620160209793
-760.3550924683561
-1082.4565304941773
53.80499117087873
732.8220390813748
451.99751140231814
1246.928884001572
1790.470414325667
332.73895166607963
6.896870472570445
-316.4987102624056
-790.6739607731927
-113.09267527976789
30.922928037311166
-223.89651935893284
-401.9380502570889
-109.55210123283355
-266.39159004316906
-84.66100530733092
1110.4021165061872
2751.1653417650105
1944.1272593893555
2378.9311205887097
2003.2764228159313
1866.4207305562816
1601.8959675915696
1152.0171431696958
951.3722708455448
892.9636630499664
839.2589306496557
484.0180385865707
365.50449291900844
349.5165710400487
613.4561900308654
395.25424484401987
210.26558376649075
128.8010922662733
42.8956459119197
32.61797970037599
16.4025842185726
7.298135986663733
3.461905865508615
9.278255139561738
-2.797706298581902
0.253392460768486
-6.580689549593252
1.4341901109350075
39.038166721776165
14.675477634354907
33.17675293405285
-64.03496647160179
-75.32348542626218
-21.923999152280913
-99.87450101056291
-89.40168266402401
-215.58616719784402
-342.7730532424422
-338.12764213407434
-534.59856254218
-437.36288674265006
-684.6242522536202
-755.1522120105242
-705.6954304661747
-459.2222418675479
-774.5259891952834
-642.9865800902741
-808.6628615668754
-1639.8025811997493
-1966.4804126517647
-2370.843515972645
-2043.0101642221016
189.16884038665208
94.02510551482106
-2.7755255067270848
22.267560030236332
-31.74932628356972
-362.42155712982094
-573.7104060430852
-383.08509696944117
0.12924434222666498
912.3431397660662
-0.4249212148625953
-1104.9319061332612
-286.2563122538669
194.88829519498665
-96.81889796640827
-321.3897948566248
-390.1362703138364
-374.19826748366796
897.4979921064727
1312.658632137071
221.63417513866224
13.890666721906175
469.35517811140016
418.25136406498996
457.4873387109078
157.08543070672215
342.69960443429926
607.8053105216218
361.2012384257362
394.85514070049453
189.835158455973
369.50267410620484
316.321047648805
506.4336311791691
502.87267450325993
392.05417319330843
186.36113981866487
36.303411409498764
-6.409723797226889
-31.415910969277054
-72.24314612481865
-143.08226916057146
-104.37163577853188
-134.4385040919828
-182.04508992606338
-360.4126559519987
-1227.7857771402967
-2287.2550645250585
-1020.5396636609522
-959.9909770608954
-1406.273927170923
-3.0996465444444654
699.622989240676
69.2775914378688
-37.19564194532475
-103.62748036091871
-398.3504256099517
-886.6518455114882
348.45384163446363
1774.550349325065
467.7462521955992
-1.689270541762929
-160.04282714484717
-887.7093423773765
-345.1322622704007
-1018.6817599571252
-211.07471997748564
-85.04365915610553
-198.14568636145026
-136.5585294299324
55.69250328666419
1093.1186619484138
103.19711900127757
-0.0677644486460861
92.48466880664861
797.6829099545282
300.2936683842663
-20.436146089956463
-347.4155480300849
-1404.7659334936754
-3127.670915395047
-159.6445842262825
1541.0352116220456
98.2271012888477
96.64370320858826
-121.0341346483393
-24.951827582630116
303.5127945722284
1.8361725889160414
763.7236274555248
1219.4673935482251
226.59073063154952
91.14576587147465
320.77741509385004
553.6358131715185
82.93191741330206
-155.67690597959506
-391.8672948828822
-1400.303351877621
-1314.8942327436246
-2148.87923050867
-2024.8545936733212
617.3297367877716
3486.6860527309655
2457.7442159095017
1812.9347287929486
2172.411883461361
2425.8873147055606
1200.7286539928543
1187.790464733765
588.4391096932297
474.89806792427396
441.4598700373864
280.92970611912085
299.8242899963875
135.13738902545322
113.52053548209689
92.78675717897062
116.59075057583884
77.32316807538814
62.359737057162846
-5.384935780180207
-81.0426666448387
-0.24105194934609953
71.48162649867028
-1.831016271894225
72.48979351322485
66.39409118180677
1.10230395837449
-40.55118621384977
-81.6910333078932
-17.749970740593533
-21.204010680154905
-0.6862965756622204
0.3960091089238059
0.10837234814509492
25.319843053114724
85.01030093871967
-1.9899836140090328
-19.53915262185108
-43.86184225478382
-298.94077716811756
-691.2590200907935
2.296576105738467
1.7847596933216974
-14.25552671441385
-98.91325658870626
-81.36415447969259
-15.354894017615528
-157.22013731087287
-118.95769927680476
-415.4259075366075
-285.9485462423782
-12.015893225454349
-3.6609216229581034
23.066873452985348
88.60887360793582
50.707307528193375
155.3472704758567
85.62144938888378
23.809350913414217
38.527704042208356
-0.024367435608436308
170.2194953098449
44.313855186313226
80.66134383107199
156.44181912888996
50.65463375651075
117.33404335655244
179.0609069822527
307.1155952546678
513.8022651384405
383.11866006995
133.92534807529591
197.8672645432388
64.97899025311709
62.64739899314967
0.6158300372290468
-1.9077789425728529
-92.25183592975065
-254.6751098529995
-551.9915126765706
-697.5636908906145
-636.6601436414733
-728.9738817410091
-991.9041892906864
-1044.8924200546833
-1287.0602821316331
-464.91971757972976
-178.13841129620613
-522.6049013839504
-976.0164710526308
-1942.095868758408
-3354.0466267137267
-3789.9407896653747
-1385.7407846375024
-167.50756708054732
34.78768653471816
114.68149579163176
87.75706865358978
-18.656676693914065
-303.25386688813717
-971.4754964353313
-2138.768111244363
-1906.8022674474541
1646.5963836992926
62.085142453016005
0.021951312028634797
878.0088733970878
531.1729328087124
495.0287468157561
584.9586900976412
303.7226058814414
846.7089165752229
310.4826394290254
39.92056983974817
-72.55684348381645
-508.99965805338417
189.66183498595535
1069.3233622047164
595.6040529777821
273.9226418057618
786.9541745849622
779.7165904823022
612.5572996648984
255.6665843551269
30.493115393479286
25.498997011391445
88.44680007363004
6.514012074197693
-128.30737038391257
-543.032441868198
-1780.2414991638852
-1594.5554073145142
-1213.745753009293
-1990.8284810867378
-705.1139452904221
-451.4429001293571
-1078.6607631252325
-1175.8317441581653
-339.52817524466013
87.81983972212436
1606.1300135423792
1413.4755970909614
372.82017156050904
19.769804850581068
-144.45032372717708
-165.62584370375373
1368.7872268309036
708.0173658288949
390.80293594676846
54.26395878816332
-40.551109110010295
-377.11159184459916
-315.6075801674182
732.8909315049259
3177.597574927912
1357.3636339156412
724.7322549986018
747.7348381549355
1240.4707735242423
1116.571381435877
1122.2038924854105
774.0936120381759
214.91979145833807
268.79292857432984
102.40743958153809
302.0701376582944
262.51275053011835
186.57243711673743
37.38178908286851
139.68159449719516
217.20508863990426
274.64635693562946
185.44980588989048
158.99002269625362
52.073404407201714
10.41359983754622
15.284970181964896
-4.690867190985908
-62.088359083987605
-6.742369993729598
-1.6254122440147862
3.2587147955928164
0.014667123444102186
-0.5211412187287923
-11.09150049043569
-87.3096383002807
-142.15636754107993
-196.8387472214223
-378.47542550909816
-758.4036561971043
-822.5053013729882
-694.1826935137088
-216.40317760643003
-219.84800429058663
-31.788593766134262
-0.5640121303331178
3.5037692869303205
-1.500390063667331
-3.6530408997507937
-28.252801454530825
-57.188398557888426
-145.22130931189855
-325.8004805239684
-403.87571457457386
-386.07811839997345
-94.3879500683727
-84.77897183162995
-360.66511604608604
-819.1026476972951
-1342.715684250802
-1362.1547106007738
-136.97064374586557
1589.0652288881433
315.59559847606477
-44.16228586082138
-130.55572535150898
-62.581421248856344
-55.502652031341185
417.85857897163083
1121.3449467155135
-4.139805854928145
-1214.1858904332767
-389.4755892472257
242.6610170311862
967.4958658026073
1168.2219190498954
985.2272528101529
1157.7771936197287
2683.4079372094293
1170.823860924862
461.0639293597519
126.26362690935866
123.17363461862683
70.92910945023607
3.991426362796494
0.007752837171993609
-4.166792941930395
-57.965020170461
-87.70312858635275
-257.0566560885482
-232.01408110240007
-356.3565657875536
-420.70657999857053
-542.5710811087068
-562.4583169053475
-761.9641103005705
-1116.3699061776038
-1144.7399502663752
-1521.2088577609766
-1724.4932517903073
-1734.4390109781175
-2644.1404892625724
-2507.7954817631853
-2645.3112415906644
-2894.1388003525503
-1182.401352092913
-2443.141579922183
-4888.089024976734
-7926.0035681455975
-20219.509999999995
