8272.980000000001
5765.580293637907
2593.4397500291466
1945.2284982376361
2962.2755966697787
1749.308940254632
1236.4626805749422
-56.47659315205743
837.365863906448
6837.439527110955
5248.939665104743
5272.267397716774
6555.951219630323
4051.218552067149
3662.150065608103
2629.836119248198
1935.0110175034179
1468.1854176355228
1044.8959784676508
1050.5244982383729
562.1800436900137
486.2497460047606
208.6755848379661
116.62419531698994
37.20481564303934
1.7072045672316936
2.615515980970583
128.7600420271428
1.3021777568215387
0.9824894510880906
393.40851070870383
252.95506876333124
59.89779067176569
0.6846154675769094
-2.0680858275521885
-56.174280167192876
-150.76171969996835
-247.36020146764014
-412.4085647652751
-992.9462530068747
-1586.826922782443
-1709.1308504655085
-1310.9284007116055
-1552.0666929117647
-2231.496442423121
-4087.5019225006117
-7140.138673396604
-2286.689123315391
-1066.1408408920652
-1134.7661341607072
-1640.5651869673854
0.43891712675732847
1226.1005171562838
697.8643558279948
494.9907906196771
916.6759089212105
2478.697787918016
1441.7534411237393
1985.9341543514988
2387.575231978947
1621.5031787874966
985.1903597375094
521.8466182282607
326.4542272795053
361.3390497108015
238.862217805936
172.31871653274953
54.168736684701216
18.48240005219536
-0.05178154702615986
3.1493132435910733
-57.85652193472242
-110.48700067725946
-272.94622390137283
-659.7660329157328
-908.3803984206154
-925.4987155329861
-316.6870109826889
62.127363486348926
603.6940918503893
22.23896724283997
47.22100276169428
-9.90698439065227
-19.94203547941015
-35.43267407126004
-174.1014666940091
-227.44780167491527
-260.12397108344373
-612.5850494310039
-748.0623675794957
-816.7669950869529
-655.8579884154631
226.9072604376306
4025.853888762201
1696.595730928191
1019.1634940005721
1075.3780314273706
172.06027373682068
13.256223609217814
-1.0901979929052468
0.3241050413631908
-117.13299891460022
-672.2646030068408
-78.03288860864384
271.18191571808825
274.599596331129
65.20077542664276
-4.584036398901046
-162.0871075077035
-617.6747989665157
-739.238224514811
-1560.5341199611057
-4580.625003862525
-6528.753222489462
-3764.851265416161
-3663.636608577556
-918.0861301412192
-8.554583892743123
934.2469306903472
1342.0276036333403
1517.903565161244
1385.0058710222856
1221.2284930701437
1085.2298346583402
918.328316382971
1334.0965711899184
1079.515898515746
822.6369258261503
809.5913277030618
758.5710612675769
641.4065083045126
711.7162357763477
923.0545749954878
764.2051828774206
790.3305138695583
735.8412776007464
1002.1280103678254
986.5847795913168
906.762646831563
1415.2634517445426
970.702443345869
1013.943076361646
1064.9156664073578
515.9135083829453
443.2821530045384
504.66647833654343
216.0886941930731
33.082283657282574
33.788536066431135
33.010051967018946
469.4228847118892
89.72622045203892
159.02170806045896
34.69958573578644
-54.57900279971062
-46.82326081349106
-2.821238884167132
276.96242263246194
5.0760300066803135
-109.74470563893594
-141.80608569592636
-223.22782912542542
-240.2711300808452
-133.70523386949816
81.5780522672865
289.20287190981077
55.60287215089005
344.66164081870477
202.6422366289277
144.19781405024014
149.08948097304477
53.8906123030887
7.109671436732358
643.2672320578778
906.7642779084395
2743.3025455173756
-116411.06999999998
203.8972883585245
-41.305198649332056
-452.5300500367
-1236.2575394939852
-2457.815149845539
-2290.95093128598
-3800.6768191552255
-1669.776935372272
484.4651205825967
909.083424587634
806.1537771670169
821.6314862772863
720.2154796260157
467.5842109159656
203.56019820533754
262.1774429955703
246.42179323979542
163.5953455337407
74.39377233220151
12.74955330573363
-0.35979485498952835
-4.086079899789947
-30.925034113500253
-93.87741924234862
-92.76222920703623
-50.93218235089517
27.794569473729027
284.25621257783934
720.4418173184059
805.7684076339958
880.7310888676311
662.0473801044726
743.318545329003
1485.3421894789803
610.3432882222068
116.27779868187402
268.92265379167566
101.28427986214248
12.356780298250115
-32.21677700715921
-31.60462948998172
-18.898214692646825
-85.24731135394933
-350.51245533397463
-627.8439188831234
-921.9497874561746
-1320.3584031520716
-473.4654650978894
-518.4494525463922
-596.7426544930911
-962.4233086827753
-1055.6523805764728
-950.7523234818312
0.013246287545028523
23.775532232505906
103.7658216317253
103.84302124477091
87.18030558213556
1228.5680617675025
1925.1783597439048
2416.9143379751254
2029.663027138185
1340.3783222419
1200.124045925235
1174.017024152619
1347.2423021653615
1320.717299875255
982.0906410912942
778.1305213093661
649.9494673775977
717.6576474523092
377.75438046931265
354.49039182176705
316.43373094918275
594.6619386435174
202.58620957415621
145.93403883889556
-37.93739387089026
-45.73910491933013
-166.85057840782574
-169.80920538631523
-487.64201551697965
-467.13266456292456
-679.4026028686003
-1152.6494213676547
-1403.1752923676904
-1294.4319349443908
-944.7014518304718
-751.6568084259359
-916.3102657000215
-519.8187954993849
-822.5664812510142
-982.6310495080868
-1068.859236208909
-1251.7803477525913
-1150.022609667185
-1570.212324405068
-1890.6338975050721
-1663.2877163400688
-1490.8839405361946
-1681.1679736039453
-1167.7521227097648
1279.7357010757328
668.3210949795548
1703.0470941285068
691.0166462999717
201.4139976513568
8.815215826075795
-5.434583844594744
31.771837015336445
110.02469640189344
6.169581048006103
-52.66470127186915
-429.9868830099997
-36.54084197732054
474.5277636906035
136.044839413411
-245.02017519757192
-1769.1104152180637
-117.30800760499116
101.44880244121775
200.12631536364998
72.05818233439125
220.28435759868543
1320.9635723921222
922.2245915705364
864.7121813152398
370.64047737744886
53.31237328072307
-2.841140122217281
338.6524475937154
41.40925229434684
0.8411764342300181
35.31758753418154
27.821789040446678
5.872254241752452
-34.5097888730846
-606.1219926086665
-2098.095486689109
-343.6908899766927
101.66625343181789
187.17317332862478
291.40544345672043
200.11912891811576
328.51744023559945
353.39066329052787
82.81170665038067
208.21509994361176
166.01889639825507
50.09431974664537
4.723770574556529
7.9158314496278335
4.397580313427429
24.008336540854977
1.1997058508578484
-0.5154892770948389
28.89617497334801
67.39798052062253
98.22693302841299
66.48755930508717
97.46762142959494
21.909881193090193
20.539322998799683
1.3868190526683135
-14.767498275675335
1.6636321963991327
0.03358845564185671
-4.612653896508612
-1.7377141881373257
-5.4031641066219445
-63.29173118521079
-64.28961419754742
-146.95503748013635
-143.2858443156248
-139.63518189067275
-112.81196790979484
-32.94142718069083
-188.86160584939603
-76.86401609195124
-206.55512453954083
-139.41549896972953
-238.40669446694736
-221.34580643365317
-483.000952343161
-436.55153320436364
-364.9329443457034
-261.9736794961406
-224.05156654612617
-219.14314436368772
-429.7189103189021
-398.31719023696274
-331.1025192515229
-337.0397476305236
-452.6158681700782
-656.4939058280852
-378.1800087045623
-141.1148425199733
411.10474849896264
878.940297327283
221.16769630850405
279.3646347532443
470.11072094443665
-19.149778826007513
-258.79689146407065
1201.6988283990233
1031.8658069424405
578.9767582488658
211.83954584870213
943.5691101269406
212.99999356567923
-369.18495225049185
-1111.8530912142191
-26.46012965548516
48.42004197698683
10.937437312890872
75.68079082152283
0.2953658065988478
2.393212374311761
-51.817401412858935
-60.27993460405928
-185.7350850149547
-168.75949884319994
-46.11237058732991
-4.249310347627912
-0.0012023612593858397
118.9914755001264
32.8163197527102
29.40015862443706
19.868709388238106
2.7730217502287777
-42.84505904391002
-4.909883097872837
129.97685069292356
129.99448524720827
102.05836021894955
63.14090012055857
53.748628581330536
30.904936986937678
14.973586152816624
4.80098438441788
-1.4342008083494526
-0.08932704562224274
-63.52903649531176
-52.555568007459435
-199.85762647219204
-359.8023033647295
-394.4913420642786
-470.99090740489544
-1048.575304474068
-1100.9041832645255
-541.7193947361977
-162.25784013173381
423.7419679017469
230.95948829549283
12.558056420968573
16.616612362968645
240.94643038205942
400.5720426357084
229.61904263621375
121.87646704092434
90.0249528639718
273.32437765410367
314.34029002066205
310.5891255112489
366.5392099145036
204.14532798511038
165.6428286679296
134.5169568179476
27.11260555919886
81.08758464882814
32.71625274306061
-0.3437039582101794
42.033346168816145
-0.05463132035345386
0.40633217846972725
13.771933370978164
6.406891107738176
21.423512367970577
126.77586386823745
640.1633039685809
777.7481382017452
724.3710512107615
481.899564085031
607.7176802176492
526.8361928999177
385.5533850369213
268.32086195424733
289.4569577346162
212.1442310625369
233.82816217846343
273.22495840639976
73.03761086965788
370.547896061154
20.188576257369167
209.4467792898541
20.678600133958398
10.830965015638913
-13.406281350540251
-181.0519435947299
-361.03397879755505
-352.78459552792174
-419.9905001442462
-542.101550486341
-648.4621184903112
-609.1145873484953
-1061.7956005136568
-581.6969170598248
-1297.6927635271647
-957.7087576354722
-1208.0732401443381
-1107.2081404603646
-1115.3094542849904
-1160.2719946967493
-1071.3192996870523
-357.7839588519328
0.6513514902335378
-115.77017024001765
-278.07536689452525
-542.8557625796112
-507.1433439211649
-883.1774028742439
-926.7507592171066
-1044.5525084826338
-1065.3757013771005
-507.1302923514055
-171.29682740660743
135.35005477219482
260.4598790973313
13.502769244513093
-73.14779941289419
310.8403562886777
285.5847427457662
845.7042404713267
671.5071168425812
174.5446422010421
74.42020574284788
-1.9249354688281832
-30.75793558860507
-216.65168685012034
-812.1059985114024
-781.0875643787806
-855.5704538441317
-1163.8721211232091
-701.4556444771213
-242.9749612485375
1580.5173778851731
543.7504229976893
225.23980102968838
862.7786696764795
1778.7440279152493
1258.6974561808145
370.29488063011087
376.15870287305927
95.12921863047377
-15.924693223682763
312.73260174346166
1803.4078853240298
664.7319728480414
862.7191176954948
2186.405822017229
473.64492932473235
488.77201546377876
149.86365391608933
209.71086521986786
323.50503507318075
-0.5532964040882183
19.750735844434967
-7.359748229129977
-493.69594971883544
-12.183109715333531
4468.327911787761
4909.258083518057
8087.313575691686
10520.571284137593
4485.006616612811
10583.242837262613
40895.84331718531
-170975.08000000002
-96.67097650347706
-657.1807621076595
-1871.2979089409262
-3023.2878226430093
-1808.7272819249497
131.07130082600227
9.49021106634272
-23.20174451314296
115.26889518538351
-99.45532054316034
-973.5423460613072
-2991.3701982915145
-4231.7144472186465
-2807.7154494838755
-28.735286874582386
163.00162958989966
0.07603789111447658
1780.8127308051464
2467.197619755246
1880.006065178396
1682.690535317274
2197.2783523057406
2743.123171479966
2972.887222867771
2102.8119507561423
1365.1036669192197
1125.1827432167606
778.716332955159
516.6347314706276
414.5474540231713
886.4159319893872
738.9982921033843
391.9539436649269
249.24361018244042
158.45556954504528
55.38971526503691
179.48649257419362
86.44924769325057
103.75317573761815
181.0713305049604
444.83669319989247
398.3788590303054
160.30817555059474
41.54003844305617
-6.148630499051973
-46.469570708248526
-295.05710393244226
-114.29728458941489
-7.127851235574562
29.300248112052383
-0.0960675310439433
-93.53613546841395
-13.330529568359312
-98.44489090507068
-41.46242120650203
-150.64817090739032
-279.6487509217674
-308.5837065517487
-637.9368901312159
-990.6352995749539
-1249.1787085304672
-1872.624529411937
-2162.1542674273815
-1458.5616245392832
-1388.6368719634872
-632.8366772719702
-853.5504919879701
-970.0985393359812
-662.0177512673088
-16.857054989196833
215.6439437986661
60.94711883562809
-46.69331292419153
175.9062354223512
1436.4704959262729
416.27086640659616
36.350560156010125
-36.24204460543501
-349.7165962637219
-118.4017198148014
-255.97270622871252
-466.1975342903112
-450.5631449686322
-244.98571325275856
1.2481948547660515
-19.25136418655233
-18.71696649015193
-529.9261872237524
-101.4997245330477
724.6833628652591
34.63187999943379
329.90184680911057
1458.38391313354
114.86795143279922
-171.49526273107142
-7.718116947626282
604.4905352603563
480.6091748182983
665.489620822363
413.18955688069946
522.9387284333698
409.0040163009973
261.9902122224405
274.3637092967783
174.1031375097917
100.17407119445622
123.11354095888207
19.81307953160622
-3.4922572781668175
-40.38353844282745
-106.85568803518414
-191.48282851766538
-113.12484083011948
-170.92094941127004
-49.49342789005079
-221.51889513577524
-378.7707490543986
-477.2843097482883
-589.6616466293654
-870.4180830728401
-917.4966221912119
-1509.6274685158949
-1830.2174248029987
-1457.1073526850284
-393.03403701536797
1153.5171687013135
571.5471229620246
7.096515618886693
-120.3998602761119
-289.1400897408581
-69.03984678397217
966.0270638576811
79.91923617777651
1465.743174986049
677.6099409239753
2373.4342718106036
2405.395188702214
390.14260534159087
129.22330751271747
7.903201056802203
-118.81276048462722
-116.4905646448823
-187.55723043545538
-540.5629819136041
-534.7214660748718
-1392.7552277072023
-584.4281493564574
-2.9145159501492306
-315.9429027711989
-664.4503588876883
-68.00390774572529
325.95479096996587
685.9390448755554
265.6934902078473
24.067484040235367
387.5509001009904
1008.4955341859935
1320.3338315817275
1046.060906785584
671.859350856094
90.07404137821447
-37.188034237525386
-28.524889828126803
-307.88018448700154
-1163.4587920581748
-1189.5108285380197
-151.67702208101872
54.20231709166784
45.75580799855753
-128.47519349163167
-1208.6467117307554
-515.6528776831221
-493.2025877302567
253.34508468485507
-13.018765718991244
-97.92278443021875
-15.017419656606409
-162.04438115265827
-930.1915932222006
-2274.877118565676
17.639618004913096
1031.7763898177604
1051.4391405723743
794.3549870732674
263.52710281661274
69.39662456815432
0.9470234513519703
-32.673731922681895
-13.88154792654008
-27.838591265156772
-9.586246139760227
-99.92011337054845
-29.04475808965038
236.09911942515086
629.3700988486399
543.4155463314142
602.1194741548729
13.209395626681577
165.46322926929253
200.12500842343496
253.9352241923329
1379.7772873027648
1996.9512802104941
180.77310333735574
602.73180009986
1441.9678414476398
2551.7511551676707
1914.7046361109294
1246.9519181647966
991.1357426325133
482.9349305176804
126.45052435687977
-2.0786494103060833
-231.6781600309397
-865.1698636878091
-617.5325315149773
-16.001896954710546
0.013089478905969055
-15.117423774622011
132.4720307018691
235.37067437492712
60.129909311665855
29.886672900904355
-5.70732815479314
0.059131353486538994
-117.27025866403561
-382.5207265641194
-477.40000461188197
-210.5058520251371
-737.7167014895156
-1582.572266931436
-1538.7488915530676
-452.1940214746396
-181.83236285059806
-592.246095568772
-1826.417509781593
-456.0260974854748
-68.79978164591135
-13.07452389654065
-100.49865959308042
-441.93589645632045
-373.45906403810756
-4.006083604551827
67.55938939113094
150.09228395567717
104.08406208633339
67.52774311075076
22.671743249214604
173.62226620782627
25.21843596668274
6.8928051163764525
960.3898882643812
963.0989982484476
963.3550729266306
567.4175244199098
347.7297748025186
0.12782153641826957
22.70164582375914
331.52885860866496
58.150558187095
365.62738473640377
237.7520074232166
145.41363952127568
177.28217196638866
96.88661161113096
109.53044595070604
173.10068647986347
71.29599214751212
61.26367259876794
57.590566191745474
52.39326541463806
13.868743755551101
13.764664527250362
0.10629167581675518
-3.903733912443874
-0.0003533215654106687
-9.054798418792021
-24.075959255448897
-51.30731568386807
-76.33025508832834
-41.967031011671665
-92.91558035092783
-110.13978620425273
-174.1191790585462
-302.7177687396684
24.211809487208708
104.47559262509225
65.46542633798651
76.544977101464
58.800235536345205
100.50231581714067
95.29635431602631
145.63128954244112
42.40251453583537
28.25135850348864
5.430523388229292
-10.85410211527428
-0.2756051438874823
-0.8656620127028631
0.2813530695669189
0.0009687859188274055
-2.6787393147497998
-31.3580673182039
-118.30785731639938
-58.973009810903655
-83.5106875227356
-90.86923929499028
-215.57185710182796
-166.642094321416
-516.5607775377464
-336.0944319226588
-630.483482048269
-188.1584425213025
-458.0003448746012
-467.39941931173803
-974.308271362419
-990.1658681569518
-1467.13971256458
-1098.1975729111246
-1705.0954911483218
-1138.7420828231975
-502.6256723059921
-1284.0561055962555
-2164.898490983444
-718.1790594711917
-339.92742327955386
-362.9942255974205
4823.359466862402
893.5021651529005
2200.001209098501
6957.962205390182
4444.0621371335765
4649.080065148099
5225.805324117716
4583.409702831741
5557.454708831432
18985.228270501582
-114640.38
-40054.270000000004
5210.482102350059
2383.9987519398323
3172.068508984581
830.5151371697362
611.8590360726491
469.76915409005227
267.4951833897265
2850.5129339503274
3732.5895412870423
1747.1260103730688
1529.9777070768678
558.8792903829141
264.46913855323044
106.16891990022253
0.17751185226469973
132.56773467284142
379.28688203405926
34.451736898076845
870.4973671268057
-97.02182903296662
-372.53078999110966
-505.1181537821209
-70.18056536791102
-272.1951622280522
-31.778403515645383
295.0084263192251
636.3978859548039
20.86084425548742
-214.06161873672994
-238.91560999768143
-1.3510923661176468
-189.73008424125248
-1159.5879365041337
-37.374282614994115
327.40285977635943
2208.3620903069586
1697.530845955662
711.9957680345801
346.3959486515695
250.69059519504813
64.25137088539677
75.29746994035197
-46.38150442063056
-0.26938604049354825
-34.4142532762485
-308.44068056726513
-542.6929575152818
-98.2331069887939
-676.7778632241873
-1231.124099121555
-2743.8594501205835
-90.79923908938547
-178.78227583528772
-670.1112225835528
-2270.320454972748
-5966.984699405953
-1356.9389144801726
649.4856761913061
2760.698964426564
945.8850642147123
401.72813743772826
1335.8168266180508
42.190346770848095
-8.452241698014731
755.5849655311865
79.34249243757348
-177.49410215849895
-1016.0463958547858
-98.18684448032363
4324.0086634412855
1909.3658007304937
585.8966017706023
734.3869062466641
326.559676984946
2.217155432296797
-66.30307628703346
-68.89771774519622
442.86128624820196
97.98505392120214
0.0004108322827297208
-53.45676270858851
-267.45586369513387
-7.563722712231215
-2.8221913818783753
-70.96116711744179
-119.48548104291926
-390.00667825815594
-923.7041063404296
-1461.896845918921
-469.34684270258515
4132.778803172994
2355.1000439924196
1048.3938000610503
429.8600361702854
153.61120664878658
0.12635610552701906
-31.351739697993878
19.853085189626327
-1.3373459264736358
-588.5879881154581
-556.5280913154206
-2120.4152051616666
-1821.3060275032722
-2799.1356669355027
-789.2367618300129
129.16350284154998
330.2618944843582
279.6136995380142
705.2363258307992
931.8122735661091
1359.9069365456257
552.7736406958481
345.518346330568
74.59534797799141
-0.15605552966257566
-0.00039496429070994346
-129.3029026633707
-814.582221536044
-1761.190588611244
-2168.2336550624705
0.007474986021741304
914.3296084910418
83.66973238880917
-16.12975864546491
1.1978552915983962
4.139978648721524
-27.180243332443276
-896.6876421905722
-1917.526699258257
-2519.116455169342
-215.76376862824657
-251.82735828105834
20.388117180606535
268.9795647528863
53.04613379157044
55.89521548059475
1473.0065339262376
1260.3617090569064
884.5439034323035
1036.1485858471353
95.0063538678752
6.741500687997781
-93.83736128859132
-262.7388158186392
-1048.7023625080444
-853.5753282363231
-1321.4477370198042
-2099.45161852775
-3165.916453483606
-9.184070097772956
-4.105777132354259
-561.5004271566485
-923.9852545970409
-52.7987171769021
-862.2763528178839
-24.42409385749893
727.0111882531783
658.7002605938318
595.9018296672134
365.12761828200536
216.1922172757806
29.669638317013845
0.36741170027415276
-146.54180626835173
-1.6037099054110038
40.779050045942114
664.4691995913594
591.3224723990317
335.04543198903997
190.37715522489538
192.09633013884502
100.98429356247752
19.344800665472704
184.8162573213262
1296.599323853607
277.75125206566173
29.460413534876054
-11.755875408098303
-10.12227955155579
748.2392040024511
640.1376000378674
3006.220763014542
738.9092827549237
546.9987414803793
1146.6400505522624
961.6466271830527
475.397146068633
686.9871348708913
317.9135363535747
257.0019016736469
98.20156998078431
13.92656761847834
4.490121820059961
37.89029932179321
-0.07509547963168237
24.952893846133847
-22.36236341134871
121.71272731956068
-14.057875614446129
-24.27725829031135
-232.42704486642594
-1141.3276115772126
-566.7229818933978
-86.99070844508284
-60.80492996439601
-21.461290963163385
-139.3996519406321
-189.87124834978476
-198.82189603792722
-137.5771080606657
-74.60313262882737
-113.89025417112914
-245.2326254104982
-173.9940410806513
-215.2362339663948
-25.770950500459204
393.30362424014857
682.8479277258425
57.066605974395316
-42.90031657547748
-293.4351182335289
160.53251974067126
150.6919467542898
117.74598649434263
11.840861478134157
50.251377518853324
-0.0071318261774752575
-398.2396158591723
-1769.78357265472
10.89535397476238
267.1326535994146
36.66542904419787
-143.84143260017083
-1059.8662289236806
-1937.960111499488
-16.04657568879747
162.3075213735184
365.4907013958058
194.43168455195118
237.99099183888302
121.94222440663543
55.98517592149443
75.2806702040352
21.74776542845963
5.51089441588972
2.3276731524590684
-48.82370827556488
-66.97387656281904
-281.5232497829736
-210.54571750901985
0.8001537638850849
19.587390025767192
1.131197291762027
1.8638079466299833
0.5258194066580693
24.051244423224546
132.74981744686903
87.45843369854519
244.52264925113673
103.813219935816
6.078447854039681
6.334114697600562
-54.22176670975402
-144.80564227535058
113.06201564992406
151.04242612387947
42.721828351995065
8.727054071084615
-89.54041558288861
-488.2792769544187
-1482.7659655361158
-449.51434337471443
52.56392144966625
61.72076413230201
255.97911789179744
248.68085658837376
190.68332828332512
79.8875312060886
42.087877003414334
109.31703032824936
71.08691554280504
14.336168175220186
7.731233079771013
46.63287056403103
98.79177356460967
3.040074428072098
24.74294015368508
7.383244227915929
-3.2056931252024174
9.458968589406705
11.780646076261114
1.3649234467250624
10.421866762948412
12.40250632084743
39.38427010477929
9.28788025799011
29.508339321709027
34.07999484670048
9.946814942194376
18.13599273443299
40.8529484753035
7.076142244087517
6.174313682809051
2.314228388416486
-11.032940720317102
3.6524072025304943
-0.7943840926622783
-3.852377378265146
-4.514591044762784
-0.1739579485900299
-2.6792546551875605
-5.039227419679253
-16.81450215778863
-62.4185523824563
-16.318202913147594
-45.89840305684918
-75.90706708474947
-76.83778743745182
-88.28643661764215
-60.32010740126542
-124.09692103109683
-212.64009524524468
-95.3128537779208
-132.85815966289175
-305.0228598445053
-208.79740594260937
-147.44837717785362
-563.5662189187531
-244.90728181476956
-562.010953304292
-372.34363996279615
-619.9445844145496
-588.5279589987855
-828.6920906514448
-705.3339290778589
-1139.8792069547574
-998.8495374622325
-346.21144118749555
879.267981015098
1133.488710191504
267.72041935440325
181.78539037899304
5.660030727584504
55.455645529003455
529.3364736687552
988.049841642202
2536.5025049555647
4834.040395134811
2112.083777874273
1074.627150702379
327.6056299310833
235.66983533521264
17.680696363514436
3.5850075249941873
264.29210252950617
2140.1238345900215
811.690002635704
778.343227330578
930.4242010198649
323.4254276216562
185.37839915581964
69.86080479392083
24.646578120919617
1.408517901048761
-66.07091278611367
-43.04710829065195
-137.18715841157098
-266.5391421279563
-397.63567359594526
-520.5048700361476
-818.1536034981948
-1122.8543909890252
-1632.2033053390549
-2632.904314945511
-2729.333487871721
-896.4927368597497
135.04326594389016
11.44048200469327
-5.682796331477241
-115.0554435279947
-159.51589360522235
-55.137829345936694
-26.621623621009647
-231.12146111694938
0.11239145337641807
-220.59698048892108
-811.5449000424255
-3577.6413850804292
-249.44785436132338
0.6530196004266513
0.0041392523726837905
18.835985442524482
29.389410166864916
9.229174201641168
520.0994578194299
1161.0861816509512
112.80579693787779
124.03120264153523
251.03882740425956
218.04740967266463
58.19184060658341
310.00705932726464
2041.9559872909545
548.1558457879623
235.47508612986428
668.0057310988739
1126.8723462705432
516.4283824747456
607.776227393505
2250.94509541849
653.3693631172857
277.42192592832896
1465.5796087887652
534.9133383305629
278.31465166758284
615.4617367646225
62.15664366100634
36.84874948273915
726.6660096380676
32.84224699792358
-0.760043304439816
128.09161605468196
-0.06060281693368958
71.15009157364582
841.7037840406272
98.93228773350444
92.48000201449163
77.77476866808512
23.092882784487728
1.451030777793058
-45.97402432623445
-128.68089539897153
-642.2225625036941
-247.15253142735853
-118.57457079072493
-207.50166833945417
-931.5235449114325
-126.93651878980523
-208.97662676274828
-777.6672130283393
-190.56772450763785
40.614445350587815
26.31533710044372
38.52539562905496
27.19817309344251
-2.89683912245334
-91.75782452570319
-386.5750848530985
-714.4709016577337
-768.6475653664293
-1414.778579672212
-1588.6001507068788
-1145.5088406368243
-977.8883169700476
-1422.1428409900439
-1941.59818220854
-2135.1294063668206
-4194.920602372734
-7805.443579328932
-3022.6230008504235
-3232.246618994637
583.775949517911
-2.1153293368512056
394.3466673530129
757.948640443525
316.8884650515468
54.04938089443223
51.096969551077045
2018.9143683871223
918.518705842883
766.1938916625235
292.50606534446223
2.2310644469319376
157.32666921578272
96.78469399310376
3.1708272079293147
12.041390224679784
-0.935757885441013
-86.55886238809882
-660.9535974119497
-2256.645647333591
-1306.7755481640102
24.61833497338053
208.7965846812648
91.13416144561724
-83.93061210313452
-860.9408796069195
-2149.122597702717
-1250.1392839422099
-1185.6864338924345
-503.08316435336997
-29.055411210960585
-7.9951232909289605
813.5948486892981
37.3495079314974
-611.2284548493302
-555.614304950458
98.61779021857862
426.15865415879057
-36.2743159242342
-631.2762537011243
-380.6614203869414
-119.16085475793
-8.616044394257315
-214.9510126220011
-335.02119197587155
-129.92710868899886
-1026.1269619237273
-2854.8001473578142
-4188.259882879222
-314.6180281929081
126.32196167553343
1016.8565479781101
1894.205490886639
1907.742122664234
1751.9885137963504
1713.4137444333423
1110.3882900559129
1326.1699440127502
793.1342200285169
1099.4824451670706
874.9219834339477
702.117819506399
547.3404703780546
351.5079084376233
664.1197051086835
358.2628255846968
333.22598762685107
364.00390460257915
243.70418596180798
272.37909929156365
211.31379630911795
320.4167405116969
104.43489439193908
86.90789313416725
118.07143657034156
33.307431447780274
101.91451979072819
59.58986622624163
57.94525809336365
28.639579942999045
24.628364173788704
2.623090370534819
14.844976709660653
1.6005805782402533
1.2138174813136442
1.2191446002882051
-2.706010686464066
8.399980752241913
3.4314709918619117
8.25461067010715
-55.906785215546755
-3.4174205468877066
-7.902222847495901
21.39481254719727
-6.411261011829868
-0.07618835780341474
2.535185799937222
-10.928716211697694
-24.14544125129966
-4.008296381238916
-21.22619279147015
-0.6357155278664939
-1.581152076477829
0.041103922633069556
-7.135776250676269
0.32252110234120646
-26.28676437443228
-15.263794809617764
-0.10031300460568503
-4.784951059530354
-0.698638260717718
-3.0386208401237322
-0.0671109549532963
-0.008610834737951158
10.119864724071185
-0.09711922183160052
-1.3591179873908834
-0.4396667581868777
-8.737306806539234
-39.50601549322421
-15.766376384543896
-1.2638586294795575
-13.26320550702146
-14.666816133367298
-48.270273334771574
-19.47156544095298
-0.9001424803015412
-30.04788215289375
-66.28367464983249
-20.667843171223904
-15.409044538776683
-17.577326656278096
-11.850404803843045
-31.76198796753492
-87.08416547543804
-5.6507149949445985
1.4532446433881596
3.832600226623866
39.912188489228
7.399126695724508
0.00787378324091411
-1.8417410983925775
3.5317386448470387
-2.059258230465446
-37.75553517040895
-27.240586297854975
-28.910866241902212
-22.570855439921253
-92.29996673475935
-81.3155620364809
-109.17931263605874
-14.254092553897646
-36.21863786203532
-43.17973802138122
5.382379594631487
87.06979098101725
40.498235308768386
55.29432286264214
60.06138978453832
79.31546522711544
89.45826324344111
196.7786711828477
181.53901679187211
247.4324296886665
112.87692884080845
186.31454778773565
143.98037948290718
46.528522436005304
149.77293043594452
28.720745825748786
79.49588301056454
33.378485025607276
110.14066141260423
32.10234939357129
105.06971223589827
9.747489461120209
7.046853669908451
7.144788829073212
36.70937319528839
11.685411088186349
1.7987817600857738
4.60572500254808
27.424921379903957
-0.001706066046666896
5.787205048860895
1.2787163138186246
-0.5706761829910537
7.696511752492863
-5.499133420932056
-4.922038703630731
-3.4605018089016735
-17.373265809454093
-0.05463334427714348
-0.561571328734079
-31.259266884352886
-33.35781625792026
-76.97396008556888
-9.351311801212377
-75.56726496296268
-60.92082054406813
-80.98690942728909
-76.8959220327034
-127.52991604953216
-104.9717986051614
-185.56064300821657
-121.25061887842588
-168.22151302133022
-156.74690613290102
-234.54433168621705
-258.49460954092575
-326.62039816415046
-329.2491510759867
-382.8230113131248
-327.6176275001999
-625.5908097134684
-455.27498695677923
-958.502642014064
-953.1667997096969
-1021.8241761586914
-1035.523404558122
-911.6040413417264
-55.23703695721066
137.29865287541833
2024.4569874714095
682.6585218523468
29.295756327660662
9.310914981164284
-17.0720034937614
-64.31132021873225
-235.13269160896076
-373.580826330966
-472.71605365554007
-465.884442920223
-470.40080181589775
-884.3670371242255
-978.5911022724508
-154.62954212511946
-243.3679431375538
523.1892934328025
960.9892923651562
49.381526354765086
-35.04483349090882
1112.3823278835084
838.929997726218
2729.8536197121666
326.89779037811536
189.9293206137221
101.51203331817851
65.82718899255363
-144.6929752677911
99.52291456199349
1607.5738553517415
199.90626205991023
-245.62354072194535
-701.3592780093729
-241.80402856293492
-333.6330969767657
-1376.532209796166
-495.51978419373154
-287.99423410560047
1.0354010648127363
220.62026149191075
-1.4064759849313868
0.04367549986683725
-0.37888759720369025
406.20267629129984
2876.054077270271
2025.5831028465327
1128.657241424713
698.4736159075405
258.88242326441485
145.3266425431821
148.54870313626648
24.617769514296853
-12.081609848720683
-413.354805281412
-28.38387924906655
-29.09306510095924
-155.59373351451566
-203.59107023332743
-549.0990157251199
-1036.2336798089757
-960.6188868698689
-716.4186812108599
-397.4908099893971
-241.1360453752368
-230.14110000023643
1061.252177556581
248.6188554457172
476.26280011331437
141.870919197367
-124.85032387445837
-4.986431842885375
376.696795906496
344.6151115757159
350.42231809414153
360.361407719063
57.03128140108071
56.694332731808586
10.684220519899068
-34.77095601413298
-438.6824442351022
-57.909488610742066
-654.063553098986
-276.56423243421
-88.84783194900689
220.7296934604606
0.3931123404013913
-125.39895350774881
-1357.3619256245165
-3201.2347000174905
-421.1703023728226
1702.5794229156027
1798.3032471591946
253.54866869704708
634.4174840199288
-2.5768997798733935
-446.7674625323414
350.3348194066301
428.8284940032496
287.45623529934585
1.408803431434094
-363.3074430509915
-275.94695325873835
-46.27746448649267
1015.2475038527607
3316.0299912512282
528.3579781034001
16.598177277136458
-139.0036862985806
-737.6042891725813
13.469149276682975
310.52392856332364
520.9306579118268
102.16783910824786
-7.205050602819201
-640.6951988693506
-401.3445296586036
5.21152603917583
-1.9617127609568246
-28.540112713542605
75.88255636012971
115.51977830108679
-247.0666586544318
-201.56372219184155
-1330.08596443347
461.44579669194275
1256.297500413981
615.4668508999862
277.95648358581997
41.072680785548926
-82.99410091976691
-234.57613523943962
-401.70613895007193
37.10274471447239
1252.1812765159193
309.02448344094364
-11.90020618995839
-202.7533013512766
-949.0857295877593
-3292.1437580453367
-1599.2230753678682
1795.893765902257
3278.14442588322
1693.025377242177
1125.1597687711744
819.4161491083921
404.8593546732663
52.41666857944377
-32.91917007951186
-429.0602243482841
-254.0237757694237
-158.09153439141198
-574.3224719005492
-2179.9899320062423
-2975.9731119552794
-5110.7884470702675
-43.4455499353559
2753.43581530933
2011.8672688253637
1029.351045726519
602.2247751145005
195.21054369252715
164.01279195705297
90.30749491950215
0.7786185558360428
-47.176067492935175
-200.70981857302647
-232.04005978232152
-642.7688879870185
-137.19864692173903
-33.114593658512206
-65.68777617151584
-53.05027171710777
-379.3418136691254
-87.6933763403182
409.058203891925
268.2050011263563
2.8133443039074
-1.7582480560277811
25.9943308134638
67.33861068049487
-1.6561785461429346
-56.677472184842934
-13.374135620677224
-130.65318274472816
-1291.2681723320702
-453.86516247005216
-773.4208920827939
-445.50468358862474
9.03654427752072
-275.6663583232249
-252.0863684764436
-4.374905183808949
505.26844079961927
1195.265103291521
160.02103086373597
-78.62649609490393
-987.361773913242
-18.462163996970474
-51.78903107972056
-171.65561595736244
-0.32362203693194325
-356.4463220422725
-1597.6826926246185
-2062.6137523920956
-697.7450965721855
-2057.4763930313316
-1441.1978839068415
-351.51459948670225
476.1276209094504
638.2161492990735
533.731554670835
356.0636282832889
551.4060020300403
530.3970107248349
468.9091021275333
287.4214676701744
393.86113942516005
1910.0621460401603
2553.436084147991
1885.3969884252053
1465.5636876515364
1333.5213623808186
862.0099149355069
747.3051882796558
415.93294436921013
549.5760204018778
350.43672203047714
104.62419382676798
60.08236758836683
37.29142721998064
-1.7037187323654208
-0.034351281234592794
-15.955168230652138
-12.660619948060885
-15.553368391505597
-37.28226537990369
0.04457958652774592
-0.8930157911872988
-88.9384205838612
-127.37236502543183
-193.06304669442392
-204.3835966429801
-68.15620435857625
639.824286621267
299.6576958026345
144.0701511436324
-0.24907384365552032
-36.94461384537682
-212.8500725637337
-758.22142599069
-771.5264322893029
-254.17105503892054
550.4909871367369
390.46190790575645
247.54973890618277
22.521164787474056
-24.38270158463032
-127.89665584921616
-212.37417367526024
-263.02806583979174
-841.4865921422765
-1566.1263773746064
-84.17843223662928
503.5327098724355
793.2180425079522
753.5878096793946
1967.0565944673735
2013.3570401246443
1178.1239941526542
984.899341937286
885.5400522053087
586.6308942855928
475.5996455991452
89.14151395291367
-1.3617386112193481
-119.57362103758906
-51.25497581724336
28.876867684738027
85.59892945663427
160.72117295644495
36.81003405708113
50.788122183166955
0.20358131425258055
0.4329126648419729
-12.09328771240917
-4.686371824306949
-45.147845654688766
-217.2005204281316
-83.75120200655967
-323.4886048243918
-357.02233567931944
-396.51524635773904
-548.7197120417097
-1009.4788546459462
-1051.2231610160627
-1509.0756261975748
-1501.5224986172746
-2459.496446279424
-2388.3156562264576
-2078.9184111751715
-2394.9396234663527
-2607.417174277322
-493.65795898459385
-184.42690924574447
268.7633669787651
1768.24441883679
668.6243837923827
1485.9459173591556
506.6386419700739
-1.6064662132266263
-22.912307791414925
-541.1899912448484
-1372.385268353113
-8.86965833043724
-28.64945927083047
-46.44121040152661
-135.33881316756873
84.2770250155054
37.20514127871563
-40.178930180990946
-238.61799495387007
-684.2122349217052
-82.29950688470703
787.9773520805575
3167.1534338373185
1366.8079707867946
677.7809277777849
1894.3246348484322
811.2085581513034
477.218653957331
548.2734605964721
504.91093486236383
3122.42490631131
1802.6445831128408
1152.345032956503
282.15823627278814
22.94584602190999
-4.5577974089409174
-116.12652731994024
-283.5817386870673
7.438379870850963
832.2843259663318
1284.9416877779017
995.5812762573632
196.34439998527995
86.55045106958453
50.32830543444323
71.87514048165124
-94.68980131887996
-863.4145085589801
-2403.613229852138
-4121.058110969034
-3961.4166490290663
-3272.5953904678627
-1708.6543881403968
0.03901047150781473
155.46742150573135
299.2713834585723
1613.6012660174545
950.193307087789
1018.5038140114491
509.2197583941247
221.9916735191213
31.17213037907448
9.00851018288272
-0.2863913193297435
-91.77683740766133
-249.96370858233084
-219.8448429644008
-578.3653764443629
-1504.832254651034
-2914.178490282511
-4159.625744458686
-1548.3488495148245
-340.6230769333053
-68.799136117362
-283.4391916126771
-895.8311509777757
-3708.3737346147736
-2073.175350430641
82.84083710823914
294.93479459178405
627.2140803155248
344.90158653258
16.84790491052059
-35.233660131583875
-52.360370954272355
25.10297491648605
398.44756855809624
336.94389355639
533.3460014701185
298.64953434775117
69.0787725556093
148.29565657515076
241.6412625277269
1003.2527568844548
1086.1276531464146
979.0976564467476
537.3630732602367
511.13720335597384
497.95531029582645
369.8217262774549
122.83703283793149
198.3370017781996
238.3566513944848
279.9708428311185
185.04521077131997
263.7625182839896
72.45043567610978
49.88599015838792
39.18672997012788
3.87928293633007
-8.740904119979678
-9.811625153647313
-79.6484025068732
-44.76635175399896
-43.94002001330175
-185.80529401346365
-173.68737909829332
-163.98075082764854
-199.40652314157768
-399.7056187114181
-344.53788854074924
-611.0572511503157
-813.3975411229142
-497.78838022954164
-342.9058997310831
2.29358289735438
963.2896533468919
170.01397639516125
-17.666950353644403
-237.97829998614196
-711.9787128071874
-1862.4520623905728
-209.935655411982
-2555.22301293631
-311.14183110077295
81.04436344489089
496.36041474203387
620.1256493746178
628.4236126895557
844.8248299354973
973.7146160205207
793.1870242002462
612.7950643200559
871.4119770422815
499.91509097438416
331.8023716018711
170.98177987107377
196.98255370649008
249.987432922067
161.46629168624276
207.78432897288909
168.85442569408755
62.63043763456641
76.0917667679679
81.07260741649483
91.13938114839775
38.26141973239939
40.55001429432012
9.025634553924988
16.007991225321362
1.9931564009699552
16.72878390601111
69.99533697254952
37.4563309178188
94.35595971809899
84.81075655113266
34.2073530632902
0.02566505088055215
18.01405983474448
6.729482509773396
40.37478122180627
-0.9875795345557395
31.05917978792201
0.6456273806197534
2.207091159267998
14.995535004296087
23.06209495858501
4.101941107178814
11.472297202076378
3.408474846875937
11.233808471288626
0.1805104393639098
-8.548235413041395
0.2897715769817931
0.674030039251331
-6.939140566302347
-3.4109873005199054
-6.6481900699295196
-100.45747396433954
-207.93835492191133
-449.983746409432
-446.21098716221985
-204.1428917699065
50.211979611920825
70.02830926534051
-10.783870887479914
1.8833504872000963
5.726518495800153
11.212064370795488
-2.11277505172857
-27.758756187591107
-83.05925909302786
-200.2909481460719
-109.10066856374681
-118.44810917300995
-262.3350782311328
-157.09416937402008
-159.9794976238467
-238.5977870166446
-357.2047897042122
-205.94341574441
-297.92764967542405
-319.67820910429947
-546.7753040476281
-324.1353634683795
-436.4573338014849
-548.3112959442556
-796.4974319178275
-999.2081646605723
-991.989736745045
-1102.6740513725686
968.5837353131501
3126.1871658797295
1531.7118963668354
442.7453210495753
31.257107549331536
-157.8709981555908
-458.9413502060927
369.26943572361574
413.8443671119525
19.157290919550057
-29.23886985283129
-957.3418283115619
-1939.1446858584281
-2324.8511739135
81.61111976255609
4.152678835115896
50.292815636461185
320.4644652239361
345.7906804184603
300.1995827089583
377.046494614164
356.38969177738943
294.5838766867311
613.2320844202923
469.619505979612
384.94609341307546
331.9663347864282
240.1522165014901
390.1861615326848
280.0305776613655
145.62857404841543
220.77123098831564
285.80331880945437
263.8991071227806
269.0029319577225
106.67143003953193
93.28153102599597
56.22138196256047
48.404319772532396
215.44307748933912
50.19774020887999
55.28827088045452
109.07359337516517
99.3690198660599
35.926098270511375
2.250604113267727
5.088621393741908
1.6898380599686917
-5.0864996773835385
-4.868275627129199
-6.244958661087388
-19.493540810889016
-19.3612140986763
-62.9152407583407
-13.771195187744931
-103.89043725381944
-60.45260728240289
-137.70246605080337
-106.0358463304298
-143.18246553611107
-218.7328375172487
-134.77785318161295
-238.87096596841985
-240.58519226199226
-236.10174744999273
-350.0241653763317
-545.5618940004499
-255.34418747673007
-519.501151289433
-842.2466685984364
-680.5214736061039
-766.552270123544
-1068.685176558515
-938.7609350009412
-1288.2881645289335
-1358.0474776397732
-1709.4106335002723
-2186.646485229869
-2079.11766331178
-2920.5200587702793
-2143.3884493109167
-1906.854820273771
-572.6630266426367
153.18499129725106
-0.001579716862444236
-322.7489509952604
-2.9038304682683322
740.7023956584964
868.775338712268
1334.6081166637996
2053.8489806250864
495.36113815170796
1720.3222696879081
2904.099008072989
1110.5014922365715
553.9801701424337
137.15984480651264
-62.870588964924885
-401.6806756960773
209.77154652261822
1705.8672915265515
933.0810244913775
1216.30072053938
375.69765248283784
-0.023841172086270998
-1.0692967257611237
-2.8567523839137818e-05
1403.1003775599909
860.1382089985677
219.09464011105865
144.91804344342378
587.0628423006846
129.2101063004295
61.18503575930963
4369.032618393794
2505.631839099236
2483.452811896183
875.633425912667
694.3364603026198
197.31316977494208
676.963819923644
2666.3611656882017
964.9325048532552
2668.8868520742653
3589.650448270625
4903.882754856602
7997.780682056014
10363.356663331406
21566.832740863523
54539.29074255134
-239263.31999999998
851.1743779281971
-106.05444287735624
696.4307484936078
185.2949380197826
-70.43832222091247
-483.9880956219022
-85.82616955066197
15.06391611720218
-111.49466985467902
250.7613390479842
131.26396909589008
214.8794041849926
498.5961891925626
27.72993557999703
-0.0071571729187700685
-25.11171113898699
-290.0018498707054
-714.6912778857381
-944.116875173911
62.92388891884697
60.75080006178507
-68.14850946437416
-154.4915617141882
-658.1390065110364
36.921826036656824
1228.1686216167057
480.91062544570127
-141.86214261188303
172.52926098732382
-2.993385449450292
-845.7982304041991
-239.25474505996806
-60.49026830313829
-9.288327141937174
37.3041052086147
50.49970970962745
118.40620968516654
150.35239225718902
40.15607492636495
-158.85584765873355
448.19438560057415
707.5934359429602
67.07430575925399
439.4303323783149
378.6009781116629
259.698889754029
157.77709718381305
81.09150765923762
27.98617095483548
-0.1313850550084788
30.450644905429066
768.9850763787019
536.8210899689782
284.25884295437163
119.43422105920868
5.855429278476039
-55.577095927417815
-86.31716453201474
-275.0883480414475
-962.4787688351857
-1363.5722311017203
-1935.802001838929
-1262.0317764087056
-1617.2023464909716
-1171.826193119977
487.1115497837498
-101.94766919238516
-30.57634452333218
-21.696448163457593
37.29187747181645
25.55840963791004
81.28505492774995
3.737599311176565
-112.13514011728127
-667.9273681372556
-1741.7969884901513
-258.0421045831352
-0.4194651204772839
15.201576894445532
116.61898158658421
481.68993255273773
403.5453396137713
56.21919909749808
-0.7514465440903998
-47.88628686492178
-35.65503078098027
-40.688647940487954
-126.85670394698951
-498.82115079692323
-631.9260826999753
61.96191191620518
146.43758309701093
723.531284756107
-44.546093217861326
-478.04864537705345
2.6517627412070244
-317.8968895712176
3549.6647679671023
2725.5312623401296
1067.4238487753983
227.90049587008338
3.531208758652868
0.09061493062451267
120.43916701053848
83.08682286990168
-169.76217962667758
-73.21220363040786
-164.83967808312784
10.260183802156007
5.801150929034365
-1371.2976691443944
-6640.242942407824
-2243.2549717089655
-2735.2282601744655
-2869.9369347643187
167.9436869989521
619.4475321106936
1488.4694632791359
2777.0814642908995
1315.3975700781975
35.37041092944514
-852.8229353271797
-1737.2492266082204
-379.0989897438593
41.3194555230069
24.1673880259572
375.59649897342683
310.4485535356596
254.9689023226581
-247.19153568524052
-1785.5057043779652
-327.8824973682918
1.9247990159912867
105.98704113695965
759.1097895693616
392.328775356602
2587.6396477927074
1810.0261089337387
1182.163567228158
7542.14398851322
6022.345850781199
8914.777604516348
8211.873077304028
7393.379205201822
5713.624947716496
6587.219863960759
8382.853686512755
7505.792653611568
16259.734027653762
7932.535105567534
26998.77724231447
-203027.43
-11.234266461704753
91.87477897711403
-69.12124455428734
-229.4327168119363
-10.060935449914247
-52.387295973529014
-297.2108777468437
-966.4314618426451
-70.14746820343011
1504.2524107462891
1109.9331478727618
140.55438440100204
1204.000351462812
895.7393253096816
2425.5417737982793
1557.3481346917388
722.81244076909
498.0014617139808
150.25065099412197
0.7028534777277773
-20.250297588740587
3.3629941751810946
-10.00023778986165
174.55302625353775
-1119.17
-12029.0
-11015.220000000001
0
568.2329298936904
40.95858156987441
0.06830212242428263
-24.143847546152323
-260.3129692974303
-173.31699853037884
144.4049001176023
161.0410311777539
-100.5042140630062
-354.01244409486054
-949.5393774484307
-1531.8023635371464
-2500.5113494790257
-1354.2645960419297
-1749.222893730697
-3082.2449806155373
-311.5872779629754
13.139428081211069
322.3566488978339
168.05371016800515
-0.9692103669845373
188.43568475511842
556.6396129874031
-53.25160267009716
78.25060903079631
910.0408095395985
38.49117114849966
-203.16732400158702
-417.90544592049355
-357.49033042799897
-11.272397490472056
0.16647783953635314
-364.27320798840253
-1.0236909295499963
558.0207004245814
112.31555941323961
789.0932660708862
3.4323946109214183
-307.59309885063743
-2835.2385066705247
-415.80610776713854
37.46008946530546
467.61817592655916
750.9782682442366
628.4059873543431
461.0824266216459
292.3500804436678
242.9305171090849
71.3179367225638
49.48020628150438
-28.51121279214535
-30.86077083355587
-86.42549824571235
-347.8354241207501
-364.77017334440706
-817.5368222118806
-903.1733559033038
-544.9838364453343
-140.90514441483867
1.1414348831988732
18.542801417775877
1.750175913358991
159.41689562672002
1441.5766908544606
3062.909786024713
1063.3620822832613
872.9762062374357
2245.90527605797
497.96248384799185
145.97823148286724
1222.5876667236284
2527.2732057888898
229.28549434410206
5.267461496325515
-480.9557248327583
-795.2530110524712
-1645.9091213259362
-235.92158820452326
369.9988081226471
32.154353328376146
-52.49503523199605
1.1882956916122986
-165.2298242254363
-330.66815270410206
-757.675070974912
-1692.8555705816739
-1917.3907849181142
-2.157235933648308
-5.53611694316783
-702.386981429087
-646.4044661036268
-56.4434967044357
109.63489718306631
-79.87050027018847
10.184722026622355
-94.44053223655962
-296.0485815159918
-60.739995412261436
20.513030099258657
734.0198478431487
2374.8950309125917
167.02587353275118
-164.70396765432784
290.02605114657314
1551.6583888692742
4323.098383766711
2088.9065013324785
186.3742998430759
3.1511451043884104
0.010973966254991273
-315.7970413607478
-1319.6374694227104
-4807.999544041265
-295.9294023062762
-577.2179838028255
-56.1284054850026
391.4332026647094
-6.946581456750076
-506.0182866306237
2269.418508171272
4677.0228734166085
3873.6870073978644
2121.7226068868804
2354.0895702249045
2434.43185070063
2650.036909241443
2437.2917770057356
1834.4606038712182
1642.8242411282251
1197.9340328110516
850.1279476380585
487.66601569607354
153.14008343832398
6.765674276690406
0.37670325470978905
-25.188286131127548
-1.6393433943285318
0.04845007393785807
-24.750165853539016
7.461922075714174
16.955117275952368
10.726074470794382
15.375799135770686
-261.76184216363527
-213.46296567769542
-627.2813073556406
-392.8545002771508
-1034.097545502275
-502.55278249820765
-1000.619515835816
-900.076514868068
-1350.316481651891
-2392.6751093514326
-3749.6141213576702
-5167.3314851846435
-4421.178909181689
-2592.6536816040853
-239.79771539645498
595.2896040290824
2192.484019836921
1678.97250283327
1471.6384056929444
1420.9819482368525
1117.5093166774325
914.3192490885244
645.4958918779474
287.26064991729083
458.76313154097863
460.25179491585556
221.8128855604345
188.18786682970781
196.9441890722298
26.608881060585162
6.623572484039133
126.47220821153637
1.1409302777687513
-23.286944860903084
-9.209365222851872
-15.096634589261166
0.042222643283070745
-4.9292191478543765
51.25692624116087
2.271797145439429
-2.5987856239456155
61.31143336976954
-306.6214459007879
-276.2202808103553
-1031.8359220691132
-358.456177818533
-599.0631329767536
-823.6786230115227
-1104.5910210415022
-1154.6263790921707
-284.66936151639186
-915.1602066908733
-1150.7125561520022
-1392.1224952562588
-2748.554505198901
-2036.0183059049991
-1996.0917566913172
-2023.9229849469712
-1000.6883253770744
-33.93061957631136
-838.2402702832222
-593.3491009472287
-152.7887993844563
2945.0539420601053
5431.303099881197
4214.1741868199915
2095.663367485076
732.5452339181496
126.93569130194989
-8.338305351408197
-48.31123265098117
-493.83304475846177
-2032.9950182989294
-28.508471018192598
1.047473192627902
-82.51987419694481
-660.6939630277552
-349.2362613861528
1045.2526543828722
111.06849142495011
-218.38731448318654
-148.26783377841474
-25.74552185469882
-370.17083397793465
-35.195035742959625
742.1255427537296
1368.85193800824
699.150862006278
1624.8263347494662
334.20287966751454
295.0611641082929
-206.90674611420462
-1265.279710791914
693.0042188482817
2341.347117025903
1299.1314627846878
687.1006007900994
335.6718155025478
143.28004303938926
131.03187647446413
53.16111823377639
-5.332214928905138
66.92059134947355
279.68805553828935
113.86338792731165
3.765556197991486
-20.49325107538031
-30.58628591537045
-50.39373479720733
-131.79339635635296
-449.8360359716346
-319.0120691526596
-25.287767455672885
1839.8764510875853
773.9739850828139
-128.56255168381642
-84.55066455563276
134.38278659908286
-4.706285916978771
-1476.057841153896
-1138.4786385480168
-603.3926496406192
-381.88420165563525
-2826.6467166525395
-4543.978430152376
-61.24773473341584
101.0753514626326
-84.66001713954198
-650.6725883729273
638.754602488137
275.64977837890643
322.11757323001166
70.99152677466809
514.0191324270194
865.5649154394396
192.12758860821776
-31.835880225948383
-638.7602991458068
-744.9860734106464
-171.80810174043995
2984.7723352804824
3970.259720029531
5968.212309439748
7870.872975892204
10000.821069660022
26741.99257189784
35424.262880328344
33944.904549842075
53126.40525075115
98511.64562879484
126175.76473234221
140560.4757788804
136756.2307026164
178704.6046602571
202567.4370625254
214562.13799964197
210068.96671179254
212390.26292208064
262369.17210440297
252192.58905576597
264650.5612286545
281653.0571349892
296151.68936430244
331370.1242430659
337552.70847554505
413294.2505960724
435822.6225360996
432548.00749735796
475330.87297014345
531050.5396588752
593580.2753661553
629690.134128557
719769.6018534079
792219.9310386423
861957.0429313608
1177412.3945734417
1463564.9948588223
1729067.8885696996
-486811.38000000006
1636501.3356248692
1747405.5445572436
1770104.824615743
1873574.9342723896
2034928.6125316527
2437578.7598997015
-2515525.11
-1805386.6300000001
-1680374.54
-1551954.6
-1597497.9400000002
-1501354.72
-1124159.37
-1296940.2400000002
-1087841.32
-942015.12
-706075.5899999999
-542196.9299999999
-446946.58999999985
-689221.5199999999
-769433.58
-561368.7600000001
-387170.0
-428956.5799999999
-555634.3699999999
-435205.7100000001
-479932.85
-466690.9900000001
-423283.45999999996
-370009.37
-362830.54000000004
-377242.75
-371167.82
-310319.57
-376550.4000000001
-369428.80999999994
-278108.8
-236311.11999999997
-178885.37
-171304.56999999998
-129275.81
-129372.51999999997
-117285.52
-75464.28
-40715.09
-30552.63
0
0
0
0
0
0
0
0
0
0
0
0
0
0
0
0
0
0
0
0
0
0
0
0
0
0
0
0
0
0
0
0
0
0
0
0
0
0
0
0
0
0
0
0
0
0
0
0
0
0
0
0
0
0
0
0
0
0
0
0
0
0
0
0
0
0
0
0
0
0
0
0
0
0
0
0
0
0
0
0
0
0
0
0
0
0
0
0
0
0
0
0
0
0
0
0
0
0
0
0
0
0
0
0
0
0
0
0
0
0
0
0
0
0
0
0
0
0
0
0
0
0
0
0
0
0
0
0
0
0
0
0
0
0
0
0
0
0
0
0
0
0
0
0
0
0
0
0
0
0
0
0
