10642.759999999998
4924.254423098082
5999.847669895132
8515.215324662498
3769.77503944514
2912.3975309383054
3120.634233297409
2074.8067437020686
2332.2120145328745
1299.6470737596583
338.42724545110906
564.2864593266725
185.87190107958764
70.12871158737343
-0.4546114976423057
-81.12159036537294
-472.9559248318694
-294.42593978869377
204.0022634911328
-32.08876180878395
230.52841609124573
367.12694765637735
777.7685150927662
649.7019872064612
418.8079082410662
397.47707130586144
117.86642739091724
117.78173436885206
22.387262278721323
-0.059316705764391436
-11.843062669873303
-10.478762049636277
-109.67808755076587
-90.63387622311794
-100.32730680204455
-474.15946891058024
-671.1537447425131
-1659.145559566803
-2605.5082393266357
-2648.8338847132886
-847.2179586077647
663.9462698963641
2462.046768166976
8075.41543461618
7103.0980447386955
4171.393110467023
2484.748586905468
1416.2985381370054
789.4436149637013
232.07969849402184
119.57652094300761
55.41189458985504
-9.082501472991174
-23.12614335082381
-207.2826427635709
-429.8807312241761
-952.0831472013964
-1017.4816328829924
-1064.953560788262
-1880.698144467422
-2906.7859197686107
-2022.1955618177165
-2444.9217174430387
-29.031024719518122
339.95943864076867
-26.234937679393337
-530.3312024147345
-1591.9056282433041
-292.0458024053208
-99.22598958834052
-752.4410489863308
-2.2324232013756307
-176.74528716333623
-177.3014272616542
-1.4327848313760176
1003.2624448375964
1097.379225457597
3253.3953289351457
1308.7736363356019
175.89101518016037
-71.33854969027765
-1066.095394594579
-1307.030091657814
-3309.096322151412
-308.6364805823857
82.14847112372358
67.51428927860397
11.506116837134023
980.2990456030166
376.7100353085957
214.4989865778654
15.62686965557066
-5.298729261989411
-221.35274641320123
-591.4432194544371
-452.0429776095784
-31.69632458683175
-58.547772881414495
-111.09590396830987
-425.4465523235847
-328.3123697337772
1079.8859499836806
1187.9878955644215
552.9563873260356
-14.528579454903443
-353.90143425333014
46.316351239431675
3.889232425316013
685.7311091440623
-94.30250887967946
-1647.6931203213505
0.028605652640727133
347.5330048438355
149.71841570066843
44.08439724148205
-5.621764522703359
-98.39201103162495
-119.9204489965158
-201.7936957701748
-247.06764691720764
308.59544744556524
1657.55988383767
1369.224438962682
2011.3303742585404
818.6860089222223
411.56477408939907
108.63830246676497
165.98652447587799
4292.550651150713
1497.6787546838134
1011.7040091111126
921.0122625408993
702.371579467715
459.27669009082615
937.7938074015578
184.98865020150413
4.053424672429921
-113.06759047883274
-374.8750178796625
-620.5358204556102
-981.4235028445589
-982.0239436723567
-1381.6830022218078
-1914.174727522716
-3146.8329782328146
-4159.100441461358
-1607.9628191171423
-1097.019062646346
-1.5637357232820221
1561.5788561071722
149.68098960136678
709.7670738059041
187.34529733195254
104.96776910770608
-460.7456092296992
-2045.7000923369055
-4826.309909750344
-214.29296089474417
-79.75122938197563
353.9845173025648
1223.0358085552562
541.1850967857499
56.45031339515906
-49.01069210763258
-464.4984997824914
-1504.8033075015687
-951.7641440163795
964.6831221011466
571.0602830267597
322.6581757485868
1067.200737617563
1265.0747694592974
139.1523654898677
-34.839935530962165
-267.7437659079193
-979.9968484408658
-2007.4545493087512
-2817.871028263796
0.9624859622040296
7.535246194588181
-904.4969562031183
-78.80711318365125
57.56238685762264
34.28379191778536
-66.07257014247207
-619.460937291846
413.106103371575
378.48950279670606
-68.94352168531405
-751.2667344986801
-1072.171576001771
0.4227801105604707
-233.5434985627857
-1183.4122377105127
-4833.01420050446
-1320.3739435212246
-71.57443333588147
14.328540090566086
748.9120919955595
1281.7013846982873
1925.024702745907
3470.551838503505
3293.9914162087357
3288.7538500323635
2419.0550424898
1296.5767535010618
579.4619669947434
334.52376159429684
143.2084611342589
127.50931131437463
84.4338411810277
114.16164874979563
46.616797125617175
71.13115760037401
7.663836032522883
-2.4365859318381826
-22.34725482397969
21.740361033820268
3.9665535170056865
-18.422569013909396
0.0027932009875000015
6.528025196850636
-5.403494450857765
-0.8179009335709064
-14.12926609231582
-17.6425417391058
-35.36897406223884
-41.96506194961522
-107.18588180782504
-12.244095521880453
0.49359987973349584
94.27192022351136
127.2368446375564
54.856452492726675
14.50550177745274
12.009585467463696
-127.94329500877105
0.15427736899145864
-81.6848540158327
-68.65000384456334
-33.097254443089646
-83.06845299560368
-9.41360482684945
11.309903812984798
259.9663178816344
225.86458421663679
238.44321781555996
321.0894858954278
478.50213140304936
220.13586416556197
399.04722782591614
66.67482474477303
352.84760653558914
217.54346191708413
394.43326051958155
261.9912435512725
267.9569385674015
194.2645949161976
97.96250390013056
5.687619638455424
5.8737066270580485
29.639553978911454
-0.18512236610163188
14.8421755223846
20.37009717653358
38.34939667635528
9.0839153050001
38.111202731696956
12.546955189286107
30.353638942753705
6.013495259140058
4.705240245570493
12.409662345083344
-23.94619629520011
-181.19056365644116
-177.52801556756694
-217.50918214722122
-442.90464738699046
-184.82042457641117
-543.809628613217
-352.4677622905657
-34.1835823199191
-80.1300743728608
-112.36336485395482
4.77642860988966
-3.206299671000773
0.5223857280095796
-2.302631873497697
-39.90528052341193
9.481193590767717
-3.3375452912888037
-0.4140393882127337
-6.579453842337949
22.566657149856297
1.1598927450324061
-3.731154040883
-4.6720186228375145
-4.735981215531031
-6.274207536652238
-0.3486842302822556
-1.087141112694625
-30.538568149518404
-7.347524530989573
-7.325838048423498
-10.885593086503267
-2.6605852601531375
-87.55317378938065
-45.15302289578346
-89.79964538010856
-157.13224404562112
-85.00497147749387
-326.8257668062502
-156.38656427889325
-508.7995410646785
-314.34980910445097
-156.89950362165425
-3.1127289277217356
12.062325431348626
164.84316939234114
218.09862043826345
117.1973684299217
50.5906496373326
112.3168503249517
72.7665701858084
147.43644315569523
353.96607196939715
601.6567003944868
207.5310843157305
858.4851437118762
745.5791260834619
988.9939417733708
231.7835712866992
266.61246348548764
250.82126501712958
184.52259195266697
69.14903426937931
43.158650935332034
3.876355340051716
-10.274566539194655
-2.3436701377225897
0.0575672990626023
-156.53615310780987
-4.325846624467949
-68.50054162522181
-39.73092704510243
-160.49448506472862
-161.32142215618518
-90.99906950585529
6.156118654252991
-7.539373458400796
-43.465686328340524
0.2295122972400775
-67.79469190816945
-10.484141652080792
-4.130579321880713
-14.89264199528083
-101.07250222275917
-5.056310625957501
-109.0041587002297
-123.6845866417369
-186.95646502892433
-307.93595137573294
-254.20858458301484
-420.8087453988754
-478.412062316644
-850.2860352452626
-1270.0441617164058
-1378.2108720626431
-475.2939521879829
-341.4696197749035
-13.310457885690123
4.074324283602534
123.58221940802471
137.48121382186338
198.29930067393667
579.7235016040992
652.837495105544
693.0992120051113
454.5989619494125
482.63636660352296
367.9236835008104
349.8265098840787
126.36403085843301
135.2870420791106
100.79994014083593
208.5423903780882
20.93807867518941
11.88667445158676
108.1896791175477
28.497073695849966
47.36867401107771
137.66278183905584
9.181055560114398
144.23562435808498
62.19887244822836
70.03074801140944
104.35583323776015
-45.04347447205523
-95.98246422676607
-68.924704452671
-148.87391080186615
-141.69787284682016
-129.34447837214867
-228.61615289599052
-178.93726357288435
-592.2286318803967
-254.4393797160177
-527.5534289834477
-33.15247275905203
-98.80495931777881
-20.280884100175946
-32.767002885315364
-94.058114454827
-12.959701181317332
-140.4330179902704
-77.36180977883038
-64.34623706468614
-52.821960650249395
-347.9297490533203
-67.63916149846277
-167.14886500616322
-399.891080680581
-107.39828596603593
-307.1756581916156
-460.69903938644785
-434.3328668839477
-710.4442427670157
-733.2159826961599
-258.48746582439304
12.581274602587117
2071.9201293973215
2337.6782552138347
1288.68666761108
469.6545721796583
188.4917599692815
125.49266334186926
37.76978748828573
-0.009287246307601051
-28.152591796027757
-51.8789869540857
-24.196878224219656
-1.0529928121209589
-12.1555836332307
-15.581798206613499
-33.47809344469041
-425.9385879767452
-1158.541201112867
-35.629349811005454
749.8318604416307
58.289648940334544
-36.58609747874678
-279.1453128896154
-1182.004581637116
-1704.290168204082
-31.81087135032682
420.34540984026637
-34.94895031294471
-897.4416873468797
-1484.6842900672527
137.3105610271802
173.12427530881064
114.38684138132115
61.13819395813515
-89.64639255102404
-50.70080997631817
-146.75586280458606
-50.07616713098441
-2.3480657406197736
159.68782696795955
120.54952603378192
51.10554029262209
34.811951893169955
25.91405750976632
-7.315791801724766
-19.25865006799568
-47.78887143761905
-168.59438585774836
-100.35243019778808
-266.31431111470016
-487.08257505368545
-640.3070095476843
-697.028548185384
-913.9164646458203
-482.33950257083904
37.00125250342086
3110.7215305795867
696.5944149270822
261.1227857285289
120.19103549825726
-218.24729216371207
-940.615666077978
0.05332143637555539
728.6300887838223
-39.96829604453977
0.13113850502511168
-611.5538530318838
-16.14838582878299
993.5843052629459
311.3895307266746
-30.216776071616422
-26.253466078109113
-537.0245380993947
-1091.1639710517115
438.2504043060742
1890.4256102653821
2205.5296888820885
1642.7834315139153
1081.6049057761913
1000.9919165627009
930.974156835792
634.3772301744386
572.6437830234245
405.3266273659528
381.4309123858461
247.83811107532654
250.92448417987043
342.73370010097966
231.19970217132013
28.173172925840483
-0.8461521940977353
-45.93187825154412
-23.88418383963
-78.90454172554873
-77.85597129142171
-39.993797769777025
-39.04876861851165
-221.54078960473342
-184.89908693707824
-148.0805466505314
-353.5367906597148
-307.88240219650703
-443.46152442554046
-317.3674700315067
-368.62565148237474
-526.1346872264725
-632.4908405094269
-590.4982449188389
-554.8448173704105
-565.8294642231565
-38.305990519350104
-111.40799965763743
-3.427716676065858
-7.866418615171675
-41.39087442850499
25.720202734036736
121.33002578612835
628.8473455237918
2799.956147904359
2348.415192660376
1354.6151775615608
181.9539513404127
9.636911126782111
-248.38976647047582
-1548.746185781854
-142.93207134640932
-29.129512163445803
-90.53833686261729
37.98830487247925
-0.22744163917159646
-24.425204890353733
-177.3028622333858
-686.3204270955481
-882.1014123621317
-454.4084055622787
-300.61289120827854
968.5072239602873
-3.6832716845850326
-2363.5547887279763
0.024299675761912127
-185.69461105997897
-4077.7270481760734
202.3375958133784
788.7791471037247
527.7935444081925
251.88388438465785
402.23730819037394
387.2220427011481
254.33677806206063
105.06142288163886
307.0116272522233
203.14323774075876
152.71265555421684
44.8805694828317
60.17905477131282
113.87740190635206
89.11679176459415
-3.5561749801034503
-99.70143226581574
-23.215894041240382
-96.05675925385589
-324.31938140745467
-315.8210054508295
-495.2982184791465
-690.9115229836533
36.51527791812424
681.7285052980579
1023.8073071674797
795.4465593873203
779.7709271705853
851.4856775990671
328.86256915446126
170.28234042748176
1.8116270405109272
-15.45179592203918
-74.46723566264998
-144.92268439985088
-107.7930672799652
-302.1009225850958
-377.14204734915324
-495.95791587409207
-706.3525118331518
-902.1089549747206
-621.3160779595635
-1115.1965226044322
-1166.3170312698637
-1441.6370961158225
-1792.8714893050008
-1566.8410614341146
-1009.2992053167295
377.75585934565447
1100.3563359059867
72.53754247318932
6.014278567200416
-13.070620363314655
-68.76879852371559
-203.31265456030425
-1291.2021114438699
-2026.9325531092825
88.94830337278194
5966.753051511555
6074.808140005011
2933.8616916476935
1402.858214416585
1983.1756858597757
1196.0333182447068
268.56353260598894
-0.2463823428466815
191.25685556972047
1229.3309644111027
1440.2741987268557
1694.4173535518305
718.4276749820333
202.66724881101652
2.76775477320781
195.83755800582435
1435.677199140126
1059.7516685777148
446.1488824954023
99.93468219073371
17.961335865273597
107.11286542613442
10.70801562789516
0.8214447100281266
-16.470394550692866
-488.67515770966486
-1489.674819747234
-2684.415038606503
-3108.6416547309686
-688.9354723799263
-1736.4478979176195
-3131.917391407855
-5879.338157506733
116.20914030353653
101.93984246276287
5.976073289343363
-0.07005034038398165
-200.18157318417084
-1306.730366004942
-1699.678347014986
-336.4143461277723
-489.94439132918626
39.21168539841
-1073.444385556461
-33.17979429635906
648.9351521375276
1246.7696522712322
0.16086026815476964
-349.1921640639468
-769.4974762251567
-260.2319548430752
-216.47140257402748
1654.4227562454166
770.382212839476
173.6243190372815
-8.609802780044632
-1283.1441200960007
301.6692594284292
646.5650853961345
739.6847029512312
405.3520401751214
130.77252439679623
0.5146033467100315
-124.66702773203413
-293.00753367956145
-677.1028576886213
-1523.3029861177977
-3532.4010562657477
-1104.7997315012997
2768.294707791146
898.1520306508028
1005.9444287145981
182.69700799335885
-25.614077397857436
-554.7716555270441
799.6465903307421
2045.2368733309945
-13.185545934423475
-900.251749170076
-2928.2232683484112
394.4062991531924
3.736877315706617
-577.1304314755953
-746.1979972702443
1666.5056546211158
0
0
1607.5779043786583
111.01684887653253
164.27587108328817
-0.10469127966940706
-159.81280484707872
-121.4427788395223
-552.7068843747729
-1040.8917183121257
-233.6817110352668
-159.78657568201643
4844.205314591737
3168.960961428347
2151.5201817825928
834.7017198187931
323.9056118787063
1.0697310110355431
-272.21906062246615
-319.11326153928894
-1405.5286246281737
-1826.0104824974903
723.7271157858619
175.69138873758055
-74.0395886739357
-560.8291392997141
-1546.2710245054495
-2769.7898163068985
619.1520316135907
1591.3696141162743
1495.0094067239968
710.8546385440654
672.1280916001094
294.894721171641
258.1957278144838
118.1305146181403
41.848630920879756
-0.04028728806127395
-7.795595654080499
-73.10019467994962
-103.77662097994248
-406.8716654494688
-627.1773648887965
-1230.343659318314
-1653.0240354774696
-2976.633453935101
-1841.2769694464532
-10.031612240293134
3292.390486796072
2523.2768196228863
1263.7493718542637
2736.9172335202384
1751.0216233561055
803.3388732827334
654.4250215953255
186.41189650184242
0.4204943269153815
-230.97914533483785
-658.4888548961512
-629.3428416595339
-642.5744676870945
-0.20944204132426372
50.47506731721249
0.18401718913405352
334.29869221444324
1543.0197985490179
1341.7919642864947
1045.9007377432656
1068.2897488631925
1214.1642878494972
622.5129678287169
327.32277375903806
151.57864608084736
27.795432347245907
0.012993275927100461
-158.28765819182618
-698.3487828532903
-2296.0654183921297
-3932.821416962828
-2413.5860158347386
-985.5885660295197
-1099.8310927090604
-1589.1194652043212
-513.3272811138183
2581.835653951473
2172.2961299741382
1943.5765281200256
754.2117072923841
762.7507256647137
409.85768163314293
690.97644987282
209.68442654395346
-4.5848554671513995
-335.7190864698494
-1693.6044031191059
-3111.237863243568
-1065.4706590446197
-732.1307210087622
-885.0612426268685
-1308.715497179131
-632.9037546386168
0.5567335539529678
-1.129345534014604
14.886251962961024
54.26490184516899
190.8604586891487
29.506203061026557
10.92850535588709
0.006490013591984184
-11.30163179921182
-17.639834492400965
0.02237438064560873
-0.8847614734806075
252.57663084023147
920.2974060231902
282.64291235135926
24.741729695140222
-16.038942004150094
-90.11549092842615
-672.7429382253673
-1625.983501235998
-710.9709625266952
356.91847763442337
360.3912232707871
502.1223257674253
792.2282284458371
532.7477738672394
191.9499655420259
287.4722822174566
384.94145718898324
344.8817813269129
263.38040772803066
285.64279708278815
99.36662268778068
353.7373585119998
126.47451130839431
99.89729569366416
52.24501931841017
38.57829387268316
60.22565472799721
29.135330056678256
0.0028898122363459353
29.618252464323298
9.332591705700587
-5.026794073585486
34.78475271766616
-3.2520491609221667
-15.396118935613341
-1.932558580778057
-0.8258623372529212
-20.075202564146565
-40.13727984743828
-5.024917850847559
-85.51787696206596
-72.5685515549469
4.268579622712048e-05
3.5891096911341798
40.81810524137208
11.39223104590168
19.134725304465274
0.4986004982778938
5.039908993008019
-13.898057105265343
-0.07290083229233396
18.181975209273524
14.662813686338902
41.50439130699043
33.90632483953188
49.399494998864206
27.892621845623815
13.18182611055327
10.492426033196255
52.998189702766574
-0.1323058738433353
9.23543864833947
-2.141545551394144
22.49015016835812
-0.3823616011506784
-0.6081292969166353
-0.061179385835107195
6.884611680996793
-2.7756768236292526
-0.3646253314000841
-20.39477104356185
-94.15849390785107
-13.948835527088796
3.106573103184333
23.144168733933647
0.146375409524494
-43.91875458606007
-9.93224821889842
-137.06462931075697
-402.089048160093
-213.64567500620507
-831.0297365881797
-893.693315421959
-922.9560444692604
-791.5136101450923
-724.6627021729028
-764.8215242262295
-879.0109856145821
-279.5873507157768
-206.33270018085028
-27.23427865236633
-5.8418735593755935
0.45719514325798505
-21.987773423382794
1.9345188031228877
1.8293246696152479
-43.48708079966326
-10.26748347617987
-10.672947116802625
-21.76781485627917
0.48395897899964463
1.2376304246130365
-3.3569159134258273
5.820887417328897
79.5015587224796
265.90195791747703
130.43253179116286
133.9774589014483
127.93501267020372
46.551973501517736
153.27905312760598
111.04235354992595
386.6123231553564
412.72480963650077
159.5490596369479
138.24926777555706
56.68740155706563
537.3608695952906
1469.4888730773573
2441.0515094176935
1676.47522428412
1083.3637257903852
918.9916425772376
773.9148614370599
565.7022917512298
1184.0484581425978
837.6237164041105
221.23639379149438
110.46706448278132
-0.8090814577344062
17.875771397162634
-12.695036002292632
-375.06231495782197
-167.5268577349883
-483.7100729840001
-712.0161721171315
-678.652189613694
-944.673036895128
-806.4169914329188
-1068.949601652227
-1184.062875928994
-1364.0931521389812
-1764.9307377943865
-2058.1888671888555
-1786.1309786880597
-674.0198289007491
-69.02531446467916
0.044645586987639874
-383.20384339298425
-1719.475146915395
-10.59138330423488
-316.8336792890324
-1.640035191378773
-112.72497756524572
-553.1036204242428
-875.640940674092
-83.90759725575379
-23.458918858640576
-202.63353381542865
-148.75518187809666
-283.21703549753795
10.57333940531927
3222.122580901366
3056.697416686325
2066.9326422374643
1797.6031887042996
1900.4870412760824
1351.7449299378309
1086.9967081766222
1090.2221877891734
666.6489331715522
526.1458632629407
31.730803181037345
13.569141098999417
151.53232911871282
206.34323071217537
20.858695536123758
-186.98997203433117
-1302.0127045107454
-97.67940402314976
-24.074098252122653
-206.18000602818574
-545.9260073154875
-1372.1877666344396
-3643.119587125721
-8576.742467071399
-2842.637272768248
-2891.215049520476
-511.82703843247043
-97.34067117313288
-16.297264961590876
13.074576098708981
35.86604679153176
1066.2296836639155
732.8808422087805
268.5876371730712
5.069787871459619
-11.94833881592773
-79.64788623943124
-154.4638800707386
-51.62550251192939
3.1155119683903356
0.002782192526979232
69.23049516016552
49.57726091016479
-18.52760637697236
-168.0719714306331
7.282191454309772
11.777995553211303
5.888279965831948
-32.012143938499584
-229.20393897266112
43.637964114370554
953.3700181992859
3562.782017612613
742.7279768303755
7.7883077557861045
-499.64564940951396
793.5154614254163
445.0086983479648
42.91131970234822
-26.02159720031468
-731.8422294754814
240.65339588789323
908.6244871933733
198.25666238579998
269.0210287715135
18.53335212120535
-7.8304460623680665
-224.3025855502196
-278.29590712673456
-873.3540733380553
-1016.2678655167743
15.637258615031891
417.1023287086442
663.5879941400192
451.61363341090714
364.9093935113041
460.33767803972944
617.5175655678331
236.02528640294798
93.73657014968376
19.456085606815364
-0.24430386018276137
-4.602945528822652
-39.62048687663203
-30.42093913596564
-97.58830489100959
-246.68291196429382
-225.49768842004644
-98.12062555738544
-346.6107593130116
-361.3172899042104
-807.0915371245396
-979.5248081843131
-1576.3443578211159
-1504.7965010206417
-2261.2451836216405
-2478.5850201167077
-3332.8294563217696
-3571.288325749222
-4158.694075113055
-2246.540304424402
49.62604607046598
1944.9276935082723
1693.8805142974197
1544.955203046756
272.9978293389149
-118.16243153577534
-50.90378006025376
-61.71000269576783
-118.96719142961302
-510.71448941979446
112.31217074963828
454.6572024454596
2968.856218998092
1403.5325335101652
412.91925450964607
-102.41491502772912
-78.78704791325214
14.798673321793803
2910.305181965993
1116.9404060569505
450.7092395071114
772.0131342778709
57.26089615946137
-63.841140031393536
-1156.7541785970707
-2609.9311677100395
-4917.45244467484
61.803197192558244
5308.832889015328
1444.016983743518
101.06276824408094
57.71607010755171
-355.5544862596806
-1369.0239792704697
-3692.138035716326
-1188.9465985049776
228.78956985594613
4624.412863722395
1279.0282050672452
322.2798960169047
18.590091092819538
-315.8374497293469
92.0462115906482
-219.9638377277875
-869.9004961748682
-2607.609325808574
318.9611652388363
3695.704476885045
1204.3397344004939
922.2288809915207
760.4890401797448
1464.3217369205154
1408.9285275210884
1096.2480918574333
692.8353632629232
850.3733591974506
688.084883822599
210.00852239676
68.38742181911894
-38.43702325727453
-83.76651195345633
-327.992634893906
-280.1207627758684
-260.3976564615331
-262.1364317740183
-337.89476734659155
-504.09482892428537
-955.5393504237152
-791.5720125375103
-1374.6266854351293
-641.5789884385431
731.01790899563
2701.5775176946563
1306.381488224929
612.0714683942363
353.541943760228
653.6961246937456
1143.8479105491344
781.480669248499
203.54843868554696
58.763026750817446
30.348901178189802
24.041806351569655
41.6468600562982
7.846098384091928
6.097974964370478
25.727295803470515
120.73394001352152
2896.3528136280142
3482.8411185140594
1426.6532725990448
925.8365713955443
488.90409502076926
426.81927833463175
628.8265619408508
436.73188539575966
193.6713168395309
227.08844517281824
7.0003337303290545
-0.08126213224705621
-3.5682450928416984
-14.590819808238628
-37.38947171842892
-54.38723195257371
-168.84127966711756
-144.72076276648474
-26.657723836859528
-42.10061450964376
-107.99441723959032
-81.95600612087824
-68.49074130427142
-159.30661860305207
-333.242558839099
-840.9479619378192
-1006.2198490450057
-1670.6040515785116
-1639.9619407064777
-1938.3206643742806
-3422.611347865299
-4065.1970371937487
-6332.630264675727
-7202.478754544278
-5469.147590229869
-4751.870232123243
-1992.9523315014083
-411.92335812449534
0.00848551282276029
876.8829145059066
140.32150999626236
-13.913894938411566
-903.9279779343916
0.06655169696539298
3425.814332052658
1657.5208775391966
146.11892453377024
-36.88077525821334
-150.01961268216746
-0.23252190745258416
-74.32504407948895
-447.66269576562195
-1593.9440865418237
-3180.3409433559987
1.4124073909105743
849.1832983353927
1300.1872839772868
1383.992633766573
1252.1594432618276
1342.9462182034645
1412.000904593569
1015.7419084877944
1000.8377871560565
453.87703750816263
556.7922023662486
132.3113999615015
36.90887842625594
0.10564682059271474
-10.18876533230249
-11.037085608741426
-135.6688804220796
-262.6999375260908
-499.0279003201807
-523.1272325495081
-652.7337337760869
-789.1597210237248
-519.4643291068903
-1516.3801892746062
-954.8871056548396
-344.2908222969404
-42.99860204350513
102.29687000476046
553.5734312118793
170.5524758500875
3.981692581244158
-107.13046851878448
-35.524618202232055
-27.690729276115793
-425.3956273094316
-723.1656299742779
-146.04788481138178
26.739958553827307
185.0399162202649
489.30984388576144
6392.172194498397
2897.734602307239
834.3840555337085
143.81230885567874
-44.33445293046609
1675.021562221315
992.5888102385844
-11.277608018704543
-1363.1938768841394
111.3451774624743
1278.3291644387477
1883.3648350274946
1231.3810282547477
460.28557626882815
142.20040274549726
1.9078133366524808
-5.461783427330171
12.828512914131515
-1.556194054436121
0.32573786331960997
-0.03953922097615652
-30.10477402315128
-96.10571535948277
-187.71097227692135
-515.596152898434
-918.6939663165585
-2017.1865978726582
-2413.379812850514
-3041.751606529555
-2410.6442906745797
-2242.0736259214004
-3203.601341985604
-93.71799106579087
-868.4869236157505
-1156.4606883890108
-2.6374152928506547
499.83954902070013
716.5608588478075
789.7894687008579
685.0553392830948
489.0881920310739
360.22309835004785
165.28137741804966
373.54266232386664
636.0854806341425
1324.3157910099835
1182.194895947036
715.2484700410529
408.25594624214335
446.90705690203924
541.2054019760458
326.1827667880866
404.2934179120823
368.02123059572443
296.4252340660813
331.37165921325607
131.61334691824322
225.16278869931773
127.19019937069979
37.156404340376895
175.93029028610601
92.64656717998866
42.99386323027039
54.86408177747019
22.541775712836152
50.45588083039622
97.1858188978733
102.99976615697653
16.418789129336407
21.342270321228902
27.51349240307137
6.493422854553675
3.345598875033495
-0.01095290552147481
-259.6121375889602
-265.6217493253514
-118.93031224852417
-391.325825899024
-256.1684549164237
-425.51802610717385
-477.9512510103256
-531.9123912683326
-582.1511962891577
-799.7537567071066
-880.7829385572186
-1383.6910808905911
-555.4089627347848
-230.58571590850323
-445.5758138901668
-136.88912381709636
-472.30733172202576
-502.168444981618
-110.77563219354862
-243.57929993261152
-351.65277762049686
-43.98406458172117
9.05295635364734
4.287969559346218
-185.07001918986776
-32.42251677580113
-73.23752516294732
-265.0742177768667
-427.0783020104174
-276.68259596428265
-213.62174687198223
199.8581904204284
22.10571059082701
-59.34696702465041
25.933648930138077
59.336010443922575
186.60691579905833
282.7679825019214
7.352930718396234
-4.727460884213548
-108.93487940455375
-175.4183631874463
-81.07057511393161
347.32176069749517
1242.2808608229898
469.929342330699
199.4842809355596
50.68802486439036
-1.3593410827839987
40.35751858350922
-116.55431453557851
-316.62347605763307
-1322.7845932860678
-2985.1296843732507
648.2914533318885
124.39460863790204
-1446.4139685184396
39.22870368265577
291.24036318248767
1488.4937173626013
91.89859112259913
-17.398262860080255
-200.78598536565357
-1677.4341947615546
-417.3337279775275
-44.354229900962494
-347.17980128578165
-34.447417360092906
-49.33419788090818
1019.675346501032
893.9768813700043
652.1561556584252
637.9034905497559
414.3675362883894
138.5978397249923
36.112231809713236
-0.00015802348157734056
-69.15301026133237
-232.65707024742034
-404.92476468502036
-641.4315451920436
-1236.3673757667611
-1371.4792168819515
-665.3049832306579
-2.2011635900303332
57.50394161547038
-209.86156308695254
353.73098361302186
1445.6061720559453
613.1288987122354
276.0887171834535
408.9887935126176
62.49661152547715
-182.41294333329807
-220.34835529026276
-53.343550969084276
24.07861679401846
59.65026858748453
-98.56163947260745
-346.318919416886
-336.02215199345244
-464.7527924046488
-477.35750929368044
-452.25659760684795
-188.62916600215777
-478.8144223616654
-1256.3285597918439
1071.220236537538
66.52847019845376
-76.88203133404056
-0.9662761527999828
420.69379247436177
850.0222384140799
186.58616736375754
279.9998236111255
-64.93464195672186
-65.63285886524108
1099.0752745222856
261.9930995511894
-559.8543217101543
153.98553033461206
493.5245299881685
6.157913308693503
19.924743836734848
182.7291566143453
-245.12504197976165
1.0015963218679147
352.55720859345786
439.9472395130354
-556.9654675587232
-1572.0360185545414
-655.8499826351955
651.2656384723064
327.2648053212588
844.3653679166855
200.78548880546975
-1.5100675423158578
18.035403401777927
-3.086862091496232
-1489.1580423489963
-1737.6761856128528
1850.1511578202083
7104.611531362191
3028.4922874141143
3.9714580670182222
-1969.4044290651645
-5204.087343852347
-51.92333994109964
1567.1848314271904
413.4676368525917
-358.03581728025847
-997.1083997368686
-46.97204524585081
2.526364996203675
-236.60251959214247
-754.7976061991935
48.30470230502727
14.882747278468397
181.88932882636914
-807.8196535766851
-306.2310798865516
-54.915730110391195
11.06965789314295
-515.8145196568236
-5.515047688937533
939.7858740210163
-18.446928167656232
-1992.0284930008643
-88.59067765643286
-508.05215379278843
-87.01178985574516
391.2276725452206
148.14203774944713
48.434999778630726
20.122491755986687
114.85563840899371
989.5100554629388
3018.741503677325
2226.087806649442
233.1168513728431
109.72231540694614
-1.2710840390009641
-156.3385380231735
-44.56235306154344
-33.623905021833345
-1147.6787411389737
-6.073554628728624
25.42829647704726
243.2410213802533
84.97044257400948
-163.77006066425932
1.363520123610652
362.6436119006122
-515.422879360466
-453.26909732337515
531.3496745608884
276.51142548629815
-0.22778294825972203
2986.259883691602
3506.4130332600535
1679.4721128183742
421.73266803271457
24.786519977332524
-232.49642541678082
-735.6921818488039
-1121.6305480544202
-4415.397020816463
86.45899351772671
0.4619181978093606
-264.7482882266602
-382.8985355298752
-454.17682549834035
-6.877098658459214
214.20261562363152
160.63090514744405
-34.188658942510216
-1613.8072080747372
-250.33214875420387
-1047.8679190400312
-744.6606678572051
52.564623227827134
740.9596122778682
1298.7923820770593
112.17573721766801
-1513.6099528674476
-1507.2966102694288
-1593.7100128455536
-138.33289321211592
-42.59647784092055
2.5820076434131614
-510.9264811453886
-187.87509932089142
-1.1426380872980086
-385.87765449323047
1104.0556402353338
104.8723718571446
-25.986734574782567
-1730.3259650656598
3639.423906043674
1132.2863677522084
3044.4158114619113
1807.3324542156122
1493.296994254399
1482.9480606371576
140.08451885527825
56.3385628146924
-0.8791732369423164
-155.00988874361147
3.391351412569289
1985.645037337632
539.8586585667965
166.90404303101596
-188.52894078027614
-1818.6900914523608
-1582.3899118634258
-22.193659673245683
251.12213505606215
174.02607719609014
-59.933479660980666
-506.69492652670954
56.3517922455947
-105.04093311136043
-2890.9602123388067
-2456.7570194021737
-897.2020872433645
349.25982527049143
941.8767479064384
148.97107415817786
335.70353081194355
473.55620847439144
529.9903633639717
16.33177413102129
0.12549789298558986
-278.0296330077145
77.18196582160937
729.6346995114643
626.415160344832
2341.542215006524
1365.9602046875689
407.52063194127084
24.33534863118573
-90.84514821916869
-526.8508755244072
-679.1751776604062
-1971.5921444315645
-3416.83649223498
-284.08628283741825
-87.1716758779933
704.3664281304775
205.86336226650388
-78.80272011456596
-30.224488895310063
-242.50779394833674
-53.68056646105403
-751.4057169743819
-0.2723377655675593
34.80800432806351
0.16092277228693516
495.0677570565873
1044.5616482410758
107.97980047388745
-160.57500153692092
-393.0972984692335
-1036.1714837077088
-1693.4375522958896
1287.8840404065695
-124.25130967299876
-15.544372347890283
-243.43128430806786
-537.5250795444722
-229.0110419738147
1352.6054764480148
-78.67575743058171
-1778.2272330490498
-100.82094102514327
-3043.3101379004565
-774.3302153913077
-50.338360380291704
1103.4410026300886
52.89230188619844
-21.698167912557647
0.1929419434114162
3.7465025916736288
1345.3138039156397
1449.6160299884339
1519.4949532647147
1721.694787268895
1844.0346266257932
1744.6972872040365
1194.1995711778343
952.4235637301185
587.3191559940265
616.5327015091481
344.9951382815123
118.49726799128933
65.61194191228707
50.136108592470066
31.968552760356864
7.038409867026219
10.295040014501
14.756398086281607
1.3191757864428577
-1.7240671095144207
-2.2901688439926176
-10.586224345173417
2.390080710918761
1.959090617753501
-0.30458892795119
-37.189525665348896
-65.4947458472245
-137.2280558187822
-267.2550790739654
-479.2775501778866
-410.9394682657643
-648.2397961266678
-768.1027842589377
-1047.6454594067309
-1458.2580341564394
-1168.5577021249649
-971.8196410901083
-1135.6783881569568
-1522.417380740907
-1314.3853106486322
-2454.2592657061123
-2597.3877700551902
-2259.8281461831702
-0.275505371295772
1678.2109876765137
1785.9826288656427
3104.7271555630496
699.0064648942177
341.12245159647625
336.9903999701251
-31.28633220925299
-18.921430209125308
341.68893594805405
-270.2786460248849
-398.93416011929935
-433.0128977574515
-1269.5091183007294
-845.7753095121967
-465.92565423340864
-208.0335148156915
39.32703120515292
-3.810075320147166
2549.3114098819688
3263.5610618477745
2307.536429261094
1889.4742912725906
1191.3201299240627
1157.637582823173
343.72875585449947
730.5906691010298
89.06126119513934
38.56320160957598
12.060564588232888
12.787420921279054
1593.467258132021
3255.4425254690236
2051.060566641086
988.5816377689874
406.1974232022344
291.1659748301325
260.74241993457576
67.84368853254637
0.005198184532550141
-34.12231703641973
-1.6978727176876824
-95.44145801271536
-456.2229092277564
-286.071079385812
-584.4765349056065
-29.860957928972013
-4.082167538907576
0.9751593784744701
-115.58213400199065
-208.69507716253744
-433.79944094877
-1123.361516553237
-412.7183182368418
-88.72956383146692
-1.5308952221702865
289.66190101422956
17.297062544654203
-2.599427898540406
166.58818715027456
-281.170920487187
-1816.2357193616222
-973.978022275885
-172.09836183378883
-67.05878477751821
133.9355227149864
2.0433531099909388
24.15230319041423
-0.01787422541812246
1.0435153076949224
-16.652144036410668
1.3364149006193573
1361.1255413891176
908.7194173051614
666.2398826663632
1253.089087560194
1159.360944688156
1105.075210233122
850.0263328504708
413.2164529288665
246.97674285419504
21.37154451308512
45.449552838907266
37.07148506643277
-25.470215974408234
-16.4240176644566
8.162049889006472
-25.266068017942192
-168.2845744535312
-495.5029248973452
-1586.867389030937
-435.518385171664
833.6280021502592
127.80619391989966
22.769662599467065
-13.840864328231449
-14.686941841068677
-158.23186819428253
-344.14363949839066
56.73971652710336
149.44894581541416
108.37420074025205
48.02132792164336
10.22933053765459
-12.010318775788354
-29.448460624169826
-82.20284076098636
-173.1987118407931
-464.8948528737965
-643.9689260432481
-874.6447677808171
-1005.2192677345533
-138.81640681589704
11.905109551292242
-34.98062499858028
-226.57505753189307
-1004.9061065120832
-456.5351854108561
-107.63412072026145
-515.6006915769882
-186.48631358949964
93.28047577563402
745.0702344929623
654.4561488822822
345.5361819561283
179.1322219700963
68.15397251455268
-4.193955238109986
-59.73600333755958
-142.73050613088648
-385.73024704205835
-282.52800352108875
-802.7925777053623
-718.1301634435792
-1355.7457399099517
-1794.5110624047393
-2154.538902834859
-2643.5246359984235
-2374.4990876344145
-981.0634866033099
-190.48791036922006
703.7301124403444
7379.229144236644
2107.2916666666656
327.84735560031345
0.011470979360741124
14.591849762188385
-0.00477179229738245
-134.18853637007447
-241.74951236904081
-402.73539857736176
-933.2924809840202
-787.9164538519165
-351.19883271458036
-582.1438570992651
-195.23361016633294
1836.7174042320444
2595.789171348032
2065.626871864995
0.6934944363652815
-29.562652945357037
772.1713438443248
386.36215181375564
9.098019411491077
-1.3017286291719752
-19.501056257128152
454.6717400792667
50.34777497886749
-39.35937186067373
-290.30325842891835
48.794274470735246
2717.0536675081044
2479.2906913518727
719.9300588025692
338.08319788750185
33.2497532559986
-342.92537679824017
-1456.4631576479933
-3073.9424614196105
-3995.009859243104
-593.8829944443023
532.2802596541221
-60.50627160154444
-66.68272031730142
2.9359597776252864
-467.1055095044819
-108.9275946481578
1829.905394601367
3147.34388376699
4449.218268216818
3024.491054106361
6186.985894250737
5813.8405176267015
8894.047666534087
9285.8416779349
22169.70047128995
17463.502031902215
62754.94945396332
80174.43500830921
83099.24295080257
93593.44923655677
114181.5881518859
128373.0980794584
139717.22738997595
160434.48381725856
165439.18770884335
185839.70054254594
221528.75930852466
264107.3045672875
267535.8945484943
300535.51072242094
307048.1883903084
317608.4704708883
342256.7001535825
342093.55947630486
413189.40011343453
442135.00910468167
542869.6198491292
563352.0224100362
572887.626582257
551822.6252342127
732503.7294135696
744550.0148324916
896562.6565967601
946585.0284921629
1424593.0692294745
2588113.4816197744
-1556743.73
-985055.87
-1057750.9600000002
-1215949.9500000002
-1030157.17
-744876.34
-588850.26
-739211.77
-715640.35
-607110.7299999999
-501684.79000000004
-453043.62
-416786.04000000004
-455535.8599999999
-365201.94
-309563.61
-301599.31
-318249.01000000007
-279573.08
-281529.06
-277368.56
-216093.13
-205434.01000000004
-166322.47
-128922.79000000001
-135671.07000000004
-95488.34999999999
-90399.71
-77780.66
-70851.79999999999
-66295.97
-51100.16
-54284.36
-30728.269999999997
-36835.700000000004
-37397.020000000004
-26423.19
-28667.43
-15146.0
-6764.399999999999
0
0
0
0
0
0
0
0
0
0
0
0
0
0
0
0
0
0
0
0
0
0
0
0
0
0
0
0
0
0
0
0
0
0
0
0
0
0
0
