13212.560000000003
7623.991226802343
5299.619197387911
3922.143560629901
2769.885910006591
2403.868571906892
1842.6117998510877
1507.7951334231557
543.1295053711623
698.8663260244233
574.0071541442047
384.8095403386523
368.15931383100474
218.96188288826517
176.954728118883
132.38405422886615
69.82422519784123
25.99534515078132
9.489716946163146
-1.9929340974362826
-4.850478084125976
-107.41095950519349
-46.11107630826973
-184.9660693769554
-230.19386198751994
-241.00383174136203
-204.59727363937316
-42.841939973817716
1.0996558467725297
245.33673937504244
493.26120460301973
222.61226150932907
3.84549481301653
-18.20092354209864
-45.022756783575545
252.4535873807016
684.5919857037942
353.76811143002436
230.78276962053332
67.38193348593776
-29.308608810860502
-169.3456574935788
-38.18118552109629
-31.883448379280104
78.99044450695484
29.02855872351701
46.27416861093295
37.956796861371004
0.8467341864660948
1.8996686638999107
-22.09718727762401
-3.893227256342076
-43.676931893957175
-117.98186656251451
-144.73521622546946
-116.68045580855495
-99.38876549534336
-283.9795668796729
-127.82910176308208
-95.19252908359981
-47.57098909559058
-152.43028212679818
-82.77906241042433
2.801777279523574
275.6975027076037
251.86086556607438
120.14886505433319
720.0273871701135
2863.364991376147
1231.004365198679
1046.3090512662914
352.77767468905256
200.58251078456564
21.872506215043803
-42.366898685926394
-135.13222733707278
-505.34499911984847
-311.3152494719481
-129.69803696829544
-264.24729828337644
30.91425144546095
-187.55161038146582
-1090.5186181983486
-894.5269821072216
-20.649707447435055
112.11053984570296
60.689202644681316
-16.833962742767675
636.9105582783475
526.2351183120933
337.5783785110589
501.07135519194435
324.1892255253499
326.2644009600839
319.1518564856217
65.18425629676767
143.82186893219313
187.77342670163793
54.18545738743053
33.28942981022665
4.552984260864379
1.6538288006171156
-0.3020067981615083
36.249946325044185
-171.662603624414
-111.85323796547448
-5.998763845751215
-13.039300014330925
-21.61097672253703
-12.397940679933532
-15.271470725677904
-82.29826716429133
-71.45812746056275
-53.553253074127866
-317.89897762706846
-322.7170681365492
-289.2145180548589
-217.6829973357086
-510.1913639156235
-189.75562183842658
-636.0592832924742
-971.2388147340159
-774.0564320261662
-601.1744136236936
-1048.8251790913855
-1022.1410262825857
-948.1137341864695
-964.9072228614032
-998.9291354056804
-482.22462642597463
-245.1555528186134
2417.9754114157536
863.7436433825176
-162.36268596884943
213.95645350511737
3796.320823356321
894.8945706506543
16.750929829179242
-258.7175641270871
-714.7750205294736
-872.9189228864991
-1142.7538623686576
-268.6053893446774
-58.70292319943537
-0.050437970447037066
72.21215936842614
15.685409531625373
7.222681290056687
21.79289518332785
29.399622972706
70.73873479495214
12.683762880439023
71.61092283033848
166.7799233664539
85.89492631576174
66.4771959081023
862.2618835961805
234.18044567033238
69.51434758658354
3.91003452600648
24.54157353238341
35.30465460905869
9.973010793836814
12.359404175338312
122.722066470909
76.28490276671761
9.77825211611941
13.127343203896466
0.4263848950315749
5.786092660290857
8.289432632144038
10.167091938541958
332.0547129461727
448.0364998999807
406.5348897083267
73.1766387165793
128.21678590660744
71.99625117883356
-21.060427104908907
6.168200611370417
-35.11033353670392
-26.977413739327297
-101.15190103893768
-77.13979147287615
-183.05183797663955
-180.47341517355906
-563.7344379633296
-382.30956434546636
-753.6343598248778
-700.4038118257081
-932.0924966892335
-1171.9402466030365
-1288.6581503013308
-1290.0386215054348
-1367.2635585721805
-1174.8770915464627
-598.6462702137088
685.8590214466897
55.26125015272824
330.6424970252988
720.6963719746446
1720.0316287640144
842.0845014409693
3860.306550182606
2327.814744122974
1014.2524283005798
240.74219119581568
165.6479214519794
3.825306018861998
-657.1136075158581
-1578.4479763925708
-150.5874171343781
-792.3629524312255
-691.6479160571115
-26.614343814088066
3036.5765429804665
7000.0991175872605
3970.1618653469004
1920.1477639983825
1090.1501350597546
878.6571525938562
397.0351759922238
221.6516431637753
-1.8074857642873043
-118.91962948445503
-366.85818831964707
-470.3087874025416
-156.75799333375636
-208.3442041441315
-435.78826637524753
-677.0029848849485
-1402.8338762648852
-2369.647176968318
-1711.6199685317679
-1133.0262118944916
-402.4849895812499
-655.0099117001134
-1101.7000692540307
0.4905905714273997
465.6279954599789
2786.1936690243438
1753.3079238427022
1221.547929149566
995.2902660010706
611.4334850534119
513.1567689614344
271.52785382966664
75.8865504915447
69.80673545441033
0.9782649557421601
-0.0007140477920249057
-23.24470579862986
-27.67184632074446
-4.392351115762222
-3.78945852583448
2.512716936774682
610.4478194561432
101.77557212497985
11.218923214224269
-0.06692615755329925
-0.0109849001590164
44.358267620258104
1293.3456149577546
146.87320451784174
-0.363456857118833
-535.610262970043
-761.7044020759038
-879.4586221430619
-998.9942265726565
21.674876534430823
-2.1671366434519332
-16.144366740612295
-142.79208430254158
-578.2379763795376
-1917.125109165232
-918.5085968071578
-105.42077719519366
-46.57184683640362
-75.35051130512751
-122.29281433432868
-244.8335835408518
-627.4044920723842
-709.1945698275624
178.27803336092285
323.9759835317223
231.12664251132912
182.30938724210324
173.4708506555556
57.169337379733705
40.60724997616512
-14.54664490603608
-41.939771745744
-262.5060327516384
10.711173971375956
63.95178011730767
-2.9871352391448545
40.898852074342116
1.4657534595890047
-11.307394527841936
-60.56966886345705
-76.99607594732869
-158.4057725857259
-33.22579485073795
27.7446223030416
145.6792758535998
112.81786393519594
383.8595793436985
705.0130630121125
319.9839743828648
265.3988205317448
128.31265711662007
107.87335102982148
61.62575062465885
57.71940212355831
-5.905418982480778
4.164984880306566
-1.0862424530204065
-57.589148316175724
-20.694524281089226
-96.67920455279986
-128.1334710724216
-0.5198136817125638
-9.591117339127631
51.312048740052255
248.1859211040362
36.06224192177723
67.23902661601005
4.719192819778872
6.373340626430256
56.678302729721274
0.13577831754407768
0.017568431903388824
-4.2411917637575804
-208.72099992383656
-125.58017589514164
-228.59357615660252
-172.42398233466625
-174.35245934170715
-344.52781887182726
-454.38451888661604
-600.270403658034
-447.7092030017271
-349.9859951095934
-615.2340390457906
-777.4308189141673
-408.2658520944761
-400.38558968091377
-540.5927486703179
-720.196864674491
-922.919614308822
-744.4058360296511
0.7263967663912376
281.46932381571446
291.50271623074497
514.2030671894097
535.3297359507487
989.457289867762
219.9191456502336
1952.9739557758244
1504.06634093598
246.97280644182678
-97.61509221060793
-407.9224535108983
-49.37462209343187
343.06646001626814
26.73832788910137
-34.20929988423819
714.7967338440617
3605.8014602475823
5130.186074830567
2165.3849465728636
669.8370257391604
374.2780201413118
88.20664576772703
2.968402079278056
-44.4324846472768
-475.77852974063364
-600.9796505996899
-1866.1585718095375
-2565.3674406244936
-416.42247151001595
-408.1057284179729
-421.5333362612015
-642.8077156261736
-1537.6738339920946
-2482.1967862525844
-419.00225069723683
-20.8820536031754
-21.309126517029785
-144.88816449339475
-13.894591496905909
212.05768927615395
228.69893794860417
180.8174163806338
204.96597528946097
62.05828015845496
80.70920106627196
7.10617850657818
1.8630776004167493
-10.055949270428078
-19.814175738106968
-36.00927161424774
-11.969164461583638
76.72943077231875
125.28401489005154
241.13992217511938
2464.3989590969522
809.5917187693624
0.3333332776823057
-432.2825539094887
-306.37803698476375
-73.99883629851733
-262.58015999259226
-49.279780572563475
10.73904439932785
0.3792875782251217
877.9565442745605
604.0765668968046
569.3032912223558
-80.48030028579304
-1351.1611981645087
-515.3825178903095
-1054.0321267025672
-506.7765809608628
-44.04918709596082
335.9195031711536
968.8638627948623
1770.8289183932093
1346.3758500818012
831.7762384750465
609.8271614398884
281.71186719948497
65.7236563152931
-4.681563218390752
-34.51687875109191
-37.02951497839864
165.5965971358967
113.2859158704346
104.79130285255752
48.582860296436266
2.5307581789836737
1.954736810169613
-2.020154110411063
-98.87898022394899
-102.45391555619413
-53.88814852184211
-89.03244546810339
-118.10455491015713
-57.88188647605358
-110.46522167710474
-42.208242114106255
-145.90960229707795
-271.10557146658766
-53.700124887098326
-83.47085967333122
23.15933157878685
11.61339518458196
55.34550953427732
161.28081055624386
93.25820566463749
294.1161695776407
187.1800941575464
125.73140652922491
80.28532448716608
95.59596088124167
138.68477271279988
79.58535950682975
161.13519997103168
2.9798069834708767
11.904128425602657
-0.1633501210888707
-0.9863899125319731
-13.8772674756083
1.0913204196630548
10.202659411957882
2.049203206536172
-1.5227471982569007
11.141284668792192
-17.5824877689243
14.057591395811333
6.50784801570909
5.142626571988467
16.552932093430698
-2.1158908237410525
0.055950268231627596
-0.003150777333358875
6.617920607859322
0.29612042160797564
18.785442426403993
0.05718978623412374
1.1443074272502736
0.15668571693204042
2.1802687419565085
0.3179236124040018
-0.25972132233557177
0.9287018950656528
-25.191113224081576
-18.979223012267955
0.9831302611896245
-0.08776854701695756
-0.2657806025274242
2.719996278878354
1.5720233601145375
-5.465181653360204
2.408819078658225
-26.477635784111527
12.382498939105837
-7.780299121356317
24.512511713224374
1.5269051059549066
12.947439974630633
3.0861564721144488
7.827172547690612
-9.578373795788647
4.819888600802834
8.704954218849952
23.735915198865193
-6.555615229704688
1.0694678356295493
-2.1148627907673307
-10.552665820869036
-1.8194098974006934
-26.595645449758486
-0.034885536317431166
-137.28662957826867
-42.887089057978834
-36.343617844623076
-26.839003124585215
-24.481157932948754
-0.006152803050348984
-32.759292596878836
-12.252716433664919
-4.742970783213993
-55.707098878442324
-60.14938468633573
-56.836594015742044
-22.650368234129868
-95.91607540712971
-96.87900311901349
-132.68959035771428
-368.58960055464945
-156.74544761328292
-431.1376780444747
-173.86209368093392
-283.2636726157734
-235.8687408306919
-221.42636667728897
-327.02236159926775
-277.6204134878796
-234.2735134523292
-356.0885496767023
-189.97261654801045
-14.265896909365154
33.26187017450842
418.57607800966156
3373.244471664674
2316.8641183360032
660.0554539400981
14.922081500414617
135.30910032370502
83.23371877485552
-56.79922239626489
-349.5144395704849
-36.41759132966449
286.27553652133776
202.83897779706945
217.58741969460863
135.9160942948534
321.6508118266039
133.8773261499286
100.07065614006595
72.08419281480629
63.32788769222711
6.170612923430943
47.08612913014847
-9.018285836027324
-4.456219562382703
-20.25147976968391
-8.800107086589765
-0.22509780189012854
-31.06579744902789
-21.792765352313165
-59.82197911410321
-0.0038047054029059666
-77.64645220722502
-40.96477002140773
-65.7281259879323
-99.08055092998725
-227.14500017212805
-101.42966086147472
-242.02330866808353
-253.04417127578677
-197.48143074470073
-477.42578068532947
-298.8440644993474
-178.5318816333249
-520.5835427738446
-360.71982458063815
-214.0823814236521
-251.32317148651416
-83.92404855837896
-43.853556271245836
-7.350900297281931
-4.582502808100334
-30.239362226691576
104.84831554252958
82.42993543831207
-0.12567658451139269
-60.34030110302748
-2.597019319105287
-262.65455472364715
-399.61767974932775
-477.22468675790503
516.1838616152413
2.537171641990294
74.21174473563391
72.27062507189873
143.8943987101171
4.076857765449792
-56.97265324125958
350.36142245831917
-0.4507670598935486
-15.306622121224205
27.50732602783465
714.4996701315087
102.00439820758137
70.35268472947001
-267.74540341573316
-234.74700563029768
10.636105472298624
26.293078644952764
-274.2308802680538
-87.94818385575068
138.19112221513842
163.50225741383235
68.82555824487362
-78.695701802388
-589.1556948586724
45.42726808055353
267.52593652159624
211.37630796412213
120.8268522774009
49.30722734953859
7.26713886813986
-47.518116313298336
-265.4284432371252
-248.30745191163805
-259.50359876723405
-141.13489138493958
-189.0664063304122
-63.94454321039053
-101.10139079408088
-158.01328392386583
-18.964315800671002
344.6011808860461
193.65040750062943
575.6395303022516
47.959348241156675
-62.013699624413434
-357.90370325385175
-1268.762348511682
-1526.737285533207
-1571.3077438386845
236.4614992747274
-3.9227779745849336
-739.78016239414
925.4835393155198
1443.5271500095741
129.7801918309884
-209.56686609450335
455.21682653417406
1776.6944881594145
61.56155837875557
-2.2565619283150142
158.71519177198013
2847.207463484691
2424.7315678600125
1945.362746915303
1095.0482165993503
636.5063862572582
7.072976253950614
-0.05596965067294453
-142.01637325565272
-246.7490343595249
-1074.5585729486377
492.2995137789836
102.00033245999239
-805.4358844207032
-31.200609578085505
771.6501718593202
0.007260857755244485
-528.098586730491
-3024.2431037898796
-9.72693576434963
266.3731313216192
-0.42138189425847006
-354.638236007471
-512.4764979806873
102.16930110746091
-131.59117210481244
48.48260017470493
-27.278030402573485
-94.2465866443253
1480.0740965449
2306.687275525709
1413.9402929731082
744.004521620015
372.4220752777638
340.68275165536284
59.4686451673809
-50.098143720236074
-156.76068560659712
-344.3523486277933
-859.9322553518888
-1929.6513144421983
-4347.86489112211
-342.87386205105724
-34.26685087878907
-26.419468515913234
603.7420063105234
3851.9331290202636
1185.6312542299465
375.9900306001647
-7.867109183911446
-100.04734571174467
-514.1689552216726
-989.0184965926034
-48.05663608223567
-160.82565467206032
-1647.699794075363
-1000.0726332573004
173.68610016671306
116.28729537455905
216.85368134406977
370.1843264823037
311.53558293501214
-33.79082642476696
-973.2382717615947
-1313.674417625196
-1791.1582980454193
-147.4881110334916
-20.671670876190902
1202.1141707768106
455.3952927974573
10.911530353043531
-150.8213412071028
-1055.646116987237
-1403.9724568504653
-200.25495184946055
-941.0020956247308
-3128.687502298873
-503.51860053776375
-501.26508845781314
-1696.827171331606
-521.1194381035986
-829.2757942143722
0.84940266969957
910.135185245473
2420.2456001215087
2299.3290903584716
2259.2250186620554
2035.3373682125975
2043.7213606935347
1752.9640499270106
1526.4856994697361
1539.6977007074952
1055.1813904191777
895.1058778562765
997.6110863516775
559.8468351167116
457.2276198383454
306.76750280371243
212.02792318584855
187.93832739137576
212.91398907494946
56.06536816329417
44.52832905946545
42.40635388969899
6.352322073880867
-2.7803264002431676
-4.03118592457847
-18.7666975529608
-37.97008179007018
-168.63398622990184
-168.27072753228478
-159.35437301792047
-320.1296900985038
-342.7830764200725
-563.8535188045921
-759.1957965468063
-714.634452846355
-945.9121504884631
-958.5288277772514
-762.4827300604591
-665.7900879587362
-430.7017868115706
-46.17447234366008
446.1402055233873
909.3697450515276
55.1666962794844
-109.99827604847025
-34.24681824604991
206.94079265748843
317.09041987885195
-3.7635866087192746
-1.9376220560773507
579.8442395028044
416.46815000851933
257.5636782041523
16.09640920184119
-151.78851265200953
-574.1824529353271
-779.2717900066586
-885.0092753982452
-562.7644783907652
511.8826652511617
6.063770201767763
-3.639646847010054
183.15358700024007
-247.3517130628352
-1495.3390971217
-2561.05854378605
-1972.1430657704955
-469.46612364712195
56.48592396112818
338.2193573035928
479.3095227681222
742.7862196448202
199.79637764808905
304.0270026731436
594.2094478665173
471.50598543040485
274.20264361911063
188.80727177674237
578.7910459843024
907.5482975250685
590.2145066610433
291.32506238575087
453.551220014324
75.10564013506703
23.677687419973722
22.46371003157676
0.3936298643677109
4.473152107428571
26.585810481031015
-36.82953887819092
-7.924314697756238
23.19239126207028
18.36386569201751
28.51325292806431
-17.345905156407035
-62.14340841380357
-225.0781166213489
-162.4835613157931
-290.165906572146
-7.891389927993715
2548.0151354460886
227.77784306118943
-162.7719275443335
-5.077671127437844
-222.25288346414615
15.981082036235065
88.60058692789117
38.799517267409115
5.100171699923736
4.405864362486168
-0.0038654353482141207
-17.66435305563558
7.694543402352435
32.66579990325269
85.94708241474349
632.5955832942163
237.87790894131044
95.687902814938
103.70845081335978
141.338666818577
319.72662080743373
264.1871975780109
-552.4032073259599
-744.962297621269
-73.80080733859113
-1.9907251008840796
-71.57004865354554
-14.891405361508816
-57.70043094699033
5.843677299367785
3.4457257312384484
16.033823058889823
-0.000281922285026915
0.21829024941135086
0.8370148085313052
0.0565176738008891
2.046617777326583
-32.319403506139125
-5.8619886258770375
27.99354214990661
87.80565450167909
44.603094374484456
29.114979877187864
103.99304327586921
15.837282049125324
57.5437856530688
63.61658566219691
52.142114752990054
101.54694249356439
39.974049689011714
5.854713933943979
49.69547743600019
28.751066514315614
38.04654042593525
21.466100507377206
88.78871725450878
42.29894407220446
0.21752257505691336
120.29396307928309
18.24761521946203
56.21308639830691
55.0928903158038
43.98979917005407
5.480606903060629
5.407104822717161
6.687729680091533
51.30170356183893
0.5873789455579833
4.726868790614147
52.32250930919287
21.221936565763603
32.79131145106723
34.12161726403704
43.45218547571794
25.206092845467726
15.29004596303885
22.308384944612158
-0.3342401387368936
6.462313660848379
1.0063633817342863
10.000340754052022
-1.1725960867548264
-17.302918247700333
-3.6449510005590735
-18.615215769671366
-14.122474903141118
-15.794387817415512
-151.16219059117424
-82.91146381525347
-116.29025880478362
-296.77079617026413
-245.44495185481105
-350.94876259417543
-352.54600315069206
-631.6743573613974
-773.9216939023129
-680.5820179142851
-897.7724039692008
-960.4434981401278
-1389.1186599671473
-1398.8661769899531
-1035.93016597132
3.2387766456988256
3457.594406103583
900.7014397050579
225.62025684212617
5.489561689378918
-171.66631088893945
-1096.9712513687286
-2575.931989327146
-3595.6888826783124
-1215.654373126009
-685.0584375920416
876.2948450976012
-0.02923126908706628
-2131.6030721681295
18.62981918402314
3595.903536435911
1186.4982556747955
307.71297515044955
61.63714181092639
-172.7571223664599
-1718.4811154334122
-1501.84726939168
-47.937142217119316
-2179.5803836140813
71.53229673817826
1094.3558659678556
370.6083227467191
224.87782063688132
2253.8250538982543
2010.583104369652
1062.0930214132766
658.5083965355311
742.8484827566598
-1.7088003203989275
7.475542661215737
1910.5114358587641
67.07337691244423
-2.5485333367468312
-32.20923585371388
18.76022426533578
-391.8659756228921
-739.646968918079
-39.54586497616113
1531.8601143679089
1082.983188385826
386.7170992904784
57.826927280024066
-26.417314512299978
-7.992924163670505
7.512406471838472
257.31455089505664
57.313106836063994
25.905678760429687
-43.2832384295339
-286.3352562918903
-108.65716846686308
1329.6277637885496
674.7351180818944
-65.91220771706693
-1125.092035284022
26.528089200228397
112.85209922513616
75.51647875094943
66.37256001421873
-36.17759401448211
-713.9328716941246
-1476.5611387705515
-2960.912653393904
-5351.903402261748
-2781.8931430694465
10.595615359176197
-11.915010141596516
195.63377237611738
387.9733246082816
-56.12637039519515
-10.160880030358394
1.0153182418834021
23.077529480770906
-26.265792885239172
-644.2110351943581
-2864.943834898848
-3502.7232225162306
-499.21418987106847
-4.670666578488614
-83.2768539733706
-84.73916705253305
171.06499097997272
1334.676398326077
353.15814271100356
-7.809454903418124
3791.886366421231
800.2262031035389
30.905400529302383
-63.617715126434774
-14.2535195382943
-271.50042956826087
-1609.0066948874605
-1235.4764630862333
-2451.021515761728
-355.6785213270709
1993.9409710890918
2482.4493766655123
3010.9097696104654
1825.4543435765265
1726.6229898275938
1328.4437444139332
997.6447858343606
924.5121408245793
477.14659989783996
517.549719933545
185.46966249984544
302.00334483862935
31.736477606165806
58.84626278092311
39.419184958689385
-4.699801730847178
-3.1754842688162563
-128.9243471589927
-199.5693732834901
-434.0387462673084
-654.4021355460393
-911.7804790574891
-745.4243191427884
-984.0693297135111
-1258.8260319567921
-1733.2250707593676
-1354.2607502228252
-865.1230077537997
-521.4089619094533
-1.605051995489728
3693.5403460675197
1656.2335274091042
753.7591358518429
190.894735918984
22.394100779359
-2.20830314978964
-36.48037907845243
-161.3462294463396
-183.5107613250474
-555.0730692184096
-523.8915927363448
-0.07409805324460142
-1120.0071030410427
-1275.7330727768597
-366.7078350668319
-148.33514895398642
-983.1931552524188
-1302.1564445343927
-0.0001508791130175234
-416.53857444965445
399.30758366206544
1483.6962352321898
1930.7317156716922
1727.1053257259955
934.5894178549861
186.44240605309295
503.8385355367113
3221.076255040234
1551.3657150274803
78.15035912597948
201.8991489834977
5.914817395291106
606.7718168174695
122.74301382572983
-87.81604064510421
-61.526070841170835
-329.30875320603525
654.128785898784
484.8138667040944
11.042097503247398
-48.42819219359404
-705.3403592322198
-1660.2553074242232
-3950.2967939978353
-3670.6801446672334
-193.03997157105096
99.21110031990565
343.9776424054443
33.72892563111199
558.2378922540345
76.01068092068394
-81.49616001689054
-100.2236923262093
-506.06567377805834
2.1666663389754506
1.043650916867025
-32.451135606848744
-23.01492539744588
-4.5816575757405404
-4.9803513682369385
-8.84293234733714
88.41415850277312
143.23457026239396
264.77796652049307
-14.43752438558191
-174.06243569539097
-251.76770054871002
-1562.503704475254
-3993.779497174868
-4147.3079360117135
-2532.1020505379606
-810.578455302036
244.50214412589744
1255.0695082434124
1780.40127959439
2566.711630389169
2862.06423957243
1974.8333918479032
2285.9536351815204
3737.9079158868744
2806.7380150422196
1681.0452094014265
1401.064837446305
967.8041787709218
731.6380273152573
401.054107646975
113.65582755400813
71.56457381046582
427.1432980309148
397.8883297180028
508.68078413281944
468.2509438430248
264.58218069340944
177.09203353738303
320.55652780919604
124.78603666968442
201.1063579733381
-2.059748977316996
-5.304070432764269
-362.2901975279334
-302.13754573082315
-573.1487545815521
-1235.8702705503053
-1434.2014530947208
-2545.375964041029
-5518.571173294391
-3543.2167262300763
-2618.406527692471
-2280.383756168577
-2400.169024223642
-3409.913870223888
-2400.3349615158268
-780.3027164207992
-11.728892676791874
13.160862431676538
-3.966272204968586
136.76265660104863
17.644321243591506
46.04876507917671
20.790746838034888
141.16985062254858
23.174214977107262
7.956201451120107
49.68012237631109
1156.3587835566311
6304.199377890396
3936.5743447932978
2604.7424684231446
1687.5013520423533
1127.6731059382769
789.746277635107
1388.589536340771
740.87426595058
308.8900523530351
344.2892640551311
98.26167839109671
-24.480417015132694
-598.4355960339572
-1484.638028582772
-3140.501037484853
-6130.000714208332
-1502.3730972546828
-171.13197648857627
-11.571928659889673
94.30921958612629
-4.347269134476541
231.13377321498035
148.60831447907302
-34.772766284016825
-290.04305549023127
-1350.4284421979557
-3764.2504113348486
-1134.8724917371221
-120.90506533163318
-338.1556585029956
-1098.5833450292605
-530.0807271763744
-0.24910237351980305
1550.6908971330133
1321.423767901765
1800.1823576746851
1274.0530767273292
1239.6448449151153
624.6104197814169
874.1746952924765
732.3150095346635
666.5075816223155
309.4825825741999
343.5242973669533
254.9278579685182
219.87496128042363
22.47971580370504
262.2659016694297
131.31558057031333
864.0817793823677
594.9293660628352
436.03455729871587
59.32977879949078
16.41325786292508
-7.581637033772302
-6.2617249923766565
-116.37157176727897
-198.94108943212126
-757.0577761738405
-1009.0835028022416
-375.1885097496239
-3.83468639028946
-485.579419462249
-2097.5874663864943
-1256.6014450198081
-512.2930383210888
-481.1938430023129
-715.0976245392521
-24.270427942444684
15.715668908652555
105.94200211880872
435.47684937951175
395.9933083642978
181.0382944525778
224.85398330420242
196.82161787654329
148.4585089552284
169.39586411621977
63.424741395283384
139.2291932948619
105.7231243886027
140.69827652798617
38.032850334714574
29.840236145516226
34.146972097665085
112.4601678803569
18.934503839564016
47.70165449163439
61.46379333931864
147.01986097602332
120.36835775972352
55.35571581033336
2.613732964077175
14.622114663732022
-1.2169170055010943
-9.991510969367837
-7.207821522725668
-0.07506934216389892
-1.0228856270057292
-205.22413770073538
-261.0149226978411
-153.08492177171948
-191.990790555662
-361.82830151613234
-419.75627400238545
-550.5446322046516
-759.6603123933108
-956.1960741614038
-647.1039649703282
-862.3028316330066
-277.7323940096221
223.19844628406682
296.72310129691147
158.39323611727025
170.01053534899629
40.194160660653004
0.016813277023066626
-0.8455350750184303
-71.17126792859992
-88.08705829277397
-39.648570945574235
-8.551111162256804
51.996558453652625
320.22886476096267
114.88053634526463
47.79663668338999
55.89760461464953
-0.4489637968949992
12.568313414245129
48.31715875711099
24.015293552817692
114.48668362072864
436.9774400171411
223.91612878212868
35.27540936603158
18.86028951925873
10.483643524836932
-2.59369763015867
-9.145141917723013
-7.955923083901464
-46.02783361728257
-3.0980193719827067
6.255504545112752
31.20423834163644
13.828087582689236
-1.7471123393988195
9.972619753486407
449.20072734238147
616.5832557097854
55.827550784710326
-130.9137911442487
-385.8973917177125
-187.65271301866346
-283.6248314788913
-976.5886945534152
-1449.717762390511
-1582.4614133455764
-274.2040014449692
2703.981678792975
2424.9361202823948
2898.0298235402706
790.6896630269623
204.68655598187934
27.707795411073494
-170.455751886573
-286.31352622877097
-1104.0217520968597
-2456.3032434418747
-5574.559762158691
-8214.151219305304
-1216.5937213521206
-350.28287034243493
209.86500011242003
1175.071454913086
684.1313934464823
226.44067069430815
1.2552470313744721
-169.06955473454246
-760.3622317261951
-295.7426856638914
-60.798463055949576
18.08663726503644
205.15674646783617
1.2297662500363495
210.03009225917552
1066.67275114899
708.3493840400519
439.92453821193646
268.63585814759745
172.19717507746918
27.740548151873224
17.44551309627976
-1.3326537978366781
-30.821663579860523
-16.72985637184825
-128.90197698073183
-307.0550098711773
-478.14118068227754
-786.826570456687
-817.9479382079071
-934.7916111018392
-946.9602177418193
-1629.5550809199522
-899.6059811816008
152.4868046476451
3200.194210679988
462.3502314566025
843.9056083862695
78.40107077310152
1014.6181807606973
514.1536332969131
4293.514617477966
1091.794370798282
884.7329941475464
30.328414599716965
943.3892237699224
1928.2628972703428
3041.5911069174863
4078.7207798296936
6284.573116623649
3192.761783748611
2862.2427563223537
5813.496042670568
8956.101961285684
16386.824180492855
32276.605054748386
31979.84999957551
75035.65231908511
-318457.68
1114.3055418965014
-91.44111354436367
-1974.8826726563545
-2572.1695300789843
-1014.802952744109
-319.35008876991185
-1055.2536376337555
-1367.023360000298
-2050.9180756369155
-1549.0738649477257
151.80334097683541
1550.9781414054519
1875.279971310662
1753.317448312194
1537.7241060457482
1782.4141434429166
1469.4870363547343
1216.7666409884614
1141.8068192186806
1135.6665609888855
679.1816144296577
705.7484043026193
642.215367367155
621.3507550304603
479.5038164582781
293.0945039376519
273.24531015155264
365.8684136808502
118.61598626613092
90.1115293841549
124.78336356576685
60.75799998239181
12.078643203233964
13.119874683416324
0.43448374636125453
2.4638888626836386
-2.1022706118808188
-9.809934880053124
-79.4553579167095
-32.852467174054254
-70.24850179835525
-80.0965973497903
-141.72446870791424
-263.6830406732044
-459.736757984527
-419.60177991339265
-374.00957587996595
-825.3281945130122
-692.0526645385821
-487.07237387754515
-342.91092467327815
-231.74430017610945
-211.19796042730292
-315.0679484860998
-76.2953386366861
-43.850654593289164
85.33444815311519
1329.6193107856116
468.6945278566177
223.25440267638564
87.02032723201819
399.2797287142977
41.7532678169023
1.4917855480354982
-53.11180215058716
-59.89486268536872
60.33152536490289
288.2268693229934
1766.7196334898474
1477.9857439060652
758.1059267616959
563.8911304299589
2699.389908786362
1811.0427273238345
1042.1265414222412
646.1729039541829
394.05434718453955
240.86838193561113
61.034101550021354
60.86368685388143
0.6326146235451034
-4.886909691906677
-52.19519998854037
-57.834884041296974
-241.97657075773157
-445.5210338966533
-518.0042224168096
-821.8942996670196
-1080.7999650103047
-805.801479260999
-928.4629817795461
-849.0643548938962
-188.0335141839392
-610.715332906284
-264.16706463576486
-386.8649625087799
-449.7820860254201
-393.829251158658
-516.9076870573878
-311.51759264508246
-216.74406497313248
1235.082105800243
1607.0803801398233
1507.1412762943953
360.1824225177327
-68.36002658072385
-218.41860349131514
-577.2454431263467
-156.46199588762232
380.2803838247337
750.4586674322279
0.29332044802309687
-255.57744543384908
-10.858647337551236
167.55159204631104
146.74229400659942
178.35277084407878
10.549593063405219
-1.1762952106333584
-4.508074885678845
-76.71892878840308
-103.53646140153084
-101.63913546245742
-144.12997147672309
3249.233705173857
3559.1796145694816
2284.7586130828004
1935.7576690385945
2076.2811635236844
1470.0703490767687
947.0386482013779
423.30369796518386
381.1963914217201
183.8188048059028
114.84912075547041
0.6355542148430536
-82.09989140590594
-347.8508173774477
-410.8299277841205
-652.2282405606039
-885.4502846091673
-1011.4041002853985
-2102.6636406429043
-5031.313789336356
-2190.218736744935
-1838.6720805011119
-1825.5594957070575
-1550.1984181043745
-383.97053666751464
-22.293520400882155
-661.6338607399598
-251.56405340883973
0.004198896696201713
329.4630328894028
351.44062383529916
-165.2138498281388
-668.2511329453406
-1159.8256951497556
-449.03002985912144
-376.79501239313345
-5.1428065103508525
20.171567405219466
230.86327786215904
429.6649799123507
277.0149532046695
194.32540226220397
130.86033383639543
135.10467340937333
97.28835942809782
70.5525572442862
89.3228486066613
92.03447577045758
1072.2125732278944
1258.0012359964048
564.8835356358109
314.64932535367655
336.41215219682636
4.7369142196917675
17.704329535028602
7.512387416079425
-3.042825344387341
24.89903870610013
-54.7758379593717
-161.62855241724654
-64.3707277124342
-288.8351525084475
-1087.755476531631
-1534.6222616759248
-1421.968361276639
-1746.1729003955468
-1279.4618537176507
-1678.3760832754024
72.86335095677376
-27.079098617730917
-928.2877010230047
-2067.934726633074
-2859.7239748012016
486.1461983540637
-25.14168307597114
709.3622455432536
4380.175454568004
-30.531724106569968
-357.12750449926097
-94.58404867440456
-627.2091800242031
0
-20924.730000000003
-125.0503935005903
-41.7286304823294
-1040.5008004995834
-1227.6581600802947
2557.3394893051045
532.1719564677121
319.1375868731608
37.75273065303248
1055.0419989705686
619.4378444903015
-16.517829859592737
-263.21876113770776
716.1579014225747
541.4481742108591
3410.0124750748396
1762.2639697711304
-16.068558128485552
-2121.6277367212533
31.58557943028169
667.2525549180928
316.17009446069875
-31.171017554491517
446.48636519759583
3474.0380218945043
4311.512534957638
1789.983105707981
1104.7679075918147
213.40048218996796
-2.9785233879805473
-133.0548794821945
-313.697038908017
-2391.952685117207
-698.6865310460884
-209.43998322564974
-507.8880137533341
104.61964803641968
167.38531280614976
-52.578837998563955
-7.649063903730629
207.82989340838935
2108.8341752835013
470.2488845568431
45.38605489285864
-105.59931069938203
-822.3613133685114
-994.8770873021427
-88.35494470673709
-9.837363233053164
-358.17105028201115
-1439.2887061381225
-247.46716927668894
-32.44634329123105
-732.1718767172491
-1643.4238554094304
-1320.5511772551558
-301.1516315583431
-1304.9042567661631
39.26402494353622
1173.3398573889308
2422.9054344525734
2505.525284512735
511.89162091391864
272.592055058561
-141.76385875757325
-2927.004178280602
-662.8495120824081
2095.1378058326673
1711.4611680243977
1373.9963652683919
674.477578250388
506.86029552383513
22.570405099667624
-94.18026140352288
-245.8282608476758
-648.9566565840362
127.37037817362975
210.83686246756943
516.8025156480953
240.98330288233268
31.797602582570597
-33.197443742114025
-303.2121834644226
-130.08273857760472
-5.805374727365606
564.38073904205
158.75291984339177
89.02091990013139
-0.36785064801972067
-91.60924407140976
-566.3845006806056
-61.14059288537516
32.98223775471733
353.51810243643473
178.48215649176223
39.42382519835219
1.0253671733149596
-3.1448101675341285
-100.44166398036107
-130.45233654602612
-525.9092954519956
-446.94737209086
-982.0584917280838
-970.0594284752029
48.86529441077155
-1.2380494690709478
-134.73094854873247
-143.62340359746102
-186.9299359351362
-21.219917349958422
872.5352386725767
1704.9473585656237
1498.5924658232466
-0.37016902219222275
8.928697387415913e-05
174.93446641103256
-345.4330201227018
-199.54097381840694
-127.53826087882364
-104.41144362653958
49.35046327415152
-128.1575923002763
166.85753675238035
317.20888974286
241.90386764496986
51.5042184622073
2.804510964352832
-0.09804182662854655
10.20980093877524
232.67100846386185
1701.023652833676
3676.377500318302
1838.3623708669368
708.1720687773638
237.4311510723536
282.4000113548788
-5.944381349058698
-400.8176089167352
-1241.3312846514432
-2032.3961275209522
-2980.7202047390156
-669.0892991813982
-72.26845043241471
-484.4700056980398
-1075.4895475362089
-24.057478799022892
-6.341521083030904
-271.665019015863
-813.7452633736248
-298.2800602449625
1.6289836345208433
56.67102675365044
-21.21737045608351
-204.79068616255577
-24.210604191766414
70.98279629290946
11.172620662869612
-10.27528908529256
0.0159319440011157
29.131466622540692
16.239169289668308
-76.93862013741018
-108.07916916842485
-195.2013325399004
-359.3684573946818
-578.2298756358887
-2255.445168132776
-2218.7414166951103
-988.4425378768383
113.76636215450824
699.3761077036175
1417.882199160852
499.94997362428836
-5.873664120310772
3322.394564159509
3806.9269939280734
3516.1787421954905
3369.8711387295875
2443.5919260701403
1903.5340100111175
2468.309784664893
1543.2985400560042
1312.0106425251804
1084.6280494920823
1163.3710969573938
1162.0492883145746
966.8272321035205
984.1791893206113
1014.599841937714
752.79544139818
818.3578862727678
677.2004813735708
490.606727588793
756.5090221309298
1562.1709276809934
829.8140579355131
353.33222997984154
210.8563388896594
307.50137350156285
237.08582984701664
173.97364096597104
4.359035322991804
-288.7475380597917
-1146.26193401668
-1515.6964590819355
-2884.907075594434
-3848.8165888584617
-5897.08984641536
-1077.3209963693387
-873.7302502130319
-725.7783073409274
-408.92276002761344
-655.4277299025248
-880.461294780685
-388.4406746239436
-522.7415793593709
-394.07076147358384
-526.233915554265
-665.2128266888208
-584.0908788636276
-640.7150861759734
-680.4918467128189
-651.8660979323137
-1220.5657114228916
-1142.1709420395173
-1139.204312987923
-1320.5887200778184
-1534.1275027235213
-33.55236656849886
218.71679401128202
196.76108396709907
357.25033203567847
436.99306039871203
1009.1024134607287
851.9381120295272
653.7401529262497
782.5396689784976
409.01741410971806
267.07007546355624
98.34544955768321
251.18851249051323
99.68306415878197
24.73217579970358
-1.5438425567716179
-401.2633882301578
-988.5081984942823
-368.0768318751424
-421.8595642991918
37.09605953440824
183.40851692896734
115.53210377450483
48.71734072548685
-0.9646543554276144
-101.6708263756212
-479.14075110159496
-461.15743226710225
-24.077030602742376
-8.159295330563102
-10.248550869510723
-9.837825991672144
28.513514763307573
88.14088800085625
48.36547531929223
71.14549816145282
7.909951926334106
147.94401296344878
21.077257168119225
29.244944182125582
70.02266822014653
23.594008710347904
108.21037160163752
135.56786389418818
83.81825675764118
59.16802797585164
115.809448777131
28.48657651565832
207.51006428062573
162.15428220999976
28.827343102018308
166.06962731443184
146.38647255526212
179.40970802042975
108.76474454683945
167.2749755844702
84.1625045823471
123.26989254056092
95.69863122604974
122.17673818889497
133.13447008859802
75.67883536910745
121.43528721247603
24.482498752500536
3.314512250465868
-25.494847892217585
-296.4466302793985
-407.475026992225
-948.183125604824
-426.88748674986795
-235.59427267673894
-193.58390170945887
-198.4556238115062
-91.64019923874471
-144.85511017308684
-61.149653311955205
-65.46014264149628
-41.14982687932445
-57.65930548834529
-0.9555207860330308
-52.70419937214949
-9.143760154248968
-6.779902102137871
-19.749988151437844
-3.930025686373695
-1.235928757836238
12.415602444503751
7.772402600242675
4.658524216569679
39.27096106303038
55.592988908906875
55.01611193476866
56.87258091754197
66.77642127414194
157.57480079595337
37.55860564027451
415.5955083044983
103.35653261096023
91.50874073852945
127.31097404880903
46.67771920228685
10.359608099895262
-4.6602962685874605
-29.924116002776728
-8.594715424401487
-161.28918282215727
-84.38350877136455
-62.473178716777966
-150.8012929512251
-76.67792877813238
-93.86621568083089
-82.3262328043167
-41.50627031416255
-68.55741189104884
-42.10944256384431
-51.76840371455526
-0.028277918912664297
-28.363905859102083
-10.709906542816292
0.021766500104386233
-23.13545747964435
-17.240220488005598
-4.105745393373919
-14.133529703418288
-12.159095338399577
-6.495483870967741
-1.3697855958245273
-4.053004527454737
-7.664472688321051
-0.909414721039112
-32.355542799044805
-44.917889544697466
0.2819414772030383
-0.39906990616803506
-11.85968672461879
-33.09981822951233
-34.29046193122822
-74.60312951041277
-12.84647807936203
-41.230928809402286
-32.370618428374826
-20.130576600959085
0.15275744001210717
1.3992481932108045
-25.880806947632365
-80.04966557649227
-35.808228158434424
-45.76969146325231
-48.1706103122578
-18.41334254294852
-102.26047344801174
-258.68892902044877
-257.0877126568185
-374.925456184076
-187.97334875737863
-299.87927630700835
-343.49642861156883
-280.4599310588676
-417.39787936801486
-228.6622482056925
-247.0189553296909
-236.79410223179485
-53.74229492386105
1281.6969190442123
629.193107172544
276.0954677449471
170.02888891793316
26.193451579249498
-30.32230772857938
-109.8026422782442
-275.2111431365996
-86.41383832108568
-146.4462801580898
-250.93893637544483
-53.397811602192434
-33.78500501651657
-368.6240906893411
585.8542518700594
688.0425867149487
1385.3274682447372
999.8230463614117
1691.599013372882
1133.0421633251092
112.70512881873222
-1.4136701657746893
1940.74513526576
764.2526523564459
808.2687571679776
195.09033733424087
-85.5510146555057
-1034.1809939524774
-2917.3170072205157
219.22055619577876
209.0957414063697
492.5141724007578
39.22996177992758
-374.1019286992525
-2013.5121441482436
-3541.145742865992
-1975.3634685295904
-1366.9859778068692
-7.111130072794357
179.67451443478961
24.774259322192258
1484.5557627320272
1081.188201131328
1462.7553180015027
1145.9676986443908
1085.5176232242989
1152.330560532367
17.64258787404018
-4.161838994353906
-600.1570798172183
-1691.5245183135744
-770.1911039105977
-1292.160730994055
-0.01010193423397403
326.8712027931324
508.53089234616397
748.2714954493783
507.09536101729327
338.80379052728586
321.1868773455166
100.54274671645841
107.40309162425191
49.407221703129096
94.60113629509877
4.623711377100758
34.21721143049235
23.752249003480763
1.0015280330638534
-0.012457353638330277
11.13141181428524
-17.566348308363406
-0.08693470852907687
-1.6610341066308119
-2.670175232497988e-06
-29.578700236495642
-17.705161878265184
-36.48182242811404
-0.2535505589484124
-21.316154206673414
-6.492310083720908
-0.3768147373856368
-19.762000208779337
76.0650083266472
-34.21633294600686
-10.633375431154427
3.22492143117912
8.524860069752883
-0.4144302721417128
17.982877084932127
3.5545385296965084
0.264129455649281
5.2534731179764655
3.276287103985858
11.690598219866356
18.14775160043074
3.901753515060339
0.7064329662011426
-5.186091113378101
-0.3151777204194054
-1.7524823579666586
2.902240419790411
-1.3253693296700608
3.7009167265265024
-4.012573455993256
3.8874318432414503
-0.08553024104324769
-0.4647805071708351
-26.799084858569508
-2.2936191668821992
-3.393141981734944
-17.28909800805653
-18.402471634223197
0.22013446367100203
-22.678953658706686
-9.969080611286332
0.00017146522777560034
-15.714283116081962
-1.2456435378114619
-17.654733870832885
-32.390392802135295
-63.33350218243412
-41.663674435629616
-78.66743631490336
-39.76119162267751
-116.58256924926853
-53.82568347419786
-20.208333644685165
-35.95835871230434
-58.706944945171216
-14.07109050617577
-13.57211065198854
7.78540134626396
21.250726401362435
268.44720105124804
452.54473197940683
754.93323119684
475.23036651385127
845.528582561166
681.7971993733927
372.138762399002
120.80038542925402
21.396183414384826
-0.8705811277439135
-17.738176498758122
-43.220564817687674
-377.38953143335374
-321.6486890637308
-712.6970324368316
-977.1334964603298
-437.60590353045814
-179.36903934565953
-45.796595236999394
0.028681939736374937
11.468674597480675
38.97063901748146
18.631134152176458
8.368825131577566
18.717121209662785
13.879137967786948
2.097930330173556
1.963373362672909
-0.0013714254781237115
54.31463708379043
-0.27047986191649925
20.170244199734633
7.769955268709111
5.819759797058147
4.576565493972791
3.559309980910371
28.864181255228942
0.13650568780207004
-0.169607690494187
22.543276627886108
42.24455459377135
14.93798428870554
-5.24743251911446
24.50195827878166
15.145823933336555
17.112988770206965
15.594038531980118
2.055431409127414
-2.715773868688297
1.3177189929665605
3.924550118079834
0.36905484856392007
0.6365153215509696
-2.5670799466775267
7.417169537217186
-2.945551473297395
0.00532553694273841
-0.7702007435905
1.4225906169199765
-0.28977880477960494
0.9109265387160859
-2.3611225335959487
-0.32059010635744845
-0.5047833913678206
1.6877068374734683
-4.086483136641628
-0.8342592815846599
-6.039414567781874
-7.085475998588266
-2.049838646255092
-0.6248777757396605
-0.39503721269926995
1.0512745178748393
-41.385833881702965
33.18750007917123
-41.34504084368969
-1.303538471884644
36.059054521017714
-4.60263645043858
-8.261551023634444
3.2170371889267098
-5.95018952194436
42.841878792730874
-0.011625781157219692
46.304417615734984
1.4992997739214582
5.616630790964557
-1.5121014521671894
0.8069825175174088
3.228526429937482
-0.7618454924082398
7.890989651689461
25.12522349651232
2.0395113136801193
3.609008852244821
6.64908276349903
7.33038011939819
-0.2089561192905194
4.938981444632137
21.661766549695148
0.40499465194000817
10.945038412819525
-0.4508199346951332
-4.182240070512315
-0.0010491404261336584
0.9158456384880707
-2.424658252814175
-2.042617043829958
-4.346650076076223
-4.175677574657366
-28.412508161459755
-30.644252329091827
-65.16224570122468
-29.65320698607387
-56.552680478569364
-18.15346725586091
-51.32167109483719
-46.3697037896182
-66.85324521584113
-54.76161568086281
-72.55267071871071
-213.16328364243844
-106.16930551151191
-334.5380979393836
-298.92332203001394
-456.7075410491252
-666.5129430132986
-847.1002023733483
-736.617756116118
-881.2910492322014
-903.9956016836834
-729.0260356218787
-518.1284553471052
-2.7939930971442224
2198.6822909935577
1106.0512850871005
29.870336426309258
-293.5122488389802
-2.2165561123231483
0.04616910034731175
2.8888716857211265
-3.8866150826303096
-191.90617813204884
-100.71773131656465
-0.42541134924690094
-1.21145509572834
-0.4451160796972751
0.062434568776294
33.45850393065572
434.256454095355
768.2167918266089
284.94625888228984
56.76916174463323
3.8988802085273617
-0.011629597697428315
-1.515041009771371
68.54474103362855
1090.7177394877367
863.3825546264859
617.2851576587776
109.43807268236381
-5.355722334530842
-12.187387283866476
-33.252022011557656
-0.0033546819141321996
-503.6309856793345
-304.70532313420836
-4.853025201563769
382.03693306776955
8.761947808936249
-59.67126935239985
164.28458753160407
219.86760025762166
-447.11089202747416
-156.9117048715431
-7.058326471646443
-57.56683784384995
-314.05326765598704
-396.0302031807242
53.69937258185867
398.7327993631383
648.305251184673
609.1384372984965
457.39872064737943
310.3468470339001
171.66272752942388
170.67093751689134
-2.2242238395796536
6.229399390859304
-77.16761221667227
-181.131012596297
-441.18430508841993
0.7568229731677205
12.755590285768742
-51.39861900666757
-502.0637048439022
-165.03337114152265
-233.83239290891947
-851.398536031027
-1131.1289650310725
3.4540779120134837
259.00480130770165
69.57547257161602
279.40795066646604
167.673245764971
107.5094772559577
118.17854320520166
25.86158039467076
76.77692759584885
113.62465995358632
27.78181431860258
19.279774952225942
4.98399556725677
23.107123603187148
6.404632384728953
15.43934282282129
10.20622058880511
74.49870136159512
56.209063365187305
30.812040832793063
49.885776624181716
87.53385090432249
56.43441094776157
46.40751779042841
13.534718670307178
41.863602129203585
29.020441253864135
77.78086902983799
61.91511117176646
35.98293665323825
93.83006375705743
14.03568279123904
21.107158578401496
52.43662218770169
104.1907247370883
0.9971048175193701
34.83692902983708
20.00865675744683
20.367859427625955
-0.6000333081036924
0.22232623790084202
-1.4248987775272037
-18.588718804245232
-25.889426008187534
-43.16056027186025
-119.27985049953719
-179.45797787549483
-333.75132663358875
-537.5049403054736
-273.5496085036669
-228.9329998160618
-460.8658753045294
-152.73969453440085
-288.4432517868199
-201.51924191306728
-158.97245679348646
-235.49382265576062
-193.91366339834212
-135.75529894473652
-123.29263255443199
-138.78806140636615
-63.26887989634048
8.50702659634214
-4.4738286657743025
0.2726872599900993
-1.041010091413768
-5.239183087704492
-2.914679090763997
14.851901499755598
0.38762278636107883
11.413223286632453
55.855804999318295
114.92443204570228
323.4457497397383
839.6772726280273
4406.765572329868
3115.6325575052356
373.20929365923826
30.130798030738433
-105.37384506613422
968.2317000347433
552.1128037349813
464.20515385465364
358.5265162116158
132.7304499784466
115.36641858984794
23.793359170555593
13.17012238396642
-16.404362779856612
-34.85475389476061
-81.92556864260436
-253.38859728622336
-353.3241662592225
-405.7173094791381
-598.2844813038421
-788.9090085279583
-618.2407719526988
-611.0644025365773
-414.4322871339895
-375.5528594857193
-327.55467425655996
-251.23196597292642
-245.71916650233538
-994.05189054272
-581.7948039932046
-1722.1979480458829
-2078.7515839296484
-722.6207554482042
2.8991848883864018
1.3601766162021556
59.06611036080614
746.1772467910656
2607.5459927930797
592.8188851351565
60.1277346885318
-251.25043370586948
-870.2235457393426
-254.8563979712959
666.3773522713547
38.00784674850043
-84.62914288838934
-389.99386233508983
-181.70819583961722
29.513052604107624
2762.7642207727686
979.6430687265995
792.4769719291946
561.5283785155985
48.900461294713004
-349.3807831060274
-945.7942145110346
-793.9503733279478
-726.7718558625705
-4.022728243284232
81.01508480955798
1759.9039541605339
1128.248232498122
602.4828501022229
27.753098589148134
-36.66241780128496
-2.4659505588422928
-472.69647337945065
-1695.700610171338
-3670.5428966850104
-7308.411526165439
0.18815911416604422
451.2664933588561
474.59680725051373
131.38250724366725
47.674195786457965
387.960623474643
114.1045594820559
48.569527447011396
97.88604745223792
167.50272707586714
269.93091308768055
184.17160357021328
173.69005411859325
69.77466356302467
20.470258505406115
5.327761862671977
7.101502524894148
-10.389871504435762
-83.95307975813382
-71.00273659333826
-6.549909425458247
-122.85582536705337
-307.22844134988213
-544.6819418204027
-841.2100190678158
-651.749464056787
-1053.1262336190482
-1050.6459559943473
-1576.2846662840489
-2336.4846817854477
-1148.2967807220418
-42.91571463290903
4.814494589755846
220.39166315068448
1126.712327441355
84.80420405202133
289.68312496325484
198.29306162966304
-9.642520573924097
49.69132226162405
529.2599884770159
-9.63946756409202
-205.59178311042646
-311.60439131318395
4.530167844353956
877.5254574885088
348.62453178120614
-32.42825669021461
10.285869381937317
2593.225066736728
1430.9914867942466
365.47785132825777
-53.44632959089462
-2082.433427478539
-329.11388686361863
114.97851531149016
15.397428161505756
75.18438995266564
-331.0002650558762
-137.98961935908108
-226.48915060110943
273.19497510985985
187.776652675889
372.4640228267116
-36.431730229529194
-3.887448141644859
128.74210673031686
-334.7535831096036
-228.36062015273714
-93.49121165692667
-149.43774381656803
-270.461501790007
-747.0797249613456
297.38217674573997
214.26610251062402
168.33154632068505
387.6798131280324
290.0955402022401
348.21003384554945
-0.17683362229597702
-74.80981060340886
-693.233039067859
-503.7912242686884
860.6475065641503
379.87357199156327
74.40504284699635
2339.6631044689157
586.7304411711506
-27.64540459151469
-0.818717066466121
504.8621936910042
988.4186462037751
102.73676861307857
-57.606690458622786
-1067.624211550347
-33.831215520094
1002.4476220448471
1915.2501429249492
928.374452797673
69.33835786794948
-794.6822960450659
168.38418556378116
0.6985588886775655
-1014.1649496464156
-111.6657859800128
-143.87716404892666
708.2800622449397
-5.025264628722689
-289.471032680071
-1481.683933928483
708.6477591630044
123.76281649485458
28.105896918779226
222.65612968520273
-58.44811217775896
14.052781131625334
488.84771716101795
279.4307881074385
7.325716097766105
-528.5239126790245
-419.4308579962391
-632.4482795076563
123.3505335755231
0.1788927338606672
-704.153412896742
-550.1822112635012
812.7262691337954
-0.6448225832030112
-201.35053541525377
-456.52990015866106
-1036.9762966012631
-1.67833386227373
34.826384443132966
-19.761057306684492
-8.164435244459408
-672.1785940322272
-1796.1594300508114
-52.713583154107
-655.5156825876261
-115.7157266147521
208.34505754931064
-270.05898774235914
12.565311894664738
62.55331732305807
117.31829863646557
249.7263558863232
0.028262369888714067
-273.2768374551453
1.5771897506057586
31.207589396801644
-164.0925842845536
-2103.5450637735844
-1331.2832611686479
459.1909960569924
2527.6222633333155
408.66245469949797
-28.32049071613283
-598.232595254508
580.012851141988
1474.2802583652262
981.4549501988283
617.9858842893973
306.60605243065737
206.45071178821328
98.81018878835717
17.145043520195095
127.60742199756339
426.3531562877612
836.4031366917781
1726.9601606744377
2043.752748536434
1034.1942004452565
693.8162853328156
440.69188121460854
293.3110445345941
11.835780091704386
-21.13789218599181
-196.5842953260048
-234.43202757470712
-320.04942242909544
-757.7725098857653
-649.8994063139123
-1931.4749010903424
-4873.1799351466125
438.0253534701578
4327.731292703573
2709.737785952612
854.4993458134429
22.62104271377992
920.4414383756045
1025.2380621340737
289.95548754263325
-3.0311747545648955
-43.702899878755396
-170.0096118801178
-1400.1701756950547
-1107.3283140896535
-1559.0453209796651
-883.9522323363315
162.86107977419738
1060.7162750070215
10.41348681448374
-229.96140339606967
-1609.7251244907427
-3782.052859181058
-4036.3440805333994
-2790.739949282198
-1150.2083428320764
-1205.0983734494496
-533.4917870029137
-85.6984300608309
-64.5417733967778
284.5422913752383
1175.1880116264133
2237.256380715764
2864.325149451769
3425.2829987514597
429.8063906333043
-62.3151053652406
65.70814560400315
122.80780255734071
452.3655046975838
134.45132254344466
33.262081366469026
101.58870418487562
-8.100221650384011
220.8310464537833
142.8359986657759
36.67388540514393
2.239197317515089
0.154401142492231
-39.839021360990166
-197.52635753913995
-222.4432900621665
-108.92281895793161
-108.62017562022275
-158.93104366440022
76.92463335152499
150.12378558510943
69.80451660723618
64.23113325921635
197.51452092377446
356.90830170865047
285.15462262101653
158.90163168236654
113.0354380535671
43.48014646811464
112.06700756791336
33.50840822893667
94.54681615743047
90.61823038518607
40.04449405885051
82.58498412817089
89.44702893977389
71.1085312040061
31.293292946574887
21.386894412627136
0.6477355345608895
-15.625109235561062
-11.021751421564893
-20.76756777789199
26.02552845189868
134.59585390991487
133.97407402717388
67.08377897139479
50.39695769342593
66.45908985982669
27.331902861121286
17.166707918535018
5.879006447658803
17.858438211137123
31.296744274657925
-25.928486893428854
0.0023458411507215017
-9.681384345285831
-1.7368014564773018
0.28236619358989723
-39.780594737831024
70.2237735212518
181.3135578532453
367.21735581357893
24.671752353656615
-99.32215430725181
-218.5903921994524
-416.89541589984947
-595.4221126362453
-741.4421240002903
-926.188910970938
-766.0523284468422
-443.7674225632329
-1219.4509500456907
0
-577.743179984961
-1209.6744392724997
-2206.581814428815
-3322.078636800531
-1796.3975097831524
-28.410422698492283
1002.6495435800902
6504.862459301552
2220.1343221898383
477.2565014801238
-82.18418051979373
154.56003683388101
229.37241174292848
-63.7394767090739
-244.53930486119447
16.38733690070702
3.9087363451964197
-737.5368643084579
-1677.0020503935782
2291.056620964649
2879.856945065977
2333.224312125617
2112.0321133498496
2032.8900837490698
1238.907322969499
571.6056543733619
190.39177394114822
89.85011392373438
52.435215947115395
7.719878349231545
11.104014605788759
6.238324831171017
0.6863435919220077
6.613863023823573
18.828459443371617
1.53229416050352
48.21552532765452
25.164661735647798
48.86219988570455
11.651647889641069
15.465057048126297
0.347409538338461
28.797631594636346
15.79831243328508
8.315696338409612
20.704687062644602
5.178657239774001
45.940545086414474
53.3952803469609
45.19401597057473
44.79901494577496
35.03050204823706
17.71128063532504
14.904055268043107
1.518258229046891
3.5842417874563264
-32.059160766774255
-74.45629722581828
-125.22916574974897
-147.48686890063595
-9.545273052492467
-98.0303557437008
-50.50468492047137
-9.774105708735528
-27.966900487178105
-33.51041393850545
-47.638887159629604
-39.65285823178604
-21.614082683883254
-57.01368722858491
-136.16384083111365
-55.18392185348528
-23.642510115406488
-23.63369851583562
-1.2620937794087883
0.03231771974282692
-6.148474363744967
-3.6013067004926884
32.068968428221524
37.398679103423625
-34.99239465634499
34.67607866137235
13.380870755518512
-0.060872314297022515
107.99335376860294
127.71856542409704
113.48580565458587
46.685964668348475
30.87380314170639
248.92270102539953
101.50984921857153
246.82185346909387
56.33876025525406
157.1440247376599
93.41339328476091
246.0270383966386
47.922944309546
155.02172988409302
26.697392884402156
87.18124330173228
62.95963247673633
36.475329443560064
4.628076866745858
-1.525595772288899
0.5738974104428781
7.457057538301499
3.090225869913992
-44.27557582957782
-331.5343783089967
-824.867801246305
-1248.711063799819
-1254.3201414911603
-907.2759222568633
-770.4686234150983
-848.7078207753453
-851.4817086642801
-722.8909765558626
-367.70127222025644
-855.8753823312177
-496.81049238605885
-512.1707760049794
-709.9515141342044
-1548.3093752055188
-1490.5810021318662
-1511.6537822692057
-1637.718082660074
-612.31949035909
964.96367497644
3406.1880367803656
1282.2905474807128
301.7130335413731
12.131011268060867
-49.26181937139048
-131.545317166036
-1740.745601370389
-2403.058562262451
-4227.301128312398
-1410.5898735880955
-163.22350168493182
297.01970136478855
-58.403416451395074
0.012879067081052109
-65.3886753734931
-25.10069149498559
-44.857878072753905
-229.65994199681427
-189.3711667775949
-674.7647963110751
-922.2990713682075
-2012.4815118210845
-1291.2804408282914
480.10979401818406
5483.891296491483
2382.0314842097355
495.44965816285145
87.05492794064915
-143.13975827770895
-2173.5983581602723
-1378.3616331648254
8.751320561401474
3155.8867280626537
2227.7241886202496
1724.5162201073076
82.57697607130697
-383.3805021708805
-336.558290903768
345.0609974264003
6225.830750816891
4884.761539870992
2541.2115554247
804.4247565340028
153.3063786974381
-0.8042412944401088
2.394224142130157
-56.900996097246626
-290.4785044400018
-1004.433756321857
-850.9369317220307
-618.9741212986451
-62.96222854871273
-652.6556852864715
765.8096504981123
410.2817967679214
-32.69284413492028
-666.9039090896326
-2364.6371862702754
235.5401376230974
213.57368671728875
46.838652191499904
128.93465722016325
-1.351810005398342
-523.8987020024056
-735.9692555093587
40.29287973272807
-202.82332601120714
-398.0408830569838
-491.8072823507269
-2497.9597046827776
-6636.792167928468
-2602.436111104688
-1049.0785774480792
936.7448576746326
4516.41574807179
1290.4171142753744
242.24645704847484
-106.59506021293399
65.49524029298985
220.28432156518102
2030.557403475688
3137.034414089626
714.8352186710938
92.294324350551
-250.77015995134917
-1030.3821991861123
-220.41855410516953
306.20220903474353
832.4517513858007
706.6042736299288
339.7178987272024
102.07885221154882
42.213750536979944
-14.3681746289385
-59.36771093557842
-312.97833687922423
-674.5273528354404
-972.8924659415425
313.76445314062636
334.76456717211386
-47.184611590725275
-462.6473761152532
-1440.526501123411
1466.680133973016
1954.4847074108125
112.07537044946189
-74.44288988978107
-653.0714136326508
41.5361399867239
1070.9903123005465
9.734545905493572
-92.55648911168726
-932.5161215909553
-3392.5024607687346
565.2707414806371
411.24785983621257
11.408447216485637
-68.90890403211525
-6.335564848518651
32.19942286923899
-123.03006523424716
-162.7132321926602
-9.181315451618651
-23.927359648172857
1594.1048018124561
1420.0030068245528
-6.50351437544415
-576.4889341139682
-8.669487012896425
-41.198588680104805
-138.051786791466
322.9814394167075
-40.08998249073169
-787.3119279888587
-193.265748479515
-855.1795856201741
-506.6065455482261
430.11493837843676
1693.7507404429466
94.24155455759467
-32.490300733698575
456.4467313802174
-1.9722986960325626
-936.5941567841096
-947.9186711612691
119.41927255616082
21.22653997568849
-402.9825204561656
-1039.710543841719
-65.52956707736195
-1089.4231471082833
-3051.1622875764183
-2133.8966462607455
-2631.486683589711
244.47638647773485
2326.3508196691
2105.4890661650493
1886.7962452483152
2077.3001613114943
1565.902334473662
1273.4303652511617
973.9049184492325
483.9073645008769
542.776556078542
387.90405585324197
204.0091435972884
193.2022496424911
68.97846981801261
0.6974776000466434
10.542576283296079
-7.593010542067212
-18.970240870677234
-73.49753523631308
-122.96013611130961
-267.19212678535973
-140.06593321599405
25.522850149063043
44.49828813000663
-13.148249121324191
-136.44214382536393
-327.7134104203973
-480.91867473683453
-632.4268456646677
-498.3448527932087
-582.5447818206765
-753.8801892392116
-0.10750477104955733
188.0894837771853
559.3083466713978
392.1754718127856
735.0140210455738
655.2645088565502
304.49831312858635
250.14212077135844
55.803246297803916
-0.7897275481928404
21.49205553320921
10.805810637589477
-2.2259017205783214
-51.03023416696137
-310.09401271701535
74.75831988836408
-1.9724805356775674
-658.881859731616
-2773.135545404897
-1192.1189289966542
-295.8851146924823
2238.19276486718
1276.4247885426084
66.52826220687373
-2.1078418824351646
2188.839852394419
578.0673900661459
184.55317891963435
74.8056105080195
-1.661798406013756
-277.30436866427783
-5.8236092053509765
688.4402271992341
-17.183702233710285
-150.22191424930975
-2.746390818037529
238.85641750149983
52.82539804093574
20.836004054382343
-88.05213886560486
-546.1293313335968
1078.883466858623
299.2448102795727
256.3328528350035
339.3208731590332
1154.8164881070256
390.5099817225489
10.527898470400507
-112.00941904569505
-529.8416472044095
-1774.4277523128642
-1249.601650002954
65.65241980453276
-177.77672308403172
-133.0814278019994
-575.5243818226086
-48.76123085718261
1176.7357299985317
232.14841196688562
0.6337098102664517
-141.86981489003526
-1117.4300037413964
-1616.3783005603955
-3263.5425653375787
-24.002230516912512
-115.33928672748276
-248.3689199028075
-20.691579510975373
6.727104377502066
-1419.523358408454
-1602.903415137269
-902.6163987732285
302.23997447885904
567.1956324707854
1306.857041298068
1664.3580889062675
1151.7742096423317
681.3166936370542
1201.5080649298727
1740.0980239028058
2465.3300381156214
1098.9548300807062
860.6586337200681
572.0217766149295
170.21580068383867
9.581709972476112
-74.82018448818303
-176.13453036202236
-464.6828701029147
-673.6283655483583
-800.8975420501023
-1051.6325316819948
-736.91543835365
-561.8372497174046
-1643.5888847034748
-277.0538564642553
349.69183681520553
1614.3674972100885
167.57096413018104
-673.9067034392378
-281.92190532287646
-126.29197223448529
22.408646450617926
894.4795902679693
2648.6400153725936
1294.2143645567273
1070.0794025721775
552.2365270510761
222.73386057344433
79.31804289784858
8.184180262378906
-6.586130660620287
-6.478714271679128
-164.67770615142132
-124.890040357445
-184.17644245926886
-367.6081109438067
-1083.3037472731185
-1595.7869153867814
-1249.7015642736949
-92.06125523093142
-198.92061507966028
273.8329287612019
1.0762823492313685
184.41302298557054
-0.5369787759779303
-40.730863926169775
-429.7025020398449
-61.183764835179765
3.816502975412349
297.0774025809148
-664.9624820056099
1295.411391505395
1800.4462946813285
886.843689929733
47.36521398187486
-203.63309141949395
121.57082859185705
-94.70029305313179
-1224.764967374199
-158.73691800675624
82.12919265106363
-124.45017514409798
-1118.4890286353934
-6.25069926757513
1114.9894639535835
1360.2637310637401
365.6527983913293
135.77857981513995
71.11759136001629
-1.083735788202347
322.4959744693841
2189.5922540041065
1096.2571537693607
76.37211156666703
-1.2251499156480414
-465.40124360592665
-647.3480044493871
-1160.1314793534584
-1553.5577741400214
-3521.1178491214937
-316.6569512978459
-1084.1798803842032
-4024.2560660932654
-2101.068673637116
37.137447922136765
69.10364819033182
-1.1358584177159603
-255.46248707528122
-2024.877535486986
-253.81982598227563
97.6988615171725
189.42928330396228
368.3390729388963
597.0051439848621
1121.469195031656
2380.5086269556327
2036.1705992964764
1903.6662799529086
1897.0775122031
2072.5404233689883
2189.020485018873
1366.9874439753344
968.870468459234
662.5311323020584
160.40609059285788
127.01639939876176
137.65691923082795
51.35755211392879
1.305597534743675
3.7586343062345895
-10.019623362087957
-15.878053584760632
-97.62653120278688
-16.514340696866732
-77.16871522194195
-275.7273006925702
-278.09770173485623
-428.2867495229882
-370.95264578395745
-689.5711725128191
-850.9729491123073
-1220.7079172976705
-1533.064158820264
-1653.2199595355203
-1869.0341546327352
-336.00047450243585
567.6066726944424
143.40543541510485
-55.81614069751721
-204.1748068192838
-493.1533555417757
-1381.8831616000969
-2279.5373780355903
-2875.197242729023
-463.0008384169088
70.53967816810253
-470.9108361445072
-1177.8044975520977
-1251.758220395861
92.51091807690378
1106.1831477954504
1555.537438585059
1301.2419564741458
190.17122928632656
67.25174451400284
-40.102923314176195
-458.7725430556088
-1438.5186006509475
-360.3377011843917
0.3658300858290702
-43.92012394156151
-601.8587100687586
-1642.2089952356428
1201.356917491271
3828.9064435264436
-47.41266107375789
0.18391701320471407
-76.31981447788354
2680.826004083958
424.82804248037417
-239.92588544398387
-89.75736031789589
206.36247890914143
55.81917240083836
-66.91941627461034
-1979.551467059762
468.0381356655534
31.52511919494346
833.3107344837802
534.0742170988544
81.55691047918626
96.56106133172534
1896.3442683805522
461.3797171048566
-189.85928654388613
-2018.3050506317709
-486.4146643813806
3.3070794412518807
-19.78661549224957
-2.0790349800946264
-642.7512652932946
-2854.132869151801
-3366.795424086709
-237.30777516821826
3012.972770100726
-3.1976815142669537
608.2959082842567
914.763898901782
379.62988304318384
2917.009556448553
2377.1774105128266
1693.0157474221962
1596.520479527211
1006.8615914733166
637.8807642886588
263.93008661009765
262.6312223151383
22.530254040870027
13.465469593205372
-47.96564791215204
-33.966922330386325
17.828797423231737
126.22966667571902
-178.2735553255552
597.1800546563172
6774.842548099038
4589.742592324584
2011.5441916481802
273.4201628621645
23.029020993195115
-27.679597331750344
93.23222866093467
239.21872048407127
0.5672973512832203
-1642.8413271234112
-1024.7303407877857
-881.1341177511541
-1903.7647001862395
-1254.2946806866141
-297.2196887354936
-80.12020009287693
-692.1982739573707
-953.036633391708
-1610.0624051090517
-1646.5820569936368
-1322.468516209462
-35.34629782374393
274.9056417888173
1205.9653695391198
647.5362078858104
667.6475714387142
451.29132055196834
428.0692116987512
253.76740931447563
144.774358097143
222.35984896755645
270.1575578690655
298.9760878086684
307.46487523717406
79.94523603740865
39.867229787185835
35.014553851243306
-6.04088588207849
-57.508306749054285
-3.008749306243687
-14.784878720925661
-90.91916227948408
-27.151738421821662
174.5876245974217
-52.11598930534974
-92.12578772834124
-616.1726083885135
-1386.3142618910679
-1155.7856663898167
-743.6698259854429
-48.808013683701226
-26.99576404765631
-82.65100912228179
-178.48624687768233
-96.36942475510206
-51.072124605581486
-84.82078887257015
-252.12335000607956
-372.774690007338
-629.7835074040044
-726.9619615253105
-1183.530974632094
-1355.6982644313007
-1021.9724607164047
-183.88844622450353
3813.5594261485867
2985.162314317391
688.3222264436735
1603.722518238531
3182.072400148851
1577.076354230403
1165.1314971141173
425.54001816790185
24.235453440169316
-0.2482865585807268
182.65632164461363
361.54154177360687
1.2441335979271315
-183.07876126177905
1.452107867082167
-1.1774804695916337
-286.46316747969524
-1442.2090682725034
-3425.5095882235846
-8135.223557314826
-760.1195253049177
-1127.9575693542906
115.3021030085766
529.5468296460544
1215.4983644206648
1342.1117781301498
775.5272150109688
441.1783000208019
1232.2129255295295
1628.6162973297037
30.256817503357055
-10.079959185898232
180.07598806121658
-70.27898053759858
-2015.4910868013278
-610.4063531992539
597.9457742645627
1545.9360769224959
933.9834680040035
440.38903195141296
251.08933808255205
113.13057422792973
-0.20826342114728774
-31.95292268226782
-196.64501289088
-275.185759091333
-414.1964548160062
-887.9091476462696
-1667.85560734631
-858.7352577667516
-628.5135277781407
-902.7319156950994
-1036.0442460841625
-1813.0753990788119
-2624.4687347355703
-2655.366112608275
95.62033300899321
-7.427386995417886
-144.76378465351547
18.75525877483183
1.1962410526279965
62.72624564108706
189.8694531234197
742.8572769415533
234.61550813723622
-9.868872495373392
-205.31042300861534
-1028.2571540481304
-1385.4303473439916
-269.5671465309506
-417.66882159266305
4236.941882445482
798.2737044307194
-23.128797138243094
-1.731853560109533
124.66428766254734
-31.54608718086923
45.56425653038184
1.458391116739211
-74.15960674609465
-200.91417883132368
-148.5022353074782
-0.7801488227682611
702.7385112494995
297.7959033849341
131.5816198582553
308.5042690447001
18.54348150954121
-43.24830062298915
-27.665537053847043
14.004684904572652
298.82249608346115
411.56795156322323
225.06436228825982
361.2291364154333
141.0911320362211
-246.8448501206247
-77.05102469973158
-10.666099561429816
143.56866078597537
239.52061858663956
88.56445458449366
483.742946377969
919.7034476423114
1581.9225247584277
120.05913647392615
-39.1281466368332
-653.0048706601581
-94.9843469492614
2132.211308408216
187.76392289297013
2.720909372236393
-188.7118433559949
-7.837153627235294
-530.5751418188963
-744.7094747675928
-1979.4606295071958
324.89467540614805
307.0206252862506
250.40654641135654
278.42594285980437
21.906482822550984
175.3442899425728
114.30330959048487
-0.2185071701699042
157.21895647005732
2022.7116032894473
368.2064981990378
-0.16106151893233794
-283.9455104511898
-1637.841541916011
-474.1044284733346
4158.361788865289
7300.40054677887
21573.345563827308
-85140.01
2301.3114710754317
1221.6703450410141
281.58433676018205
292.8362342558482
983.55728118854
740.3595431071869
614.6550032375101
498.6164102536703
101.44905614858428
-0.9726951102449438
-755.2520079907108
-468.94837106332494
-1092.6619218139351
-952.9087989201273
-1158.3100252086215
61.59704233561829
22.03877716585306
4.061341138586651
103.56069022261654
589.8124834835718
195.05101587884218
-63.96449844661185
-610.8317695677727
-2210.7400895499527
-4755.291964229379
-2537.8085072081362
-107.91798205185819
31.762388690966063
0.9019886463076389
46.594909412129766
26.59105135451783
-41.65426354759264
-426.0898337121805
-1363.6174106873189
32.2771440129673
36.55805398847288
-368.6452402724256
-846.3906440129451
-425.9202428945444
60.15689870799238
680.7579764093861
2498.133206741468
2878.41982371992
2908.842432572379
2964.181974746918
2244.6394130113617
1845.973844231657
1540.4460369524527
1305.8821436663152
1005.9717994159118
800.956555790364
492.5942982190811
114.17426894092333
81.78029463106559
36.511490971826134
1.6980195402540024
-22.129589567392536
-43.835122784704275
-93.73558869854408
-110.21901995979987
-203.10964693181162
-474.50154724822903
-643.3670374492744
-1732.8710352342728
-2299.2879279822264
-35.2510408960505
613.7240286214746
758.7433246071677
996.0717159164885
956.40155597622
1474.2604547122037
1608.68978408721
1865.7785697795484
1161.7022768036886
452.692166435434
128.21797249565407
-3.0155672525136694
-1.1361269516805734
152.40981967021557
101.06321018957146
44.47041987258439
-1.247392396629624
2.5862912534208204
0.014929552955614241
-0.0010121060286584673
-16.43577574976954
-1.8166482099835075
-19.646829244335407
-7.858211298437377
-66.38978348700579
10005.527955610436
15119.837068537347
35963.77217701546
49211.31980814379
67577.43388559119
103395.78994637015
129728.40012966389
160552.96701400194
179276.40029787621
205991.6797843204
224084.6704367642
272424.59424229624
276074.38329364645
303755.62967155897
341794.44536476856
370843.2078052798
398163.35188091826
433781.1877371334
475904.87323931174
422841.7649765891
474632.16731291893
528789.7220436091
556976.3217850841
494035.7193603735
532184.1933331764
523991.9992346251
568391.1659000374
600489.9046825495
608479.9522039511
636331.0387574583
687812.0092394846
796494.2234651016
811872.0473583995
802972.6361968685
977684.2831775635
999584.322648787
1051326.627262862
1150039.7498228992
1194752.6832863884
1812832.6987049694
-2087512.2499999998
-1576880.7399999998
-1337780.8699999996
-1217823.29
-1412739.0800000003
-1330653.1199999999
-1155000.0199999998
-1076425.3699999999
-1000585.0700000002
-1182356.6199999996
-901177.54
-934096.9199999998
-805291.3300000002
-871297.9700000001
-882119.8099999997
-771728.4700000002
-537724.19
-448062.26999999996
-297608.45
-238435.95999999996
-155345.48
-101636.73
-87174.95000000001
-82539.84
-68203.61000000002
-66085.08
-46828.09999999999
-31138.810000000005
-38853.71
-42265.509999999995
-30069.82
-48379.130000000005
-61699.87
-56369.58
-44591.76
-39201.98
-35778.14
-26241.45
-16441.82
-9244.69
0
0
0
0
0
0
0
0
0
0
0
0
0
0
0
0
0
0
0
0
0
0
0
0
0
0
0
0
0
0
0
0
0
0
0
0
0
0
0
0
0
0
0
0
0
0
0
0
0
0
0
0
0
0
0
0
0
0
0
0
0
0
0
0
0
0
0
0
