1016.18
18991.17797992916
4259.792745217661
3370.6797548727063
2158.5770294415283
923.3831794850228
1451.343492206392
3035.763349790066
4241.289764747991
2710.5889995140255
2882.9388527849324
2584.9321173588205
2257.6665697169606
1969.3777913299546
1094.2204600563923
913.9007666157432
767.1320858058014
481.61243903129576
227.19062095887364
278.9312846188427
-0.04667772924414048
-366.24200841151185
-795.0882698640022
-2119.3699149224926
-2977.104051348193
-1369.20336814643
-885.416569248593
-1225.687861850738
-1141.3865938301537
-28.574016231596293
1768.2808524838454
2018.6995743650825
2017.7906496647902
1928.107817337169
1679.8591090654763
1493.6397143557517
844.5871078209925
1196.2856494646935
496.32836318603387
494.0451864669953
159.83804693428783
118.89079660554987
194.29845080130812
186.95646502935023
124.04272186795154
255.57443427322033
84.38448889073905
88.57895427027003
7.2138249626364646
-19.921271602533523
-211.34989203956098
-486.281661930079
-1110.6296246153815
-614.0937274428968
-228.4586673237298
-120.64852770115507
-3.215697050525308
-11.38168814108466
-119.98157868002818
-1.6296621039080286
-61.16608748509041
-74.98897901586875
-272.1031674500222
-276.0367440839568
-246.3114671928796
-388.8697002149268
-242.60030232252868
-269.09124372185215
-626.451069997644
-677.6598908381065
-1257.98193738676
-1498.2665616251156
-1925.0805885756895
-1207.8985635802217
-33.77747835265309
-2.2589419366053876
-0.8417407075898897
-79.25247683467997
-109.93297488441709
-94.72758494924571
-121.23123179400673
-17.571021086805843
-46.480415936469015
-1.1936482421725148
2373.863413551572
1652.4535660589313
787.886196931327
74.94868414926094
0.8732456128257042
-242.76342715026263
-660.3047398154953
-1175.388938243506
648.0689887103401
181.32913037783285
944.1842294970234
149.68032809416988
-179.1931134163739
-952.4396483668293
48.447299954694046
64.97634942523673
-154.79403242118798
-47.17825596902942
-2.0727247300726606
-40.44675325138646
244.06351308564712
1155.8158512174223
648.3422306759883
293.37406418218524
128.72375373912638
10.39338901141328
-122.81509821836488
-425.32450346237005
-285.320356165104
-20.027306219944897
566.4191029207163
108.88606111153783
4.0893946835640795
-156.58735743281426
-574.4565464216674
-369.57913179407103
631.8403654529889
2004.8228026779273
512.0644996922923
53.212385555244126
-50.693534151549265
-599.7914068997679
-1363.3407785102418
-2154.76887441538
221.35148445930142
123.44411618577917
155.00174828138324
264.5438962692375
43.21555963193426
0.005418599716194242
-2.4724705823696063
-12.455028626762415
21.865443680906903
43.91446602269872
-1.3000820852767823
-0.18239981842617436
0.4809470786860023
10.615652899358322
2.533868713435454
-28.794319766384092
12.781434774493437
47.74411898391492
605.5139741867634
417.58594341642555
1.723964674262654
-72.22896539290318
-3.6091911094428313
0.41908238432944356
-44.92482720201595
-64.87487084020421
0.25587205333884583
-0.02603168921659283
93.78819494108632
776.7495573743018
3833.33135431594
2465.167088359092
1169.0534306019595
985.5311323035777
576.9560228014498
117.99594488377147
179.91007847399368
37.45432938474894
10.971850256227794
-32.56212839671302
-51.801333322611285
0.6348518431067759
62.70495471934942
141.55052214196593
60.027500699195876
297.0891627407317
106.0350081806631
49.067014179887835
41.41695447570433
70.20048097186185
-19.304182660513494
-51.389106347089765
-207.14797086580143
-103.12838951611458
-411.3149106968677
-79.55604093276241
-126.72103044324163
-243.158099222835
-287.5213763397098
-148.84797443810484
-416.1666573520699
-535.1416752476398
-687.7363849322442
-607.5175174833981
-805.1188795133199
-422.9838664782958
-661.304952439683
-601.928566398062
-1311.431323242677
-1046.4320101898563
-686.0113110461939
-1962.8120916793941
-2757.8388248801925
-2800.6444973236503
-3629.1765704027803
-3900.3751272240734
1037.3146797922482
5491.161931150419
2624.5287474839547
0
360.63078878945913
51.33577897711002
-4.985703185683262
-117.19159860498002
-937.0427274556787
-1462.2146850998074
-2378.0406870338393
-353.7598373301862
-11.314643710406441
4206.951767768651
3140.6543676770298
1460.9241396953735
847.740886795816
170.3487674983051
31.042690453954826
-12.26328555433742
-467.126888322074
-1212.366569078799
-2430.5851740548687
-666.8707623830009
-293.12736490828183
-251.09399305157015
568.133118347361
10.720890261805541
-218.2861113245461
-982.4706506113305
-614.1751311022945
106.10935266302215
582.9000672308068
1062.8266302094326
59.11644789125237
-602.3044883038674
-601.7908001882366
-16.217692322570493
-224.26775013533683
-588.6767533371788
-757.9188625985865
-1351.0310468529824
-151.63808028154415
917.31517819028
1450.597152431625
790.8626896601326
448.67951113201485
297.8121882872364
250.56714632450291
1077.8267517527938
1321.0916310229964
916.5791158467466
513.5079032713389
58.711064305683834
889.7034116029341
1124.9182873892316
1298.5359618324715
875.5816490773258
563.0171874613609
652.2299836638739
407.16611830258677
317.7374452449503
53.002496735535736
51.476281474693195
21.944840727724827
7.688892903381114
28.27073688304516
43.41440776087825
289.298452616808
172.77851042751857
260.7988520079865
290.9966626849284
83.70831132525717
310.36081506537425
34.47301154709952
38.41150532401904
144.72600454865943
23.79101033745959
12.85144864074188
-15.93245953540915
147.75358846396017
0.11587510297225574
60.13911797507855
8.072061729734886
79.8554063927489
12.57739668508658
0.19711011034402054
-21.84774824979963
-133.83763741392235
-633.7041275259947
-303.0926806806351
-344.81407314549574
-343.1402896578623
-463.08083820539764
-761.9580190287867
-494.7060119575717
-464.7322516947406
-556.1445366935973
-1869.2578503770228
-3500.9434783296797
-4908.877317647346
-1056.1483099214156
882.9056251363824
826.3737999972814
326.0766285773875
144.0024500916084
838.8469044134295
122.07660261617946
1.644717213408487e-05
-179.24320627651986
-974.9173530832243
-203.28908904721703
163.6322336769753
178.0314854131753
429.83412565943917
514.1026189606348
427.7174550816858
966.0134120424595
497.34494929131534
248.93913825571366
34.47765426679237
31.397658388298428
72.36436903243904
104.74796924278711
161.89398108672214
186.97364336958367
72.93903519515561
53.083928435270636
157.67098509037626
7.945849757855168
-167.4200409265168
-598.6930016584859
-852.2347550698477
-1034.3419958211302
-1067.7146664239726
-1179.1891905674154
-1007.084281079327
-1125.4389920042536
-1519.519504804265
-1816.44412849793
-3277.3942296669957
-3644.74892857645
-5141.30644414623
-4071.1421670087857
-2773.4037285793893
393.0032597352084
-10.286832482739653
-305.07124266846563
-376.613497155713
-0.4109242583282646
-6.2733695882851475
0.5524311710616756
-626.0433622244475
56.80316800875447
1889.5074469214271
1.2467130991128905
73.84664538541048
18.851679709302683
-119.1690987141822
25.69387069802752
281.14539919329667
215.40903131261382
57.34275981518593
-6.193645435445395
-30.045766327806035
-450.5610056561004
-187.3962265701815
15.579124122135434
952.4193154778739
282.3715673496271
36.668695508307145
-5.752929043370928
-210.27422893577932
-36.13393179931374
-9.825411029513209
171.67503396575782
-77.26052767501713
-110.47630107419698
-919.583308559927
-11.854530163386492
76.07637626411297
0.0059760120483049175
-775.0514216710731
-1808.821755901844
-226.52524063969727
112.2302734556191
2705.357675756306
3849.6666873914746
2872.453775394014
1576.301444719721
3009.39814362807
1983.818160530373
946.2260849267863
356.29087870411183
175.14598471100697
-7.165933013763216
14.63534205833538
109.10399853397313
-0.12537496514600815
-67.04770700650968
-83.4812668530235
28.318260976684723
479.77453706404367
463.8677319912341
988.2596389225042
1665.7786957075955
901.6626428120928
462.70309345810415
496.2676521100074
360.73110831118333
57.787639906595935
101.26089453169675
3.289911749367487
-9.416845508738602
-40.12142093577309
-87.15664761647373
-107.45567765493064
-55.28665503482688
55.0949033509243
34.71378108673392
-4.480843542354025
-42.077124125207895
-267.8986647795748
-370.0352789382986
-174.3615234868356
-1078.148785185285
-1322.1998772394327
-233.74855954580647
-147.7521302405148
6.319683588567599
622.7208309147079
1071.5967464344862
52.65475125870992
-71.50641478333772
-527.1550476791814
-1351.2648777920629
-2490.5912715372287
-830.5554664156564
-1.392341748967719
2607.570854713323
238.72408130740126
-28.14860275237101
182.71534434930732
345.63933425675117
91.33758496707105
-32.99791383484892
-136.1979422668835
-985.9314561464996
98.40811203418852
2365.962462224185
3900.357731967867
4091.050659395366
906.7505826505947
569.5169015149263
150.518311521292
25.740455563270594
-32.0005190707119
-186.80564980556693
-234.50367351398626
-14.573660328346836
-21.544561290267726
-7.242099300691928
-64.63475129337893
-119.23859255777546
-94.11141479692321
-224.72836794943268
-376.08654763861375
-753.6923585484022
-1049.4517687842454
-1693.548718619254
-1886.7758077027243
-2785.6559779226313
-870.8194142794994
-685.9547176159632
-576.6105420666225
-196.03654462233854
-10.054039518673383
-77.79516681728745
64.86894984368088
-32.00606044501314
35.43780555660962
-117.72440735133264
-373.2620342643341
355.8375154107124
3047.0030833698793
2120.5622031562234
1438.8308750193964
1108.4769302450584
584.5902937058602
215.05103687337572
249.2511758062286
325.4894969973227
308.4105259063164
20.84449815350676
2.312037006992603
-20.231030369098587
-144.0448179547489
-185.04348319649418
-340.670827286368
-576.3274118659516
-14.117969086619802
1406.635543634617
1056.1631970213716
1441.1087600128371
1204.9856381858724
828.0547100681549
393.5927785875939
51.77523627016908
41.05779322688698
0.16305939417561593
-45.42006030906763
-4.242720373579417
5.676602202450285
0.03143506977461676
-11.65717710750966
-30.382195725839342
-71.80839406967033
-136.43128552429735
-181.90465166989785
-186.3805359428044
-162.8969682354541
-278.1323193812641
-371.7254483101956
-481.9651737061747
-279.91590273921395
-437.3974731496613
-782.6770096051274
-1367.7665654436855
-738.7763461207396
441.3128251392685
282.8296507345607
142.31018159577104
18.09055085704947
0.052725546389779616
-49.8148769693129
-147.7909076446511
-237.62468942868043
-421.830944736894
-792.055158766606
-1173.8951926563104
-1847.2828308091844
-2494.3660260679108
-1771.2376804819871
-655.3229161184638
405.9806008626972
4072.764425648922
2075.527479322426
1612.9153050529062
191.956190484135
9.813638402580022
-72.85803187952872
-251.55814872560535
-465.63240337805996
-1029.722835389911
-1539.9238904054246
-23.426139378520826
-23.372594582198836
-453.8244197753054
702.1071575301885
1799.542308077246
362.7236454284767
-121.47172861130721
-689.8783623944634
-294.321376915369
1.3749608921108283
170.49149761335195
-43.206452287196385
3169.601417141393
1620.0005857798412
669.0295167660229
222.7450706130913
1.2103005598806462
-38.50368002210579
-336.52516420166836
-282.69467315217815
259.4164691023643
1.0495489802236153
-173.84397081352716
-1084.6676432479935
-1081.219659359217
-45.833492235079795
547.4674706364964
18.500328539246972
314.7556304505473
1305.0730193241916
423.7083186333209
53.566597359979355
454.51519243144816
1652.9101579013866
438.8027816862502
52.50505023842067
141.83548189478742
12.544074389980176
-19.38645874909777
-580.5322058245912
-34.32222828879488
-257.19455302179733
-1241.6108041903958
-490.02714468781386
-20.083411510345822
-159.58988918112485
419.94350334454566
1281.5395405005584
602.6138788252331
1022.4808309821948
344.79628731037246
244.51013883495386
79.33481580836865
42.542161176901445
46.55849832704248
5.856044709876746
-3.1485099492871513
18.399782649920603
38.00664396078601
26.746256327286925
5.375572798808777
-36.774294422771796
-20.200143300783747
-66.10967455619782
-44.10304386804276
-84.20948656585405
-276.97833168589887
-402.13175339615066
-297.9021422595626
-498.33615045047145
-50.51826614289196
4.891476566647472
-74.10399389376742
-179.12371368738567
-267.3223107447399
-646.7000336799932
-490.0375796506536
-492.8179652942866
-125.32863099254166
-538.2201748392885
-282.1995535496701
-513.171676985884
-346.94539148062887
-317.14427294243836
-232.49201459772678
215.7006451018238
1064.84563327351
466.3901307237804
339.23449609029484
2.016311675591856
-424.019918730227
-2213.186158294021
387.4619755348991
1810.5570471202755
1609.0085121701902
1439.2515726265392
1302.4991624242002
776.6965147308413
491.6768959407631
158.0822464878769
155.05021295398458
29.69064645156847
-37.96207612509907
-39.092031672525295
-110.52743090385329
-190.36672446538446
-301.98799930490566
-320.3756463083858
-735.1552292851313
-17.52296267227848
-164.54426174936935
-731.7800806613791
-1399.8673867793539
-2769.2230027453106
-3149.254917387332
-61.19918433301474
-2.0617851891776096
141.81115301860555
41.218513514815946
1316.4108444265553
1328.9079709497723
818.3121989788219
31.295714681770615
-328.79229817771363
-131.89451345475007
-384.10732893766925
-239.09659742758657
-1769.3079604708953
23.771237517686156
1071.8860798055243
436.45600901593315
-199.45698057755993
-171.54543771398215
-1253.9143502145712
706.8122390219107
1862.0151270370266
880.2303337518055
384.1626679091885
42.896951915422896
-61.342614125739814
1198.230897125412
2362.784816254645
1690.3277131246327
1614.764735749422
1765.5020075086372
906.9468954241038
1103.8485068811037
610.2565525547168
300.4175878536501
329.5038145212276
45.83756911264282
20.112872263941203
-1.8096207151220411
-55.39007617427457
-289.4927204676648
-174.16121415501195
-167.44416753463412
-36.29038150718404
-71.76155225292787
-11.085221395155806
65.85580978107319
-3.0488971922651866
-9.213605396520236
-16.40849885882575
-267.3708512715536
-212.50636247727672
-368.1517563201813
-349.77456635908516
-114.28166502135585
-319.75098139346255
-209.37209069398435
11.6495814673985
-145.66833512053518
-229.0997171697966
-168.02496600444573
-113.87921741100774
-277.63087329061074
-222.68010389610257
-286.06458277073955
-352.3324797399906
-942.4826030092676
-1332.5258236803834
-1627.0448501429673
-2036.9943376744745
-1072.5838797118113
97.1292238945459
-20.418608163969836
-68.15399226488842
-0.6634010119822936
318.5725692586215
-0.39793682613644366
-16.061060017626527
-281.95947443102716
228.9215789523949
100.95542433908906
-492.51606754240504
-237.90177665845462
469.0524826771931
782.2034111017142
188.87798779612882
98.10253785484927
244.42826123685296
478.85519326950504
-94.8485125148701
-1776.5138171094936
2679.663423228778
3956.4968181296335
1841.5819107064294
627.7815525339167
353.95516046967293
909.444548356204
787.0558785380605
262.6736756306722
46.1145776947909
2.0735328532063164
-55.395563881001685
-182.8650527144926
-404.37193876718885
-1010.3916429241708
-1836.7395279930793
-30.396078211689378
1134.7297369867276
254.30019132227017
0.47241691972117505
-249.00750098560712
-1381.0911353987299
-644.6444267312256
382.7737764243033
1132.13206137721
590.3869690983263
125.78938328237358
1.437662968705412
102.02824139765511
6.869198299186131
-23.514543137809383
-184.58302324810228
-120.12375325488702
-248.77018309307164
-713.561527161421
-2065.1688620859422
24.290294147639326
217.11140356325586
-144.2771283626586
-55.820255170681136
-9.633769273091962
-194.6419515858359
-356.8313894328661
328.855773100637
615.5350806956435
122.00652933486296
1.8330001460390775
-7.563607274934576
-0.029435993875347885
-205.4477438848173
-541.8120436218958
-212.70348019706225
-927.5763929070266
-2177.4875539521413
-1846.5128620504468
-1183.4340322145244
-295.9417251965626
-366.15831287176354
-6.120959337751765
607.9891637580765
258.9755833239556
2.355004315993251
-96.96480421171927
-195.21042022426272
-68.43030556258718
343.07292416552355
1455.2736522715556
462.43068364906355
-11.350267786559472
-489.6439920035822
96.07917284977259
-24.135111640283966
136.42124210691549
356.44718676308264
13.42003813263182
-212.45231547033734
-24.317182714230036
160.22612022474578
2.217816932109376
-314.1431175308189
1.7812688008816076
390.0846843701146
230.1272764730408
407.2376976428317
-452.59571672611037
681.8212533620327
517.3336740846114
84.09868981249471
-1.784603273163178
-13.091800292634277
-365.2228090093263
-1724.8233499256048
-917.5613358245582
-154.83196709360251
-674.2273619557604
-86.76691538471293
179.32096088674382
1524.6170887759843
135.69386406968667
-198.42642539560134
-598.3423944639563
-1863.983263288201
-1129.5156347555587
247.2076452115917
3228.554447536341
1821.3142704613506
268.24774494016117
466.1350178321809
237.87630565276538
80.64925234345691
333.6409420112585
781.0655992791019
697.2350076681494
327.9053361388625
1263.8974784382194
938.5612498210448
638.8014053957662
388.84316694560357
245.88682602092413
222.4059338933793
254.47438798951396
352.3172438947733
214.57873154105323
213.7862944936806
192.2440711163276
74.42238889885255
8.892732021937196
73.55587147694052
-6.020175418561068
-178.35875581678326
-1072.7119456704493
-208.92629743908836
-119.48682004645505
-386.6947689114758
-550.3222001354209
-1045.882499649519
-376.4875190173011
-335.3725041179862
-530.4289384576489
-463.49097001665876
-236.78997660042037
-122.49409276091603
47.02031127692389
-47.167868848111304
-54.47409808003782
-55.54854516644416
507.2079675105788
-44.6967979535411
-1145.327218491223
4.3699395333959625
1475.5724209935338
358.1706465918508
0.8887269652199027
-304.66097821523016
-737.2448910520349
-224.52509091067395
-60.05333651664232
107.38771988437735
1065.5142731746357
1121.6013919775753
421.90449969212114
378.1435812563513
353.9988445900069
118.99848572800057
10.88817504319207
-89.3901333371349
-206.56641369337376
1282.3137485027978
1191.7797927461147
1012.7652711653423
792.5519272313935
439.24661445361806
25.447270437425175
32.067400261767446
-3.891118946390784
-37.32082868612444
-70.5280556657974
-186.42126876840837
-468.0463701515455
-1118.6686856891088
-2064.7183106059033
-1086.7689983119603
-1148.158529241903
-601.1753780521645
-1608.0088804257448
-1380.0567289715002
304.2632221303918
-116.26986597810317
-161.26854945392634
9.179406299653376
41.751762199925835
48.92923837243452
-2.8867470397441166
1203.8137711727584
863.5107384194971
79.00017200392061
-285.87131242647615
-321.250464882181
-12.659354092550618
-5.812912228559213
737.8087256722815
353.5004213197751
-84.18409428952305
521.8657096813739
1152.6682227731214
723.6085909618437
438.32154745813693
254.87088821669994
65.82320205606207
-4.115231894098295
-65.69349859460785
-102.31769654086764
-54.27181642470323
-304.6666388144535
-810.5143282867714
-543.1505459677758
667.8192429245693
285.50037567557797
41.02529425192944
315.8841203933058
286.891914502981
-28.07945559679339
-915.3398764988426
409.8615221695844
547.8741635548035
852.3823728287776
518.6660785888794
417.7417862937214
115.84046094876902
9.963779436137573
-20.078876583794102
-124.58395978907015
-303.3164346631433
-492.8325168258838
-1249.0262116076917
-620.3719873274986
-1489.7776215541182
-1858.5115842389155
-1730.385897153004
-1377.231855168145
-622.1230639938337
-5.558352390432929
751.5222754368872
-2.6425190389728814
-790.6532785258639
-371.4560705728828
-88.75461361994785
-64.59573340807948
-5.006866264707748
-207.4403238911662
-2.6671079672192346
849.6477758565948
282.20730114128213
6.517477707651729
693.9965248474634
380.41340292643287
209.85696270021606
735.9876409669724
0.17874750381669394
-211.1485842619062
177.09742406877854
69.37766487183883
-136.44413038345127
-697.2564299341345
-98.09392963036393
-108.55410537888123
-24.705115899204472
-74.83601623535134
-51.3788960701362
-117.61343164992832
-159.09625098207434
570.8354320059117
197.13698057187233
-3.202261515304963
-1.425080950490962
20.738091943386166
65.2823170777256
534.4358650795847
-9.963732791598249
-182.30389723087944
174.78887657130605
0.7596866721864313
-98.46268990726831
-351.0268278521554
-115.58297822140709
1219.233738417721
244.8642033765097
-37.579506094038976
842.7242846096201
291.70849264086127
277.8417661980894
63.1845195711852
5.820822846471284
-247.52031334622768
-678.0753031341297
-925.6563369537271
0.17244731581133516
-11.176495501767768
5.427744508829873
12.24067882197851
184.30396755541486
856.0734446762824
324.01174115636206
4.404009306319774
-50.89751981943028
-69.1478683080974
-1066.3846471095148
-1600.7919414658563
-1182.2457451226392
-249.07809840076914
-98.88709150644972
-208.13508354770377
-604.8884340569145
-190.14771126907226
59.80065367291095
825.2924602250305
324.75330433375285
-45.51123755388963
-49.93954115389815
-224.08070535595505
140.0443484944434
75.67693105860135
701.9508557983352
-7.873407631008664
-814.9039935587296
-1226.1296940309026
89.04054018337337
0.955017908374902
176.7794128150191
-56.15735920509594
17.672445610601926
-277.76618655708756
15.307019529201138
5.890105481844175
52.80677108863221
-42.74085199931673
-578.7616662510522
699.2801675299822
1729.3342229929729
431.1998696206363
-112.89385361585343
-26.141660373309517
-183.8521010000572
41.59255921880356
-12.300423562763545
0.4019113671295598
-5.489551187232063
458.3728350482512
930.2234039451981
20.036432206393826
103.88162157059821
561.9946308134713
54.03793623959498
-132.05693878614935
-118.63696640038141
276.499177127629
668.999506490259
758.9898828629175
146.32323985007184
-8.846376779355495
-189.51789002400997
-1065.4330379361545
-554.1754711335163
516.7644945781717
253.27613213013862
0.5103818701815978
-243.25429231873426
-509.32547054060046
-675.7056419491129
-189.64492342927514
-43.527067895456135
592.306903372374
119.98323497390807
1.900625539042541
-272.34327167692504
-505.70884033040403
-73.36441881841719
124.94701506817614
83.70018377753752
-4.121969899606284
28.64142911595303
1100.2520283568385
1463.2385199383525
589.66428949088
98.8450706226028
-37.27202339488525
-435.3472131966855
-1125.8683039799998
-480.9134520884779
-157.86196287822833
-170.38288581906272
32.14220444039519
32.81959089773109
-232.4879097216636
-33.54242026589355
1197.9925273252059
1083.0253375180375
2473.4548849028947
2374.5675900076144
1179.9935348821257
598.5505525364943
233.99017302540625
124.37139579597816
25.843166772363723
0.14641685952957345
-0.1874239305744905
-97.18926529588413
-553.2700770076959
-792.2587861045522
-1526.569177889913
-2191.845564215073
-698.0775373026916
-1365.349330732943
-3570.7907272972207
-5207.305378232387
20.92834538319166
1094.2312905917693
1225.7232728365202
860.1129442942524
246.63774115931875
-31.563390595161042
-880.9020860283294
938.1614060658942
1285.7502088897445
13.607899630357895
-44.39640018748178
-22.0627389019845
-1698.758479576348
-567.5202072165318
174.23134135739087
40.201037573829055
-6.029639983698518
1.9892755911649536
390.93622225164233
1407.012109343126
247.82967145586125
3.9913230215962465
-8.755004010811206
-386.5604224473206
-61.39359634238454
1790.3049083930919
731.2291196177816
170.92474105975282
-0.03163483487570179
16.567763645614175
8.567302648765146e-05
-20.550611092419118
7.147528927604607
-23.147622226176566
37.85264726366453
-10.806645458907623
-619.894937261144
-1539.1486464794225
-4007.353195803606
-954.8522875287638
197.0212425183942
154.96274708273017
-50.094108455203326
-1256.1570844183825
200.5143599591988
891.567034783729
-1.540874439433157
-65.69538159614781
657.5687482361272
1640.9432028387773
892.1587217995162
136.32729626970138
-9.70412000135699
-376.93276478496443
-1090.252338922647
-706.9171999796387
-95.90687603810525
13.950392230427555
-39.097181985058285
-1225.797652212048
-1057.9349058186067
-140.98339102053433
-29.641522227011098
-113.3614840697412
-39.93423199306427
-596.1760735004721
976.9734735978582
-6.739430906810314
25.24421551268609
40.78291187021407
-8.870930890903884
84.74718365985143
13.89507310638434
-43.1157201040816
1807.518927379976
370.9694722506665
335.7113817556126
136.01061402852736
-460.24038970955667
-151.20699067422538
110.99717827819323
-217.60856827638713
-147.98767758995876
1.2332212643104707
64.28478974347406
1489.3901443257917
362.1880479588753
316.77570606968277
57.13297346428213
0.45648815464593895
0.028760258758333653
-10.722025080945023
223.9425031131
53.5081087771602
8.510553376545287
-16.203877929604285
-345.43612968390335
-1385.3997159622502
-1107.6830921409414
-119.61455236790707
-1310.8400158642653
-1031.7459352733713
1.459775199032041
678.6053708920418
132.34211929657133
-0.4395490514981733
-19.58124247226079
70.12363636917826
908.4608830944288
444.7411725905431
277.5453122011469
160.72494203642802
-26.497210339772465
-232.67219095308573
-855.728524457614
-36.70197626657926
9.959203263182888
-0.15341065625843564
34.316805275243695
92.38830442947105
-1.1887517176190565
-79.98678258006191
2358.237824328674
3066.1141516737935
2050.3205965923303
1209.659860803072
943.8777499154857
523.6302976818549
215.0441785510548
268.89645112621247
107.61679944298996
2.2431902665084618
-42.720040725460535
-171.8702059712678
-302.9163592210339
-349.7212306677527
-270.4987852306628
43.25148377784014
113.81199940252685
19.164827103467363
0.013412358372749112
-2.918649427879276
-147.19458104417185
-144.2839203442114
-510.5830778242646
-787.7944998866526
-1177.6215138397067
-1352.0395325212764
-303.94958465227404
383.3091412722357
434.5581747175521
-635.9380047154053
17.848985591171235
1.4664796226207542
21.95678724691917
-112.82875378313291
-755.251654724523
-1261.4072833777084
-1447.2275030673775
-1796.1411037614275
-1465.4900885032512
-557.0235235829
1993.0020890782578
404.90250632963983
1188.0348621957999
307.21899043119015
589.5247617083148
-102.05986633575732
-250.20946556658097
-163.38047860513257
413.97920426977055
169.61289094605803
-22.435747145775213
188.60831804656925
788.3435615985719
2305.7525201240737
1181.308336021517
360.48867581298526
93.73848390788719
0.4545063155422806
-112.90425321729492
-37.58238024909611
-506.257483940784
-2686.843695504373
-69.31319796640562
-514.7841432701441
375.78839460695235
144.95505277303113
-0.0012794833769046382
36.35638331436776
-136.67481786392878
-212.14372847983162
0.08320074190063614
-109.42635092109761
29.369428689242845
676.8454491166602
-1.4968400284388603
-282.52233760227773
585.3711825746525
1429.287720525437
919.2318102581697
286.2417714445739
-1.3168188524263764
-599.06176472878
-565.1284768734511
-1495.759197539044
-671.0218243782033
-407.6275350297001
-587.3560738745653
-1628.8723965574552
-1246.865187930695
43.26371345121995
-39.28495980592403
-193.44182594366924
-188.31314346200242
-356.78888291893185
-67.01019204178729
794.1318281811178
6.808532734217632
-1278.4175533664836
-248.63285109719777
543.6322159675528
7.274550394127456
-709.9846051223519
48.61274612061182
3321.610787122845
3062.0232015110846
1125.7051026292077
1220.4552428775341
583.7046796370731
591.3262117164276
392.62517847293276
358.8186102254035
1126.3012027109473
812.6161893027663
539.8912138666922
250.79523081214995
51.47846578456061
-4.987170393847485
-405.6766359659021
-1056.0218356166956
-2252.7224430563447
-1222.1226484436527
-22.567445788468174
621.639067899988
1122.5964106802105
444.0257093233662
327.5840583976254
137.27902411657448
7.8500157766779814
-0.06667688862005851
-129.47479610527472
-34.14547031103207
-87.51174583715748
-397.25269890083587
-506.43925924154917
-1182.6031933494455
-1220.2524393685494
-1650.6868964157352
-832.0125924344809
388.7245131589497
37.28142340353533
16.997515256505995
346.61871858906625
0.08108712758852175
-264.71457823555954
-358.35742211175057
-154.59602909671096
10.391085664576304
60.205443905923715
-268.2566471912211
5.067644631804482
178.86599422775498
-153.88223639274807
24.541517125918226
1475.5958057861662
3354.1753869717363
2912.995762896222
1859.7646285680134
977.1284996063514
366.53167928208904
150.064511764202
1.02395811384892
-471.3571509101294
-1204.117697698305
-224.15167270249947
-377.9531089616472
949.5697281062444
512.2079250741623
1591.2789343861446
1803.5370551452854
1035.7346824532676
214.6735745874073
0.4227996160348799
-115.64062648520073
-126.83340540316593
0.7302543652299245
-6.828500502488043
-3.1373532487964275
-74.20902237236749
-86.73805733609458
-128.38475759379702
-128.92468604959888
-264.8042699473292
-510.04471386751743
-835.6526246477158
-1137.3085767639639
-1622.6397444708941
-3403.8897995766047
-2413.9648987853525
286.6938797746528
-0.599576092704205
-438.29122072689904
-812.1509980507863
-26.072325835271762
5.4986027668805555
-259.2092844558109
-18.284324604158595
1342.0497371609322
62.8976912714599
-19.78094870109813
-1069.1966951460736
-2777.9661053875006
-309.92567079432683
116.70002217645336
-15.358520809808493
-124.77153406322145
-1.3332073766305372
106.515111932373
-1.7635554254508296e-06
-546.9151149559923
-213.60096340648732
-619.0002111833521
-5.2087609649631315
26.428883585126037
200.2905611965903
1005.8571699212154
6200.482391537015
5211.775540113331
3415.721415981737
2214.027487545548
1557.3049125731209
1472.9195879565784
1307.008193749128
1516.1149841891884
640.8947866254939
242.72195802652413
329.6288318430481
5.418785546309455
-4.858029328611224
-0.03570031484722368
-207.0344168999951
-511.92748331771287
-803.1910480775425
-1862.9074497203883
-3665.9628851352227
-2144.657536764027
342.3637214769489
1226.9368514058506
24.607639164570653
-67.95760352272889
-1274.015381322451
-1008.2897164535539
-3.5545946503526276
-37.03148192799904
18.458640922088126
45.272179663021234
229.31664156272137
3134.8047268323116
3885.487153274367
2483.448933486471
740.2347427962329
339.3657163230714
74.90135996774212
136.99203540734095
68.76736790253022
43.874786346910355
47.03336316559505
71.8190536572842
0.1630014442000624
30.47435541422209
233.79265959663138
100.02925801686386
95.6141987006382
31.805988819464854
1.807563735215927
-50.41375577504173
1.1686615715600523
-1.059002477540671
-48.280336954385575
-35.72642050119639
-186.184058718065
-138.71134524891912
-474.35290931834095
-130.21758538114062
41.67942253081899
-12.468320725271957
-30.227434118816788
-14.974767947065008
-5.491223460404796e-05
-0.5881433450369473
-20.65664956751637
2.744617920739387
-63.24992787272205
-181.49727296419385
-165.79425663582893
-86.27203512987303
-34.45991064926089
-43.87990534442528
-51.97306517085505
-437.1869677430534
-381.5224393206099
-662.3939239507489
-1116.1779539735976
-2225.329509678605
-863.363190146873
-1110.7621958563934
-2279.7845161855266
-474.79470512083833
731.4071518535292
870.4621825178908
1770.2574350631032
902.0664324261749
217.0663283991966
116.42807848859516
0.014842139789361612
-75.8682351742334
-306.62315029640735
-824.7975732850953
-339.1240090190115
123.44530135301375
20.732731330277737
-201.2656952821942
-1829.6906863475347
-1337.3560238236648
-465.0077322710626
-1306.689829749817
-186.25651108396886
0.16039877430981178
7.5333810779004935
95.76758044537385
3661.851203786102
3084.728351666603
1704.6090957924735
1195.002863004633
1036.867190104264
957.4436025098603
513.4782732901554
822.9178440961381
1728.2232834365964
1662.28562550156
2096.5690297512865
1455.8926775461407
716.4433170763126
587.5125584389234
637.8439903389033
516.7824101695526
343.76006802064387
243.78978277200952
3.0760324769967156
-31.288077533281427
-218.29794710859076
-245.94312158395672
-206.77853270741136
-420.570355374112
-770.63421299274
-1243.7195983467586
-1614.377273227516
-1512.4866429277176
-397.82869712166325
-481.51929409706383
-1054.731948785054
-2431.046146528797
-3534.823435877469
-2678.9382125114234
-1422.3773777495144
255.10555867914198
3471.4759751551064
2600.1021904522195
1818.833044583924
1119.7272748667015
207.6588123147743
-1.3688062451098617
-41.32810095713512
-143.7999039974396
-393.653101664061
-411.14845524795646
-1033.7738416041875
-1240.7278830761607
-2545.157006250026
-5092.453730811054
-31.01290226071436
-0.10211069010230794
61.510047157080265
726.6440916971574
157.4903399605716
-696.5106904126019
-1174.9372307448573
-124.02048700053712
39.44960751619134
18.852625508573247
1.1968455964188585
155.2150456512373
186.37299116810647
191.99062885899764
-93.96253950944333
-595.2995936959957
-21.686444036440008
249.60633252584518
354.97503715066745
1503.8423645943674
654.0022960415588
517.1390305495698
61.66658776173216
65.86517939399613
149.53409277797573
1094.2833644762386
458.710642562958
294.120756158111
11.47771452114155
-127.46282144190428
5.990513996835752
-243.33676880511015
-454.2609424352872
-200.57701202919773
-948.3160433291798
-155.36729042052647
1543.1387759443214
12.51444353024963
-152.1294191691017
0.6790066005834945
7.008336656875196
-971.9047954997638
337.07506185531355
1292.878692348471
-63.63823598744479
-1035.2458418583108
-41.0215450786702
334.5686689581264
102.40616204299229
738.7059746204033
1772.4439118357673
282.7824336134948
195.60585024589102
-130.28905269267133
0.23490221486461574
732.8175975741538
304.9001542430467
26.387947549909747
13.994223313631212
-54.13109219499306
-79.52783690893526
-538.0657348162738
-1032.7805542223105
-2934.504822603332
-5308.947139252632
-1128.4133743815314
-215.26967212538375
322.96289895810014
35.63942670706229
-52.57688327203829
-480.34199593933187
-806.8152030900947
-840.7470839516309
3.965705044288281
46.55039480279569
960.1206959331168
381.22564374393954
556.0559767096578
83.36341010723451
-27.692523543704464
257.9108926868688
547.3978128551839
698.2702999892508
730.5263809368207
1332.6016230341127
2629.197358030255
1197.7998570021382
516.7858925521529
592.1268785003681
73.50885348867948
157.94987333325608
198.01883289661956
237.99531951051952
508.0724226562632
295.9521950147284
54.02250633281398
-2.666358338076516
-34.435867364423814
-21.945020128101785
-225.5982184477629
-178.89248162847653
-179.53563157882024
-340.0534258926734
-588.0583271812393
-201.32642966405808
-171.13043625369568
-471.1944210917462
-466.49304612106863
-445.9841659341197
-703.0042650865765
-915.2518221829954
-409.04376758707286
-36.10325736613497
939.7385384242837
2328.5995749585754
1582.1979309485484
710.4857856004581
143.41134429420472
0.5259362605653826
-0.44510336497418246
386.0748401421062
675.3367928755762
-28.437457399030045
-119.72196713082758
409.7445674441165
65.96380863466675
15.416422495958537
-19.236407039839044
-154.91663136251591
81.2816925676322
283.71242229146156
118.24919065663471
414.375644205407
113.90187438409052
408.1653075990679
170.65027286030949
117.36901595257845
46.84459713048681
-0.8143650706011475
1.7732759674532423
3.1995905280868975
0.35200536754017053
22.744662477053943
-31.340027369748153
-1.8671026242702804
-0.15803528707672276
-15.211226943633246
-50.95833167130067
-28.66635870109256
-25.356533789353783
-87.17333447511012
-139.10137784333796
-123.03442407791111
-145.3165930494142
-146.19713104447814
-296.77959629753093
-399.39403390021414
-460.6983807968925
-858.3384848368131
-694.0142659205364
-887.1913146002333
-645.3950625198529
-1626.7086316894868
-2878.9284704029983
-769.3727956476746
49.99097141943037
1076.4137120002747
335.37058951352424
70.74897925048089
-2.717514442308557
-54.40542741158268
-200.29177619076407
-313.8171956997443
-545.6926565919662
-893.8006054237262
-1526.919027657973
-2575.0419195211134
-2737.9074079216043
-3517.5463999775006
-758.0139220959898
613.7543242864808
2112.072477298726
1140.9877489567577
94.57271271606952
-552.7929965746935
-310.12305573942143
-972.4751615046475
-3165.168930091042
-735.6319763280112
-108.01593964239852
42.435934297648245
-0.0007706822593737956
19.290261662574476
-0.0016391789610331149
-56.87434728451596
228.4734321171543
1698.7782466327083
693.071508172977
576.2500537468904
-6.081836691339758
-989.0615703459457
-582.3930541519451
282.74472923589474
4.22525322385826
20.780645808536
-315.95573057361923
-1581.5578824719007
-1916.8997190346317
-277.2228740609796
1775.843805997498
780.6989427943959
0.6968562439890091
-133.07019656424694
-162.79896936133633
-7.3665796058031
1245.2994993985849
1382.6182680944808
1120.7923699126775
1699.4463043942383
1602.8976830815313
1168.700386371013
955.9297307789845
560.6206135456503
288.7010923645835
274.1345340067987
32.346316334126264
20.344792511951162
3.1391235281200913
-64.34841557250087
-72.89986486942897
-228.07103420677402
-82.76072173222659
-46.48454777416976
-74.90868715977889
-61.79529182568798
-90.2708422742054
-0.5285235052605851
-64.99766242665658
-406.98080147139433
-194.4435667180739
-437.6408908334832
-1281.8045226393983
-57.58333981895744
654.036915676594
224.23246150312252
0.04848033582233409
-198.88039088211727
-685.1635353712543
-408.1707206118315
-90.55345997397886
518.5408526774158
1472.751476324304
2367.053706701062
680.6293136806078
5.153131204945732
-338.67221100401696
-0.1270893881815892
-24.00796041779946
-577.2419134924749
-704.4492726686069
-5.026367721096745
-74.22350035531022
-335.77834537258343
-9.114806947500664
20.27193538209657
672.7999274378404
1895.806214471266
2163.173949837751
1919.7203775517512
1280.8613305337622
391.22764079658566
249.15864752115758
75.3785290227719
1.1519475423219863
-67.46741748988244
-235.61357455929434
-605.6151775235987
-751.9294676790739
-944.6234894825382
-62.266394185622815
2335.9182029245167
2779.3770734257464
1537.3992860228673
104.14064882385999
585.1408233602547
89.96951457980234
-56.432536812141535
-529.2437969132883
-1248.9287061030227
-1355.5128574085884
-817.525356400525
-569.7344991247152
-1052.2870427140813
-1213.2453197081913
-94.75684662827764
1.1207746930376499
88.34077720606169
974.9706389264617
512.428432691296
224.6446585158007
114.22944343814557
100.21511796904466
99.05551210934935
160.05401214275082
162.69542203211532
211.24924961885725
67.12219653098919
0.8558419352559781
-15.032482483545238
-49.306586096267864
-131.65640706986156
-216.15811234423137
-233.6560607601458
-329.63117464328127
-887.8889893238578
-1038.1560490659786
-1993.991875200045
-3218.729761688849
-1973.6830080502814
-207.13713459538437
-387.2933653079924
-1627.2651366791247
-637.5241558462841
2603.394871316971
1926.2357665126156
469.74836934462354
-223.77353638245972
-151.06251580275227
-290.9474897549212
28.23152479315901
18.779255871929255
-0.044981810703372246
1.7312767287905617
330.234309352777
-268.0609658461938
28.577828013337708
-903.6541916117027
-79.44256368928913
228.26208356726164
204.7022877387888
1340.5086462539755
1700.535554396971
638.9208074396494
848.3159876055607
134.63889096240447
-38.195759220587554
-98.56777870056459
-65.21099776574201
-258.34658666722174
-1092.7200816912077
-3051.050662082899
65.04824270476561
218.30824169878196
-18.782041047218332
68.07118743631187
-87.8606651194365
55.3532550353938
20.880480699091358
-180.2461981610636
1865.1818875846948
2278.6800329460166
2691.172476461887
3222.909107688339
2274.845932140897
1255.5749054578546
1024.1602659012487
435.3577624357727
226.3403639027556
25.06635694616333
1.2591448885378438
-10.022110516124876
-64.02380758328052
-51.996120371254946
-330.9853706812018
-507.6683516589987
-1064.855612820329
-1715.8654059105024
-3011.964465258032
-1864.6927671940352
105.54766729736427
348.7108850030842
475.8963782047211
-26.217412967019094
-152.79149047205024
70.52898829725079
335.7342600290998
-8.792030757599179
-428.280424677072
-255.18910056640638
-947.0852601435954
-2374.92359806463
-2833.226006635828
-2057.208851924343
-1965.9292458758305
64.48219546862502
236.62420289615463
203.5687750492479
374.70502995835193
-266.7789081891602
-907.546367731205
-381.2441931249974
670.0210381112876
560.6548555311717
104.66186218231832
1325.3952638417331
598.223375752305
-56.37871306466803
-317.43187743889
-64.22599837927766
1870.702985716721
1275.4723545604022
311.7548081126275
-0.7014021140180803
-412.2977148216902
-1077.3264034873832
-339.6747302565771
-440.0669230858841
-551.4018358768043
22.045375191068757
-611.2373921234014
-2884.042351793615
-1754.8220912843476
52.220335603882134
98.55262449305484
-0.02357350321952817
-24.23296547898321
178.8467315875657
11.512366875207091
291.87899383291193
1061.8829675195457
66.56875033934654
-306.00252524455016
-219.72638916640784
505.8628219403844
-143.80563492048802
-209.37345794494175
-382.87190256164763
-4.096033539085245
1.702099383991737
-579.98409643019
-484.6159570473465
-54.17982123603817
7.836513823700713
17.8702169163372
16.769677330389754
259.54796257620904
532.8007732974189
573.5710023044014
10.379722321326538
-890.7403878648505
-55.47629714918047
1108.541204793788
21.481434778332627
332.1756540662252
1877.1293020416642
1764.78210042545
1536.1170621009908
1010.5503146198288
652.3415585246298
90.78540247465766
5.144529392229243
-75.93735117487228
-511.42327816329293
-777.4131786584808
-783.8991990064231
-1493.4026353720255
-2870.772593948593
-2414.317379318961
9.735577885000318
648.1628428556995
104.38480034229538
-29.423860547437243
-785.3669142009271
-141.48730393017055
182.18870755292656
-30.92476635677911
-370.9633771989731
67.70044715314857
102.80570167077258
2076.8698346205447
872.001616894505
10.348272246250943
-40.86126661727288
-87.71226342391361
-72.66766252171328
-104.69742319617365
-433.61670551933605
-156.58901988560538
-698.6565180524972
-22.870057059650936
0.43845244390677535
87.0415086048873
39.93001606688641
52.31725414362074
-179.1071644332352
-746.1082419824795
-1033.821793173152
5.18681142175304
1248.6245545132936
1318.795091087841
2205.3417537373857
5557.114754614333
3335.6038208111927
1882.9066495560346
1209.0082734876044
456.4035339412013
195.91498895142303
104.32902264232997
1.3079464584469866
265.17170306285493
4627.734790736712
1843.1092616707806
774.8386055209057
402.53307036788976
181.359296916318
13.266902848948828
95.46079472427317
40.96557450253117
50.715707869531954
49.76066539162598
18.49336629951502
-0.2298343005326972
-0.8554040351337475
-53.09144541661433
-27.46415594654199
-40.450033768510124
-44.9509522501432
-22.818817856445385
18.333137741994513
-11.295922394376664
-24.060034294281987
-154.21327072941796
-263.4076203473203
-627.2996326967576
-872.5059978529005
-1037.3531949020253
-1397.917805402739
-1299.6881169824542
-2138.4830405371026
-2584.3570605656155
-1159.4450466471335
-1604.6943186019435
-2540.6748881183794
-3877.3493847076934
106.95353778135987
1202.2641389690398
280.8049235866645
28.248879717657445
-111.48877251159578
-70.5349042522426
280.5528007405102
220.1382133375934
-100.54509539992173
-373.68167247855814
14.690702793590454
-456.7945010362989
-1059.5595705955725
-18.345163178363755
-345.7352171913709
385.48443891161617
-198.35513018716554
131.83427479724966
-561.2816125556409
6.485140917297331
438.9442625975091
-20.065906080810535
625.037714600867
1389.317969717989
44.2480622649651
4.023873817506655
554.1218706554426
865.7465106027323
1085.9789361913054
1092.2629173256996
2181.1886552884
604.6757917279698
122.43521104504997
405.8187121522034
363.36846351840006
119.44918251117429
-0.5525307689174717
-137.76618749079245
-177.9742498971039
-220.2245474666508
-481.926668739542
249.0820884036902
42.01437239444556
-80.77869631446171
-294.434070153836
-40.26930084380534
-245.9837219386215
-496.4905535710585
624.2875181667878
771.7184312389425
129.2180473609311
-5.52702388120868
-544.4256310783319
-1634.6289618364217
-2423.742171540317
19.48779677809726
59.72625275885258
-7.748550824278645
42.78572681875633
445.0936602799301
696.8687175909783
541.9534541433039
810.8614228298725
366.3882476225441
253.18500046999205
300.1643712984237
700.349191757479
881.3805991822284
908.6312288243206
406.6798092379639
80.03324942823212
0.6009634978069098
-18.25474398693639
-99.31647284147452
-408.9041871538627
-674.0763091559076
-842.5166026650282
-206.29539305744314
-286.3798878735533
-374.08243034313153
-286.9563699245331
-618.5990203984212
-719.0289838899473
-913.8726926027123
-792.9641225134726
-919.7375761097464
-1390.948741598584
760.8663705677579
12216.644830368181
16936.63393641705
13048.243746209297
20553.833281310486
21637.718265021227
19806.22071922972
30807.761475409985
32250.65029968074
40726.59758862374
65175.439012233976
79230.72073753312
109305.46790644113
99392.36769129854
127162.25530095526
116691.37224949461
124294.61530325134
136073.44432127415
153926.12292053818
182872.78718122968
207616.8278197377
213660.1885231363
250708.69003300436
275116.22062569053
287967.7099674522
305826.2184361109
330331.1102388681
382155.03344662435
442935.5021408554
509913.9757820974
566942.5908155668
609718.8948131719
713607.1986058253
771143.120964413
840662.188771806
938488.1748414122
1118416.6505406946
1363589.6674216003
2006881.1974715877
2567486.7304755747
-2186767.79
-1758742.83
-1072170.33
-1131708.23
-838543.3599999999
-846579.8399999997
-838550.94
-746845.98
-699277.57
-589331.6200000001
-448893.92000000004
-348900.12
-310836.60000000003
-313605.11000000004
-323739.37
-311085.7500000001
-357754.05
-291115.65
-293870.4
-274196.02999999997
-282254.87999999995
-290864.20999999996
-235841.63
-264767.12
-110931.13
-161768.71000000002
-130081.34000000003
-151131.69999999998
-136384.07
-162657.07
-194696.09999999998
-176294.99000000002
-144125.63
-122255.28
-77535.77
-91176.56999999998
-59177.76000000001
-35152.4
-26947.21
-12145.830000000002
0
0
0
0
0
0
0
0
0
0
0
0
0
0
0
0
0
0
0
0
0
0
0
0
0
0
0
0
0
0
0
0
0
0
0
0
0
0
0
0
0
0
0
0
0
0
0
0
0
0
