13256.429999999998
8051.053127984167
6076.447490296976
4432.709371819244
3343.0428335545103
2833.2496779814123
2455.0857999407253
1831.6519675623817
1558.5660436323994
1211.460991847623
1078.3377189487067
667.2240041088246
648.819408872065
598.2413570551219
428.2328896152499
440.9374448673545
223.4020165891765
115.14449808587256
141.15522224348075
35.762788856617085
27.322668834888972
3.4466077126703762
1.1280684425118457
-74.56700165191896
-41.662435548695136
-40.14990211181675
-29.923804720471615
0.06371129977930151
13.79313144455595
144.2107589416546
136.42774827998085
75.25764781110871
-42.44150723473819
-145.8279196134606
-291.5997272471821
77.94363538267706
703.8999666940422
447.68584354820365
342.24466103617453
78.26494986139373
14.099338558974296
7.683409513397711
60.474581019612145
28.605683003519605
138.84800814756505
74.25642006759334
44.879151396080786
29.884276846185173
-4.207348333739155
-5.105583747673365
-5.481869376743737
-1.3750674096464959
-63.75931136561383
-111.88815830675748
-226.08185853559016
-298.16770118658565
-366.6266584611416
-341.14168215451036
-143.15948236468037
-183.48248877060047
-88.79258998043855
-264.2956213125357
-263.5828447325521
-1.7723174105796258
335.5641965462224
368.6745820725036
36.58317586925227
540.2501516856455
3357.355851066175
2228.5549509502835
1249.9168687040176
915.3197573683987
342.6618877914246
89.83269857969493
-6.538137619488391
-42.22869553027104
-580.0602928047384
-142.05005619059426
-114.06988372903722
-407.8797878626386
-11.723292068866728
-242.8686306810419
-774.8419458860017
-2140.222588968424
-525.4897037500822
0.622803033295154
7.797462972806287
-523.0677262899846
129.9166388941469
340.0990983982218
358.83202651236786
535.1069845420107
504.05616075251857
469.0625705230317
283.91605174944016
107.66371352875387
266.61520672805784
405.56530525837087
161.20379127341104
70.6739415188556
22.17837693305207
-1.0388784411801701
41.15481221457429
77.44523700907642
-73.77547917716254
-94.93437254037755
-38.01244647049244
-7.536740038696065
-117.86842906562663
-81.70810625340314
-107.37242906627489
-94.76139847473439
-171.47196548826997
-82.61329759596434
-416.14486631588437
-523.7676792061293
-465.15205057966534
-542.2464768537632
-845.3074891337787
-511.40760278392577
-935.2958282432263
-1054.7684603891298
-904.3377990568935
-934.0609997389877
-1670.979038131504
-1530.2200669764973
-1369.2185313366008
-1478.3388506790336
-1274.6154835978666
-960.6847902268203
-100.94221257421034
3547.333751643019
1087.331497683088
276.7781058864934
1360.3411470640567
4101.328811488101
1134.6915909133602
126.54568152545511
-22.151781006802903
-205.99706896658756
-475.30212300265157
-652.9166675621041
-50.04265429082487
49.748389175031825
50.90019350620957
334.03862312200727
540.4375236271958
438.4393863828256
406.16943038299434
337.0287396556479
257.23782619973474
142.2818276598852
84.82148342224684
86.93076413343357
10.078661332577179
-4.215465647810754
637.4411076473466
194.9373981862245
67.9715393733263
17.683392747067437
6.314366241492293
6.556402980774437
-13.592087027857993
-2.4032513075821855
40.37309335649655
9.56244770798575
9.676928008181811
-10.142741107140525
-64.88661491528129
-39.29565954085494
-93.20608147913603
-44.636817061191195
60.100837819477675
171.10230243288385
134.66112180498547
19.861474234349064
22.86504012300878
-0.16710994841610233
-20.417722680671112
-3.881692657478629
-66.34052161863995
-50.55485314451724
-161.81987826397815
-173.51220622684843
-421.6035266738771
-387.38038542299046
-584.0586085533455
-481.992607735123
-891.2820700945571
-990.8998428015564
-1069.0545705094491
-1520.5547722078397
-1633.5916241387404
-1380.1269576049347
-1587.9174638460686
-1794.441013955237
-968.2348423269742
237.1465290707667
0.36959118949872904
408.4947477409044
1464.7050322759924
2959.3088253618557
2354.3127928114827
5684.151667064066
2595.766879679456
1526.0452762070427
467.6643233300176
178.90559634313183
46.529920178094784
-92.53272700327544
-381.9933193582558
-26.128019640397984
-657.2527073506124
-838.2126419396993
43.23285883611663
829.4651988372361
4037.4056942473185
2824.4192396761746
2227.638054782459
1183.4520384273783
863.1156636251715
255.04951193309128
30.42989664750467
-24.743699523261384
-85.02434667973519
-281.50750866305356
-154.60424416825302
-155.93382599566513
-279.21458106391106
-622.0415573101468
-898.6469183795898
-1187.7785099373955
-1149.3820484008806
-986.9450808189013
-287.46229846173134
114.19042585116728
-3.8940112993154554
-85.20365890226819
-0.27860335138411074
0.009155045802141711
1779.5866362490267
1328.2534407582943
854.2960539581381
740.9170500855205
500.67971745660367
306.3579054051631
162.47480771589903
103.94691478523164
102.53923743667791
-1.9743505136729775
-5.008981010441058
-57.25878680148612
-105.9669847090601
-5.936535836658851
-2.3230788442885517
-13.244541147438749
652.875227474998
155.6860249945677
2.328870208694406
9.705823901401025
-41.689531670386636
0.976159900620368
528.5384891053823
75.4663767120669
0.1321918942851102
-212.33223968070305
-742.1633044423601
-1065.855562851607
-1035.1973472794643
1.4724837677328633
-88.96634420503355
-328.9528981989711
-593.6451425598495
-1288.4806771596243
-1342.341090425532
-832.9231486866398
-109.79966528774789
-37.18135934678596
-123.53161481856665
-133.17726015996269
-314.337572030346
-893.72427899275
-1283.3892142878515
64.74608775671186
261.6629083728987
204.7386515204799
311.33419817475686
99.63488485527188
18.148784256566923
31.424716323193607
-12.080412845069965
-87.92595931017556
-348.0195584779702
-6.976165504978349
29.62718707366877
-12.861089512242774
13.041828756127066
-24.03737432809391
-60.5792952502637
-194.41819575300224
-188.04685757150975
-547.6884625601675
-178.6769061596269
0.6811159251737191
75.36560564988893
247.94501379758293
397.8389781694123
876.5127669094202
582.4710124977372
480.1043911628748
190.05152484151495
156.60990361699834
77.37375622823355
127.34396677513033
14.281690301307844
6.425136284191549
8.999662963285369
-28.642514373951865
-17.27763424443454
-45.42794668838594
-44.59474711701598
2.9338530176006814
2.5462699333655907
82.98793920714444
574.6462992712846
262.93515217167976
153.90505403717933
142.74449974232073
22.963257725618767
90.74388699454485
1.824805731728479
4.199337956642259
-0.04432874580250065
-96.12787133775484
-43.37231653352836
-159.52179792289206
-140.23217104483388
-314.2548282548111
-393.2333903502893
-497.85640002969825
-465.0154007120465
-596.794255628788
-396.5141297362346
-823.6495806934981
-867.9184875834011
-325.5529001367988
-95.32096081625193
-587.3051684327346
-910.77118760819
-802.6634480730326
-331.3405039470473
138.4851221512553
406.23724111792444
177.01111765781465
393.27307975959064
366.260882292717
1002.2388233253129
247.2976931483663
1420.9911655302308
1065.778670446784
94.11673479148047
-102.7580199915336
-249.09285604488502
-1.4847605164948066
410.81905483369405
237.63797626167883
87.66517817966708
556.5233177803714
1900.0339893568669
2675.887057563861
1513.9214321995237
505.6773826198655
259.7812057468689
59.73528873521311
40.62014644135598
-64.68707561732927
-218.4733154847534
-452.95663947349317
-1687.1467556244902
-1841.9451260384967
-335.3435776891805
-653.4761728673154
-1068.68113312667
-866.367490992521
-2532.7040166282827
-3304.9593645365117
-414.7127382254399
-74.15691585070874
-13.49429162511721
-80.61937530305455
16.05923622492808
277.21766929382954
583.2499490243245
594.1757830381778
501.8112957103241
279.4030216115204
169.40666658247258
101.39089792672137
25.151642233783427
1.0857435544092588
3.029108203968913
-0.014091448604838453
-8.457672046305365
25.652910252896195
60.043840809682216
112.77055334876795
1351.9933693496973
558.777433878937
49.08598537299652
-15.377635070558497
-18.09888891366463
-40.88468291296398
-132.24564244867165
-18.278633814677466
99.94023247695029
-97.01210790785673
9.70130224655217
7.540373485448424
4.386844339906944
-250.62886972697635
-1091.2056805784366
-1046.8257022357377
-1413.9936200213158
-1022.5459581652151
-349.3740153641865
3.3538087117252844
412.77189188425
1033.0830179386212
622.5537857362553
395.95199153063334
202.36239750496577
58.134363398576824
0.7653410061011681
-22.80747730225366
-34.43875822798303
0.2577366242857259
171.66997708423742
194.79550345653314
214.1958396748245
289.1387856943615
83.265713543776
87.87493309627712
38.70646130658447
2.32169940447099
0.05143811172660816
2.5770168738719956
1.5414969725186873
-0.6743505969314492
6.714811317286138
-1.8660474906207902
2.717131415869
-27.94077189738192
-135.24334086761388
-15.503571240198989
-33.2789742341531
23.0371112825584
0.7962519407544691
2.8365539979642582
124.1496387096143
21.126002264949175
161.1335076695061
95.75321330289448
107.58503675758419
18.72980004518365
5.278822368171246
32.983660416581856
7.771108181381673
45.835518987110866
-17.97031973121899
-8.757859265969765
-0.12510854914724806
-7.932520433215935
-10.012304552455342
-1.1919120768844487
8.208316540892067
-0.21892306753729185
-0.22005709551598096
28.64631866291104
-6.106487690079443
6.674577171539274
-0.4619294127117936
10.34205572688405
24.17043838963325
-2.505562407610028
-18.679744057064976
-7.511490643778824
4.244094530889447
3.7791011549166806
-0.390529743927734
7.091310893472258
8.637458063842626
2.459746581225257
1.0043517719474129
-0.09131031601373261
-1.0989945435599833
-0.9907642064010105
-2.7762008555272577
2.031824868612036
0.029359665722937918
2.6565534551363355
4.650109825882176
1.6502192031178147
4.490451983196553
-20.250880252523082
29.97484647839021
-0.09571527112252953
-0.2088732665406345
0.0012110834058745269
17.42226360969398
-0.290885719926149
-7.626801738574482
-3.7392358500958847
25.05888171216811
-2.4469726856758904
24.10122986188645
-3.3593174104927512
0.645251094677866
2.212509936591487
0.0036269866652820708
0.9933520522562012
-1.2762615718798778
-4.125510934420776
-28.45266530837459
0.4389778684344405
-38.12744011513112
-29.67365245466771
-0.9889134835192522
-14.48584623177211
-6.084189266579912
-18.322598259271906
-42.235966792978466
-0.12418760489021932
-0.22006849843129697
-68.22691414125494
-71.82845728547449
-49.979711906766326
-61.54494244142053
-106.24381035893391
-166.379542906381
-150.85847917777068
-169.33430695404047
-237.0054341264205
-330.9513838232415
-366.0356826783874
-469.3482361845382
-352.3757733998215
-320.9715709584638
-516.9871536955281
-415.4852317589399
-201.2123397243044
-446.74965337796596
-147.4085055080674
-22.206857610540396
103.72768534469935
865.1957543264742
3521.148411832124
2008.3233025946738
1007.8670651621234
231.47331544182597
581.8044311585967
244.78069219008066
13.441917912246797
-50.56486050359433
18.157632408883583
903.5646733276332
726.5580290658568
646.7970236916804
514.5988050846704
693.462813910229
490.7500390421842
261.79684812940513
309.2898565876319
236.71666938698326
72.38491614101963
151.6395426889157
51.83237636502485
112.80092902345801
22.940454275356306
22.07724148990606
35.12967489115286
-7.532172748743911
1.3570585997990083
-27.775360779946812
96.12080016120065
5.979352772755082
-5.900637305851038
-1.143154622588553
-49.29573206925728
-120.64274158632355
-86.06055541081413
-240.79257953150196
-177.43520808738347
-178.18921322864216
-224.10789564176412
-205.5989802083352
-120.57484969228786
-488.1298956899508
-503.4781059640637
-331.28934565439107
-13.675913721446797
6.341678046772119
2.652656985117004
1.964603138444384
-58.442070991211125
-64.88910197027734
7.804639700198999
-166.08881000210445
-689.9653030184693
-896.8883139440749
-902.1955938091778
-1632.818973407318
-1099.5576564196845
-3035.089339912703
-77.88345579656479
-216.2866106851835
-23.333127583631452
-41.77466491059728
-0.08733082377244995
2.127654408432064
2.416580917896464
915.0511949720236
216.32496088058303
255.91761658846704
160.66364687212405
1496.7019739597306
424.52189077754383
202.32465686803693
-63.75330050436335
-58.374259182731905
-0.24154153838724085
-80.30097134554666
-533.0212844366092
-193.61360608538655
24.8529310588332
4.710034193722812
97.50453263163897
-10.411935747951807
37.93585495980588
1182.5642779664627
953.7373225029474
910.5355727479138
398.37473273324497
438.1836468536801
139.24105803933915
32.43480486707442
-0.17751142606647413
-3.5804114280290413
8.658230410532864
26.936469655118238
12.261498854121573
6.3586894924862305
-31.637365406521933
-33.22108625822402
-161.62936569767186
-147.19228983119908
-309.2336368714372
-3.7109396067981173
-349.2202483958311
-958.203574692243
-1574.823204382964
-2950.0304887845355
-1630.0843233240316
-1634.3467656433668
5.701940637488408
-25.237482301211905
-422.51054699225415
11.195848223739253
141.60775799272102
-14.73113889204903
-672.4257853735669
66.05793729551743
991.2118727296503
-0.0778327924272663
-167.5444158684948
249.12000725220858
3419.960735488599
3232.393715442755
1758.1059370231028
859.0679329327152
739.7615422842947
128.89109157721384
16.654117543391312
-2.9124202732436992
-140.9124059489468
-637.0850043757818
724.3524411979973
378.8092145932717
-7.04914594996103
-13.385137597295873
106.93279916899175
-64.46856417727037
-791.2713608763155
-3597.2545059990885
-86.42049313858918
24.72407321073836
-65.6583211211042
-365.0260272932363
-244.17337145845403
171.3287209474774
-24.956902084470784
149.35364076590287
3.9983133750842095
-72.94731115715253
92.19161124739287
405.45944388207573
401.5671926891815
371.7383497695381
162.50850610748483
158.39473784063424
31.528343243205214
-6.052317909263127
-59.89626491531017
-373.2775668042577
-735.0702339566769
-2608.954492477981
-5415.730951062242
-104.71380735509268
-10.809428248605286
-9.506212138450278
697.113059263575
2878.8194884512195
863.4240224422929
108.8418957369131
-5.432748396536939
-11.604544046006268
-152.6531805029469
-425.1355303727821
-10.025778613421162
-78.70127713484064
-696.2467584999329
0.4192956702238423
1252.8200372854953
1122.5940608250853
1374.9101366125444
1232.8780311860774
194.70599288699984
-21.807347672501376
-440.56317096805526
-679.5310879427277
-550.6119623110781
51.692790060333316
-114.49344193082361
53.72586161810288
-0.04714871872543079
-504.7685540886666
-1415.2226675599284
-1895.6618956224816
-1996.7171608587576
-390.26869769374844
-1332.5434132438972
-3185.278934278289
-678.6842752345882
-296.75069257215694
-879.7705422430005
-577.9295126124553
-896.3096290227963
-16.241586307670907
801.3926546551561
2704.4401159946374
3421.729376803628
2758.3653821141215
2218.757535382033
2245.221701190567
1873.419050900313
1593.474469942356
1474.561857171545
1032.5269618870984
1034.784957854849
856.9317716853519
592.8584796188978
450.91716168630415
403.9995270402537
277.02046389329246
41.74070739938544
84.81024171195531
19.18633235169964
30.568249512144714
45.11873753103545
-14.016651299441824
-10.890091103024988
-53.321263234457334
-136.54241289115683
-127.80807953732351
-232.81863364014436
-300.3809939336537
-232.39422957748332
-563.0312858624707
-636.7693267367512
-802.8388132067738
-1124.1167787668019
-1111.8883472114526
-1126.849985445612
-1141.4013296226813
-391.82241712454
-112.36385375285707
-392.617501074782
-153.8646290571672
53.99159583042432
421.94859719399517
-24.815973571877443
-472.05871956860403
-172.44265821184078
2816.697053430447
2263.3653333234483
551.4236789750446
1217.9175465089609
2240.5016399127153
847.0336348272194
187.35682503379005
39.90957924509129
-56.46633310116599
-193.80301774835752
-538.2777784691322
-593.1197286136016
-1190.1490566646883
417.07224028088245
193.64854865387633
14.755265303485102
73.76409383233069
-111.08755390252847
-540.1616095171252
-1092.91014337446
-934.1994018988917
-185.82775284732134
27.476808046535645
603.4065481142776
652.0310899503746
742.771827507134
68.69203567733538
196.31836705979862
246.98912411465056
160.294161249301
25.44591455642266
12.137435974011066
6.364960961217514
349.0702910589803
372.66511415409127
129.67592175760694
253.06115801284312
43.51108918784544
14.350857662120578
-54.799399472029506
-69.68318925755244
-116.09019898787324
-240.52935105581608
-410.7351729061184
-343.70018926500757
-115.63408564230642
-43.93000370602666
-29.947552266415062
-317.11280406629885
-297.9478278724728
-738.3652225030169
-882.226860902548
-1438.2506274198424
-1206.4137198691192
1240.170177777223
1089.6653631798395
395.60509991352643
553.26617479345
398.896687543595
407.5954341599481
682.1450612066826
397.9935847112499
487.4840796891548
120.14771095588861
281.19741944956814
167.0429520515729
364.9839412736571
407.29154226791456
471.1123301043025
942.4653114207563
813.9251734441948
272.9681113336755
383.52026603470756
330.5153944797159
670.7632831527487
505.9582393325398
-35.29776417847853
-47.80646191580087
3.3751201548235343
4.817792293399915
0.2118025645046433
-15.941251319988233
-39.51682316841116
0.6655764884344406
16.21419279585225
42.288894235991194
-7.543145551634793
-12.299919798970562
-0.5231900045353279
-2.1970544596534727
-30.78135657433692
-68.80085308492396
-63.708080208302
-8.266893210584069
-5.625129617140773
0.014892361792251521
-11.662705265006757
7.755766336351954
-19.201173967775443
3.616462362591763
-4.639674403239486
-0.25620041014209083
-3.0894329573513213
-37.23837363559418
-22.46440898119773
9.423717537098641
-5.489313740838323
-1.8010875746457522
-3.451586050139709
0.19951921039540121
-2.4905222085356495
-34.24315233590066
-5.219958765738548
-18.349780370512512
0.9174048531385098
-1.1081757602408588
44.08003312501303
-27.507651360705474
-0.232875218145527
-17.142558716039932
0.9545265406675253
-6.298053603014908
0.564403951303414
-0.007289279298370569
-6.715623812991506
3.100876628799389
-2.480606376996999
0.03140334450483204
-0.6204866272166233
-2.3642058323214696
-6.608579500685655e-06
-30.22136459753326
-6.285480539351617
-21.765532085881556
-28.361829218473105
-41.0346113935467
-70.3249105764819
-33.933249668900146
-99.71658111689261
-101.02001724553776
-55.920036688500126
-293.7420238084445
-101.65445271665348
-131.66006283976333
-249.7181128540071
-373.2573267145293
-418.1245764792823
-335.5478637600248
-402.82853830622884
-576.6526442795109
-639.1204514348
-533.4816616376897
-695.4658268869443
-782.767791090605
-730.7084027392743
-405.12771961200366
101.3520502906528
1437.5394254715957
103.40594779197593
24.019712191018392
0.009063031365175576
-123.16904132580464
-453.07743260766443
-675.1983365485534
-565.1053322765467
-199.81415690678966
-158.54147115245576
1078.2954364285565
283.99051654568603
-848.1514362548378
15.507275445935313
884.7646731200063
238.96464682489102
24.637518639353083
-45.27766262957007
-548.68043481157
-946.0636684512406
-978.1091071982828
68.68299926578116
-800.9604575318183
882.3484023854028
3221.807297129989
1277.783940145101
1082.128343518721
3628.8196728111757
2225.558052409546
1233.5163243762786
346.8338740257307
231.48064270802
-20.02379077686184
1.6591062870648083
1309.2577103281903
113.10522963106426
1.1180116993729186
-117.26147612694862
22.304062963160092
-60.28954480332695
-47.94018554731666
86.25786365037682
1842.8133816433772
1078.2513434629423
467.5127006171224
38.19608135042297
-1.9521206532748456
75.50168975074256
201.4604398183294
445.7407694179925
302.3388168530204
148.54153740908546
7.714644389126882
-25.437705297967156
-267.9794086945459
543.9134212851242
509.35899852793676
-85.08668915723523
-1435.1116181449133
-323.5299686513023
-19.93511922731733
-186.54175182562835
-85.25095132875313
-367.83937279836925
-893.4991195219792
-1408.0571512792271
-2090.799053054582
-3992.9708578995314
-3182.1649122564713
-56.173767588902074
-165.4396489488996
-69.95575339853406
3.701328585232364
-39.956669889118544
108.47076268243616
14.793425077368308
-12.354312581446296
-137.00368552652813
-552.3393542342689
-3421.038845226689
-3566.1927196504444
-202.5986738425693
-0.5329138185949158
-139.22698317832905
-7.280613374990102
298.0976661293842
1540.9811953950248
485.36526981526697
5.580492046892344
2505.0592223834688
1000.6353441723796
214.24557642143697
42.308842121144025
0.3708941361896799
-70.75360131041501
-834.063057743417
-1126.6795875156254
-1904.6341472757815
-606.047878800427
1324.9003374301478
2007.6557170473386
2196.6721545053974
1407.409458889959
1540.2476956858063
1211.2894550053868
1003.7774471720398
649.5345341380993
506.0281490725283
272.78782089169033
184.7209324831046
321.7740829760843
32.28928304787121
25.711277849697957
3.810931705595581
-1.8081462031742275
-78.75007869501876
-115.73170617235107
-322.80644960655854
-593.8446234309757
-1001.0245864886095
-1401.5286405812863
-697.5414578639113
-930.9461196311967
-1023.9631251885373
-2342.95557692084
-1879.1808162792363
-1403.7895863872532
-917.6019108997655
-68.22997483543274
2490.710158958449
1268.6335410273373
430.7523093323698
106.75049441455218
2.067583392098211
-24.552446034262726
-123.04285801212106
-120.79709081362506
-159.03309631196652
-448.52979798006777
-334.4158935081674
6.784545135598982
1.858372119697847
-99.19531250000026
0.35693604191325556
67.90474224244421
-67.74167521816675
-529.5046618436428
-0.9873852613377658
-31.435085285656875
548.020130183663
1115.2516989161757
1040.6377237265278
728.5185717934279
124.10126063321286
-4.307853824113751
35.08622422879359
2235.5791814946615
658.5276852519429
3.152459970042493
0.97176703458372
-96.62184130576685
159.0731170273072
8.59937821422757
-318.38384432367616
-226.92536588058275
-650.8895179355761
255.91199890271707
118.6728261443275
-0.15941254326228788
-91.84606467894665
-588.4128089260598
-1084.8899272730448
-2825.2942618109346
-2975.6003118639746
-36.12382859976556
579.4856224899606
998.9006402629914
1010.7302544725259
2302.2191779278232
1120.5707508186015
318.1369502663009
244.54624429963678
0.32163844494160887
324.09541912024656
363.85379126245726
120.5431872719489
12.113099724611635
-12.69296208822016
-58.07208693103771
-107.27640058152048
-36.08461447189697
-186.92354038674358
4.309663545596297
-29.964355515495466
-411.7072601801919
-725.2027605660435
-2339.0150886390898
-5066.1026491185075
-4696.246841160606
-6383.361632167798
-3060.754293181435
-0.0022070283744631907
529.5522657409826
826.4858638789335
1814.368731977711
2132.7633097368553
1869.2463719379366
1994.5083662814834
2886.31563523199
2696.1125359781363
1635.9966010843739
1499.6025279864873
1048.1710509931831
713.788952414433
489.54340863046315
259.17315431360817
90.4140832509157
342.1026779427577
166.42671228621168
88.5346303158166
91.27833049683909
37.58896407081238
7.263054579372302
12.459833008352462
-8.348731989383511
-17.62451833886983
-270.86650224808545
-146.10235489680036
-401.14951818430666
-427.13453304206723
-574.096490606086
-864.3883482608451
-1127.4570950738616
-1475.121166413193
-2434.262327993035
-964.9494723430917
-1093.4290922099246
-895.7013309281558
-1729.6125010664027
-3649.8309009099494
-3111.624831676877
-1136.7513496365982
-240.03019362067207
-56.39365251785544
-25.029526022869625
126.28795672831129
0.977618266604131
18.763220993460976
11.046868219389129
55.13304334033319
14.094735389308584
-2.0189710139528274
51.92183850671421
950.3155812718479
7603.4856640283915
4680.71834302499
3463.72628813938
2224.3978500355693
1216.6561298644756
795.2419943615126
1626.8555139834707
669.3652391668038
253.54948930437055
232.69693066403602
27.778720606275996
-15.513296887072782
-314.95669425464575
-690.2337438809532
-1638.3796441165287
-2752.1709595676725
-204.1405284204213
-253.06835651133144
-57.96266263670573
0.12795363846279034
-101.83533587058872
71.91261246593947
139.88857955768157
-51.327260325482015
-590.9240265129334
-1783.984887181868
-4047.808817925924
-1296.8608531340858
-139.68951292129861
-120.5439565551751
-308.67036854701905
0.45424654721376967
499.4485097455612
1920.2410327385828
1480.3933461052438
2088.585751114529
1526.6423374913638
1428.3605864043273
703.0387416888339
916.9186081863568
730.5233056056459
999.3412629446472
460.80284904182326
311.945509252686
223.8083932220154
222.23399714038544
17.48721417369586
96.19064274865413
62.050238665220334
821.8003700419869
501.98109731341543
253.28685289386428
38.352099227795684
10.381317302915996
-6.782099503910948
-78.99729021162145
-217.48107108736684
-384.308577173371
-901.8411282022382
-1516.1034382641506
-738.5810969197964
-391.1094755896652
-1273.6991072960227
-3059.769837621811
-2273.3935685228644
-828.6191657302929
-420.14751499432947
-402.7717209446209
3.9727241145704406
127.7686915345019
344.9334074297131
624.9226401215683
465.1606645652293
418.0779715058712
266.3994884592827
180.74941909737313
263.3807054166956
102.12432748723478
93.15142317578241
283.79874475590304
69.73156085207147
94.52242408494315
50.40808123870718
37.030230340234816
112.29600568695444
46.256479374317365
24.946010285390972
38.39175182602381
50.91690084003029
49.80915582325976
12.526162155859929
46.931119755920065
6.375839515874308
-27.184126501880105
0.24139541057559466
-12.783335000949029
-36.08707428360781
-17.01865043750135
-31.052556347969624
-251.00624920462627
-460.2651150289473
-286.41818105305776
-473.75739352676965
-471.885071502913
-754.9061637358373
-721.9753408926704
-1191.8393752285185
-1421.5268691859246
-1212.8962265488094
-1050.2674670779688
-193.90028951584688
336.8375636429071
421.16087090168475
207.18372915058882
180.35081988227526
35.92704151683572
9.981589026498217
-7.098424967418663
-19.735559273810743
-144.6208108610843
-46.809318513141044
-6.083775341820067
484.21972476203064
1432.1480263514752
786.0539047249247
495.21441291798936
383.7748392481209
254.90121603552876
165.83271649798468
482.4255555884338
353.8895335908603
626.593734415577
1067.6893169002951
659.3738429704443
188.1722048464121
189.8944620603545
165.61004324583973
26.522612270895422
4.47219967944151
0.4266276665342609
-24.63953060872896
-7.674907358069646
4.417066192136055
14.200142795588855
1.060492263745688
-0.705020738197699
28.849408510811067
465.2564645614439
378.49844339064134
48.79820992534917
-107.67318286083275
-505.02341888757053
-294.4590200585544
-441.49359977645884
-964.4637834416072
-1222.2574712394057
-1555.3758456891778
-460.6385672781236
111.322993368767
0.2700625995090783
32.20695351098503
-11.86048470685973
-73.86332942242066
-88.45515797780898
-290.8142713631581
-235.00055660993732
-538.0542839114996
-1698.3699435037722
-3300.8152250417634
-3872.8076507994347
-66.27561317470943
22.036390321590034
583.361232779182
2177.966358948981
1594.825709066375
619.3445623915866
50.88437317538344
-34.097064876233006
-381.36023602795274
-171.0635907614028
-125.61993973660171
-25.888867215454578
-2.7410616000058354
-606.5526570491677
-80.15013423561331
546.9186328466063
496.9401780847468
315.5537353523143
229.41394081441027
49.54644389013426
81.2282698684387
13.851277098298794
-15.539621244909052
-101.93006020449444
-25.356480581587363
-256.34116788500717
-306.7146473006761
-207.80157736010347
-614.8855968071568
-951.9838541353226
-1467.059938143274
-744.0039923718871
-1550.3982134360951
-1786.9327312741616
-7.9210084732382295
4163.290055491914
880.7204468197682
697.8178068150269
34.07912599842985
104.65465122584126
1424.3063858487362
5889.881710069259
1940.054953058307
1898.1781766770305
486.28886269980023
401.9811677470415
4688.053481797239
4332.539632110967
3744.3981859056885
6410.288444740732
5085.614286203298
3666.5304032208196
3255.66087271836
5868.312626004061
16773.062201717345
21966.421295788256
23861.05578438006
64872.15422995763
-312172.87
629.7464337968788
-96.26498089119883
-1555.9907696628113
-1376.0016634189185
-680.9574290125482
-147.66182502752065
-553.3044715240484
-628.2341362723325
-1754.0243989835099
-2567.292383201059
35.93310203737738
1806.3041063556495
2415.788605039594
2019.6181701197565
1798.532149576709
1739.2538460170808
1600.2553540332342
1439.5667420211414
1163.9528287025369
1225.614768923674
905.8001732999998
781.9401925693401
599.3664389831697
632.7335224779894
598.9761324887752
457.2985030508236
260.9565571891739
283.3779518859469
192.992941510466
89.64830287662625
174.03536096723334
55.33381926175267
1.3724345812219079
11.540481988559876
-0.41719748185306726
-1.2220368109668374
-0.2035727588806288
-27.085648468531986
-39.95175048819823
-71.66676845684404
-152.91802399888383
-182.2109735011678
-144.7354037531701
-328.92047246360994
-459.70385573109996
-419.7382720382187
-524.8166133727202
-713.5148264265705
-888.0282855573754
-395.4150095680663
-409.43131671579624
-139.94034492079248
-220.89382862576622
-227.16806227904613
-96.55192141238668
-52.56499235807368
473.49352637565323
2611.1764778923916
1086.417734653505
361.42501158963177
197.698518946135
591.4877894832732
325.97265818490894
82.08055578891864
4.981433296182716
-25.04747154244388
51.61105425655529
294.1867961620427
2656.2589713687635
1581.3250682986013
547.3264923729449
720.4605140883095
2588.2010594709145
1548.3276751191413
829.5986404123639
566.1619844384624
282.07074171135037
247.5040216568205
37.38768387236389
45.74990292385197
13.637593104480024
-6.157628227411449
-33.09140855687819
-24.220207015228468
-136.15858464843052
-186.66587591482022
-336.11950237003697
-425.02364974886854
-455.44351499088975
-163.00345237956918
-78.25106058619657
-182.4861655700838
-3.3856875482018527
-163.55196030006977
-117.33573992727244
-390.03553603513745
-564.8436170666765
-999.0464140600288
-1295.9048558232982
-1618.981175897674
-1784.2569745778023
12.679081971734586
1131.5821682074456
883.0559298028105
196.02129055267721
-57.523760171722955
-308.01514815988685
-711.7075423674144
-153.43224853722975
242.1199399955389
153.17175779210538
-47.17078064979708
-288.63955927148197
-5.197848111441768
22.19429807637144
18.862968528649002
11.179118926927718
-9.417980629516252
-62.48460422743923
-168.12767942454877
-472.37522287368046
-725.8177190851854
-1306.5187126215753
-2866.4531109459094
1935.113596090504
2961.964954551767
2312.858807810051
1808.4074818487798
2133.2355697242137
1187.3040450680735
944.0619120006252
652.3762524742699
508.0675502981903
324.98715235574696
122.24192546415998
69.6712510401743
27.21562527875287
-35.29836499573089
-23.630954225528427
-91.85623662675044
-230.30812337277644
-201.351325892287
-669.0380189087933
-1662.919567879047
-435.1602631478045
-702.8335070836401
-780.707294165938
-442.9050030073986
-50.041820913217606
90.40262884069287
-220.421734224344
-58.85412002572447
0.217530082326388
88.20020943163149
28.167109045827107
-190.75255525567096
-498.9375402710862
-823.9328584456277
-448.5301469671143
-589.0563638743531
-88.8939101346801
1.4118515418065312
194.14800150500656
288.39791618192476
180.3387522633032
70.37676966027702
43.55124951980674
13.32574253075888
17.568166106557893
92.42774079228391
3.0173019311679928e-05
-0.025887191443066077
43.64332760106391
225.66909700984473
145.5171950292281
116.55100923499923
24.74387046754611
0.6060524843864709
-12.12062572485863
0.10331277794988916
-57.83115128922136
-38.668173723674606
-183.44694513866784
-427.0167121049755
-363.192022698816
-398.08547303205603
-782.9019726632923
-658.6124715223272
-1339.610241914415
-1180.5970384798898
-1135.7188926387787
-1559.8232966543167
16.52534113271824
-56.375067763379
-687.5789942784653
-1495.5906767824822
-2010.9019380708874
95.40512147057608
-143.96123525712449
614.3315815875651
1562.8106847797605
-60.12960280773498
-708.6903931044894
-165.34681252041233
-910.8386482200433
0
-15978.65
-7.3795520799159515
13.88487781332947
-645.7153402913266
-706.8570587670638
2362.964763066036
658.5252576817094
295.05273678007876
79.15064691228338
616.757243081878
354.09762612822277
-14.396563636492177
-296.64507284030714
608.0468338981366
811.2620831732438
2520.8546605071706
1472.1428285298716
0.6857853028188076
-887.8652560913583
419.1486366916216
769.2427792753969
510.12751502779395
-33.00243326441337
72.53171796357684
1656.0972485554998
2135.1251282776448
1063.3655726376537
678.4363236137021
130.8389303242685
-0.47796596393051977
-145.29571183726785
-419.979176674786
-2104.926407923559
-859.9877254627479
-155.91253407540285
-299.1879836260224
868.8795891007356
1231.3695681187633
302.7696644353309
353.6783822775568
973.0559359393883
3291.9898904804127
900.5129850303737
229.8890432311889
-4.4928016870704255
-322.97210320681285
-343.66693926219443
46.483340761795745
-32.78151983409125
-1220.9941673491155
-2315.0675750070277
-1662.596872936988
-755.9008211335663
-1315.9671385765346
-2322.358930123635
-776.618867262519
-429.6867553945303
-1746.6864209993819
100.7504323629012
2003.137379344716
2547.6739371465296
1989.7911260807896
347.7473154418502
106.21816850072355
-71.32897797944128
-1717.7048661259569
-392.0888023407009
1948.3995025302493
1566.7805093135898
1021.3668099966397
590.7262292741095
243.23778195145096
-2.645109297895049
-83.38358446741307
-69.79599137197417
-418.51540252407074
63.55670935319255
81.5236197049961
112.15970492985049
10.510679022584586
-36.64530025609837
-171.8631117784248
-415.77529378544983
-266.6164414232826
-19.185737888022842
787.9437975920523
215.91541553314508
157.9001528355998
10.605572426728012
-41.80704357292453
-249.51695223366625
-5.861917468955649
87.32612797138127
643.2381012611783
192.83674441549817
41.9070693144041
3.1000506024626096
-13.073132311489278
-125.65958101229465
-157.38526206958542
-444.4700839913815
-681.4360374449094
-1447.9179282835287
-2298.05730676695
176.83429993389615
445.4555214522787
4.5772271884917775
-3.651397908180668
-52.7885104083774
-0.06769932533617641
947.2462784223958
1735.0576691975612
2276.5115632778575
548.2255888578671
285.3499028246281
734.0437149350475
-19.221609368107707
-59.32157260501907
-294.89810100227635
-513.1410180995739
-0.45022372838809643
-322.42185035852367
121.75526793026465
288.59149305345534
268.57318373637065
37.970230034334534
-1.372090805338037
-48.11265112639586
-0.5735725397396666
12.97648982913135
569.8395138869421
1177.0339088888772
778.9268168725181
162.53780061630323
-7.802135517358051
-99.4353090359924
-144.4051163119629
-525.1328120063818
-1119.127759763431
-1565.4957273874024
-2505.8452071893644
-1269.7220257960148
-533.5122984728262
-1228.1039089924213
-984.6584664911785
-7.610012345203192
-16.40992589964185
-268.69410413984156
-751.7845687929325
-221.87037710174394
155.25142272962614
779.2024903287498
249.20209823714336
160.7634740463016
299.9021838154056
980.0011421262312
335.32706307700835
98.45272288127299
54.53949215012722
9.327327506970862
-1.1226823511889332
-136.43476227088814
-131.07502645336098
-229.28401600179907
-489.2291906134605
-495.5366087386381
-2427.110212401608
-2119.3564267934617
-370.0284958558251
291.0725511306921
1015.2229312763153
1187.7379028625328
442.3102389763702
20.710167177452014
5670.509856100214
6205.903117385423
4874.362630522597
4128.598718134632
2905.397294572701
2299.210476526624
2206.1276731837934
1432.9732582461793
1289.9427932337571
1335.3728502413842
906.7536799393042
1064.6170628698314
581.9151174640177
700.930309940381
564.9776026502215
410.1883092762725
465.2390581272245
262.9915146345727
207.86743336714116
166.41232105300543
285.99042192051826
116.68484592105708
7.924286548656928
-6.587294444673898
-0.6298663921910277
-13.68596820278603
-143.00086254384254
-209.1086392284559
-771.1022899200042
-2027.0586929620263
-2822.5603422135046
-2868.058036465755
-2202.419657849321
-2915.055594324388
-491.62328993291055
-324.0908269555083
-273.42617105892475
-120.38586342549316
-242.2293502641097
-285.96522273164334
-124.99610371580528
-378.2499670923443
-92.62006525241823
-298.3556821173363
-302.4282435602132
-477.94833527933065
-561.2984711189813
-607.6221500831714
-600.4079920106562
-1219.6362894728627
-1141.1840861923365
-1320.5403740462489
-2058.254663671695
-2583.7186949733277
-3.070336595645343
962.9214036001677
715.4902807408517
514.1124459660898
979.8577326234482
1438.8935860256083
713.4694605004088
402.59347049791205
355.6096009703027
270.78675526331585
96.26382572529889
2.416576834869728
8.375278941881144
-0.2117524968700479
-73.81660391728349
-112.69614740786281
-606.3823561523689
-1403.188116240397
-756.7718053536144
-586.8146411944788
78.19081188785987
203.93972001518893
93.53669584403237
74.86316137222022
-0.6654789490580202
-9.02704321343186
-206.00264689844047
-135.97561617798644
6.632961740044838
-7.367688788859073
-47.07371017570456
-19.32554375660176
133.74472441083415
122.26972320066389
73.00692161805505
49.61395084104957
43.869359464263404
202.7535257004015
169.10118000470396
78.27281483402629
140.86270882504283
85.30455467373707
164.97212910347983
202.01458883531782
262.08831600030226
144.2255185720277
218.68000201494587
116.57171038004816
232.22159140721087
231.92936900392937
47.130550226837784
275.6246413949958
153.07564424157593
206.0481240005094
85.43076184617551
107.76304213134708
72.68556492939851
107.13506817591119
90.69313419137038
263.7516562842132
197.2465642025231
50.9933196527182
57.23801940772177
19.03231058641194
-2.0572570736126803
-116.41296680480231
-425.9306596575934
-641.671179824923
-921.8619809174886
-430.578292020996
-241.73727514899326
-353.5494221511493
-191.56926595865775
-92.05369718732067
-140.2311174283243
-125.60538165611615
-72.87626049583818
-24.687729442581634
-46.37078140143383
-1.8878520313976126
-62.27522590414605
-14.803880544433746
-34.3767620127839
2.683550896304757
-13.061947499165905
-15.98157649226029
16.827688178433995
-0.04927170053832496
3.9107402834827996
18.257776244378253
29.12689668760506
29.281028836563294
13.50233090200074
7.460024430602363
46.08490788184258
24.41310276036407
24.15098655750893
22.817943291006934
14.419746563363905
62.0967744560329
24.83492132993652
0.14313515555221418
-6.417053725011713
-0.05738832310172637
1.545379478157381
-58.102652555917324
-11.857244940638509
-18.267315813437463
-40.277318772297946
-8.664482788444948
-68.67325602619715
-74.36922486028857
-9.65154720759009
-17.251924178719154
-38.6601082083826
-59.77150220087024
-6.218726529488405
-15.165239921323826
-7.0848901889375
-1.9608594161673683
-30.325170695569124
-5.621634433420242
-24.37083294410791
-65.07749640050872
-2.7805142834959895
-5.392695586689415
-1.2939263559809329
3.057204914792363
-6.8705977799465145
-17.801303476550608
-24.37785042235264
-3.513863904829007
4.083515403673406
-1.251830019400479
-30.540937312716423
-37.69494320090131
-24.064266455707774
-4.119915195971884
-49.65265461670738
-14.050727234706947
0.2992415862321184
2.8276144902437808
22.517841846126657
25.63092309672906
-5.947018278340133
0.00023247406539429727
-15.144552067881097
-3.4207518606212544
-56.952709264358745
-35.98523342443339
-72.230551563514
-128.44394802540114
-182.08367426791096
-146.1274732697102
-132.16279411094644
-260.76146516379544
-211.02860700476919
-330.4127823162656
-380.29555352210195
-249.55405373060077
-452.1960308914322
-330.62291712128007
-106.71142937041326
1313.5823251760617
433.17335555232154
269.49691243650005
157.5346069193352
33.77749888758627
0.13140297686019106
3.525093873113545
-115.91884984366536
-100.36083166123977
-190.305075054824
-297.7906920587837
-100.26586587475933
-30.91452799941973
-101.69204845934098
1444.0312907996572
1174.020713216558
1254.791283326072
472.4745631301986
725.0176897132318
1041.0708182988308
243.51828013758865
0.6402836573180781
899.8111284593713
180.78346285278448
173.73124931822738
13.38772328306655
-359.32987021093953
-1377.712504431489
-3324.3635211606224
-0.5886567314649318
-0.2684770698123723
2.1734267416087087
-1.6625489613221722
-552.2190852158413
-2758.686236824684
-5599.322448248871
-4122.7224715230805
-3194.8043755000863
-380.3846156934927
90.75518175638781
100.95691356782176
523.8879751105692
997.6045037328064
1317.5494295446651
700.1594150076165
939.777220422507
900.2375881066664
147.36118987101062
-24.256091427364456
-582.2724775520135
-1031.5782912507616
-88.80366950043734
-123.94500838352056
176.8759467174119
508.03158182161775
783.5391876466688
608.3198890407759
759.1017170982883
396.78375465184496
341.5804321739329
275.9280896323666
290.6691007519306
142.96774319755883
209.54351867723463
82.04481089735228
177.98072522764426
115.34757679715479
38.824895644397444
36.358915845571374
122.92884351110031
19.975231686494904
38.64471231675772
34.845422039422246
0.9232563319988211
11.725773536335328
3.364698416686151
-0.01336588909326177
-3.3877057972973907
1.2418799654376462
0.08140287380553216
0.638911608911647
-5.1511808824712375
86.75230486519456
-13.04163589989366
4.616282023056535
1.3795617233791044
32.31731067972356
-32.5261448624793
1.657687526721234
-2.396688171195075
3.7064586479639203
22.087219027698985
-10.050968846733793
7.717355314686914
0.04769111581415447
-2.364774457655181
0.05033662184487774
-12.978021226293995
-32.7281401591884
-28.50684191990532
-0.306769070939972
-3.1327055352197917
-9.354786244066702
-35.63615975987647
0.5733595004460468
0.0032368875077877467
2.2950467637270653
-51.378617776168554
-20.25840782777454
-27.121597146500132
-4.12753409971495
-46.164501616535624
-4.431420347668527
-27.251103010230576
-48.46568593119065
-5.956629963516537
-9.119571160602536
-11.49556787161889
-42.617857819525
-26.77081827794092
-64.72523679214453
-40.97436879184855
-103.15460066534075
-101.7178646248349
-295.8735988687986
-103.35585252855404
-7.638426067615325
-91.13730612567504
-72.93263474521396
-127.55961260761009
-48.61029489986186
-139.543910126549
-34.43896294327044
13.315991415605497
118.97434985628409
237.78069326251693
32.649611747956676
189.47305264477203
103.19320992511507
71.86627710319165
84.68210890214809
5.831798380129012
-3.547871143512362
-13.002689509542407
-7.228408897053915
-76.31314954599523
-34.50108083620775
-303.83136558195923
-194.18895673440872
-36.61014122752412
-0.13378091736177636
40.21091805709191
72.91741732241334
87.63971387947554
181.2128100621867
181.74598661079406
149.1782724078678
27.20184982899717
89.62739925648901
36.718703699531794
22.323500434060836
9.884913046089592
72.91698811952736
13.111590490024662
1.3800054461661917
49.78518263839556
9.264006022858679
3.8819177417093225
19.994042433448705
15.029060094931797
4.9978778888974595
0.13444417952753895
1.5823984176053745
9.87365923911053
-0.08623412620070699
-1.5220374501393912
20.23364329112583
14.444539784012585
17.687202277040814
11.057084840294568
4.6851460027997405
-13.06404532131474
11.846602949951297
8.554893147475056
-8.555001373664537
-0.773233791293994
-8.89005794029506
22.812427763448017
-5.1138943615428225
-0.3785491590197785
1.2720840350781182
0.02668743977985414
6.691906281109754
-0.02430352801977453
-8.07620908888557
-6.546006821313699
-1.2714786766502884
12.850194844357453
-1.6614261253867648
-0.24504643578545504
-0.3819993287847073
-0.8159954038598587
-1.1792775063228966
0.5273871709411517
1.6791763900213006
-5.531940516857727
-4.988672743245123
40.02765698441233
-26.79598736933745
-0.3317195908933681
53.18569169674771
-1.5589962210953185
2.3077576636471173
0.9182963483446969
-7.0404812017980305
27.80700697714528
14.302379341014555
15.664086466254851
3.6482295798849007
0.09978490784608185
-2.2284555084276807
10.081521770920348
1.1202323285743827
0.5520652314238705
0.008041035753906385
0.22435656155975808
-1.7554191134955226
-0.2462440944380353
-5.204212563328168
-2.7300221003477714
0.15599252818850512
-3.0347286345823505
-8.871853887880093
-7.392919064693759
7.19365838052277
-100.23754231757682
-11.262585356043699
-0.8046700125343021
-10.580097077844329
-11.892050108320902
-23.401049424904343
-25.330500452396944
-48.38710426167074
-59.59074334111295
-37.286418484350804
-119.4531767902142
-12.842691576672948
-59.88377506364902
-30.56767861837414
-86.88197929666887
-93.84522188488278
-51.82831539058459
-140.377638458648
-50.111732427225476
-168.874912812402
-3.984307556068426
-238.76265164362997
-288.228427232026
-270.51497354431683
-267.47454288014296
-405.53551039472876
-279.61278643827154
-354.1778333840693
-532.6550388143851
-426.56795060975844
-381.88457088196424
77.31887649244445
2829.3313184890812
1946.2774894304328
152.96490045661395
-139.1061942710645
-19.119523705842806
-71.27751516210061
-100.79036095823494
-112.85361694350262
-669.1821032504083
-592.9819560740484
-129.4219523655412
-127.95009181785905
-119.06943219998757
-119.71537638013551
-13.171431598110381
617.3014535504265
1288.679262590445
505.50532495265463
152.617254608975
64.41376573027914
25.744828847697203
19.63775406382656
93.49469262018499
1476.9419742802738
1390.3336205405215
1094.3471765737254
357.0681028782315
60.852239458947636
-0.06321093834152544
-22.49537360023645
-337.0051806123046
-1048.220783506887
-669.7223621473008
-153.6182549695236
50.41327277298994
22.40864668883318
50.004774137410735
853.5085810812343
339.57325556443453
-54.513547872245795
-158.20936369637474
-26.945739513510823
-110.98123361564448
-659.8976600398253
-1035.6529609673664
-3.1519535927539097
408.772635448624
711.3621647413297
654.9467815435243
559.1574644471374
329.8172160011303
213.0671043605066
213.5190368156882
11.303256101671149
3.1683033671389396
-13.961333768347014
-137.64146682122953
-430.0164667592051
-12.573205487676745
-17.585298042217932
-354.17571927836605
-770.5556111177257
-721.4785028354977
-525.8510005906608
-473.077706258279
-524.2312616536183
85.20412412119195
534.6147836297437
270.3348396034086
399.3482642054157
425.6511165574732
264.5772607304703
300.9385489944831
242.72312712000814
145.39547214894964
154.1137406410943
116.70622192685722
67.89920549947203
78.51193897620817
69.51895682601004
20.49832113003083
54.6461466333198
25.557341164001777
97.30439332225643
79.57246842808382
58.27133074905666
40.59981765588978
108.88473012266186
61.18856071753245
22.498039120073766
10.770808378240636
35.389275313894416
9.435459428224691
34.732780521273455
11.890581266480575
0.281696798930376
38.45071957643279
-9.356753943371139
0.4173840758896097
0.3985675716751267
0.6078865565511344
-1.5806977320578546
0.015154240258773917
-7.939974837114407
-4.728852716637488
-21.459349498510164
-15.523460380347627
-25.466931364245383
-69.68829654918267
-59.697621599757255
-48.385873941506475
-110.47268439734566
-172.68966014400047
-195.7086223871092
-245.60573570253996
-85.764849600521
-83.02881941678447
-210.94239469315048
-48.11777949127376
-102.77079490670968
-100.19957914601815
-90.68374043131286
-110.38999227617936
-18.668540959448425
-95.00940136202684
-10.075830262312085
-36.78359484884648
6.251487856829714
375.7374810501376
135.36257206173337
145.19224850321862
25.63621451187543
25.97744298388736
24.14327299069336
68.93612745743437
3.260012366992399
0.7653961613513438
19.129108250617385
66.03781793757076
87.77156835082366
326.91788205191654
3375.821752835931
2834.0894945292566
746.7132373549152
50.333439743098
82.44328188196445
765.2775897030915
213.8875856092968
170.00125287792895
157.0657713483228
46.090376256749906
0.05151622146043136
-4.536802250971375
-18.893879895707283
-83.23758449752151
-203.08964664153623
-246.8322584616628
-393.34136489813125
-638.420244665004
-870.2210365668611
-1023.0463606212534
-1229.9175616698772
-817.0147159298983
-775.7402199556502
-543.3061249854644
-490.8918146435976
-439.79649362967757
-632.5855957646486
-581.0480753012434
-1319.697971363685
-485.4753543667863
-1543.2732150623842
-2122.2985560602474
-490.8776924453615
610.2300114342662
61.08257101902905
4.216401395040851
102.53227643563505
1384.3441851641674
233.1753404577161
33.65332517120268
-387.85324323805827
-1401.6403126418159
-150.1984791995108
2773.0389528552814
495.6614623765316
3.8736850969699774
-16.375510550707993
24.00513213760908
47.998797041499486
2353.8600895730897
860.2771460445717
396.89205428931143
268.4204607407727
12.207481038690467
-273.0015720422417
-658.6892470971586
-536.4569944414552
-613.6911458143808
149.8599784023764
401.02700514669385
3006.841174721128
2579.3961607262336
1067.7905964391175
362.6404558743931
101.46998389371787
231.57998747771336
-175.74402816819546
-536.5853430946207
-2160.706448072865
-3192.4995903492536
163.57163327841022
889.9076403064489
590.2978741935976
271.76074228369635
40.605954589665984
418.2108782185521
94.87943398767143
3.4876281332496903
29.9416491193709
62.61129527045151
103.72495365771051
26.673422609457006
43.03397052233056
68.21326865991415
2.1392594920866737
-3.079265120265698
-19.554970142894188
-46.76387709157308
-135.7825155040652
-363.04022544808265
-118.18189995602715
-404.9054823042461
-686.757072816006
-888.139334314661
-1327.131997428378
-813.904914674586
-740.8794528295059
-929.3941818081129
-1769.2725752940864
-2397.757040313155
-183.0714020134452
3.764661472430988
321.45714646086196
253.16620593534412
1754.2123740373922
212.74929214194012
267.81793431861144
233.536389008158
25.3354066578307
298.01938748150326
58.19248943096676
-302.7438701400954
-734.6928647796669
-1533.942473703255
-397.8887233944358
116.58387070941058
9.320072437382734
-557.2464739201764
-79.8253522548124
1925.3883881132006
1056.5278350662388
63.584489191613855
-150.6161992303377
-1393.6068386106622
-178.1524809461864
157.10771064661495
17.531392007245255
-5.709643916744478
-613.1828720998897
-394.64098528992065
-841.6797048589974
-0.844691318099559
87.23543686656663
41.742802614572895
-412.72906236706024
-115.74891125810313
439.0270121722775
28.902034691501257
0.8418752255156442
-160.75334562290007
5.960602704715552
-6.627256025503397
-291.81695911146073
75.77729990913855
1.5944297556267584
31.38296441199016
401.87367421909045
730.4453424783993
1148.1905893911176
278.7479963496353
-3.8952563556352544
-374.58380031889163
-410.9952007789773
1137.5019889834894
323.64098092122435
26.825461203888608
920.8177633349521
265.54654322589244
-52.217668138352
7.789561246043663
350.0426545831174
917.7118404698949
135.16472831586944
-19.809023067811694
-551.3641108956854
16.347488242924893
132.35400382986114
349.17473943466075
359.55413453901264
-0.001154086778459117
-710.6679609222058
-2.714771992263014
-89.77490107391993
-876.2353646734671
-74.94084112149514
-244.9527886458883
401.01344437262645
-56.068029490978915
-281.9550506891831
-657.6082215398553
722.2107935100605
637.5184157193304
237.725598747787
220.45119179942003
5.057265803998112
131.69374536343776
647.5777266424606
296.9318931616979
2.7219277908327886
-560.6103645312382
-446.7418873721363
-871.3507665026937
3.0958628806729456
-32.885964618992325
-1513.504439689657
-1644.9169553739525
96.61155681032606
-51.24068830616223
-401.5936763371079
-539.3840405683054
-1016.9824843745009
-85.65790906765639
8.40767001511074
14.200149167479807
13.720513789678328
-242.32312551245448
-784.6560483844455
-7.045283619794814
-750.4528302897324
-47.358168556693755
281.59672454671625
-3.2651152400423733
590.3971234416397
655.2456693616066
767.7277084603857
714.6800851467767
16.59544414832316
7.1236152723491255
36.89362393953412
23.63302699236561
-114.82428741392245
-1082.3506353148161
-567.6886853672634
659.7421481955585
2814.935838002747
888.9315965389653
78.84796676010768
-58.102403237043326
549.7742859162405
655.7668603462554
264.398055076128
173.99296404112428
106.74258797133051
83.31467975253608
7.0629253707865995
-5.483390685331498
0.025366381145182144
145.98834034973387
740.8285222040298
1533.2753059581278
2463.9004477003054
1163.727743342432
684.2121116178422
373.7654699810876
258.90781585903534
37.39012320376084
10.12222099488584
-30.12876280414557
-273.3945021654374
-331.80730936641453
-1504.6363762723363
-1742.2782040202128
-1811.3569963953582
-3842.5508372373897
192.46325833131212
4288.741152293107
2156.6681408454187
714.7154683963322
203.28749396509582
1386.1003082476334
625.4117628037757
362.7532788227472
11.977686154741717
-6.088597917321426
-44.450752876164074
-264.7733559387535
-259.11653967196344
-467.6383446219214
-317.1344184695225
-122.05100001907157
20.81737544010274
-171.8836525342088
-652.8127047808263
-1861.0844030361022
-3306.9010425199713
-4866.094277064495
-3774.584847188101
-2664.9387303508256
-3256.9110903921796
-1727.1029457369966
-1545.63966184346
-2831.954007371305
-380.02849596760024
702.2986605749911
2223.802532862974
2707.8877361784607
4313.038677973583
734.6428987683939
17.15266337221243
288.03809394422075
587.4008830829239
427.6853322678945
379.92273662459905
44.48454715990637
195.5554181611193
28.66337780148797
271.5152326485614
197.22226096327228
240.33726996216004
99.03970792162539
109.4407042354544
27.730939806760368
42.320999542935574
33.10585144399197
219.3909450739499
227.9383964750893
87.64501096086147
814.8378380358329
876.8846539647379
424.3443578054146
347.2601919174807
482.15941452501545
471.6288823829608
342.597680771667
244.52356096189752
307.1434882304333
96.55789058317832
182.28197487284598
70.91967973439736
80.57160019567115
72.67779755899659
31.268946442740212
24.25692630918928
71.0869923686789
4.869409118479439
32.94259152815186
40.66630359648924
9.33663098860501
-12.483917506099058
-39.05357899545103
-22.831831289052936
0.2847802763905408
38.37279955263239
19.613418827137977
1.1021967139573525
-1.4728942121672595
-0.6615859768188768
-10.347185397195126
-5.815844683055213
-71.14795772645112
-56.53855302025807
-27.21439046652799
-204.26212994939203
-34.28108291634154
-112.57313105361342
-75.69782876579936
-59.68763351081681
-51.824099167833886
-2.555690039485403
0.005902247971587188
16.322904153307146
-29.035167691417428
-274.10265605582276
-545.9178966318523
-738.7083115227872
-886.768436276185
-1232.4850026376882
-1342.8079435405161
-1383.9594071235113
-806.8516345626768
-2086.3914137454713
0
-1672.9619134437582
-2969.653064400396
-3419.280153307017
-3709.3387799559814
-1850.2824766230929
-146.5631874264481
1037.231715008791
6588.716460913313
2542.545039518148
793.1878303474564
76.78867576312922
277.7578398299277
284.1710736461689
92.34046348716284
57.12615590834493
382.4647169876064
60.11737059232746
-605.7732617222159
-748.0427397399168
1705.7090792248775
2226.076990340007
1146.9142730013225
1271.7418935272517
1253.0084043054471
764.0536034744396
144.21691655624466
24.73837099242067
133.19758017185455
137.02884204220044
103.68339145118058
37.01414671151565
60.24005988023951
12.329073648783904
104.13873530156742
115.70715676003972
103.09222443842
280.57398544666887
231.53701453634682
284.096145152704
169.41464404620902
346.4962442514577
132.14884133449092
218.78865478079823
109.95039438693803
203.97835981767443
131.51816667906803
184.63264781700994
248.80957300692273
204.8582297541834
80.11045644534184
207.15752044410578
141.78024327198588
33.128670387540346
30.846635895045562
-4.579388714640626
-37.77756490779891
-151.70629161423406
-197.06348956046256
-131.54559399132125
-139.35745734442852
-76.99099196282972
-124.79846865686417
-93.66761868447766
-58.157551709850566
-176.77071085957746
-97.70510492311551
-101.21978559012578
-195.20727643613532
-48.350488361242576
-158.46773409993273
-88.6028109129562
-67.03310720737696
-28.91701518211339
-29.310580399397754
-13.475282615262731
0.08533377063674785
-18.761793601103378
-1.0466382015535833
0.4438742540066052
69.37549405904991
-40.911120515095575
36.93387465236941
7.882065192768539
4.350899609976373
4.284962288686615
130.01331048232794
157.43799868981955
33.868740398106496
22.424677602266062
108.93106555582013
39.6572470653204
70.25719141357648
23.420043423238365
58.447984697360404
63.120616631704614
94.86835826618223
-0.5312117811332434
43.0297435182035
13.488375326823045
218.07637277218961
72.62081013571361
-1.5608286258793336
-1.9082476404354858
-1.568366154213717
0.22545727859503345
-28.97224973565885
-0.5747527679145596
-43.20141478312918
-202.6680197419265
-477.9806276162171
-526.3901525356272
-672.1337219764966
-524.5252023107563
-546.5411308440556
-831.0339440975572
-587.9088186643811
-808.138337718108
-467.7045444941811
-904.4352206596476
-456.3798735515371
-847.1190410500237
-604.020550218322
-1408.4164836296623
-1405.0444681091014
-1781.4794006783727
-1427.0213602587783
-760.524373888597
443.97670510484636
1713.0605654172643
502.7960941877784
136.67442559759473
-23.990292958820095
-270.3425227798358
-470.40136850192704
-1258.079846840631
-2359.680346854001
-3555.805268315136
-2530.2041812024117
-278.8975587314551
951.7279537246931
547.4011475351502
1233.3188501998675
501.29242680052926
130.98953318552995
9.855874127354337
-3.528065617011122
1.1190945130143535
-162.29992463176768
-353.6552020827998
-744.7313371184777
-549.5521407517897
554.545421074281
2792.6590151009555
1007.006377092703
-0.07858187461420421
11.396773622157125
-132.8362450513136
-899.2154201106491
-300.0938601530678
42.763850940163486
2739.082113839141
2114.130109524854
1430.174006483492
233.58920457314866
-78.63776039355703
-10.584611782747551
29.240068801911406
2604.1256888124412
2412.5480268216193
1063.1712396899402
489.0436809059893
149.94305975053769
-2.3760075232433584
-12.526679650298782
-109.6449934417812
-173.09261986763215
-484.7349722396381
-1238.3708237591104
-990.7680244857172
-301.5180381585259
-459.1054799605576
1068.498194970919
958.5345078152417
16.153353260728775
-203.98225858290647
-301.3032785743188
78.70619282290593
288.43540219560396
71.24393007603712
41.15117498042272
-47.29768887658106
-103.00732705298194
-127.62948028200321
19.785776543898752
-100.24010998828474
-396.0241604126493
-902.2706675802146
-1752.792545904508
-5708.593481905335
-3336.5159610211667
-1131.3649246535479
186.35374979071463
1592.369260728838
205.69059877481817
-56.44540745595861
-1353.3382662652994
-562.9510491785704
-780.4191028429917
461.1032185991795
1990.1171159559926
1165.6370645999154
492.293806411285
99.81088984516221
-62.12067194522706
-133.43501957809323
366.44493174047034
1471.1733640854586
770.4218627274059
468.79784469290786
167.06114790197222
29.93180265433642
-0.001993068337632878
-128.8507038430439
-213.06340107701476
-411.918120994035
-606.6200207424497
1001.6434558435859
1113.858043077914
63.26241386154874
-83.07754858226662
-482.47105291787926
1922.889337816889
2025.7108492621724
163.5395970021241
-42.03146276865171
-482.6762896545866
-66.1471305658454
282.9398265813294
-33.957824250144135
-193.90136578828577
-1344.370203430277
-4088.3702580130102
638.7127710668121
869.7450864291851
203.21560733982835
2.219321977463962
-8.786867333561373
0.7162036231067875
-8.189872717189967
-52.68602322046428
-26.77401816764161
-30.647679396565586
1297.1689405718691
842.5445806072439
-0.09950876028451877
-0.336517633588126
344.55365825676023
73.77229157904334
5.119030611726182
154.24578477410986
-44.654622199095925
-251.9559025675599
-163.8549197225355
-979.6818559967447
-439.5584844541272
88.67703207203704
673.2501333945341
20.3832738053589
-235.82402149459287
-14.99141558278089
-405.121954193459
-2922.708691423675
-3705.7095602441077
36.75480593621221
62.63385526194685
-6.448295432373241
-356.4944247091674
-75.9964308802418
-392.4227405556489
-1830.1096783861253
-1727.1600725029223
-1669.951104114117
787.3340089848081
2761.036181664911
2305.3275024748336
2077.0399322511266
2125.1538732728236
1719.666333139245
1208.514220002969
874.2713180012863
532.6029214879487
330.345975479505
270.9158348999117
224.79727448090125
55.71593362897123
28.173955829852375
0.09787347489255796
-5.1904858555347975
-37.24999542175155
-107.98845262932686
-211.08027151810717
-419.941728786921
-526.7291621440884
-312.7207642498589
134.7262941023559
339.0675366458314
5.668914734911873
-71.54499487031528
-191.56381673757636
-535.3727949255162
-496.6680385774031
-607.8401474357848
-776.4018402450477
-1255.0916757974626
-406.9762455901039
0.47375924652212786
1114.3937071266032
1034.6469356891948
1267.744905022319
1148.9280062235507
384.77311833456736
281.9126892375008
37.41656867685778
0.6289193863454529
2.367225231686862
10.32860267163841
-36.79125865190335
-29.977049564737467
-130.38454593270052
348.1173588298452
143.3653401705767
-358.00861085412134
-2252.6667379803057
-1101.3999968940554
-284.27561234258815
1721.7973333834807
515.0777933401656
-3.883347227601507
-19.16906117365684
1530.8697521872182
290.3543356710147
73.61437904091284
162.40005927295266
3.0368746900557477
-192.05302213034554
9.48102491181118
1006.0343550746486
89.99546134194773
-10.062599940547203
0.01935381095782486
340.5061699924188
123.47604704352986
36.54178175437487
-47.9365129842853
-533.2480703191511
394.9758110844964
134.07920168180232
324.1725860516371
172.09939851146515
431.98683521225036
108.32657887528327
-0.6608827541991044
-264.7251612864078
-950.8845280226953
-2568.525949590119
-1484.7718446573963
251.9831358656459
-85.27431234745998
-232.54038003125856
-1005.6517899896494
-290.8816430940668
865.3400358792958
208.58140002541742
0.5016068114126713
-122.8864434694537
-620.2777823111214
-1766.7108090507813
-2998.008331874955
-0.7050731662869995
-17.835594333114987
-184.37196030113597
-171.9102912306879
-83.33796382246997
-1036.8904768201328
-1125.4779092536537
-253.53086347860756
364.7685827123844
428.1311275373371
1066.1142586005421
1461.5373254799715
790.1549548282721
206.42443714039425
205.75704888192809
808.4682230012867
1138.4767821562377
319.0911143200846
176.94292637437275
132.62466214206188
60.81270161453587
0.33756612839928357
-22.256745414379402
-289.1276887130257
-397.777246969511
-566.3649472039416
-1114.076945504383
-1092.2574278678273
-1027.4992823647772
-268.9315121505007
-936.3168447895116
-131.32134297971342
389.2959597832936
1486.9090035594768
646.2337111807936
-47.30966870284433
-87.38609446661769
0.09496182410202991
239.60955933463143
3298.8699478870744
5244.479427783273
2458.7380549249247
3892.7500779723487
1673.3584166183457
943.5406391560944
364.5244689850184
72.16299972346256
-56.53821487899333
-145.6160120261224
-674.35867970516
-1172.0629140388205
-527.5444830477602
-806.2978887139601
-2561.124085221476
-2530.6872451797144
-1676.9100621634623
-582.2136990170724
-1042.4053009945642
2.430109752384476
-268.0819519919148
5.27230147170547
-91.42262617613952
-157.0594437150347
-845.6555346149239
-370.9891338464947
-58.317601582440666
30.92980131182576
-873.2089214459768
1020.5734636091573
1042.5565519483398
446.45068929394444
-5.786668835867058
-692.102556566395
-13.818827850623665
-132.65799502615465
-1004.0825631583975
95.3519797994716
867.4458773844905
144.359902436528
-58.2649243815869
67.49904274914506
1959.3798811688948
2309.423287732214
985.2651303546514
602.2176098435853
694.1241551688378
237.5757838022186
576.299435522783
1450.946740270644
583.9576314357478
-6.885862576145131
-96.56042294790797
-510.8579432081122
-667.1937293744473
-633.0112024557812
-667.5722933965386
-2197.6295734372006
-639.3848732246813
-1463.9283393844637
-4339.54053282597
-3418.500139537649
-7.745420705725977
2.6883762444698953
-0.06289476077251856
-287.81098024511095
-2263.5424879699594
-307.0544203882469
125.14052205250516
105.75249563204949
429.43842350348893
567.5466100382512
851.7055331506253
2076.284763762893
1723.814638770826
1349.1798668935676
1258.0992294533123
1532.6422987248684
1758.2482896015206
1106.7444620098831
710.096074437573
527.2216144295131
384.93081082415415
367.8838337764731
348.01058540541345
237.7352873231524
92.73619274181948
91.01218542386384
32.94527174154033
-0.06177286137541772
-1.2200218151318285
-23.90504644738223
-2.0420263091616713
-156.55655952671464
-148.58419644503172
-376.92170709138134
-277.824770268782
-557.1663391753289
-713.0267456531515
-931.4749047414366
-1491.3555954394815
-1319.3809311726934
-1828.4450560342843
-269.04698673761243
1093.322210833977
297.0615108544551
-0.9654776590051681
-24.51186295393371
-235.669857062356
-737.0219776265815
-1603.652259014803
-1333.113167681772
-49.31383212048931
57.75676106948268
-477.72753340199756
-1151.0214542118315
-947.1227573107349
-0.49884769328537704
218.25764063528715
94.80420276627498
8.788040407007395
-210.50433184731187
-441.53739538080293
-774.1672646429593
-1375.9295729473795
-1488.0099931926152
-32.17129267099454
14.254526591375917
-79.67335478213883
-968.3154455544629
-1741.6875413142127
952.8421342776885
3681.9016625746217
63.116364448291755
84.5967496197621
-57.702260674493246
1334.7088862500723
187.62624699290572
-546.374778577707
-161.56019148109573
18.386591927208322
286.41565850381073
8.207730098772725
-372.32447253360374
306.75796519704335
219.16847668113886
696.6181736721194
150.62188099616552
314.90542053415766
418.5116321442682
1924.818449462237
489.9248378251823
-12.979745099143193
-797.2292543338114
-38.270426867722904
19.27922923306562
22.218049082532843
-13.601108798034113
-514.622772609386
-2191.130200722372
-2898.279667831368
-408.8346288256739
3368.032779839454
399.94719658917154
583.784402848386
493.3210060234014
456.4990714922003
2268.4540354970604
2466.875683476041
1425.8251565842606
1270.1084372255368
1094.2630194941044
735.4335475872551
456.58320973984587
338.7300883403931
116.3028246495166
80.0988079521763
-0.698770441522748
-13.098478977185493
81.37882176489981
160.21484837952374
-138.37029281173773
837.3970285694396
5131.774746539108
2323.370082198095
985.0529139595529
95.55384485228083
77.79058851403262
59.27428218906921
247.44014705356128
68.50043664495412
-12.428991330833515
-1259.0859145143077
-628.0794153841393
-358.8265221916531
-761.4509105229278
-850.2077418928623
-656.1912478760869
-305.6742567088837
-1017.8227771093957
-1310.4594327485995
-1586.8030108955681
-2184.682943292125
-742.6951437949824
15.64901142443846
750.5811669027556
2131.192059850835
1037.7451689443928
1288.7686533712586
625.461781227091
454.5045702701396
389.798418507164
119.87545108381921
160.99162323697158
362.59924040125145
576.3779598568617
373.78505825389044
137.9181569708886
30.719437895372764
73.59252099912798
-4.501421189552762
-40.17813929564637
-43.46563811176022
-117.31051731211257
-373.7331458156247
-540.7680464846845
-4.971251940939005
-389.3273860351402
-203.77027762992722
-690.599765512441
-1690.0026211075633
-1798.5733134301572
-432.70928351595
0.9200948187265598
-5.908588102761722
-5.41500333413179
-62.339733795843074
-53.56305018074215
-9.873230214323215
-46.99171600229242
-200.93807201060937
-306.5777421574967
-424.4978185015153
-596.0354936731305
-1242.1030816608836
-1422.2131605571067
-1448.5795638329428
-523.2925388654794
2400.6150860028138
1359.6614075604568
252.3228394831822
985.0267002370936
2715.6529425927815
1643.0632878385659
1164.582623071881
703.2176904724008
218.89069838503073
102.70868027118414
384.0278537814654
345.42451432715194
-0.8211113230009716
-272.3411864553348
-394.33960965881903
-108.82535733733499
-477.14619987194305
-1762.7140650457359
-3337.7015280773317
-7724.829315846074
-1622.858393529825
-519.5745822543583
207.58175198454774
604.5350833397965
1308.5028372150618
963.2397213425603
473.00612019175446
307.2780132281816
484.39426933729595
442.935771231672
-1.7300207561050716
-137.46470870916198
-63.050286230005455
-345.4360276049171
-2578.6108218680056
-892.5948059385352
515.6769436193537
908.3819274441792
470.17780395861905
217.469107808702
75.9657924047634
36.185240470495756
-8.573030191793134
-25.038066927631473
-317.8530903967704
-278.37120865498736
-459.48181758620916
-1060.1051544570423
-1586.6080841167063
-1228.6065887088566
-1727.1530414397298
-1378.1349421300674
-1625.7240489286878
-1935.8788748771128
-2926.2405108177118
-1961.9482509348982
1106.4823997556575
607.1268626043425
488.1299011712115
895.5474305821995
303.1184100201219
251.4755327011655
390.3368534892351
1800.988379287359
440.00339843465974
96.35861889602653
2.7263781456186824
-232.5500020804151
-311.1359079752729
29.119097788692034
-137.23785228520396
2791.784595460732
548.8113435109328
-31.137458150368865
83.53088377204588
583.858347122297
11.862526864883492
-1.57878576471508
-137.88351660731692
-185.34084757996166
-372.1310210591839
-60.95632736572917
-0.9954629616133654
585.7982719683048
615.6905861928575
155.7080756315272
258.65529113863886
204.5927381032867
-16.3644521502109
-228.35783549540992
-228.4575139213299
62.52067989411985
281.4987823597826
95.04009006725208
36.35378626313411
0.5960587178792134
-1002.45671086929
-777.054825873308
-203.2183393554113
0.00010000042008172748
281.85660683570075
5.658521815536298
-86.18943828876766
10.85439710145753
1076.5237247573218
281.13058967340396
4.340016819933523
-381.5903074620542
-231.21190303846018
1846.537242687831
377.05752810128
37.172176708335684
-95.65624820420129
21.291066502097536
-42.35452701489234
-115.91699732186599
-730.1435950490879
943.7459998818363
406.5841618022355
939.7655436271135
690.5952787753631
1208.93072391704
280.76563161391175
54.08025123888015
439.6003398507337
1418.3765206501355
2940.641086859151
744.1759787182634
541.5149513863668
-34.43797173280328
-268.3293828580461
138.17023944005254
1834.0529227920945
3630.997776566741
23426.41071670887
-98531.57
3744.6726157919084
2158.707430531331
917.5449917512362
1142.4860548869904
1041.8925059388453
791.3013471197445
634.4228224097484
358.5477305834973
46.639828307788875
-56.105759372611615
-703.9152163164101
-447.36418306779086
-552.4203603956123
-984.5941148449205
-1506.149427297808
-27.786148937670873
-7.536172029290592
-217.7877426697267
-57.28369321529294
-60.88180959353407
-81.51769290707963
-333.2251333996498
-1206.1513792206345
-2665.296057862917
-5104.815771410698
-3166.600119746279
-12.986319194211347
87.80551198251776
31.20811033049592
149.11477020473953
36.268190214095114
-0.7799285348643494
-227.22470105175688
-954.4289747504839
-188.00968436014136
-188.99930691253525
-716.2390163461099
-1035.4864340266338
-529.7655413257464
35.79162235054055
497.02527052526307
2362.8010562734444
2574.661053117882
2273.19876817571
2566.254369301143
2118.692155462369
1746.382963436216
848.608043127241
794.4264091335317
561.348990851371
382.23256607073125
132.49142423789056
23.617683350606743
11.0868951667072
15.785215872455746
-2.6476580066638142
-55.51319631271372
-61.419275345032986
-147.6162824381688
-161.75789195168034
-305.4724540653584
-714.4232365923526
-949.7097797522661
-2172.6052153493847
-2401.1063906000645
14.011552901639206
1441.6305574552075
1773.5088150505353
1450.4773817860566
1169.849182594871
1643.0271176197552
1570.9772163474568
1968.061840318042
1501.3976397208244
1146.2758880617075
481.9033736897675
148.17198766197228
42.98796556166473
216.9239701653159
189.96351529779062
99.73568254152404
45.89844686011743
8.351501536733892
33.06767164849019
7.3886923703867415
-1.027765888072211
-1.7821905093559427
-71.99130540789389
-17.530191679693203
-186.34248177914517
4290.702585103605
22996.86644556295
33737.94802341613
44220.23588231894
67780.8312753498
88445.84948914273
118423.16018607805
124115.61406282384
150289.74927348064
170084.6793918008
206369.328437534
210022.97146704112
234896.2925181955
284137.5512815099
324221.7952190483
349791.3783620434
371450.0655159323
424206.3554952528
491938.0663311849
586582.8263550214
745762.4457846461
723177.9539963722
676967.0188725393
655155.2839563424
659264.8712594772
644229.1564317358
684265.1977524544
702214.3778569296
635641.404361065
713840.9819699136
716627.0541535296
805802.2503948357
891726.4640898159
1227147.4346758092
1274892.6570438116
1153106.3513867226
1181444.080449081
1543521.8130740726
1714115.8235725863
2091132.1841553356
-2094533.42
-1543916.1700000002
-1272049.1600000004
-1211904.76
-1344289.4
-1181706.54
-1050744.61
-999657.4200000002
-959030.0599999999
-1096668.9200000002
-861837.6700000002
-896934.5499999996
-806915.96
-957704.9900000001
-1034409.93
-1158324.66
-923932.0399999999
-940030.27
-673786.94
-603362.6200000001
-429900.37
-346640.91000000003
-278767.67000000004
-264404.83
-198311.23999999996
-253715.52
-188611.15000000002
-108892.44000000003
-97345.77
-85017.45999999999
-88564.58
-117936.26
-129655.82
-111678.93
-79025.65000000001
-75397.92
-85189.0
-60057.67999999999
-26526.190000000002
-16160.2
0
0
0
0
0
0
0
0
0
0
0
0
0
0
0
0
0
0
0
0
0
0
0
0
0
0
0
0
0
0
0
0
0
0
0
0
0
0
0
0
0
0
0
0
0
0
0
0
0
0
0
0
0
0
0
0
0
0
0
0
0
0
0
0
0
0
0
0
