9349.819999999996
4372.008815579995
3237.4959424473636
3199.4337722120617
1960.0942259804049
2165.7757717155364
1541.228760686206
1455.088881094608
845.1131510606525
1103.3734554587886
1000.6235480959481
946.9598114358969
914.9210140764475
512.3832463532069
818.5099308041692
1147.2360845599344
957.8276693392318
1120.358076816346
507.21582618089593
411.3100029719005
664.9323389998942
253.82203764539284
416.61410598381116
250.5271755922377
376.80594128735663
318.59919174453717
295.4943425230713
218.41473559989552
148.35984675342746
213.87552084816048
220.68354142062446
94.53048655598272
235.74775431183093
186.92299164308517
171.92750907238712
189.17904054065468
215.4042032436549
104.34447741961876
222.78960453158595
141.25113650592112
139.87428076179708
31.373421429334137
107.02689395309017
82.32142927523881
228.5992107314007
176.54872245388526
22.689407625472995
84.600874662396
2.29686363833066
21.3755969859688
-9.035581409246342
-81.0152913409668
-154.02957467072287
-109.64094534912425
-161.6853377081417
-398.48357010817324
-199.45729830395345
-359.0542741406248
-364.61529281007597
-398.54076186146784
-694.8280093336755
-422.89586056827545
-318.86371833369066
-417.830042326025
-171.21625691751774
-235.29399408169067
-52.37610361163916
-95.776687169975
-134.8689117894098
-76.13639247330522
-140.5356220679556
-116.37657845418416
-48.59778722337718
-306.1465721229772
-125.81056915555392
-264.0016362285433
-239.09851931211725
-183.56497246642735
-345.92402135802433
-256.59334819430234
-473.2047890285537
-351.39531001984614
-187.33606988315867
-362.08708062585185
-212.203086100826
-154.3189394635092
91.8620405278748
50.32731926563936
75.06129457236742
302.89200621581205
1995.944050800384
1215.9305960752047
803.511434536179
454.4696066659962
115.43522681526974
52.42621007254586
25.740050595801357
4.567383046249717
-9.970282512854492
-95.38097371749144
-92.65935388096347
-223.3113906680224
-409.1784666539787
-842.4056144543388
-393.26408187787
-428.95322337946965
-648.8780792086603
-1082.0723905385382
-1254.2231560954497
-581.5122909369566
-25.640869142949608
415.37839853608926
1573.7676161100094
899.577383981652
57.98111729158109
-27.628275711507683
-28.20823013128127
-75.9153446433379
536.6215075230156
2934.647218867722
426.92036754712393
734.623602844524
1444.672178357573
558.2814206557588
93.1746165517604
75.6124721215634
-2.846828293281575
49.577775561549416
160.3191260004162
-1.659005726093227
-33.34210975430056
-475.30577316758604
-157.40180403695166
-593.8175050036391
190.24329899685722
146.17280155201757
-0.01516861916566167
-781.7002132269595
-2740.586767828008
-1375.9241950008854
-533.6552547027986
-573.1305377043271
-1204.849832671244
-2553.8198677992127
-5827.174944650354
-9856.548792384452
-7611.082594787651
-104.1360866783302
-5.678461696026202
505.2649824897643
1081.270203361672
1314.0260578738548
1456.697268773594
1193.6595239992794
1588.1052881919381
1394.8527808380156
1298.8108777697262
1330.424411347023
1179.0628573159404
1039.5841334929219
894.9097969566396
803.4291788964131
371.76892535234305
626.1659042600176
452.75829950389834
616.3129942632435
336.37358467540236
571.6275058511126
333.5736808492154
230.68899981512774
290.8977946371071
108.39679399425518
282.07818294750336
171.12401947618633
111.05157262171315
130.31294226511199
105.71272677943568
71.45296029850587
65.34289368405094
37.894091990246494
66.87287004469081
27.421866181443676
20.764424518068665
20.67368642374338
-21.15470225042923
25.87742116215601
-2.0162797363520344
-2.7127964584328783
-0.36850726110389426
-4.357684683695755
-24.299858901341302
0.5713478887456918
-22.65190512545246
-10.253677847659262
-13.98783205811887
-61.19643448790401
-75.62788007053697
-43.92965871138484
-85.22197863325954
-113.04201287416396
-57.23768160856706
-124.37081524992419
-47.596749857972455
-95.88681632092405
-111.33216699670679
-230.15206649349602
-161.21181555573236
-201.28908393689727
-329.88932578785546
-219.53633521120778
-354.12222758050575
-527.3717919181032
-54.71363304249634
-11.342001250439367
-583.2748008938314
-6.815534335961186
268.3051582024176
2584.5262526856413
4611.886125246267
3424.1602033115296
4886.894294970558
1355.453106194061
2017.4356150487417
2849.0116577461613
1251.999195106393
3744.71911492018
2430.836843851602
9237.906530575687
5746.670210869001
3879.0846472102085
3200.3134940562786
4234.1343055434545
3437.4589770901785
3923.1946460673416
3315.5299600015933
583.2237971298191
1858.8494124365545
2321.5204714459474
2893.3303301300202
216.64970840431596
1043.4301938800695
86.01455022685171
159.63170186294272
-746.9547110583103
53.98114385710706
4189.0928525817835
15702.682952155088
15921.965415354225
10489.29258599049
21432.39878548444
17754.273414321295
56419.776028600914
-414942.67
0
0
-286.01150814764003
-734.0271451847307
-452.1510642321574
-710.6336985711675
-1284.6380272074484
-1788.4263824113636
-2285.8267222682593
-868.5818685812768
-987.6382107131742
-622.101378643629
65.6537888579973
639.0074702740607
908.6418105387719
1014.5129723336158
689.9735475391284
1070.1361983507836
836.095915681929
484.69261793350404
483.6292508627397
560.5512066426077
140.29290765566302
398.03315735081907
178.5956785745005
124.59675669712169
72.49749722039343
149.3383918777505
12.868421186430847
8.75773015051028
-1.1062335367581302
-0.3200106433563772
-47.84951422165953
-15.939249459467602
-28.44675504926618
-156.43417347993645
-54.232884592711926
-242.5870104087873
-369.6690052590499
-709.923270362174
-385.3863913080087
-761.0086128930112
-711.793214757573
-76.60629800159128
31.934075947542212
131.91069399405978
234.03200897210806
1067.9689416014967
2204.4678541874446
987.7018343652471
864.4924629582317
1073.9482400759698
643.1180121931385
451.2841571682152
157.2044046285251
40.50956722627148
-0.006190657531895913
-55.74950071960777
-105.17640923228913
-60.093705034147455
-111.42302121956223
-242.15364253081754
-360.9418994319743
-687.7892706259961
-865.7186217329682
-1227.8335813492088
-1303.8019946390586
-1483.983544116321
-1049.3605053978463
-137.65368580128597
152.4457044488799
470.681452580262
1887.935342838172
1896.6373685415504
381.4833712110185
0.4242270071414625
-1.0014311933372606
31.431483559292264
216.55990268526057
-2.521214231289415
-153.56085297677993
-99.04994617500786
-276.82665257617845
-795.7900135156646
-959.858677914474
181.73236335954087
6.0162181614346535
-25.907469099973465
-180.78592272818696
-179.43841941360265
-649.7623684555188
-373.10741688561393
-94.08860907952626
-260.56601765225514
-208.88397339041177
-239.57054129232685
-656.6874349104071
-82.27461158557037
1525.5119221921389
3661.665206807562
5097.84912516043
3485.5829097428286
2971.5247929932884
2033.979924268841
1344.3301236878065
1328.2545451768094
1002.7654354618647
991.9690493036605
874.8481073937146
587.6545791877311
494.93531915555434
457.65811811737456
360.1031992739113
362.5992184010866
255.50027017313838
254.36807192601557
428.6573545774407
193.99664972991806
104.27367925781962
39.14568954207663
37.06560825197293
11.039295226982398
-0.33375447703092426
-30.843197807753253
-280.1375113377835
-328.99606247903773
-194.24798119289744
-1355.9400023452506
-2669.4931811696797
-3166.624816816009
-4520.986487430407
-2823.067501512147
-1300.31457518066
-229.3452137579422
-23.658968937878917
-24.386205300966722
21.341400282636613
-0.014737028688387919
-0.00886357456281112
-2.1756966047724275
-0.04729856960792718
5.61161724786764
38.11284007136959
6.545549586341109
36.199288095292815
72.1540102745411
37.71961033778553
107.53674479378606
38.14654608738193
24.447608447798288
93.09084746364624
50.02533819208559
44.199174849204006
46.17540935923273
35.22038642521204
47.92020048107648
101.02061315284249
105.84945677128346
40.31467557559504
19.840665932826827
54.45901786096668
43.14224357073154
20.549325211422477
51.535252233382316
7.16915638721275
58.65708827711536
5.349614900325432
33.44119853131188
8.178476399312611
2.553073010057905
-18.862409598396663
-3.5261093344807315
2.120038648559577
2.3549108644866124
1.1852871688763074
-1.0318547520727723
0.09105146346755098
-11.8215175404618
-9.999366990329465
-3.4599977235328456
-2.5822688800669407
-60.152981576316996
-28.497830159574356
-36.06646767870978
-26.253028781585883
-32.887723806518814
-32.16760538670909
-211.55568126459926
-245.6598056590791
-155.95867107459503
-120.40351870946809
-138.76255198647976
-61.26089118315083
-67.71534836983231
-76.283908414824
-70.06468996888003
-155.14694331683125
-165.75606021907728
-112.33397170162164
-162.4201860070782
-96.65000739253642
-96.46418793283904
-23.65542982000753
-74.21935325631298
-118.61704653876576
-41.88619836673878
-204.74944179105805
-188.03456678906355
-186.92342822499637
-184.21944040491638
-122.69147643859176
-153.8958301722382
-285.56957489038336
-143.56069082566054
-126.34612905288725
-312.48788318679374
-205.06412568984894
-278.72095938288373
-358.09898927126625
-244.9932401997012
-224.82430943193063
-382.1925545908683
-450.621280275568
-499.95179914000767
-297.66483131197305
-376.62114937667445
-124.32381597588633
1.788066586020127
999.7394518930498
1911.9914011636652
2542.810521227262
829.3963470037824
1289.1412437750273
236.7449446779226
308.4399969471279
82.14163078658164
847.4147791582895
1574.473536771207
943.6864250550085
152.47746050181294
16.52759527524411
15.687623684432037
49.358590291749664
0.49374269554964806
-48.413798776266376
-61.22307644407124
-86.66727296569374
-152.84093529641927
-222.62741165841328
-75.77098819930632
60.57849655986229
67.4234872587635
-6.43605826372492
1.0252932000835795
-29.5382901334959
-213.3605004560887
-285.7848780689792
-885.7581091323528
-691.4367430936926
-640.1904020426657
-872.093087509758
-2195.2579353056203
-1264.5939591841047
-399.73641694570506
-29.320216295347528
-213.66243357172021
-609.484807360223
230.4999826335756
387.79403440826655
676.6272423014295
440.66329782511417
592.5668628285301
268.78149371028104
191.28885846586073
152.34125621917906
103.15440463718217
41.427057075879866
1.37017756205505
13.206745637357939
-0.4251260647853067
-42.70247957374242
43.813235249063204
93.29797640050062
155.1277814243124
35.157058808117775
31.246223401574547
39.27747070569198
57.74391389293705
0.8218888895866845
-6.350671076201355
-50.44153038959718
-21.76347570724767
-75.59850302625343
-154.1811065701292
-112.84446957802963
-75.19028217175075
-116.52393129390232
17.279284732983086
1000.6780113819211
2700.84357091115
1100.59768266639
547.8072107224992
301.8499862594493
673.1931042047164
247.14198943372418
19.47684255519666
6.225257378257817
41.20197293987205
-0.03497545852331891
-1001.9342114507159
181.41032556592495
146.1485885464019
35.10639217396222
-1.0043652668313723
1.6378660569972803
-86.40949698489922
-135.04547461491134
-256.62648556335085
-603.4941988536817
-731.4004946311319
-6.461155328671512
19.045053330819194
125.43288988520035
198.35842039283438
103.12359439796725
50.365594344087455
0.9567585647679483
0.058692400218993815
-32.546437942818336
-106.19705197225643
-229.44772510027025
-289.9172344650379
-241.03736607602025
221.4808803269552
851.0055183132934
151.12215821759258
-155.93906009076935
-187.59726556659837
-6.165666754361855
-232.86199257446103
-1765.3882074761734
-901.0714104378792
-0.400383817917255
103.96898398153256
156.9402532217714
176.22428792462767
227.4769530226267
204.74590968281657
168.8924763788293
199.5481482051123
163.96028478833486
134.87409962935217
152.58707895413065
145.81589216909927
152.18578048823755
43.555712128035964
17.729559749085958
6.915400585777365
-51.486401541816356
-8.653295676594961
-187.94787441221655
-297.5176919222095
-779.8210749261567
110.67471215405774
267.65754894082744
96.08986806138307
579.0868121756968
83.55128141156555
-39.42472174940694
247.8067328243702
206.45200090233072
263.5003406164935
207.08423258795798
137.4624948788297
90.67485514058038
35.30390922483013
0.47058846105801355
-19.023653954211483
-57.94629166487421
-6.018531779290896
26.167277744815394
0.00653912971273928
-15.562643920251574
-77.5471531924488
-62.840088865929914
-254.0120735305699
-412.517792473951
-425.3459271230781
-931.9307258494306
-847.3696627393884
-606.3020308786446
-760.6349012498376
-1022.9231021952745
-870.3355612956246
-1384.294695399457
-1522.3978812098067
-1744.8038775769073
-741.1677552814842
-378.52596923187195
-59.59591016167212
1791.051089049921
3160.4674899891816
2311.293293910672
758.1318551658762
140.01866615470868
-8.567257904383627
-108.62744100264521
-69.6530953292903
-177.32644290304776
-323.86677384823304
234.69596667626905
462.89159867579514
56.00350842150104
-80.69925294974905
-328.0361545139962
-970.1895406140906
-491.58448683173594
0.8024693367726613
355.3812700938314
1386.189744037338
1679.82789620741
1204.6171879455146
615.643638555406
593.2097161455958
1024.8928901869108
253.62871931448302
0.3623346838270428
-50.71716145399756
-67.31046716686674
-205.94185761428878
-1034.3821086725018
-393.2799408110641
-414.35304660851426
1.0869063510240622
-57.721656951343505
28.654194062677796
2653.327755129946
2232.170350886473
838.0346634874841
1395.9787602345993
1582.7303762655524
166.57471804431995
2.252352375742472
-77.65821905702134
-488.8095607491233
-1526.5974059397101
-1134.4795626517052
-766.1054909780489
-1252.3763788351453
-2577.8166045160933
-5278.303352845956
-1171.8374439981117
155.97611209882868
112.13278264543659
79.18461339923203
5.664412248969368
-434.3122174394284
-55.92078566387126
-55.454876157142024
-127.68140477790897
-12.311563675367378
-34.58954792048181
-104.0031757894497
-350.77126063272976
13.786545547274065
938.1271802327672
1419.19554690064
1448.6961837926165
1149.725878812095
969.4589391726813
588.0821280882011
349.5014623547512
401.55722886856364
280.1601954536243
103.3277086724888
51.86441907307618
29.682467815259933
12.13358499287424
11.40396864370383
18.42405811788663
-111.26769757867872
-173.15359306378406
-215.99827595576608
-245.035503063144
-194.37968907772657
-476.7888196399741
-259.16293020462416
-566.7675862056907
-439.9809929139156
-850.358379271956
-1141.0785688208352
-1285.3843464071792
-1662.7836264215343
-1763.3414139693834
-1565.3895535326337
-900.2956465503885
-42.510879711955965
7379.992423651267
-18886.449999999997
0
1341.928358805532
584.0380965257286
847.4368773238868
821.8710397372503
833.3613202514124
392.4821655459617
296.32047512943666
445.30006979672766
400.32998737423986
632.4644932831102
1099.3720820255817
1749.4666116032276
752.9885886443935
254.03115814793603
94.49310422383859
-37.77327536967829
-221.28414716889984
-1103.456525218916
-2157.0279493807043
-1078.9093778849922
-751.4638379020256
-1181.9453060966898
-189.39021207970313
7.496456612723331
55.7271677156636
82.03585856084784
34.75679874528322
104.39622239436721
87.85442360857031
194.3756516253653
391.4102622337072
288.18464597073967
364.09928535105524
405.6971139172765
271.222302314092
511.14059002345255
197.44335134515302
274.8862393481772
159.61957404996954
147.1481867699982
70.30986460967887
118.97701504848101
127.72329463881849
50.484305111565064
24.466165910440026
45.04278880795348
35.37281401766858
212.39830515585516
48.93573189193334
1.2749538800608051
12.96501543331042
72.22519403683535
2.2899975656661846
127.36463380187097
16.5048528245116
1.4779013413065831
-0.36088608221407936
-1.3795950774020747
42.800092964952576
1.5993363188650054
1.6250084682995394
-3.4811615594567953
-1.3675468450181198
-9.957168367376125
3.9332076665710733
-48.94671722851422
-0.1984842939775958
-0.9500757592022449
-2.668520113060921
-13.622180848360072
-42.195125000000026
-30.85092120972124
-5.345171380090452
-36.547767887779436
-10.859783089846697
-26.030486682414505
-14.182795996038289
-38.75726646373707
-54.71926318416536
-121.41459571842258
-101.74408387519496
-164.49703612128366
-56.61191836491246
-121.36643449865775
-239.5069534217148
-93.71424488856104
-74.90385375988778
-94.67467457511025
-10.467872612065582
-62.74583358728873
-1.0837966770128828
-37.76548666803016
-18.26667621876557
-39.14727331753902
54.556544789967056
116.82594536091071
84.70453830056096
138.20379241043764
83.86705526642076
173.82184903379022
141.62339160578645
118.04317921283845
109.94182473391612
72.8724617756194
28.021501119075836
61.369871770305586
49.5979642418293
73.61982423593597
68.48221512001197
12.269231578525819
75.04989789813348
49.44750901509289
36.649953907360626
41.00573179430149
10.908839627469012
13.78187485041581
0.47652627387114377
3.2655005639275902
12.462777853722983
-1.9081187805519466
5.218533742123865
-1.7566739534902105
-8.674465666847624
1.1824602597005158
0.026442685326250492
1.752519717346666
-8.837706637119322
-8.132565222847278
-10.239093202510043
12.374296890460265
-11.07483005876566
1.3438984200089632
-5.464828695635675
-9.460838684293472
-3.8655039236413438
5.127868333415607
-0.15930415967131184
0.5440708451845773
1.2019218665828233
-7.11013172516381
-0.0004282597380615568
-1.7521647634391955
-0.6186454523466678
1.452433597491933
-0.11749075051921178
-3.447649729588503
-3.3942696881468453
8.276463846718359
2.2762401016208456
-20.60435319617231
-1.5657864992113484
-12.140148966740647
-4.483726100934639
0.2172786903086966
-21.09709966490429
-16.165238122589287
7.068559592613953
-21.10949995603872
-17.696106881853044
-68.76845222640603
-71.22178290720748
-53.49505222184409
-98.26036000524273
-34.33786597356366
-1.1619745934031265
23.836006871659194
20.792196288165922
70.01808857482207
181.76331169751836
186.26840247002815
38.898312838587145
133.61496351031894
41.37046591888518
44.77965902432955
21.487889728319864
-12.25085881640221
-1.7458909293729414
-3.4633873173442415
-28.675684645883265
-59.783938961826905
-19.510825374710482
-60.162916588162815
-92.12102613302874
-64.61864511518402
-331.2195337680575
-344.37544992690005
-608.3918417756744
-582.1109730766168
-579.2226668486205
-504.14210130591727
-695.1758838926644
-417.02911996894096
-126.70524229408265
-16.143087765193936
-3.5255056425829987
12.003628561606122
-5.399944272437296
-164.1529718608342
-217.4031833336706
-166.61689317931103
-242.33506962429496
-226.51194080791728
-1096.4757046987036
-2164.7940458262683
-2409.1853470076976
-1958.0373637285584
-1500.5006221147728
-2254.4309715909712
-2187.132957360138
-1985.9297734335682
-2424.178006013111
419.7698255905625
2103.6005659896678
180.30160167183612
172.9809419379757
952.1472935276761
3929.988120213492
4331.824680352125
3237.672124415001
1124.7744180291452
2548.461128086294
2930.7363580261217
1383.7563713668028
835.7937085584554
324.09361295110637
68.90160576297453
-124.76416099121306
-56.62640610986362
-632.2878939072748
-601.2289349095305
-3130.4511255211955
-2576.2674155464224
10086.761056042496
5031.165733012878
2755.7683161310247
1878.6407418676076
1204.2971888887323
340.14544646702035
79.4241961265306
-73.66735808891313
-79.99774027488384
-800.8015899623031
-643.5903820949513
-1054.8143540719877
-245.48986469787502
-1003.0947916795296
-1846.6362594474444
397.14046180171545
1414.963873110054
579.6321202312752
60.724366511784936
-42.31005359581155
-545.9501918100685
-1293.3673886957486
-1150.957678105654
-3957.8307563352682
-3600.771465624137
170.31948461408982
2289.102143990055
2161.966867800919
1338.5989348792455
2164.654110269993
1573.0344485565615
616.2436722348455
377.94533666824896
-9.143605015278581
-568.7536140206254
-408.45888379270707
-610.5085256481564
-1685.2220287544567
-887.7967023250617
-276.7068109536234
-429.4977941041353
-472.422897040946
35.32483309644353
-33.363265473966614
-245.5477418036478
-687.053596828256
-908.3502665259555
-2270.071073484055
-5055.5091368431895
-1970.1779466157077
-1136.5498659960408
-290.9170003085551
58.957172534123075
3.713858724992778
0.2900042730065686
-85.67367368646367
-261.6408388011728
-52.92118666496398
183.58343605786197
437.14668380347484
440.34666103975263
219.82330121622607
326.9607705192127
870.289636531367
1178.5962091643678
1512.7191621362351
969.3821760271471
722.0723730167045
212.42753744481288
145.5653542191457
48.58558424049203
60.164766658333384
138.80616029712746
302.801341012468
544.4959634976613
1265.2505812330505
963.0769819689174
779.3013831515492
373.8939426557711
298.1377699087709
109.25656254339671
119.74105766654651
50.57873534011621
44.24376554260299
39.872679872388716
-5.373555760718142
-22.59754619828235
-1.7139540664167567
-112.59735913046882
-171.7440438495628
-246.6449879887792
-183.50527838691684
-211.2115732170756
-482.88996688307145
-654.7758862654039
-831.1374955609673
-640.8488040636112
-1332.3645624343653
-1637.122297705969
-1118.9557092181062
-163.44698680124392
-432.04385109877956
-640.5634394006008
-778.6330683309787
-109.70653648529691
-97.85104034872008
-12.110601204570628
162.92421498402194
2923.6069609238584
1091.1135644938506
411.29038505595224
364.42565261677936
638.5316975925741
77.25532098236235
-17.472324884950105
-187.13835863495106
-749.2391054124762
-409.090288510397
203.11639403801874
11.99914183949928
-1.6996684669858906
-107.0838943571107
-47.297698977009176
155.87660173770786
169.6299900276635
1210.3577671267565
23.17857954664206
16.530951245580376
114.21219551414353
-0.22151168847067007
-392.9441922774844
-2.875667699992408
0.8663834366741439
-42.0622944910672
7.6988864498835845
-68.92497489664567
3374.6956841268575
5848.60885816417
5194.218373858685
2931.1080272213867
1596.251916323853
2441.41759675507
1905.9493299216397
1193.9658231089393
775.9996465200668
404.987656478486
174.1921873610125
30.18321403428035
-56.94569880919083
-341.69866023506864
-56.91535181740453
0.26536458913779226
74.90010468182892
40.66184927368428
2.4706967682560905
-339.2210240542804
-130.33771041864492
0.3203582610737945
89.4372603349157
-2.7622195904401403
-37.76563306203494
-76.1701686137716
-357.9834877346735
-1120.9238111993373
-3540.3617062518197
-3793.8441843384953
-4214.381917175875
-2620.8088510587577
-943.0685174554542
-1326.5454394390863
-916.576773021022
-2.225966790642353
57.84128789654167
21.653339774659983
5.867292524226954
-4.51985543984995
22.147223572578575
6.014612267632105
56.092126288392706
366.0497556961834
1487.9490714755104
479.7556854138403
117.27245121918574
21.488134701345615
138.37951524046926
252.58246051136933
97.61494592334185
-22.151777227500354
-276.3845586715715
-301.8094098380469
-374.5992717841747
-1150.9491108839702
-142.65142953185733
-0.06366551861655002
3.8629646826948116
-12.493051144831519
-3.8496185248126635
-20.919596087464974
-452.20917184632174
-142.41873300350503
-221.5488743812835
-390.44886752228433
-707.8192335300786
-1135.4820462588418
-1080.8570815299422
-3.6327293303211277
257.41180380631397
237.21838489516205
143.74161579161026
75.9276379791833
146.4390309320073
39.31967618248278
50.14080817071364
33.258965124400504
83.70506016020649
39.22817222331475
2.4063181892515617
46.86166822952998
0.0034452815362306884
11.921443998059287
-2.976964659591355
0.03747675716750181
0.1185654368636179
-1.7369152001255435
34.580645056579534
342.7142027577379
1565.6868648209443
650.4667615895821
199.16716602088798
38.49065155645089
1.7271320667269616
-50.15229424524194
-6.141977605570885
46.70815824358322
1103.0636250878629
950.2434486557069
868.5602332603017
845.4076366899832
392.8100150615554
163.26561114758425
117.13385421199052
68.39713197171474
51.194477449543015
-33.11221728826616
-0.9753362627247173
0.20880722086417838
-173.8108012186987
-601.8107336004541
-378.7457552470255
-561.6285904163808
-622.1880027166679
-369.1173403515244
-66.84952438272799
-7.19532063461103
11.586549204156332
-0.6375636464882093
-18.55675933027517
-46.3593405481791
-106.19282363917118
-205.24066135142695
-72.17824921953776
61.13825511112782
801.4053034283262
816.8097310498599
138.60784797769327
89.59535277760128
19.496416606075883
-73.53986362388966
-290.51048543764625
-648.7087058125163
-1106.9140239522064
-2277.2590028379964
-2596.878585857098
-1895.412128326735
-406.4798353514561
158.21930512932826
203.4979383510756
97.95671844595617
46.1764459073288
9.694750309553733
43.565175141820596
721.1120205046466
865.980794054879
892.3506774580419
615.6015835374191
389.9560358690505
233.76922208668668
205.58459852901694
15.389757151185695
8.789233107766028
-17.014085766567895
-80.19120459869663
-84.36001125168617
-9.412041770097428
16.128770177958465
0.40033961509678745
-54.69054114007793
-326.70441994272267
-568.3840489647156
-907.5056871273587
-1121.7165716224958
-799.3086029294733
99.67596149467686
100.46128751984546
100.66479910917879
-1.0745620152069768
-415.07479928219425
2.170689516258751
15.730912256946688
-0.049125395773411525
-12.012361995191524
-88.42670011557462
-365.6135784785863
-456.10525217154816
-890.7482923924447
-902.4530514416514
294.2325456112264
109.85328791299342
27.08931029836024
4.952359408411485
1.3569436739848806
-17.92317505576131
-20.439116828373493
-56.63750279291442
-2.483195590950408
1.1315987783346284
626.3425931400819
2274.280988614237
904.3348815906401
60.2851950556411
265.7785667929918
0.6753173278905483
-142.59275568732275
-413.9094030413563
-130.58947465340967
-0.11599904906689416
0.9090700352775756
12.048748030384356
-5.795814126915761
200.47142312332306
385.6742475854775
-1.2310005098675934
-89.25972807688942
-438.997979189001
-1191.797131823405
-689.3839970618151
-1105.4455743429605
-1166.8446052439913
-2805.3108349074255
-4191.950885752782
-1000.2747144167785
-900.5862666524364
-2622.5200683588873
-2247.1144960665565
-4.189797285869869
185.18389718969496
1067.9831234140752
2015.126668283246
2421.345111434388
1970.0697887340816
1865.189077075792
1617.418342247415
1122.5621854530414
1045.0262258097666
1066.5254685720379
819.136483655261
1143.3578395703225
835.255090009163
423.89604334932255
556.6094559886893
356.97143644205727
149.42819902417165
438.0272771998313
118.22101427117931
205.2009477200877
253.9766751315427
164.61253178906577
160.35066935771755
178.47917298786595
261.3649387524192
100.63981228721698
191.33637987180023
109.88348733681231
25.939620334458876
114.17585547753639
18.251480714879957
42.46914912806511
25.463178614404033
72.62605424863222
26.6522257487893
30.18342239751652
12.513011370501685
23.339504653407314
5.90538823316791
23.895400053545462
5.728516289013081
1.409759832047502
4.029444593456467
43.10880907614777
30.630716887403644
10.994227829451692
17.988317962715016
10.554501884902841
12.816406402564521
-2.3381237099964265
-72.88236771300423
-78.90735134145773
-346.84042504239824
-416.05615109516214
-871.55294144609
-691.1347786905542
-1000.1801870798946
-1285.9567139063258
-1249.0307249843077
-1649.7580864046881
-1212.2121095711682
-8.65386868742751
143.88765789997154
221.25397065721432
42.73242862998972
176.5448536973634
95.07754851863801
143.6941913949355
39.89370421311213
41.622339813857025
46.417860605557806
49.715258373693196
38.823075916564825
21.485336857614005
39.48263968401076
96.97172923024917
47.772256751209554
13.571986885354333
20.913017264147232
6.998336325098018
0.021604945507063204
-0.0069868074690964755
18.959333277059404
3.0053501304224124
3.4360899042072495
-21.823445995046242
-9.05005260285413
-8.897926463944104
-63.30619358253824
-10.867902818754317
-76.55701488799507
-119.81301656809154
-176.42555153196008
-180.10337103056526
-247.82891443104202
-231.46756584262957
-459.5206590556062
-420.7583676799418
-313.3243781429551
-453.1966715617999
-770.370435342687
-737.2053977541483
-64.19336916719703
41.142693480436236
1282.4520120318207
1169.2732426024359
234.82441141128336
16.18900541685628
-111.6698620723329
-100.20389049392973
42.85483817298483
225.4438584715209
-96.22042468245094
-495.3378444915686
-1541.4000958032975
-1090.068936682334
-2310.893073267135
-1712.8345035823713
-493.97858111902076
-1473.2294942584717
1.013365796598182
532.2383158466222
1471.3359229063212
1142.8775772038143
1115.4256397532235
1007.2946939267928
913.3669921110902
747.1092152237271
708.7097198615207
731.5996523024342
503.52942060710205
377.2756943806868
537.8702500613581
464.06851479644183
318.6410813604628
414.9180302190956
433.8415937461542
573.7855501351728
173.60851230144576
280.81927754265183
155.91761802088848
104.59890241142598
48.55004479900473
121.6998009267023
30.640837742182462
89.96049469102473
17.50948527595915
3.17348719903071
3.09178657753142
-17.00128919007276
-2.752968045968874
-3.6269895594161543
0.027497529872041702
-2.291673090094445
-111.89559076927311
-54.954838975577125
-37.45924320359995
-221.85979819193864
-174.95327219050378
-277.79594615682635
-351.3158366661458
-262.27355010684613
-376.2278674492883
-392.67520996649165
-627.0876543086761
-565.9523499866569
-475.22739657015575
-920.6639951494268
-970.5404034921222
-920.6104040307549
-1219.0339335184105
-978.3844875831667
-789.9610412361098
-1205.8528395098817
-1840.9178983588445
-1185.2684972615941
-1971.3876183737016
-1666.8523284092225
-54.36195957451733
5154.450122788036
1210.7970832730712
1160.7189318099965
360.55242851975504
84.5091766138821
2266.3173522981856
672.6295673379313
276.5479030621344
-0.11008400537635255
-136.7441088502088
-272.01430762983864
-875.6940906802267
-2454.8448630162434
-808.7790002477121
-0.44199982461683535
-154.3858768746789
-1357.5938615832501
-315.1591072946849
2080.6865754672262
1425.2725335486882
433.5147918290189
444.24887726273573
2007.7212519721775
3489.150654736613
2614.948866820705
1959.2217996968589
1675.8286723043238
1315.916879553612
1362.8260118002063
675.7223461791964
762.9318149798698
521.601015701788
340.3350283829728
104.23753462630438
61.862715192906435
0.25166749061615645
-53.93383238182618
-8.828075767556978
-1.1230417871171299
0.018846136578837953
65.56312925009556
73.31632001956262
190.80979488144646
114.04594044400625
34.196764513416355
35.47774473530493
18.915242079176522
1.4781629383230515
-38.13843288283386
-89.92970029880384
-185.125267072444
-349.7179654092603
-415.62480229350376
-573.2157173421767
-1116.5508115184143
-1253.6718895427894
-2727.9716231151388
-1667.9822837889274
-2035.7076191641631
-1149.2652962013751
-29.138483910819538
-0.739245937616511
124.11506406595832
25.877600106858758
-48.092480138187675
-75.43206182095977
-567.0713004359823
-956.8006069439703
-32.377102558985555
6.87619571890761
3.8443662307926076
-39.32086565189091
-194.82218928617348
-314.7481369788945
-823.0799575832533
-881.4093333086407
-967.5728471204568
-1729.8096205666734
-1082.399743683126
-557.3490955690381
-87.86065414222567
-2.7929808485783747
-39.37443342970468
222.99050935362033
59.80710919248478
55.07592696365314
300.4398154615984
581.5149891033436
159.71203270643758
44.61230953085033
44.656649537084405
5.71381413528216
0.12948846236918735
-35.88996866311146
0.11904339071493136
372.30444988131165
660.1013475558357
1662.1120527403366
429.22188530163464
1852.5553722959107
2021.217644659423
720.0653309605093
88.00662441794138
-482.0756819396498
1.8750105164812325
-117.33547324905018
-1060.4792591113355
-27.72012126555333
1168.771446873814
323.96221702563753
11.307216601842907
-133.32871328644214
61.3718679229047
735.2096936876915
681.6120304185486
713.1883255498494
30.510893330426242
-412.86091704906545
-474.6052736139062
131.77159564703808
866.6917394156834
461.08876451334504
313.33271011587556
193.799527216623
9.567658558631795
1.3525543947733554
-16.884747398786043
-50.25469664663691
-212.6898689137949
-418.74507898716683
-429.54206907009444
-426.7495860049265
-103.8607267295432
-41.80279708165427
-31.90471030783497
27.606666866957184
-71.83524753731533
-361.6017501178953
-672.300988873933
-1194.067774874674
-479.65051463043267
-642.6492748596888
-390.63997444043537
-0.7404885248580877
1187.5237006796149
630.5186848728692
1222.1166672064169
1209.138923433708
706.5245717081663
219.72140443576058
24.66491248115959
-27.026828083041234
-102.23988928177052
-333.75105290191414
-907.2739188459436
-1704.032766401931
-1153.719767116581
-167.01888611666095
-265.0475320754715
-1151.564543879997
-2106.8548176278946
226.47130195381217
1115.856274905323
444.8171710676979
0.036037432704178966
206.2671386511197
223.27869904759623
162.0777871895513
-72.75869155659979
-259.1004891251948
-2362.5688553911905
-492.30661518351496
-1314.2289590688029
-402.6653943370624
-714.9128821288186
-560.495684351671
258.1337063163106
-131.6254797263729
-86.58439497058437
-3.120012885237392
-69.98981508480031
375.90153952777416
121.4980004785876
89.12529129778798
-111.75080412259797
-711.7736391385448
-7.810513119558412
1322.7975407937886
736.5452914580455
291.5985840168489
-112.53299452119167
-94.70038642323729
398.36631270679817
420.9697730404268
717.9888570413052
13.900606979709279
-56.42279797979276
171.1820849120699
-29.52187988655551
109.57478699911154
90.99407604194617
-34.25774904769391
138.36462577648308
442.43385199633514
-73.46211587323992
-192.5202186183015
-138.46668705700202
23.27901199585028
81.08622719221069
-30.40999144611403
-217.4839434739349
781.6246871205853
174.44381009441065
-35.965472385810024
-646.393374630006
-800.1351536734101
-357.4964511530568
-161.14749977550156
-585.2206925654955
-637.8205739943558
-576.4702671102472
-712.266029170363
-395.1046927725244
7.076487359997434
-398.13465489870134
52.909556455436096
-100.11688815622679
-290.41979533054064
-369.7572149017443
-99.99287254288237
-544.9549252865911
-29.073532633981568
-521.4873912065186
-3089.5670115278544
-1546.8028483541857
-19.433987048798805
454.72290192275943
3740.444745024939
4878.660576392898
2181.2953719720886
7092.914134345921
5427.107378585329
4762.67077660933
10984.310363367124
4132.19701695523
6895.497087721886
7176.829537092719
7086.755411854723
5862.052234831617
3992.0038732978037
6481.084135460496
7884.057250054943
5796.419053376893
6608.930217665047
9691.445590049858
6657.900306340302
6425.776069813231
11427.312834315264
6252.131324067968
13966.408275023277
18645.18712521665
14181.264572764387
25202.36278695427
34990.77260146696
95277.45823138065
-252839.08000000005
-179289.13999999998
5928.625817080741
3564.9293785077907
1937.974133899681
1947.066548222926
1701.4442579951017
3057.424101681345
1804.9037900616793
2135.4142888284455
2984.8063230773287
2536.657601496031
3199.3612617817157
2342.0847878533923
5426.877312744571
2105.130229879386
2144.655133518288
11482.746340427333
9352.949836853271
7401.737698890924
7390.327157368586
9328.457048734197
6714.271097409593
5166.487426488582
7543.52476857949
7720.750995536023
5078.992198343694
2965.5884636516976
8949.59880387555
28512.041703137304
33449.951961256935
24150.04008823506
27058.720848335684
44131.154015473316
-281249.76999999996
-263212.00999999995
-492.30347332636427
-611.5138757715583
-1971.684223107171
-4207.064169919466
-3507.5106528456263
-1640.8228794391912
1.3251312454508817
897.5776382941015
1245.4132403442723
1290.2575471676737
272.4192366759965
96.81187571762155
41.905772854756776
-36.95997942757745
-714.5837311806955
-896.1486141573512
-642.3473846903679
-119.39402989743914
-45.85130704191042
24.674757803625774
49.16245399923337
920.0698544542607
819.1111443425029
174.8279002745418
302.15008172187817
13.666499083540876
947.1150976540739
1026.3468656329032
23.851668822606992
472.4500264523148
1510.67144719634
259.61586653762015
38.435403480346864
3.0869668034568023
-491.0038856936076
-1513.6990002609855
-872.9839653521996
860.1222259780727
109.86416620165248
272.13824435585957
-273.33065582454674
161.14931057805347
-242.16220269231997
-624.8560882473747
-1115.673613779555
214.9426682229027
1686.3995773760191
570.3173410693564
-438.8588495324576
-1207.4094882017407
-485.90512966878333
-289.0757999371909
-525.2917495795476
-121.46619341581918
-23.386631815190878
586.3204106631762
1169.5642906610192
319.0268943627819
2213.854716764152
3546.318666173406
1563.112147334506
660.3558792225281
105.76114163308024
7.988609152872632
3.42022784644618
-134.5133790819883
-388.30888957072506
0.8178847408888841
307.14462218410506
-87.15127193969596
-131.61114638016588
-2526.187268579318
73.28793842461697
2678.528793600005
3747.785526087304
709.0776867493266
1478.0579243746695
1303.234165239168
7203.324612969019
3537.3751724774843
1775.4768775541893
619.1490952247071
410.7780576448953
529.4720899768483
2599.599662656036
2942.9342634279824
1314.660544725765
4091.1714386845965
6079.612452725351
-150024.28999999998
-2317.79
251.48593520875096
40.273433356432804
604.7333238206706
458.91661259480026
600.5467810312138
457.3312576594315
706.4177900811433
863.8293451350693
78.45475416179451
539.2434677621374
490.094458660799
266.82719270926304
228.15410688855877
225.26382200549452
177.6163549501068
148.85329669037307
258.8672877379348
246.01886543933676
23.325884772316268
0.6750242739214511
-0.8437832036570847
-24.928401727386046
-164.86095454861413
-196.88002941643063
-691.1693503560638
-598.2897785574128
-945.692899552264
-986.0815825648424
-839.3649253558015
-949.3912499916952
-422.1860431289465
53.16305485311103
1828.9008145242806
1635.8879502209395
498.64927713237273
341.20047749385645
624.5695922698286
784.4242796052138
364.68471599713837
2.91590925848662
26.024729131737203
150.94575208952676
120.32736478824656
16.002048565706193
-127.92571092660428
-860.452796181185
-856.7157370334191
-95.80156830377126
1768.5060568663043
1476.0269442033537
538.0017981616608
230.54238893252634
-3.665424246565365
-37.220704578481396
-756.1342762080882
-1.4869601831894304
-5.921544004817351
-173.387460987159
-8.15029769169362
587.961969198943
40.284824612167974
46.923487453421345
-145.08070506649446
-602.8863522264847
-1846.210237189193
-1225.461841167206
-0.7630443391377769
189.73120733369439
65.78789110507012
48.21184293499966
232.7330666232534
161.95473551491824
57.89652237097999
16.82981898762819
80.77240459452081
42.57735238493149
-7.805882629888021
-76.46672234356956
-210.6213230010287
-410.29683040065214
-639.3326887428592
-803.5094266097277
-439.9154310722106
1891.4575608955015
82.5549607586672
-22.957046976197404
0.3707976335351236
-34.306499797554096
-112.15042176278172
-12.205438001163904
1.5191218723764397
-17.831266624203035
-0.00024693333776811894
193.11782106436084
10.44281465407271
-89.20149585763596
-94.05999233908926
2480.028657271263
1820.0862659635234
831.9503910590018
329.0359514703215
119.29426669306855
21.337556572091685
212.66703992063228
1180.7511901056998
782.7071487237941
128.52456532547012
105.16054440290158
2.5323238687893563
120.3205159346279
-7.519515339324169
64.92413940157525
2.5880381850453573
-25.37156342093049
-97.37113467905175
-615.8533365743272
-1149.0964660214281
-3040.2329697947353
-1031.083336448359
-109.82998488047885
-259.4150458472376
-2284.7845621549723
-6552.3014920604755
-51.69006022420568
80.225987005321
3.7532559340490974
2.152877791370135
-37.01780620249779
-76.24433982277796
-21.832798550874408
13.833755585766582
954.8906860531113
802.5887998211092
837.523775738226
949.3670008186223
312.479513555697
228.17159000362446
162.62473211265734
234.3501563559695
101.55716648285363
57.5976282329172
154.15823115331807
2815.7806748039366
1582.3696368230515
989.2083528883331
126.24868150028414
-672.0610162843345
-199.44523149510263
33.30446896081516
710.5621886678368
133.46842698051597
172.20438262444867
51.898754702197756
4.903450549028818
-66.54657146544325
-134.41382778466703
-184.85904283110247
-527.971771662922
84.07689474691935
2.445884131179901
-0.6376182705621646
-98.22355417616643
-316.02019653107163
-155.1424296027788
-22.257549618958272
-696.0031210832775
-2080.8178443063216
-29.401368570194773
-176.56053937760777
-552.8665988771515
-806.1186622697167
-559.8490683934878
-1173.7570755877516
248.92790250633453
-36.11821757612748
-238.3638394902367
-545.7372703291488
-1438.4029856714783
-2644.031683018221
-347.8398373651129
32.56966950741583
389.1930662378565
927.3581423248452
960.3154205382664
85.52156938707041
-506.05269910606296
-327.5628513116505
-1.231778470500678
-16.283464083188008
-333.2155230008558
-153.44344947810632
-670.5399977273809
41.289140434460265
-23.15153137105137
18.46442807403338
-2.623311313320554
-275.1469975141977
544.3257773037204
841.2498744896473
183.36532322265631
0.05229909224607472
-87.27269846573506
144.46236994105746
127.88459420418506
-3.2379950880188217
0.5632137579795031
-166.9631234920978
0.03674858233835852
59.92503523481565
-2.0716675542601553
5.68474917066072
524.8649387128977
1312.5205838004931
614.7812520473402
73.55934426459059
-57.165593622522955
-343.70396478485213
-1221.7319577272624
-3386.088584316245
167.45172051143328
289.4101897554632
234.56887579255465
157.27632595358884
548.1048404890998
1145.2335043322935
1123.6216038695823
953.2633750956455
809.9468236718586
656.1829798980905
702.2495660891709
545.1582427203982
470.5356359519545
530.1970904377229
70.13699400987161
5.727216340226558
276.06922214837095
321.08646053581333
127.19353551633579
129.0524320296115
169.75819610985906
109.34000131609709
61.82215264593954
42.60381184542815
28.733515818478043
16.921623016225254
0.06352937397469532
5.679960264372264
-3.0737857342561328
-0.005320300144975481
-7.6278870280238085
-17.807066304429686
-36.102635732088615
2.544321799598192
7.062831064512253
50.39300513434389
-4.331008999806534
0.004647510206632542
114.83467932597182
16.353187503002435
124.07716424007654
49.232050114514834
118.14921975998675
-20.205447211239346
0.10436186549401456
-99.7508106242004
9.278597041749897
16.82088754025849
78.76002705501075
19.872857297537983
-6.928753882062095
49.32549961869579
-5.958240088730896
-92.52620266860812
-8.329271333895775
11.89618632157536
-126.53413876048577
210.1034089345472
-256.64068610488715
-67.22511855734008
-58.60920802628203
-11.617926219189544
-0.26453957220280616
-184.6374047008357
-43.074836477907496
-219.518588671533
-742.2554512812403
-10.979901145936036
-466.55459032382646
0.6384164957584327
-556.3720960976317
-244.19106139740015
73.06111505164128
624.3745695415753
2509.1618358668875
-56165.33
-9715.64
0
0
0
1438.2876560072245
446.5694710375238
872.1132792544792
2244.5091624694287
1427.203350637632
1242.0937840647905
956.1746005258176
393.22779761491086
277.0366310933526
133.59466031040623
149.21012051985127
479.5293190934821
1008.2907075203832
607.5683029611738
446.75138419964213
219.0098390290571
219.6866103131028
218.9313703635279
165.00981802086181
25.155440295707262
13.306276387932826
10.137259949644285
1.8590724064291915
-5.692501724497946
-40.39681187715738
-44.06893295840957
-58.6524663836656
-38.62527014002326
-229.95659181072074
-238.30548775767625
-127.121636646925
-360.78698522795094
-299.751139622426
-194.52106994171027
-290.4064830075929
-324.1159897248988
-291.9843936140877
-391.6908529685985
-498.6013573719905
-356.6331581279019
108.72762062237462
322.43554848601474
241.21104588521894
2809.713688331084
1121.9286447920447
36.527163014276155
-22.753833114662406
-864.9287177452086
-1733.580291295544
-1769.0077980827186
109.58574590085306
41.455145721009174
-6.920151167809898
-99.55754267326165
-435.12961457157803
-281.0645901407777
17.3463831797249
818.2379246280402
395.7321385592246
-24.17133300186408
-5.742607512731515
-554.208459895307
-545.3559480714056
-1737.4027819536775
-3296.072450398281
-2232.334866708069
-3968.490061362214
-748.6576718229453
51.77572742843243
318.0649300747301
216.81531144371723
252.24863614417288
329.76261688772
544.3010009572736
677.3112317570778
147.86781911753982
256.67128085117326
36.433110092817834
-84.2063475966798
33.51917139630819
582.5746883659635
649.8512202542512
441.36672007806686
268.5980105243934
392.5889276111818
217.0404012130192
102.24197757057777
87.73662695971828
171.8599268668073
135.04929797034336
220.4295391058396
119.32770283170963
38.04101504429371
71.35147086703245
76.58749750084975
37.51450014959103
117.60795001867595
156.72445097073432
399.14411890903364
316.8880306861329
147.00495701670528
162.89097147572244
217.96004239845507
118.6680172549077
168.79858402636918
115.37319180503485
98.25266496932221
93.95865865892925
89.67862087791721
97.29932159188655
108.23574626047184
113.24100521068846
122.87134521511382
115.98286165693759
95.1850437327694
130.61785253197863
52.98758753934975
39.96163756370496
47.44525336075088
18.550163927861302
12.669391120449607
15.142414847799948
-5.146035844737417
78.12595440655048
197.557179048747
96.94728775972361
-3.8872421275630376
-77.54798162609708
-159.0185730335623
-211.12584024188234
-313.9101955446988
-447.54994745060014
-530.105027730971
-690.8392430995632
-790.4794498898514
-728.879023029196
-616.7870493424955
-866.4005643450041
-817.9171592572958
-1029.1903360918877
-1132.91039202701
-992.9371602751366
-1273.2059311638418
-1074.7713529384134
-1172.101572650108
-1245.1784788139812
-1347.2288631145145
-1164.0821173194067
-2424.4911921139424
-2093.4528656201946
-1795.9698009981976
-1481.3990190869436
-8.525848495555184
3247.450482321318
1425.1726696992282
1047.0584183279827
5755.417297139319
1626.2194570911024
362.8881776607624
-27.974326150088004
227.0066900836998
663.9429909788165
52.74213138012732
-111.49388871606783
-964.8316199067101
-227.66080833204165
5.038428117151919
581.6931659501046
970.1014293632527
566.1784897961248
8.55674355385495
-200.76925311793792
-433.9179587287195
659.91355749597
686.8989382618969
603.6874929711915
2868.429358270168
209.25530330510907
-280.1546790163861
-178.5837000408223
-6.180087712988437
-431.6546890750278
-1362.7699727236218
58.048675035254334
-47.28759671507622
-798.1947853693099
-207.58890436545335
-477.8988391721575
-244.76310690695473
-9.084804934701008
-50.17065711459064
-720.8160801117515
-954.0832283080991
61.461250568265754
116.58794894513991
-370.2891577013865
-1787.2670765597313
-669.4616484469972
-0.42704334300248664
-276.8530939342638
547.3858362715727
2802.160709042678
2352.970576450453
1473.1474762105227
1670.4254433267474
1219.7250231114842
1134.5816934118045
755.5882573085902
442.5667391096823
309.3102471312544
83.29455411671125
195.98690985835495
41.9725729412692
35.90514757719992
-42.50232281631616
-156.9259093688898
76.13973734168232
165.539658248227
167.04216024141
51.67281159108531
8.652856462316993
-25.68723043488904
64.92714226990994
109.13723307325938
183.0600508229109
186.6047137142598
85.16127902233067
58.535116945740185
77.70037195834503
2.880442577517518
9.709929879992746
12.094347524003858
3.5595241708900307
-0.021022769613386397
-18.604573230384617
-2.7170198579853313
-64.5133050992704
-85.81734184764763
-129.41927719894846
-118.65950685247029
-183.12170462922472
-192.9235911613403
-329.41716069041684
-398.1512735053507
-367.20206417552
-190.09737929252347
70.86097870119066
859.5901867693077
314.2647234482199
69.73435356857044
200.20289950964553
73.92364856103875
-56.28263854695421
-14.173005461995935
-132.59133447844295
-29.621717971006706
-39.10488690598995
-0.05434934175607678
97.09961821322554
0.004807648614507318
-3.8731063303789357
1169.4971431050244
1932.4382704367035
251.17853836438218
-28.982968506854363
-486.8939733804881
-1161.1720320920967
-1944.805482226827
-1497.3830443916027
-1245.8637758763323
-1098.4516640549195
-397.7014336680223
-964.0860616374571
-532.8970713514044
-218.63722114848687
-156.80597992629566
45.87459917426463
-34.26133338698318
-226.55686481086227
-26.083193270381088
-149.45956741139193
809.3356997590104
1314.3875519947753
516.4715279483494
7.812966829651955
1.1834930884393344
0.1089366007769029
-6.993502495713215
-517.6022883422788
25.889788314046584
827.5693855457913
873.7204347145682
510.50042905471884
342.19048835676705
216.06689275243224
115.87944042570632
122.42812349860179
822.79164089088
618.1085475780405
452.21710321036255
236.1357115719866
157.3542803996785
56.56544725839855
-5.136664769034624
0.5083390724747752
-77.11497151565143
-43.677493557685324
-248.31615364787962
-309.90111013398905
-312.6150871406311
-708.2000276723147
-844.7711367874634
-919.5265774064513
-511.6424724811253
45.57868412079648
1639.348560773863
3426.7189434324387
522.1211481938985
115.78674147571813
-17.498319825346766
-489.1633930720284
-549.7748854980983
-1525.9151972665163
-2306.5625098834116
-905.7880646096557
-38.75884213494278
366.6824206980256
469.482003372487
303.4233513866378
11.135187485417696
-145.67806205301792
-511.3802440493704
672.8339835205152
283.951129958907
117.97340555035822
66.5618885634126
-4.205913966103334
-40.391145212300536
-158.88078203571553
-377.5390288489374
-517.0031970080561
-966.3070310652167
-600.587465023042
-490.46420359932733
2636.4616651215983
2340.585142915746
1041.9587775284963
625.2134056006383
525.4306076923341
-0.34696900793398555
-432.7720853536647
-1160.481632192307
-2310.4231898973503
-4172.089351465701
-6363.784053129317
-1186.4448554019325
695.78381933643
257.1029404261875
0
-7.220349623544724
-445.43006698703584
-272.65086372656367
42.631796488249805
191.14440012308822
543.4285400992666
406.2715170870759
187.70335595142214
18.47741879471679
29.11343489617471
129.13229415283283
121.23711142275206
78.07518205721932
113.93142597124219
79.38465255555462
23.43276465481678
23.183466157557874
0.9011837856452699
-5.6256979834939145
-2.432538282531606
-36.16391952973903
-30.926103072824635
-125.19143561252126
-49.32685603352692
8.01707416882358
524.38068167183
1382.257371164209
552.3135973405317
315.94132208949054
131.42794523308402
34.73292179891865
106.35285959179507
292.3862472852705
862.9489125104095
590.0150025409539
170.13277847227548
132.28124437531972
3194.8654038802983
2532.422638421738
1296.6116344728325
725.5974024820562
280.42157624387056
255.1230175467354
42.650615015876355
155.21548960236743
17.04134090196193
-1.160206692175721
0.08216623987074419
6.404634065272239
16.136416632812406
11.917384649880411
-2.221204039287274
-62.00669195799427
-142.59379248125853
-254.31962669480058
-520.8572568459971
-447.49639064809
-584.5462458811398
-660.162126565274
-909.0220097179463
-1335.718989085105
-1741.4184559353882
-2014.0908919820395
-1689.5845930418836
-646.2313437874603
-223.93504246585073
-406.36924363994746
-800.9122981427347
-1085.7059660004268
-1619.9817888769442
-1856.7011074582813
-1985.8091007842822
-3163.209046566886
-3702.178023110825
-4244.565342284757
-995.9958032915346
2958.337024817866
3557.4061902119
2497.312878640476
2889.495960816232
1083.9522928082597
551.209413823964
168.67871973272713
24.795279177991496
-215.08978902773572
-37.612900152988104
1335.648890248521
1506.8782485899544
6507.97170183567
8425.504577142256
5295.813137372802
3957.037276078841
2771.7103162620833
1915.377630459035
1775.1805525742798
1047.6276051964735
407.0984630890305
133.10553905894668
128.72462563704227
94.28186492002862
38.1328894831682
0.12088792776876739
-51.6823365195219
-313.49505153947916
-230.14527607817413
-324.6447230506054
-736.5535132884997
-1316.339859738362
-1200.6681203783717
-156.89676002244485
6.963298005235964
21.742002879530066
0.940826367796662
-39.57997634367766
-45.56972878499609
-184.93186130218174
-424.43400783782363
-951.6233546674043
-1632.808434098834
-1720.8133327738874
-576.1920627745751
-641.3101158416915
-1033.3331608256503
-1072.505153747175
-2008.8637223990995
-4144.667977978677
-341.7544791296099
-55.94113947269037
63.41205595786147
13.280962149439551
-21.58622658553025
5.251119913859657
-240.4811841629329
-1709.524117667005
-35.138394101893866
1363.9976887747807
618.7017225593593
119.23736141278626
-41.36957494629309
-69.9441926054431
646.9258746769694
1112.2375917434713
1712.2217965451468
1711.6807484408891
1935.9689658240266
600.8877417910751
351.8424623036618
57.60546217836147
1.5607596724979675
11.157056751006891
39.59503294385421
-37.617916334800526
-194.98614029875262
-127.189214556603
-321.4154017120608
-435.14720480485863
1.7101712617299123
109.47825028235633
293.7018583454641
238.68822499238436
341.6724587884317
485.0998672971351
396.1112420816762
341.53545332262104
136.12872396184991
346.75112966779744
402.1626587300598
232.9423553439197
150.58597822691334
289.69274249988075
286.7908450070141
132.33589067231333
158.5540103966573
147.75593802377426
221.04529553911647
76.01328334182695
100.45716677060243
46.76336555956581
86.18042482004637
30.324006263162072
-1.579156427527083
12.956041692716884
-43.92464886746667
-8.892482992352576
-0.5776745049609207
-32.219730141602476
0.9691013254959853
-85.42578331607154
-177.2023978358015
-187.79157165559977
-122.41712693917127
-211.27387168396012
-309.26878647737055
-462.2307096146954
-387.5657604454662
-561.4197821036233
-535.5006999754582
-813.7040627837625
-700.8142138371218
-867.982313627097
-640.9071229042358
-972.5392493171388
-1137.1021861561403
-1352.8967749793273
-1661.4343530283606
-2058.6023377732567
-2102.8688932379537
-751.8616769879204
426.10333730975407
146.11136360314822
-39.35392163588786
-100.46786003839003
-252.33809558292992
-558.3194392231685
-556.7375560582248
-312.0310406396952
58.86524403216253
956.1641005435083
61.55819152250777
-425.6480730769838
-0.36270687393804923
1539.4823433424037
48.847777807154124
-148.31995288896607
-545.873180149386
-0.24004598447987527
2441.745672855416
2126.213735854726
963.3526068959051
816.5800517067789
1719.1681673539865
1437.677687799181
1047.2896169869796
615.4700762601366
583.4635817532576
618.3207079870355
379.8118165061254
311.10227404074294
122.7313219883953
578.4729534594692
495.3182925073031
607.9316833541628
625.909432087502
590.9298786718063
188.63097118978115
70.81904500297246
13.032438464812508
-12.000687876577631
-50.93340099426021
-135.9878917029048
-334.38897649228704
-393.5484893455333
-868.6625962544113
-1487.428822154949
-2537.178523934469
-3146.3623510118605
-1395.087581271811
-1588.8669156151777
-2749.624515304088
-625.3831491364672
241.3577075109883
-6.023851496448429
-383.6733121195511
-821.8363552615085
-982.2357395997419
-1108.0175287950276
29.375521247688962
268.2616279058583
107.01579560990291
-35.78665039391353
-196.02894880925214
-928.8971003924177
-553.316301726006
-1126.2414471193456
-154.0611985075487
-29.345555129645454
-11.164377461468229
1.2389660165462222
141.20708043756107
656.9981744644532
152.64866096156115
162.37806174385994
341.1292446091733
190.3655939227164
28.544488453756877
-30.936899106989173
-197.2105206223832
-361.9324590209378
-729.5091882973602
336.2466535726195
2575.241062884185
283.6656986518214
213.2545001763235
-201.01429714896676
-163.3838327196293
268.30279453923544
-27.73038278454078
175.9324038226396
494.60836818696566
38.9658334055259
-67.80730452101139
-6.143450228027243
97.81181746561575
3.322617572747421
-233.24576950694967
-797.4264703220679
-2076.7106979644864
-1459.2987726318568
-1664.267584351192
-1566.334417962927
450.7497542765117
2060.4665757162365
1582.1595482698954
1496.1804437063836
1734.2920825377632
1566.709347180532
1192.1300199702475
1394.5784848252313
1002.0123895167038
752.9726250967599
707.3374271671414
598.4705109215507
814.8584040846976
202.30779371549806
378.51626236941144
285.79073995181545
164.49315976772735
158.64924867425128
203.2094336415942
135.74716965467636
90.80218695826828
128.1723714537991
300.5107209949887
108.31562930225996
179.13694873849087
349.90026066533784
193.33483784375468
105.61346145291526
69.72856775868286
88.38916617832744
58.313045077013555
36.59955774306726
3.5094346072765923
-2.743772277294049
3.58586900516991
95.18581520992184
-176.38913836673817
-628.0593063276427
-608.0774619785896
-1333.5990674259594
-1809.5862529600606
17.2563775742617
5.026916098808007
8.917888515782138
-17.81930182174919
-0.5853905205428362
9.71870505418391
-0.00244632004539329
-48.344208349882585
-125.04851399306204
0.34822932003055274
26.45650297963787
72.37915150080462
-10.053277009109426
-0.1794000489030488
7.304349170415978
4.5083215852938485
-4.941012802170462
6.963010735969823
-0.22870877176358823
19.89552390358468
66.44953820114313
7.5443914310145495
21.551142749401393
2.1456937716899755
24.58251662827644
1.0174827294463589
0.0459681897368849
8.299603785595737
-0.9419734850285816
1.706139503099525
3.5497999943815546
-22.16913047253822
-34.729641917309806
-66.54706343253392
-50.39312298599107
-193.3246175128154
-95.01445493887628
-271.5309421889342
-372.41435941822937
-861.6938951319557
-622.3854048878181
-449.812805162923
-830.85978975388
-1250.087691640982
-748.4648554668676
-226.53805764426943
-86.1801446909929
-150.00504447177542
-267.42412162928775
-898.7739015547678
-1697.544637647774
-1885.587161140277
-943.0365806662669
-342.68173956454064
57.39830441865061
8.191611943948585
-12.93401338059008
-86.26402648865425
-186.23952191290266
-396.95264274081376
-1147.351219661643
-584.6109341051063
1123.8801424340852
673.2099539538686
977.6381304435632
1380.5971838153687
750.7917166999205
562.7717679880943
653.5735359994698
617.5852476476614
824.8074404781137
473.32270981992235
115.55976003030277
15.25177790601625
-49.852982778444165
1344.477736119509
2638.8879558050553
901.7352559637593
163.5666304640679
287.0242161551668
264.07750243841787
170.39480588799302
46.10642996885593
2.3279044568325244
-94.17191722615199
-40.382457152855906
-92.20309978175791
-114.19509997034028
-252.13981557577787
-792.863356058914
-697.9899772560949
-865.3860247148914
-1792.752698491599
-779.6422890076976
-714.6178965006102
-1770.3073412663166
-2701.3108703223743
-1476.716998415336
-762.8110049983374
130.43572625095044
466.37722880132446
174.43930520562043
26.56900889401008
0.018989119434835503
-41.36423574273999
308.4225735344619
141.99448195419512
158.80244757270472
111.13398515962587
1.0049364604112823
-178.10628150478317
-744.2784753584128
198.38225742433465
1648.4559672780729
2065.1538974374434
1422.4292426425397
1029.5006627923535
1229.6079680023504
777.6254610716301
564.555584733737
368.4461456179821
10.59651244903769
57.89585466514134
344.43881260399667
387.6114188549701
215.08184100381965
365.75014078872994
123.39599094353886
105.38897382430918
89.23097251359074
131.58048143093288
95.2278227868114
55.204875175494415
22.040890962467977
19.966397559686374
17.018584397305105
1.1488534176170782
-0.47786614062988636
-0.9011790320267082
-3.008474142149675
-5.080404478916455
-1.7434209751760474
-5.4284643977209965
-27.86178896865262
-29.1901343736264
-30.11141259345121
-6.970488187495727
-126.9892906802648
-84.02102061889953
-122.61697736815525
-106.37740481354258
-126.03503737880472
-90.0620163516684
-13.014782641847264
-42.9249046026665
-80.75269887941124
-66.94192070299026
-195.48072415327775
-104.7841333289506
-136.18575927953302
-210.47579390234748
-262.04526283190773
-183.26792642844958
-363.66699663558865
-128.70356310095326
-225.128074541236
-490.88116767332593
-522.6987651668177
-507.2799528012455
-420.8843026117075
158.2422928929451
1534.0284696713986
264.4487801283861
-75.91761998694327
-233.6831128254775
-96.48701234594861
-1.0469236593101097
259.12630101483126
268.3234400305082
210.0040975566046
-49.37408785182905
0.05041345174128978
453.52559375637566
650.8316003279826
644.4133023939225
760.7719536716338
509.19083093393095
648.9307698300255
392.934244073435
151.10820389248482
140.9285874033848
45.19514419261297
31.133614990971537
0.853994235885285
-16.74050568097272
-13.526633186182043
-110.77511381426868
-139.04583414409484
-210.5289271115978
-422.8339095083417
-621.2775200341824
-596.4441960829547
-753.3881357084086
-500.81681500784396
-893.1747087341048
-1578.03024903938
-1387.3116088683782
-1628.234416852847
-1985.0842889061305
-1871.4863383485006
-1515.3367976442464
-1835.5937163458068
-2816.729477862838
-2724.765967545278
-2393.634478096007
-3747.3933582176896
-5852.121127767759
-7511.270567553407
-15628.750000000002
