6831.2300000000005
4205.943215220359
842.0487498954272
1989.754220136385
2350.5272997854054
2763.810619117701
767.9327691717194
30.08828807646833
806.9502589604831
3437.4261481151284
1362.9817902288955
898.3240630771083
1808.0093431267485
4486.9076474137955
2685.76175180455
824.5390838111892
247.88225812726728
61.79925730573009
465.2856559464267
638.73335140787
26.65615543332582
-88.92778875781296
982.9124137075189
216.98929067478394
154.35224535192805
256.5236241834338
65.85038243882553
-29.152659548322912
-358.2546588136969
-627.0944441287088
-1455.9672603036784
-282.5479037763429
-48.09709390816761
-360.71216363698454
-721.7749044852053
-1428.4046294354773
-1376.848871364504
-1390.6223822381655
-3673.2646056015715
-3881.745683820803
-1163.4429086473292
118.3942689747895
209.862250261492
640.3387945236908
939.3121059957934
791.0846967508821
799.6396964888529
596.2337031302845
1142.743504145183
1142.5760796087295
1260.723346778087
1008.1990360126686
1217.857634222996
801.0436699716565
912.5969073697495
652.3723999813855
508.5155392053254
453.92985768752953
676.9680512116443
402.8515468676251
572.5102610405213
302.15989308482114
201.45534533334845
209.29219997312475
100.1841384906129
122.85364297696906
58.26097382824789
110.89472285386947
3.3957326668073082
4.173980253550092
21.559239812613253
-5.081864426306662
23.108443251516636
-0.02046338031527911
-44.62513732195509
-20.603594283766142
-10.215028299831141
-109.40463613900354
-138.64113138510697
-207.72148321016
-140.09648064025077
-379.0350057364306
-333.92372805044977
-319.54838534659257
-548.7220287861564
-604.6690666269403
-580.0649909038491
-564.0020863991615
-651.7121404767108
-724.2326471469303
-801.321170230601
-816.1680956124044
-766.2378216373185
-848.3602572405375
-936.4586081889288
-901.3359975262117
-737.3541668049999
-788.3370301568989
-501.78810522776337
0.6365318632696512
158.5054555941446
483.9423601343267
14.505425429790643
-31.380886033752937
98.75565036266174
-72.12133079622625
2996.275750644948
1518.3647258335473
193.4693535307677
-38.985803228391376
2.4107341694497055
80.71004117313589
318.1546435932733
59.00194100643565
235.17316850311613
501.00861729028867
7.838431207424766
-176.53005321447938
-829.8413267552982
-2361.9289405784484
-1762.579885603828
1817.951667203457
1056.518564787071
1187.4364395274722
1136.7246222547853
817.7177287561879
720.1607786269577
490.19674873080226
456.5527869953146
403.1485200866631
503.05974826315907
590.6035162954886
908.9255166098126
475.75252998622216
447.2811626730312
260.78207354171116
187.03975083082562
82.49503154555754
44.26044369887069
-1.157547262198554
-21.639299422487937
-74.07931255746708
-176.48231560577216
-378.04827710704905
-632.7025957485123
-562.051617986956
-1284.8670502930263
-950.6572749302835
-1822.1141355933305
-1328.2622200610463
-1227.968366832765
-394.50287829980914
339.5352680265165
530.15782571967
204.8158426528537
190.0583420059579
165.994403807366
0.44238858546646465
6.734115211108678
0.039953183655757105
-81.04811089198354
-41.18486412903637
-32.417045285520175
258.7963040006233
2264.9522165191024
1058.0922086914002
1282.4653818463014
1613.6432256577295
710.1229662203017
517.176014940075
308.2993336006512
188.64382916868854
-47.89877463285687
-0.29281860886237654
-1.4784334494113698
-47.34614289498738
-153.46745538532434
-83.1746314866206
-156.82134528801353
-448.6453221992516
-1037.0555970770629
-604.7510689600648
-643.0665628957272
411.20940953587933
16.83555069332884
-28.767401338495333
-96.6807592000289
12.51032068414645
1505.0195635286527
1946.917726947074
588.7048781693069
156.0422134838029
39.71535538283939
6.0110775109040855
-60.47446800438921
-409.8355815045038
-647.8967941510459
-1667.411890558295
-3921.9141600821313
-1098.8171507017912
-625.3191068817457
-637.964672696834
-1141.2261455857536
-2867.7040536070704
-2742.311311706082
-0.9940162167449159
70.05927797925142
39.390510348307
0.5618831054040968
6.88593483671945
49.47326114525425
155.533806158555
611.4485205163437
1177.6670175662962
792.301273241491
1135.2270317147809
692.3242939952577
642.7043100409443
921.9314530343808
514.2893150675832
387.8291434556095
306.99307659103397
257.2844643998867
241.55684120961558
116.99338659334319
103.28038255253685
98.55921542690103
35.399436680607806
37.87950338801876
35.624328107560316
0.04049482634975989
-0.0785755802588006
-2.377951133789979
-22.153760079909198
-28.775622344098398
-82.14785320446555
-239.10132132789303
-189.9912507852596
-227.96146100122056
-230.08906533589138
-636.2857953509902
-449.63737768934834
-832.0210957708339
-865.6293690651404
-861.8550354430357
-1167.8285597806569
-1330.7484177557778
-1821.6277309342406
-1720.3976592603888
-667.1464977848078
985.3318986578681
2005.0723613007713
1331.4516220233163
227.6390905751891
103.35956674121289
383.7785463463565
2400.2685925376272
999.5078371424627
252.6372037547024
98.29761389453378
217.84169808901493
-0.4027907374516909
-112.07812168225485
-417.63048370945927
-581.7272543169657
-1140.164349269661
-1330.3292989984075
-965.281693534573
-741.8365810151224
-4724.190321469005
-7498.688669943033
-2343.775688165021
-4935.366306040437
548.5348663617876
6991.183572101882
2757.550028676742
4902.737571650465
542.4593487305781
1107.291770152291
-0.2101614173529809
1510.367434490654
4466.105796665075
7629.635250795234
6019.131184717368
2593.52938453726
4161.096656124426
5330.824454923362
14548.124166357737
9852.452545596918
14860.744932791284
6137.886615863781
17652.01879697253
22956.32683291427
12467.685553367432
11035.468231329301
20282.051505568346
36470.750847910516
66651.38385284008
73749.06969069994
89650.93386980575
134243.61269590745
145546.05345140066
106472.73261704009
218056.5009129637
249936.5470782933
172961.60798607176
244513.72110278573
331647.75265583216
-160927.94
-123189.98000000001
-136774.57
-117999.31
-137877.43
-114767.73
-113127.78000000001
-145728.44999999998
-102414.54
-90000.66
-71568.81
-67391.88
-60864.12
-157059.58
-188439.41
204944.4298794585
167479.8939036663
219267.25188666274
-184916.82
-63091.3
-108129.62
-40291.86
-17689.09
-85437.26
-46207.369999999995
-152727.87
-95623.17
135969.18607226378
97316.0456118464
128310.2997202719
178056.7224348533
-203173.78999999995
-66641.96
-27272.97
-61750.829999999994
-135071.25
41799.27989195311
87704.7211730443
175965.36511203178
-56923.78999999999
224246.76231083326
309901.35154324234
-49205.82999999999
-77129.98000000001
-47363.47000000001
375096.64542914263
-372653.35
-233305.27000000002
103967.3970551214
93329.07608839287
105483.46859909788
-191088.63
59763.452219229126
49014.23971804822
31708.92120845582
14178.402038183442
15696.63230141608
18397.74455972264
22002.272342466018
16716.9095361546
21959.231379861074
23343.892670103018
29219.7482832315
57173.00230312052
93008.53209512164
172579.2314098399
-383478.9199999999
-322159.43
-179402.52000000002
-283050.68
-118302.82999999996
-88148.34000000001
152092.17283438682
162981.64306917056
-76270.07999999999
-49394.98999999999
-11721.81
-14128.91
-12968.249999999996
-6303.030000000001
-13747.83
-17947.479999999996
-13463.62
-15721.09
-3853.9400000000005
-37694.52
-66608.74
-52043.630000000005
-36670.84
-30308.41
-58020.94
-40207.899999999994
-40155.07
164141.97108455395
144518.6916599267
86169.50599810356
125754.66867828282
-232522.56999999998
-58697.0
-10162.74
-9193.75
-6086.91
-7150.97
-22491.09
-11981.539999999999
-13169.029999999997
-143961.18
84105.04443261038
-56491.69
-13597.23
-16629.0
-10261.070000000002
-32105.969999999998
-61250.049999999996
-26322.629999999997
-31683.43
-26461.159999999996
-83747.87
-12996.46
3924.829584038737
2408.048797547928
5958.156353467086
4607.6117699657625
2051.6446164000795
2387.002895831606
690.443379420389
2984.461042632901
1965.4785283213662
1110.7317194619886
377.76444396561965
26.011560605872766
540.6969111799741
4867.9310333359845
6853.492191910474
6873.672806288746
3291.697086883342
2037.731069901769
1052.9954844485953
237.28524497909297
171.96661118795362
278.66633271189085
822.8437790840951
427.65054217374205
296.23331526042705
62.37176985210791
4.426700462859909
-2.5196826661026543
-38.58004215718472
-232.02328478510998
-127.45978865322296
-442.22786529311975
-694.6706842605931
-2224.5203814051583
-3404.839126470408
-1225.7331464457015
-2305.5180514710055
-4478.664822367815
-5507.315143595795
-1588.5184450941185
-1416.6980862981732
-3134.5643600770563
-748.5020748043256
18.82666803519387
1108.1620936289073
1348.5049707138535
1381.4661644080907
1034.7672695423507
962.2257774907637
962.5264194467522
791.4228385157871
920.2551020986327
667.802152577917
442.2076917764701
433.5707658927466
446.66605124336417
133.1853352209434
294.7101382342646
102.86526982280623
95.6023021295192
86.69836331395142
51.22782814803682
1.9971646338536848
9.041018242447333
1.355831737823124
2.3046053809410534
-51.73459869157927
-0.0017621131823126596
-139.97473823014872
0.5664909051183689
-116.8153035697064
-184.01919151178146
-168.13160365226622
-403.63187829514777
-422.83043915400566
-478.8938994504575
-999.9691470927887
-1067.4508348277902
-1042.342860968377
-1500.0817685618501
-1559.7473430095706
-901.5205393470271
-311.3201106409722
9.34113024427004
1946.3671294837286
2951.48333124318
2502.125285564473
1785.9310847431623
1023.0534017820269
633.6352696200423
721.3093816262879
777.2985052871179
783.4839641166782
451.0613233551296
326.92225779372336
296.6776443399885
127.39882881370403
85.82071162939145
78.83846169710822
35.57270323292521
1.0029270962884986
-30.838553782192683
-52.40259699396653
-107.43426705430944
-279.0958915941119
-246.92467796797473
-252.05502274148847
-335.62129104900146
-555.5436467582117
-766.6501291204354
-655.6708788472324
-5.739153444160002
-42.26552366042737
0.1298319430230995
381.01341448099316
362.54939071641536
447.85255455980825
170.27942500880053
-2.3830018942278315
-94.56355105853491
-399.23220123460646
-275.45898845079495
-748.8538234153921
-1062.8481294335672
-346.5187196124525
-0.3912852406404368
-27.68864631351591
-487.90808650294633
-541.5629359880239
-1306.4986774873378
-1707.3487362615208
-736.960124618909
-2045.9187242924834
-1147.9345124489673
-121.51851653125027
39.13893610669501
-3.0661205607488773
-89.93818536031037
-23.404633510368527
229.0798758355777
3311.1729785096577
1299.3359388353251
1714.0459509926513
2181.4340900817633
885.3625075413481
481.0599367855817
141.85534686952494
0.016265364530400367
-10.598807631020303
-191.29888276187904
-415.7805875714132
-635.6967335231132
4374.898868667908
1636.5183774154764
403.73719529576675
-16.223555571814217
-15.20938683248248
-484.32268661778375
-10.3488726255216
9.921978186955348
-137.33603424326228
3.1647317646556483
-11.664209972668981
-52.91857758512214
-181.78946147238813
-80.6629367250902
-15.741876389107064
-178.2188279816648
-908.5558680775116
-2028.224202687897
-2146.053182752879
1207.9884785930076
128.63503157414678
378.5594981926817
197.69661249525734
-22.26702245811275
-106.83591868037088
-802.2778703094717
-1082.853302685269
-1955.0698985628512
-209.56140256138744
61.82983441352417
2812.217021402607
3433.8590347415766
2353.7652519810895
2503.5498510273424
1756.232659969969
1300.6986980329182
925.7474277384705
657.7862160332868
540.6258794171937
325.29412450384865
463.8160645730227
312.6099004325697
91.44134716321912
67.2046874419281
11.262551050652718
0.1494747241051822
-45.74518417728565
-89.97402804376313
-134.70069440198105
-66.60613311965881
-21.843459653728118
-78.08765127075365
-155.54286061991806
-51.95745510404825
702.9389975601671
386.7954551293157
81.17619517685482
-49.13205682718473
-194.68143179003354
-264.6693258071547
-430.036881083691
-293.49532255156373
-500.8804660917225
-1698.7972612968701
-1894.4639784855192
364.216925025878
510.27798742049947
741.5406985076835
476.75998993470074
90.6784967546513
167.7168257591034
753.9895566050205
649.9631216505354
53.18280752029202
-27.239710889271866
-145.10306255829894
-686.9688603406219
-1302.6779938375175
-60.08384731042121
306.72696508684544
14.45389735135617
84.42330078255449
-0.13622570161643852
-2.7615967806991213
-32.210905406892564
1050.618542001506
611.4568984838314
0.0011813803905548067
-13.10531674208149
0.009271354941710164
-26.734060857591928
-2.811935226187553
-96.9791235278112
-329.8031384696193
-542.6873193772449
674.0549046279766
666.4500158217822
375.99783651502094
197.29225343149264
-2.846521317348433
-1.772214621177634
-4.187379168908726
-6.6884551218688335
-64.19870281280632
-490.4542661910345
-111.41421683390554
-106.72798038559058
-128.10456247976856
-269.1342732633974
-1190.0746680275852
-610.9367431498925
-15.436285504766591
0.05466648548498053
-11.17724370149234
0.02195035617417134
-14.860899082588874
8.974564796678735
0.22696484969591996
-7.200215386547487
-93.55604549662094
-243.88744303892238
-425.8631953967334
-444.67395531817726
212.04086182854306
1990.6885269952645
1385.3861048053745
1611.4697188055168
1448.5699241739376
1785.079087225938
1157.932722724364
797.889078328466
825.9629780533548
617.4849433520968
358.43915132773236
268.2695937910902
179.95484468009622
575.5472069266186
198.66192295541268
1.0939028695602648
-128.04542165988016
-375.6664454885853
-489.49994175270444
-648.8643988990568
-884.4395967650305
-1309.7432731369383
-1435.6030449333716
-1828.6026492364715
-2001.7055173293923
-3020.399320829134
-3868.2455293181533
-2896.2216161317
639.743318181088
101.45344059222091
168.9407798163848
172.11678862050948
0.18420465595874783
-88.7721433168486
-320.19339958638625
-558.6993867615581
-715.3165703194927
-1137.629515719706
-620.2316678078093
12.51152493343268
-0.8173661903497073
-187.10852459528968
960.1085513055502
2545.2343586162096
1285.9310792919337
537.5373104245868
151.75010595789706
86.0043630763063
-1.3472032145583117
-138.42768178545703
-345.9791735267088
-662.9449981756397
-278.28213573647304
-420.83132892244066
227.54036804309197
4286.960924967202
1972.5576579257822
1450.0340910009054
845.173855319823
809.3540135633543
2165.8024694741994
1831.223395898434
758.3241807156702
468.97593198387517
248.72040910231823
176.88737820595273
0.6776465235870461
-0.1271925777407515
591.9132851319598
227.2191192394223
211.0013217763874
69.1373243021163
40.6834243040811
-0.34785350204430787
-63.67742197664032
-209.6137663509003
0.041038133823228816
-33.812241536317195
-23.828637790211864
19.596239612595177
1.927718271285244
76.70044733472706
17.883421726019563
10.883798729272076
0.22628702853193777
0.4846609935537781
-85.31943727843654
-34.959843656126345
-54.64419729397609
-7.823965202745219
-0.32675689312967676
-8.241685194181523
-28.40095184110014
-30.33215139660589
-5.975283515447115
-33.71524374344422
-60.73986177931789
-68.76468472198883
1.5843043270015422
7.514890351460728
-8.658243506479256
-0.18647034805311047
-79.82933947721892
-67.58086078236884
-13.209668228526125
-57.41563944039377
-270.557262906185
-227.25459870928637
-157.80037820958069
-126.01016448987798
-173.62453126510582
-337.72667076777344
-378.8500188530153
-416.43749966906785
-658.0445931100675
-548.9390927572372
-681.0888131396867
-938.5558442041958
-1242.095015634931
-1805.6154291953476
-1859.186225016866
-454.4800333187663
94.75529712225524
-34.07074186991859
-53.60826276298712
-95.26632292689467
-311.9360369910197
-556.5219174878268
-1695.8409434262376
-1023.3119859689648
2.6436004473932586
108.59680352379074
242.27477774589278
155.8914231575716
134.01399878906886
226.5068978539674
167.38498152698665
52.825325096457874
34.097755502551685
1.3253159777321475
-10.129040284232325
-62.52204639501659
30.79820664357031
34.84787129133407
123.3137991173285
9.309089676153803
22.78796069619862
160.5274616200569
210.62623068305365
166.21887023659508
175.6658494441362
157.33258190983528
127.27727957386654
204.4194821726139
108.4466996407942
86.17268707306937
81.3733735730014
320.8539682764551
6.878100586503466
56.51752033792591
107.66025696843542
36.8451849826714
37.305456911406466
26.411349451736882
9.953561037300439
14.874386278949672
0.647814709994672
18.18084441950505
8.838765489226754
84.43117545172507
5.65578101895825
15.710163303937893
0.36650795495343647
6.864071652764575
7.606070714673078
15.315395136959342
0.8671235009783214
12.772175024805637
1.1999775851907162
-10.08626817120113
-11.77380055617564
-0.1373753201102902
1.8664251477584963
0.06836187271983088
-69.18235744592272
-85.64826811540817
2.606152709685113
1.3104743355279147
-4.235147963534954e-05
-19.3275369998781
-0.5309711212298132
-15.272875478561456
-62.789096869751155
-5.668776303489622
-31.484919746996866
-12.158734825279923
-27.075261837015788
-0.7434884812331028
-1.6183454288816668
-0.581847390895285
-9.884512254955983
-123.07987394583938
-35.14535362560087
-0.7066556605322654
-128.5062204026911
-2.0118198459579903
-15.46602898936754
-12.576817685913078
-32.53397315124233
-56.338402708141075
-174.11523338485512
-60.81020448534316
-132.48694325914965
-76.98157828954443
-181.47025296372084
-171.29763810048098
-109.42544970720428
-164.8039948810516
-93.14274925909349
-47.89209404092845
-230.75083092419072
-24.25310507837124
-0.13080873772252796
124.3565441391796
220.30087690038295
1047.2358143220113
775.9082422511156
488.4795852140838
363.1093250614993
350.5760699440654
387.6613211889435
69.27672118773665
108.40414182446166
66.72749728839153
22.186375337827556
6.038561866709378
-0.25924261269007176
-15.114302442793168
-18.625337827497184
-0.38791585295807424
-71.04148897542031
-69.70040590183416
-211.70565158062573
-117.29502745726465
-49.42452902495018
-95.40868357037903
-50.320982226576966
-174.50280040418477
-162.4045197917925
-267.6956433361618
-282.84525479289823
-297.0741099371513
-408.28596143836467
-459.04488048137137
-722.9140896310373
-670.3268054294848
-755.3603847318957
-1138.260166120946
-1090.2391480222486
-799.243723154479
-1049.3237101047773
-1190.0155447182208
-818.041657680643
-197.73508810746983
422.519463502508
4170.217032550228
3445.9356485316966
1111.5481056951803
251.7332165312356
192.11284100354544
764.4030920847412
458.32514130464716
10.445831518091378
326.89259413850255
845.7662745479247
27.06737217753487
-7.092234740837043
-148.0792671620934
1105.8474986981194
1436.0620847554155
920.5624700409938
607.9005959929631
263.34858668870095
112.76641780529891
42.418298686239396
9.280033037313409
-35.81270407840443
-42.85847193537627
-27.092821167417817
-504.18113907794674
-903.1724604807162
-360.8791778068054
-793.3732919233372
-865.2894921965084
-2118.3949971215534
-396.4197127149384
3553.5302088564263
2458.030522894407
1385.4163598709106
1351.3715451752755
844.3178628363299
465.06090803987416
274.8906969725665
197.23285691703785
178.03191360970908
140.0105233818124
-0.8484672106889941
14.90535360949653
-35.8225046189871
-123.79610481659839
-110.63547577576792
-342.3851507447536
-408.49657000798095
-585.6188475644525
-655.2418266060819
-1203.9375857556881
-1456.5612510822502
-1453.889867401635
-1284.2533256101492
-244.89817838506065
219.16663441284365
488.47220946781067
130.9379808030393
-24.516266453467527
-422.11177601763535
-860.7940798259508
-1126.9351198100778
-4376.22186875659
-5320.21318636557
-3866.2767976699433
-1121.1463222309487
1.6874916884902464
2333.2305725227093
5228.380587875341
3432.678170445905
2534.0173437709573
3387.390431143841
3384.100064417989
1077.4107816601095
-16.344276171728193
0
-1760.47
-40900.549999999996
18.83854070650301
1584.8557583357592
558.0278564747184
-105.71834773610504
-2827.3429674900926
96.15437845049904
256.4853722969206
15.098035009040185
-193.79177303621555
-449.74758460998635
-78.06993368282724
-138.84260499481138
831.2069786021716
1711.1991457030738
1154.1429868273362
1308.1682497339375
2239.8287461295627
1278.718572703815
782.497595595504
502.8024243445422
224.473010908976
-20.379426185601165
-164.14031717258214
-486.6814737887609
-529.6265556133374
-1630.3762993222417
-508.83918432009307
-822.0593239446798
19.46287810832306
461.4640485161369
797.8668938531187
398.8797960485984
295.9199479113387
39.58600762944277
-7.173719700535068
61.383454937584425
81.76002229959238
12.346348408143616
0.3366164938610866
56.61098017973792
1296.5776161555411
1464.7222550089602
786.473536084161
336.52548898925136
164.6476652696049
7.596152248219
43.56499360748741
256.2254165699643
167.06845603214987
42.92357389985669
113.56838796193459
393.3359548809738
395.6316086410644
379.89840727752744
120.6080394738625
173.21134849565684
22.746129218506855
-3.046334099351082
-32.635643133613144
-90.31469102157732
-16.26940152095824
-72.52067118048788
-245.82795955308524
-53.67824052323097
-534.2479843985201
-151.24041717967623
-463.7210439028846
-489.99940589630967
-929.5485775859793
-1387.369146754073
-1529.6456993585912
-1983.213895957983
-2465.24303810606
-3197.062080006279
-762.2924455602201
167.395894751082
59.91893323590027
-108.31486540322146
-673.0667506899637
-466.7351918002123
180.90749125080487
423.489673196344
336.41760534384207
408.45041277630685
748.5476585225938
403.2784352553293
381.19848776653396
339.2594771361051
346.03839660546095
165.51078805792378
191.371562056852
305.7008571756743
209.20057162320802
159.83848782635488
164.36742523447214
167.93180604772198
50.86487301548567
38.07919197003836
70.91344448398041
125.07759772511335
7.922951132524359
2.1430756214059086
11.415989123025104
0.00031381813704548054
57.325748930892175
0.01743972453418779
17.912199679306504
12.193861754620123
-20.365833949773872
88.17935380045671
1.2948333842058726
-6.0728506727501355
11.02259987075885
12.75496657768701
2.1421177887137044
10.74600981619248
12.937448547604742
13.472151921056714
86.56241279081448
0.003305881805982195
0.12800490010181237
-2.3685012820633355
0.8874633067582225
20.746786092463577
12.797430901510214
0.05099256334786767
53.810275427153655
15.138775239594665
14.162062600948655
27.618191186573902
22.55470237629748
33.4905629936717
1.1244709125769563
53.44855350622625
42.00795204911199
-2.450582710547584
33.295539627573866
-10.759072204644557
40.17818998302987
-64.1761411179158
-19.090767980362884
1.4842894086105598
-17.027332554209472
-3.9063509201676805
-16.968956852137094
-74.50877774457389
-0.6213785271504291
-48.802063719300726
-25.28211571163793
-1.240920779578715
-6.373189748542296
-12.848903974894005
-14.349599110570399
1.5910111306561197
-0.05714457366806443
-19.59750205310696
9.09888325758753
-9.484700647891248
-18.881853803333275
7.170411754751587
-15.28005178591063
-1.267135475379166
-21.305965368770476
-34.40373279174199
-43.546546399167994
-80.90837445320541
-122.76023023365882
-60.07196604022533
-121.92095481827283
-20.550799312656082
-46.434063529481925
-169.2442551837143
-125.55357868323247
-52.52482647800892
-224.61273147591714
-104.46086899010749
-205.79160450855875
-65.93380568394629
-231.7435866744404
-187.38091582552806
-285.2563735875535
-120.4958790269894
-302.52335472969185
-245.78162632113026
-330.4565099409645
-472.3101124435784
-399.21861118083564
-498.1684767597683
-575.2676454442934
-764.0697465943116
-907.9899686946985
-483.683145298171
-122.21231510650681
423.21117164235966
1584.6816600457396
332.45529275689665
0.6015749575735834
-6.025629665972603
256.72960597198716
852.849128339352
811.330904730412
659.5917856671927
745.421341679736
517.0136029105429
425.5762838377884
335.13086706549984
271.1819494769528
215.47384033703082
145.84424905500217
200.0264056354805
39.095223020074286
174.37771819168537
112.12900178385166
117.65868913862033
75.5854943520003
54.50015401351893
31.90143369167273
97.5961477179421
37.96263619916395
25.618058428612706
80.85711344428881
7.242051847628989
16.05161277660703
118.44999008512157
19.97765189688695
4.955950680206953
10.057214047779823
-0.015388741310473911
-7.48530661727583
-9.09845712861418
-5.090196325055254
-10.355157455551613
-26.7674672380058
0.030365613681079255
28.557667391767545
3.596978122842121
0.018484262003502387
-0.12139809638848775
3.9943981739947567
0.053494655253926465
-1.5711547914964716
15.302962858834595
-14.581788071855705
22.393528764527655
38.249113338295984
8.67861226412004
-11.776186134032855
-36.271952590832605
-57.054876657093594
-62.172256758678486
-14.908967331317838
-95.51931257207274
-116.66125064896116
-203.81054215929936
-40.52422934580137
-202.8459274673652
-324.6275496404338
-255.44105287225537
-312.7509596870088
-443.28002899074045
-529.9994773238261
-460.34888969708675
-499.5681940615948
-1003.396846909512
-837.6107761336025
-731.3887058285911
-701.1394565264638
-949.7224656496958
-1102.3084590905437
-1203.9572774241533
-1202.7384572042051
-1423.707875875556
-1084.257012591013
-1484.2969138252165
-1746.9697164264298
-2311.5026412471134
-2093.364187954347
-0.047989466791922696
4555.05863167401
6680.509091795146
2412.7399872869782
2015.2753656623486
5402.392544469096
2576.3578095772154
610.5108346895216
-57.46325031374944
-209.79785213065395
-8.262964587081871
-218.0678287712078
689.4972934077468
2620.9207900896586
590.7130643563082
-23.39840918745402
537.9384866854549
740.4300249867975
33.09570826317452
0.442888746594565
-214.8845180386578
-75.98999655373831
-142.522131377462
22.072218621523795
-6.000306769200505
-167.69947337313175
-865.833360545975
140.37944362540725
1021.7527620667526
195.87470034934387
16.2761639964382
-47.54972280789893
-362.15504191044187
-1173.6082899310877
-1783.5166294372846
-4034.503161056759
-4697.6082400983
-271.3228122899628
-378.26709328998817
-910.6572036556405
-384.0028512450676
120.60950171138182
1039.4495147754033
1502.7913844711104
887.84932078318
1079.4489680640872
774.1462158377014
332.76817994006996
195.12282921239063
15.240845585563024
7.533186489482302
-95.69365278052315
30.291373078391036
2353.1894572699393
1370.362011650207
480.90654554632397
25.027553988339314
-38.903442332597166
-250.0017537099577
197.85588684082532
945.732177000016
206.76852019892684
3.5220553721541696
-21.176792255081146
-57.69942018801573
-377.32666555238956
-532.5784392331959
121.08658368110454
30.552618859831448
-6.264427880953502
-351.09833292617867
-77.17858205605467
0.6742513357024811
83.92426637926249
170.39924271218072
113.56464653770149
-73.13192966352841
-171.83306440674627
1635.7617563378185
1326.2477363746243
635.0713106995205
295.69792147544473
37.81526953610236
-62.97582193550806
-129.55545913040146
-312.9370820985703
-1131.199134629307
-1159.0590444811978
-679.8047287287853
1012.8324348479364
160.43011268070126
-232.8037432045666
99.9385583723907
2.4639538970517814
-32.464680943685416
-754.1130245921847
-1670.8071251311437
-2491.732499605585
-655.5432974803373
108.49940603942463
185.57815869844762
10.54400613698504
44.788211567659225
-53.589740670279184
2747.7868790667585
2236.065516766987
1841.4678797291117
1355.545025147339
847.1107758774816
609.2252884609011
302.39114560023256
201.99618759933887
112.56486612022432
4.89526281595419
2.392554484498417
-13.337439751757133
-76.85711542776016
-194.9498920508096
-410.28695113334993
-362.1406890554282
-861.6613536364952
-578.5070164934297
-1235.6955329594928
-340.97538837844405
-950.5286601478624
-1567.2811530617491
-306.2799097460197
181.7054472419186
52.71625344480364
-183.3507579419897
-460.7470199326054
-179.9790047719777
-311.2293903023914
-48.002570842741555
764.0598018240505
16.448882995394822
-4.386719882169236
2.9641501225507323
237.98303525714266
0.00016255762514435455
-334.6351089558282
-786.2035177542275
11.615135377889755
385.85647107827054
4.484312903106427
181.49158699028985
40.177631346715486
0.000289088081162244
56.758636684599146
-261.64181575145307
-4.241916840085026
5.144997242284059
-373.91727422699523
-112.10232553318554
193.9204169320883
1833.916921884651
1161.0091537022292
3702.8743558715323
7734.553658896509
4227.979018985007
1765.3809510848082
349.08147295403916
277.39309525753055
2134.6131345129184
925.5749047612942
410.81121386634754
245.14854750860303
3.140106357938494
-448.0528822750088
-430.25493797902186
-453.62688412476916
-494.45182177346885
-161.12631195918664
-766.6412334903961
-255.09123102152944
-222.49293850515758
-389.13897539336574
-776.7809566608419
-563.9863124519992
-38.82186090756882
-11.614331252856088
24.93588017975589
632.6177832959116
190.551099636914
184.0753644400774
149.85991936309594
10.70600357025676
-59.14254344188649
-210.50838541624682
-396.7539596781745
-875.884781397941
-1287.2015312722096
-1705.8659446052425
-2032.7791440530395
-3427.5102727896137
-1168.368978113729
108.63520761252573
53.96229673035042
-291.4825789199525
-2166.8627887243947
-731.9527108104111
19.13363922611031
70.80320827285767
-33.652527147699416
2887.769556018593
7555.621224147942
2460.665064885486
1315.5840124329588
436.929421502854
293.2839796290405
1623.1439752126917
712.1101716731964
105.62418742739382
1.9705994784314556
-9.971549461285544
-238.60501554564368
-795.4172433188992
-984.3583283798188
-1688.0194171410187
-5518.2318264811365
-7137.494983997923
267.47405244090226
958.073554836163
25.839567082695496
-140.38961951210536
-946.1305382067634
-194.77710094898356
114.01532421741229
203.25529224407492
-30.065961556962478
-541.0939712611264
-226.80109980548661
-66.62512405607401
1083.4521448289
592.3922156292631
-15.425059253426447
108.93869917846484
2912.1839647514407
4065.042976092611
2303.0927275655213
1164.0949231861505
992.434191953778
1548.5659558330872
1083.4638706169028
455.37922391641524
118.47094046297715
156.60416629901505
841.4121314966236
803.4731558202362
2948.7107122629936
3189.853118146323
1354.2647989130467
448.93236353382736
1874.8019293887148
11050.046898913566
4947.239517939319
8623.578793862654
37915.4261316169
-154074.18000000002
2630.016418974984
632.7299653178641
436.8065900846452
66.67680876115097
-375.0684310376414
-857.1755225151522
-1740.0661966095188
-2812.9382890901716
-2126.390429620581
54.404648575094335
15.125835559628682
20.946911022148846
3.483670319026503
8.629599404038974
-61.75742651000789
-154.8798563806447
-461.5416355027222
-1350.0265318239867
-1597.96657940392
-1050.0856925828298
-58.68075126760564
102.99855732319662
-47.176137116229356
-107.37986913176559
-458.1497358847447
-978.3769423349221
-1446.7155466692857
-2222.188797740534
-2198.4483197499108
-12.553934782894137
135.9985766865432
294.1042555498765
488.9351127068239
1030.188353836766
125.62096813666714
58.05470606207541
4.458940133222527
6.345245035731649
187.6680736095072
-169.0041420475775
-363.0803807075599
-52.31511457545258
624.0865349299677
-94.47871361737839
-443.73429502322324
-16.365798886442427
-11.017719025831447
-188.24267972216467
-0.017515420076879944
-2.725484612433081
-136.9525730951659
755.6630004675364
2271.6660365814228
34.61565987856435
146.34849228658967
92.12446714995589
-27.139444888222414
-137.81297901043365
-213.0306053217562
-234.2945626493201
64.48936877275187
480.0567959203144
966.4421307535492
-13.042294239060595
-1400.09073021532
-5.958019937184199
1824.60484501604
76.82750059944775
-479.13646909277975
822.4544243697859
-0.004731376119386479
-780.3000284766264
-638.1670969877874
-270.53913650657887
8.492120318470366
75.07748338787616
2498.8258370664003
1215.5778403696506
394.2174781930426
-45.44347653239172
-537.1632547003162
-0.11258310778756125
671.3900210898986
93.28604482838585
-23.068012307833634
41.096866509727185
-12.185123177302335
-277.4191550096932
-0.02198234026460014
-132.30789188371998
-300.323153611482
-619.9191510695223
-16.45751072179216
21.638130270543922
1319.5332367654298
1477.9598765092978
-550.7242657115075
-1496.3509144599818
2.991920003454927
573.4888178020233
1477.0848620375348
3065.358508631096
1620.943745713424
1537.2401570195384
584.7428128644582
283.3888420670177
54.22258168095668
1354.4428965744055
13835.93445832698
73742.85694047109
47665.865106292884
77347.53971801576
-12456.299999999997
0
-48633.289999999986
-66194.97
59700.398282010465
-148219.41000000003
39700.59303918158
108373.12138544669
-240945.39999999997
-7.038089764470639
33.97521847127233
19.364247457053363
-123.29314999308552
190.98090875074027
700.4939521662504
581.586022156851
511.15457202224036
587.3680864347343
381.5612251925725
104.29646487251215
131.21425018144396
71.52634412679765
32.14518596532977
0.49801738688896097
-14.631742882348346
-62.599917548458706
-159.37470228280418
-242.71492801454806
-493.92232722882727
-841.1382041562529
-926.404779907954
-797.6428027327586
-1072.8574424143558
-1137.4021077086022
-960.501951848437
-328.7504379972655
553.3493785445099
4020.93389356032
2344.5430076181246
1942.7546889493417
1311.1709051293683
757.9229413038306
847.5019327954959
525.6673764347165
286.87626450589016
282.2540947514053
153.41163103782065
99.27841601190099
36.93858166574093
50.18247321308274
3.741838647976908
1.2987435212890306
-6.736221907169625
-33.883444583748826
-36.670255539554155
-34.02953058155033
-22.282419594030877
-10.952349264841084
131.8503826946844
1.925598164445495
-0.1362312025944994
526.1047501195087
17.0073739179754
-35.782625398522114
-201.23191746453696
-348.72249931046485
-80.64254533341254
-18.361756858524693
-5.1266723888370755
-282.27321490161734
-311.54934559901375
-1382.3244414806882
-2237.3814024626595
-2327.935228243329
-125.6836666275565
-0.919749569278909
-1.0393210372440354
-273.4185086473172
-52.32116947533337
-9.560714476651537
-108.98028174910395
-973.7587769986824
-5324.1660634662385
-3643.6998383698865
3.1319976167082197
363.3363418157812
631.2723855126301
896.034745166452
971.8043168598703
801.311865047933
839.0239724762345
636.239776332284
585.1423326223161
612.0936268356995
411.02815993682805
478.02118985411187
426.566221741864
324.8339285607923
239.77830186318684
209.2478234063511
205.27898843911024
9.391550006313196
59.67189977293877
25.34041020020885
13.617392321553861
0.11155499871081243
1.9391479837154537
2.9733795781254004
1.7545303653200517
6.25863586950198
-0.7830503504464525
49.234417265379676
6.045423071011996
-4.714504523032025
-9.627612552909163
-16.046502179639944
9.408071416220952
24.900803636428115
1.5477567668091359
18.42225849650876
19.180367791422125
14.450273381733316
42.09474615361623
3.3238123956535492
1.1686545375903585
-11.030960891266787
22.132415750552866
-18.175834545852364
-3.948091033283864
1.4338075318325887
0.8921456908835799
-3.0213357961207388
15.491925179615007
0.7532717625847968
19.755587551483618
-4.290342733539256
1.5456258126215228
3.4867390213262706
5.377436032414736
1.5713544795300671
-10.628774755780794
14.221113488035638
21.055285400067874
0.27569765288551384
-0.4671042549359299
3.1070887479938514
-1.5809293596892005
2.310948164932699
-6.201100166956309
-1.80747237393485
-2.8633662068205434
-0.4474843300889163
3.2231958743711027
-20.668797651415765
-2.0904216688694697
-9.241359007125634
-10.847133631872268
-21.72131070699111
-47.232026656691716
0.05404378886410781
-48.958095254190354
-1.7501740388365927
-0.005141670334677121
11.872549569383057
3.5014197011633104
-5.645088446326208
21.002865419477846
39.738114584918165
-13.169933687897368
14.334522588393941
-6.7316503873629525
7.673735564756159
-0.12427842717339385
-0.10139073619599298
-0.12347763448153717
-0.028057304238988376
-0.32791623814791365
17.280795887011664
-0.15055830152933583
-0.02227537350199395
-19.73766673853654
-14.50124354022056
-29.54032837734654
-70.00829694140407
-22.30312227441267
-57.43374419214323
-105.13290876735661
-238.72222457119778
-171.3290809826485
-193.31704195722693
-148.05507788325835
-102.50678574524473
-150.85568974748915
-170.26534361994098
-195.52123943367127
-286.4275594105542
-324.64163657371887
-410.2105862377385
-396.7657001570967
-525.3167962475864
-737.4479024448704
-862.0680471624131
-731.6698813176134
-1263.016995758906
-1259.938103914586
-913.8141514719747
-1144.4585280157066
-1148.3985175665525
-1217.7727397598233
-1287.4002610239813
-45.08827787667771
2236.0744026447114
2870.014437776351
850.0631823999006
233.98956711717352
58.83715783763613
278.20706032897147
-7.164369514866465
-204.61567602579558
-30.845847187065957
144.42494035408112
70.07736773108073
615.3445252767916
610.0884343995599
487.2623088380002
406.5716811663933
257.8957441395368
148.21664927902944
2624.9009966529
5263.096475499267
2832.150504233796
2355.6406004152514
980.0747475212896
531.0320452856535
298.79739705873885
399.3362776788541
70.94675499438031
1.1070324767584552
7.712336823751385
-52.11855700199324
-104.78197526554581
-730.9478161782547
-1697.6803801573597
-4042.747808650804
-2510.810201810713
-187.80240628866107
-5.159077975098448
-240.48460546266188
-1700.6075551686095
26.369791474501326
1011.5711369097035
1179.7717704642928
216.3652654419529
-0.31330134026352957
-165.04905256406255
-595.004286604771
-846.3579837966756
-232.1927251455206
-19.159498134332644
25.301297359578623
-4.402767897102664
-313.5023730056596
-1475.720609111016
-3020.8321397787236
-367.09613999564954
-295.4379862905407
134.70251120819307
-440.60978375554464
4.298251327303852
2535.6239268096447
2645.0853384993247
2979.4504076349895
1896.1059441424588
614.8976629041281
697.5211598734079
204.56417549981202
40.314880250893026
1.0675254824530893
6.722375518014133
-24.756455622529515
-22.859684299163465
2.0962784238791334
-21.88194038959808
243.8369341918966
376.15751892355286
778.5642332082484
1665.574630273791
1332.2682830343215
962.9742189107444
91.45613282973285
96.58231810570571
88.9570344049528
-455.7654913185887
-2609.75820985331
-1559.5456297669039
-448.05037009408204
-118.35897913586825
1156.6534440311214
314.8688205069141
11.161253374602516
-435.57309905320994
-1067.5982861997545
121.77362355385287
545.253397360528
478.0314601739958
1112.3692475641665
785.6707367521591
427.9628151018268
440.42213601101236
2684.5744838319597
3217.821445719831
1114.5205858827405
465.11527103136626
677.7030612990985
19.96326178888384
38.079180131087824
375.10485847008533
1029.0263739787351
2361.3634745354507
5237.0343080329
12811.109609813266
62266.156089121534
148276.98167202715
153606.4167569559
106962.90574643092
-667864.12
1749.6074862390096
1633.9081413186295
943.9011002626016
793.748183506974
239.68094308356683
243.77510747364872
-135.22454764913633
-389.72490104766337
-1074.6467113935537
-391.204563848935
275.9791760972373
86.81115597972678
19.13061233689331
0.06929795458541323
10.832160677497722
349.0523477296529
197.7746487237166
9.745823656388188
-124.94798072136297
-391.660038289664
250.21824761548987
-42.88996123977717
96.67924347077965
-79.81332477043486
-100.77696692117527
0.043247512942693515
-10.244158852696335
-42.40933470541612
-452.83161137987304
-572.3943862780557
-37.95146290980457
6.247587163462571
-943.4456979482309
-1490.4598809684403
-1394.1523283103995
-1769.7665268470573
-803.3962980919894
-72.15740840305186
323.234887178818
53.11512755420668
-2.8570722855097093
-430.06714716550323
-8.410203021086296
1056.1627000340538
970.2751703763206
1306.0213639022859
1454.531461682081
1358.8996779149606
1149.902826238895
918.8395578348106
734.6832185893907
581.8563384520635
557.5896253728253
474.8661554364396
367.48761080697506
316.2431709951179
153.93976041362293
69.10599551853151
49.50999761529107
57.82445227660399
18.572476182119853
4.528592084713992
-1.4248696530997402
-23.804285306416183
-10.78719758682349
-165.22014659962505
-126.43531766726989
-207.90101304290567
-188.01259658672393
-461.3369478236294
-505.25078979127795
-619.2344486839526
-965.4732281861299
-909.5496186999902
-1020.380602951104
-1465.031038441141
-1714.93578226384
-2416.242886632358
-2595.3317538975234
-3015.1256239019676
-1946.7427843479418
-415.38320877005015
-120.02446577023949
-1.124480000320446
572.8803630405928
1869.532854779814
460.8408324301157
809.363345853904
1108.114556133617
210.56466306555765
-1.581277365742558
224.1069732724419
1370.9127020392866
1178.4840933803487
172.5132103942343
0.567738922199004
339.13018946751436
482.11749098401526
238.73501601609038
4021.9259300476633
2333.7234161676124
2319.5808714715567
1271.625852275596
881.1708623578082
404.26808496586074
32.99298964955943
0.5133773220692501
-40.169020836869024
-70.05188203244678
181.15649160945338
173.62543462719745
-43.757595735644955
-34.35171521472622
-26.764470812873498
-48.73243577959464
-95.94051030059018
-235.9982855160929
-454.404091852187
-870.3945109016963
-1763.5667534402285
-1982.2455571126766
-646.4422498962936
-697.5525930518021
-1067.4283998867927
-1418.513032549155
-2029.9696368361651
-2918.502794644041
-4218.9531124139885
-4214.850740847082
2232.701497148147
3430.859524448484
739.5731540997127
148.83938582599902
389.3070147701271
0.41789368003731664
109.57291144089378
-67.65859149944993
-865.6977260109223
144.6356275558
739.8024838510598
17.790898542295583
0.005027615333617116
120.5286688368086
34.80414315900812
24.404936834976084
-32.61213862481672
2.016282868256729
-0.46091264692275535
-2.7704963897182644
412.5994875610387
-68.45207020772389
-25.24592153423094
-1.3979723887351092
-63.50970053602331
300.26688371495277
438.395481000931
599.4602164637049
115.69719095678961
152.54926174740723
-207.4394885228278
-594.2499088422541
-178.41922830262752
-321.3018269250276
35.88729421863691
321.1459154364361
64.54643139118281
-20.347880660295065
-279.8753329755292
-849.100779231486
-1610.2410797654695
-1998.314854314561
-1727.1587680358653
-0.10103693267586672
-77.12645321574912
-8.48467140692755
-17.498087465627194
581.4059191864508
0.8477292845098596
72.97743735310621
-47.39782588257177
-258.0956403227334
34.14233547334017
-703.4785968241958
-65.42740825789922
-17.14344384205408
10992.805027429431
5996.594710906622
2784.2460151083196
1806.7722709087766
1828.3364952477707
6776.017271877328
4682.296865018566
1832.357022114288
2028.894038341579
1022.3757672492277
1227.5314774136618
622.9089518776606
530.2674924904326
653.6271786191894
680.0717952040928
846.573216723186
864.5153935436455
761.314304488017
193.65818027044222
18.751192312662198
104.03411838433502
13.295371201570205
-4.719430979831498
127.88333648923447
7.021951783902992
-2.458057115210395
3.8205641540032813
-312.4192472975298
-59.83305714420672
153.68847324584016
5.9393890933387095
9.612826436969033
66.45725253786436
-130.3150026996391
-170.64283451430504
-200.4009492340744
-100.7562491350915
-363.2788156425994
-635.6116765015547
-268.72459905803714
-480.93340031526657
-214.03110477582356
-202.26285160880167
-475.87874538858
-451.5689648709527
-701.5025702155319
-415.369587267112
-1440.8458076831569
-1601.682738701203
-1834.0275475176677
-2394.0047774727122
-3071.7661575348834
-5247.5677851651335
-4349.444638881088
-5517.405707161124
-5655.545739447155
-1464.8710932182048
2455.748314008779
764.164644516936
158.70270521195746
161.10665429574084
367.7988456387212
48.662574212821994
-32.987691385848365
-167.86903431872247
19.970270663238026
61.09122753384033
-132.8625135130448
-118.74599348192953
939.9719730309312
1385.1136848372169
718.9814777076928
510.95859647772147
394.5927705931115
195.71119788469983
145.41445154231172
404.7684472100041
270.8932251952453
21.045744935861183
-0.4703874864269516
-87.52050362541497
-280.26582215075393
-529.9356314620629
483.1987291769768
4258.042543390243
1804.3828660680633
350.0702398580892
38.09311398915126
-5.441600289662532
-206.3238077667715
-1726.4029797039661
-250.9108414252761
1117.3955200542716
529.0018863540026
487.10049294294436
1412.8290379412235
18642.093424223058
12831.401739198338
9495.047998374335
7199.447853777673
7980.490009280435
7175.988765273789
6760.213110987213
3129.5024505695824
3252.503709190726
10299.497231343352
9224.197076872646
6878.75737230475
8363.319510167408
8703.49240205174
6897.587226778145
7443.598213028976
13514.098720003796
24992.902887914508
102273.71118206464
66621.0185423783
73770.20883262434
44518.82285418878
37112.22141577805
35410.485087056324
32447.916480492066
38232.21057646773
38352.01357429352
44537.71636134834
44040.05492265581
46417.86058689395
46060.97809349915
38028.23362007007
36845.79021124316
30736.046329963945
36793.75889797706
40806.39793965293
50780.82829840758
52061.388374453054
51345.814417161564
181287.3826355621
-1995754.16
