2429.14
4791.586050081055
3992.87755011598
2211.6862285085363
1510.3648814847425
2614.189342989308
990.7560851147467
1271.8135633138893
1613.0487930673914
2319.6250527136554
4172.364119619172
2920.050120633034
1524.9723048844596
555.6240995675919
342.1515153590177
23.701926741915663
-13.9198789402133
-140.86931813768513
-237.37030945235975
-361.9888912866679
-598.9189797204118
-771.0557717113302
-1332.4036569160749
-330.64522489753404
1754.9873490785671
2954.023186215468
239.48506336614986
213.85542032877763
1126.1415780561306
419.72369898897125
135.93178016755036
-3.4328178291129188
-261.3005054103044
-310.26765761549797
189.23526585804234
353.1160910781924
44.86480478660053
-67.524051211937
-291.8193388647431
-462.0692186709613
-527.5014887486251
160.12417069214314
1495.8229584673138
5760.753836667571
3001.2123793204596
1442.5578062097156
852.0151671549924
665.290889705827
249.7825135163441
7.78193304574436
-52.02974625348904
-320.81754075075384
18.714550865206373
-37.00667166234964
-198.92731717081506
-448.33085112342565
-758.1199083311918
-1986.3709115023398
-4620.428724889571
-5416.770755284105
-1134.6719086081607
214.06285036990144
-203.0822271034441
-1286.4727778357978
-13.70214968476146
-49.06842528178389
-1018.7061007336586
-1038.2448795602832
-1203.770544874051
-2553.1113404791404
-330.2063864307423
214.68436947621166
622.3317123366969
2956.1940317631565
5079.403027464159
939.8749480056396
2299.3858624521367
1781.0126072029839
1224.8883593323453
917.2897407965288
912.4184050175318
529.7454141496227
286.0444627197114
29.574237937406842
2.0335102561376597
-11.05138637390585
-193.75742407417647
-843.2703071400903
-1123.4445566601203
-1607.414427848258
-1474.9876457312112
-32.66651602371478
6.373286126736314
-1022.2866311727774
-1123.1621062235988
-433.93195065404615
-127.46804157030382
-156.75193184786622
-62.60593666969106
503.9870416436901
1033.442359536531
1066.4343200291112
938.7795570278204
725.9107656544297
457.9239278382825
629.1725884513706
286.1375344254826
357.2205741316701
164.64835890867136
147.22957137331505
119.79297964628803
60.716331353780156
28.817104783207483
0.10987833736728667
5.9689647429141175
-8.638348967347188
-54.07587344544516
-23.927640339804583
-73.43692122794444
-97.95828302568228
-96.329857573454
-311.8785497396059
-244.57908319684918
-225.54165376248613
-102.9501044407223
18.31481166831491
584.9126107270523
268.6374140359127
0.9002950861757445
31.921461021186566
-25.69228315754667
-558.7018312014026
-474.57021720629007
-960.9188584370231
-1006.5149844128682
-1591.0150526847485
-2058.7068818574485
-1741.5670698882109
-619.4052473448578
734.4711072961904
972.0055773124732
808.0501180886079
87.42049540031394
-55.420545421369624
-54.521457693914854
24.465267445574636
237.06475618716883
32.65795817023105
0.12774731932384434
-33.38446069900874
309.62680349828884
520.9673335893696
158.43247091531603
-44.40001698644441
-376.45142910173814
-747.0374863587688
12.289990003423151
0.8539903165482536
124.97460273944758
101.46270238515893
10.918880797853657
13.208236276401035
0.12173161222221311
-176.17191204408445
-344.3901655224035
-972.4478741663486
-240.76736513152963
-172.89141301412266
-287.0360463478949
-137.10500274267332
899.417131206319
1094.6278453359243
524.7030501763759
201.85041148467818
0.41108559644225107
224.53154839839496
101.1792867724081
0.6277354259175382
-23.741500178536043
-88.39215738447247
-172.7398274958958
-314.2676685517868
221.9266135512367
898.0302896155864
57.6986474915678
795.6594946716107
176.25491005068767
-41.40510163774755
-316.81618335629526
723.8836508345127
0.04033305422514289
-25.87063940076422
-605.9707098156396
-1757.2419357623824
-1846.6948128672352
94.54786595507612
-125.19847660707157
-1381.475552615414
-406.26795099208505
-113.38167225032517
1481.8320192930858
2400.8550906651044
2133.0178562097453
1348.5533979324937
719.348431561317
235.15248785758084
345.0639698902339
761.3845183911701
850.1696279398628
796.4273010348281
769.9367832548184
451.67934049075456
509.38131874026453
144.71620914998664
0.42955050769504133
-100.86755503358177
-567.1056868674768
-443.9332662159252
-350.0289945542003
-599.3334220927591
-200.4614388427366
-252.4198201995161
-125.57932975357828
-288.143561648184
-329.55753440719036
-512.6172732621405
-723.5305140041238
-921.8524585037976
-1062.1856840414202
-1601.0375792346247
-959.5550958226238
-437.58512995125716
-0.025078153515973783
222.33783974834805
84.50172725264672
76.63326692152272
1036.1139281790968
1772.4009639393682
1976.3032938455053
1248.6855795847418
104.01389232035132
-25.96319076461251
-440.5586488683311
-0.00953929024476582
0.12900528126964028
-29.7005893978543
-186.03170386865827
-10.789197770448851
-23.011750156063215
-0.1584597384327771
-178.2524193417019
-84.07836457047668
49.58605328298725
65.2723578726529
179.3765974572098
13.72411717182991
1.761132559664047
25.965524340268956
-17.21060590416061
11.893932511641893
-12.48020142165632
-17.464005941115822
-83.63631068675465
-327.16172647043004
-85.3366009108515
101.72009923150142
480.92515309339615
423.77402129861287
694.6039863412866
474.12557268368823
244.29979104945826
322.98492489961257
305.49083227059583
304.5207723863397
159.08715564111267
103.37535241209761
52.02317892058261
229.7067698257885
126.75227939183281
113.58282498368837
9.231084307531749
72.66687651709135
20.51491925333611
60.98523670351135
61.786701963616416
19.964665429004388
0.27528843100436823
76.56397848487148
-0.5660239618855872
46.83575540242882
-12.729640587035647
5.440710312410472
6.668353958241642
34.90506626615659
5.016838597931852
24.43059367390826
14.373910031697681
-66.64761105695149
-6.509430413286266
-21.14039798678101
0.23969242564414175
0.002204386107814329
-23.050562874251614
0.20013971618463355
-14.995174870628542
4.834518904954792
-13.696202520550353
30.730574770647795
-13.74504798324391
0.4573255897766117
-8.721305374512635
-12.067130132522177
-1.6339108976360683
-35.029576194234394
-34.0827326998473
0.07217526664897499
-25.167545163620126
-33.945439526550174
-18.508018766968227
-98.06738179153446
-23.285344036390534
-53.03073877603835
-188.75765013766323
-103.19887289132775
-177.09284806429528
-117.76663601336625
-147.6560064970066
-80.12640391836732
-259.780478571814
-350.6446226442427
-247.5479563473529
-328.462629500306
-284.0556834890884
-352.2576430323015
-210.01654183852037
-312.0660127955724
-334.4995346632661
-471.7461489322211
-87.16422084081546
-11.226167161584737
-0.013571029841797071
-3.7636232293526257
-0.07183562579564257
3.1353092000715916
5.1531545077283685
-11.524481302851045
2.49870603139268
-64.96983037237797
-27.4575486701608
-38.3125924068217
-9.60377690465824
91.52629419712135
1824.0887866498556
821.9373311024967
132.11161206098575
-87.671208921138
-396.10890852078853
-190.88309015765668
-146.39701396408083
-793.74921953509
-12.212201832910296
-0.08121661765203347
-57.212479141318816
7.413519198341332
16.969606304620797
-43.764608929202915
-32.34591858256178
-157.72592404295932
0.5724828217379626
26.874173971097033
91.06989622717568
113.97656145311258
96.85737057821808
-43.4723008762088
-361.3332832312314
-739.4889569189269
-88.67586788136609
-0.0863166336356751
7.60794004241836
60.1908284252791
390.444860370433
337.6869235136175
410.4875617648278
115.34891842681994
2.727078639182521
50.29917095088387
60.99885942546305
3.42780499510289
-5.332623502769893
-44.94170312625044
-14.206861142892706
-29.24050010187816
-53.321811023832346
1.8278249187343807
-35.659661657837404
-110.60992650704553
-65.62347527437672
-170.30828177539877
-0.4184229238754964
-5.680643697897432
-61.76882253917731
-215.6272294654272
-286.98594018078296
-456.4964046869606
-369.416643201342
-418.92227910782105
-364.9894840833938
-396.3480648904166
-82.11313252525775
-427.6740967902194
-500.3180831209251
-323.63699425148434
199.86343228595376
257.53184294351587
316.9169180453962
1486.113488118377
1600.3882052930871
26.568442914146033
5.137936368074554
-0.527920131193072
1453.0391510922911
4876.8863066474505
807.0228015785933
-0.4501434223130234
-208.08707611810905
-203.74228201369166
1944.2639226787792
37.91429765083606
-561.6006371711694
-1100.1979072568035
-2905.5311325602306
-3729.145056824307
-1038.052616111538
3.531302358433668
450.79606398247495
426.3011785854436
131.39586994928553
4.549838674239333
-74.85331554138315
-40.998063731952215
75.21213552958434
447.0134747186689
80.52284498476202
675.2702902162305
180.40109932967232
428.4069240322958
258.3938374425817
-0.021515905595132726
-281.52223156033585
-1363.027652081751
-838.806608349038
2.8292485926071187
-10.57428204734636
-280.73763082531366
-257.1917905540122
109.4170070716392
729.7125994863235
442.37797335441047
460.3958953604302
401.0512275645805
412.2522655328166
650.9496985215096
478.18016525901913
784.5508222204337
189.07842721112286
322.69675784903734
165.12144223869313
455.82425290212933
180.05708669345822
103.03688604951526
93.05849909899852
104.57687009282895
50.99782325058882
34.60447609926141
77.43839734412664
49.260078256174836
57.62851378199617
25.681194646264778
3.020550048626196
0.676052731278151
20.318838292941887
6.619331072621544
25.21478161457282
3.6717467093780454
-3.0057640321208945
6.39935180940676
0.05579764552898254
6.154356994632025
0.029297351224848403
12.169585123995363
0.00016677930509802815
-7.999941249555172
16.83187904554016
0.46523991348243926
-7.926990609134587
1.8395204036003538
0.7816576466712124
-1.0358676634745947
-0.15154281262589953
16.52841603424345
0.8519004709678646
5.186382553489694
-2.7962849586993697
21.33422413016634
26.959043567094746
6.0835773659562395
0.8772328962011031
22.604054819580007
-33.10314449227626
1.7239204421862757
-4.342645133697032
-10.834943490556858
-8.41685038907412
-14.605924189234486
-63.7088397638131
-22.795493568329782
-0.3194260398559976
-14.16313474673774
-38.380514392729445
-13.46529632479344
-14.406318766913756
-65.94281261566249
-32.46664086174057
-95.00304165565673
-8.12228048180263
-87.9265057975752
-50.04227284097425
-47.770564095938084
-110.10141016431035
-147.08879344798095
-262.02384972096024
-139.87874979693112
-249.2597994215409
-307.53019935354473
-176.579499850736
-282.8635464022227
-342.49398902270894
-214.532047132219
-308.68439571811655
-431.3624876331058
-250.76290711665519
-213.6963471390706
-214.65121512587578
-66.89486719932732
14.488077690626909
1321.5860477028903
2832.773350163788
2865.8465529260957
1794.0641817431663
1021.9662459674312
676.9254162996302
423.1648151516803
189.94398566311762
78.28273463175692
8.993714169584617
-0.4955286234611598
-52.90525121262752
-120.10940810916534
-263.2285021515647
-319.246353942885
-582.0453397506614
-670.2266081907703
-965.8151178659942
-1118.6057127159438
-1325.369353863367
-2446.7865812969303
-2531.6884520427034
-3748.371775565548
-3597.2842520545823
-3106.3084688846725
-2136.05458018731
-427.2223521597686
602.3089228327368
699.4851537949928
17.646684513448925
0.19989641083407245
319.63769041607105
118.07592087569066
2296.845611521092
1124.4812952636673
28.463986348456096
2.804142796862778
192.98177341346664
-3.6810918890765745
-45.60290612997853
1053.7388138913118
947.5713247490795
-28.342849101549042
-313.1736773184438
2501.1124323886065
1525.8309995164652
506.40184406732476
272.63334742750044
-38.00699749526588
1.0219228864721992
-265.18809146264573
-432.07385837491836
251.2903695994509
1998.5505757263304
1548.4059561163422
517.9128452525489
199.2926485734328
69.42192272658846
61.68455275946195
159.64096958578983
496.8066099038301
245.14560339979653
3.132046609390629
-24.931509353426303
-190.78600512698318
-243.82538518158742
-611.6438871762815
-1666.4653748939559
-2057.4082048275495
-2888.298469867821
-4714.15451913074
-45.24501622906692
-183.42372475447067
-399.8832880451627
-952.6751753906756
-715.3787287270438
58.50627264992336
184.79850679911743
-217.03212698046434
-1376.2250615580551
-1383.408520005028
120.15329360703107
57.73497363699866
-463.32991528391574
7.422429182664527
306.6810834077403
8.446025672471619
378.51549604803523
780.3661310055713
-58.90569050296272
208.4769778803131
362.865527330728
339.03361766958113
127.95530712964715
3501.1626001513923
3931.7436079268546
1252.0913379512326
171.2884689829606
93.43247596899158
37.24084238416653
5.781625906163311
-15.188353152339264
-202.93956445150684
-1297.700363506679
-2539.338491575013
-5493.991629512588
-492.85510858394434
-18.752442892786874
-177.4772640173113
-2.316035869545434
-72.49380968250937
-5.316880221450733
-351.60897315626744
-1358.2085382627588
887.7325921359131
299.13895128241205
223.20341793675033
23.188117585292673
13.376758679787097
147.9263962166915
-141.5811828510096
-779.8890031859171
-38.0597523815499
-10.736860966496792
-669.4345509319612
-1759.3784874979997
0.2250705375179161
-329.0757251850039
-396.786541291271
-1626.194955262404
-2424.98951206669
375.9289961537578
1025.8198311855244
1152.2547539339507
1289.4998521009825
965.3341828527009
631.8883796530955
162.25831193399614
-1.7278845156341602
-38.32624392509539
6.371274300031706
11.85461106839338
-33.745475541254486
12.86703353228628
365.9129589010529
264.2090789699054
-262.0902603968995
-2.929428059027761
200.1947848807175
132.19582667730128
65.50580445652163
-207.5944719993722
-780.2636910434894
13.729913262174938
839.6176675184515
4080.3320665026095
1651.1123628871978
218.15301238632867
3.372710280549607
-131.97201983133556
0.022524312498033706
1529.195640440153
532.7990674277398
-128.2476194680866
-0.9098647268907925
327.4941365897446
651.6658762876298
178.19895839171699
56.50732473096386
-41.51928167037201
-213.87379751001993
-212.2043552792947
285.72848085564794
577.2692552546218
1245.4470651059626
60.9290330887702
-894.9005623525884
253.60677216534106
1553.0467193712238
957.4174884144975
624.4744409252157
101.1612477027303
144.50810249404554
-4.140701520675556
-148.21000123698502
294.09773062957845
101.88721307564562
21.37431584389052
1.8706468674199845
-70.12525783801064
-612.6598359014665
-2020.5311230850948
-3582.255081406594
-1239.4992760119703
-1309.9381308439554
-2114.1898003535152
-1249.9101674523195
-1418.8344160257666
-2847.987121478339
-18.183092653299134
3634.0743360041197
2551.6513149916746
1874.7011729013398
898.4925294536192
709.8945996203979
1312.9554177324733
1253.677070479666
1103.3342826979722
1015.7920348369144
791.9575285759303
608.4210096504185
524.0727392320991
295.7693000042755
267.8533335860201
194.77160571132396
124.38419912813973
132.21955552970996
14.133582071458129
32.830064643579064
0.24444901135729102
0.5236435045704033
-2.1276441244060202
-104.15799502859063
-32.65205705984731
-219.50889129728284
-248.20966953545437
-163.64154554230373
-344.9036022317182
-473.3141981118148
-511.6308810817048
-446.07686823749054
-768.1670516828666
-251.44130699390277
-621.158917571545
-2978.1637184578685
-3619.602893643646
-1452.0364248437959
-1341.5724493734258
-1044.44123936306
-21.690707484986255
20.528859243908666
-16.163126633841426
-0.5348316666002785
-68.28468145668941
-295.26820904293083
-451.24740123669676
-1802.3166513151782
28.63564222640352
417.4241408885762
397.6323959174923
423.78480334956845
208.8020391703982
127.52572322969498
73.90180631100245
-1.639956452673087
103.97740737815025
11.027100156403836
5.732994792731263
0.017304298527952965
48.748818209344606
9.885366057739652
35.21380402409202
157.93572815977785
222.310649519393
162.29341889656558
67.81496649408061
126.67306059848114
78.57552482020438
141.92819286863434
103.57873130601496
443.20188833042903
1251.176109846158
1491.2302944261228
1135.9419716139607
406.8859229509824
425.7992440537946
316.688721423789
92.7051247454712
-0.2734334945183394
-118.04817214085551
-295.5309667630992
-82.6660104046871
-123.73468651135829
9.857419072322585
5.896746678358288
-0.28597424851485653
-11.431023815935358
-56.079365119018846
-140.2249478532532
-107.22543065776208
-940.9398678617289
-1086.1464927974876
-146.12104581471056
110.32155580770589
319.27947522854186
93.18304625386693
140.8058051559098
114.93480298324039
30.791375926175693
17.738534790892754
-15.097480569051399
-0.7511438796325615
3.4128540006013495
-10.468550211114193
-37.94143380038051
-74.24903350477827
-158.29743877851922
-137.34302631706012
-192.72556796354476
-209.472522256815
-346.1349118032423
-584.5377180386724
-475.4454162749089
-497.2306505060597
-582.0294156579299
-402.26551032846237
-586.5498864583624
-5.886871659382091
1338.024205939656
298.1951401557076
479.8502874920616
2047.093223857412
1398.1660798843402
25.81194086193341
-318.7709763765521
-1360.9407346207795
-2529.4014762347406
350.1484145605642
0.17993174072980095
-233.79461119146785
-505.7069594093676
-256.36396184447506
-678.6700898413292
-1668.8190938565062
-12.288531395700414
211.01454081146358
92.41342513908697
109.55346081702642
2.0106370073085293
26.35659490020877
61.73102604867751
70.29819985113149
93.34269602865771
662.7035111882956
512.4548250430767
414.68893303632706
361.988651645629
329.5484434168826
352.6098173916585
367.7947607205886
215.00509011002407
206.24995798805304
101.4478765753772
132.7725771015336
38.7931312183389
5.116425565171291
49.692851193840184
4.823322414413989
14.983043329554727
29.228323753212006
-0.13515944513278313
-0.2539032655984912
0.41375656412913264
-9.024802144111828
18.766702047440845
-45.05265650224963
-43.07685766230568
-38.17488266429632
-56.333609734315615
-36.76979027153068
-18.918633131748635
-79.44299660731866
-184.08953953331053
-98.08532170735691
-290.4943747715411
-199.34387762602293
-193.07228250438004
-425.9038373899145
-348.43966147853524
-551.6031539600501
-346.4781066352242
-383.5220967325995
-495.3052537671142
-400.7832767612833
-383.87682373152893
-169.5738766996292
-181.8265527976962
-195.6190115504688
1.7291255541842478
799.9696113171692
3369.2993530784474
316.67564417575005
105.96314711667443
12.70627179922348
257.55267478256
-155.40441471185835
-573.9062450193493
-923.2241976833103
119.6172155146955
1297.0689974043005
1417.2024249354733
926.1178756015869
629.4067893491314
554.1174688990325
395.1615763427368
369.34805632867904
418.19946881711957
207.90515560093223
274.2156575681769
155.67511384841998
50.27858457773108
50.23001191300726
69.51402172324694
105.82890664304713
-193.8724788616555
7.24198336972634
-1.3010530631823873
-5.775180923270502
67.90402832795709
12.946113323086742
22.82031472727764
4.920324907802084
-4.191318239424532
10.656376963546888
0.5609407765196974
-10.996161749404292
16.724791836734745
-15.80577787117655
-62.79765662355369
-41.237524053279415
-165.81562067802602
-138.06560820759023
-331.11525720345844
-310.8273001424882
-292.70206068385585
-693.970583649072
-535.4706401901446
-975.2734382092254
-1152.178306701745
-1862.744041067589
-2137.57033115092
-2862.3064799766325
-3517.330056391404
-2811.5120652533424
-120.66673659732469
-345.1168797626986
-193.02390070786893
-22.768438596876187
354.47272284223607
195.9251331810857
70.24049471772122
1.1926485753007476
47.48576248482308
707.3446566523861
5272.44344857473
2091.5128762964814
750.4729002315972
452.5803084716589
584.8643479292125
281.91348432373553
1.6344940615981849
-653.1365269167178
-617.7669729597606
-108.27579347668954
-140.75827252758896
-86.18414509749638
-293.36842201328625
-615.310826699796
-507.6385362342902
1047.8467519315357
2424.067904764106
408.3655739075433
32.08881230799384
-880.1590606243187
1484.5211137906103
6264.738887132073
4332.718577958045
3053.3927550943135
1991.825963094031
1734.9219175170313
1471.5087625120336
2007.8853992542713
1105.8931566748638
1197.9012272182363
1215.9646221691546
1059.4556242774574
944.3542356759459
877.268426706778
466.0796343372431
471.4826916812318
171.74424024025066
37.824033869739075
-0.002310883429130184
79.51364061320359
-50.36357185195194
552.5807531855156
328.4911566157127
138.95579461203732
1.1097105068889328
0.8723344166350258
-54.86956691811931
-34.747690061178766
-246.76043296138238
-572.0887622227748
-442.42415793925153
-846.7126658233736
-1050.8762655382625
-1121.9777375822218
-1464.2364999949095
-729.3290905061493
-1192.9801371803467
-1250.012863439425
-1632.12482389059
-1497.2978279364731
-1897.4213117782817
-2314.4446148702737
-2543.5810199659754
-3099.0294350812774
-2922.6793514193487
-2929.126665990999
-3145.3333885443744
-2442.3720759214866
1712.4787661490818
580.7997158326868
8.3622311564176
-861.388139250678
1.6462374917282898
1381.5892024078391
3.63585142675765
-520.2601190378475
1710.2881983786376
762.1368659713069
280.0186820010655
1.804315899781001
-157.1482891791756
-1041.1265489215443
-3406.889821672925
-105.88705095485867
-15.746577114156523
-1040.9262739151552
-3260.861990129886
-4907.837302426977
-359.13764791853055
1675.261455604655
1474.3509266396907
1724.295073864637
3003.4195564608617
1442.7455352685654
647.1159990671534
202.1793302009927
-0.009083576292595135
-29.429985627646722
-620.8303999046343
-1259.4085751049777
-363.6712037790809
471.9919928121998
654.1055146247037
761.5987695404735
252.60635651211547
272.79808137734983
139.30020420561948
27.48250095886724
44.59823282526294
4.343371262089043
64.92055361723183
1499.4288451013708
103.48373961021765
30.754144022376078
-0.8206720793026788
55.56454890028052
123.35820157780563
103.23234949702687
31.550884520501135
13.589006010496812
-32.85871820987242
14.664743707610352
385.3839123558945
1367.3476419070873
1305.925101702941
755.4114510528918
607.8205401796424
383.52713656407013
165.5993071281664
27.75967144528451
-12.877099927690384
-23.504098629667475
-93.4680968196079
-248.31401770455633
-306.0374552251353
-680.1217522146396
-781.3884395750878
-899.5258796922302
-1305.6129180034868
-1684.634175463603
-1627.4363833948714
-2484.119263148469
-3175.7340255840777
-3909.90148351022
-2134.8000598495473
-56.735703192241445
-475.9047817983159
-1132.198487918416
-981.3977071342788
-521.5876119748733
317.2914616313413
40.989560021896814
20.539243586489853
306.4907327773494
-345.75211180528294
332.8810391779085
219.3928257887691
1336.3454927870036
1671.1948292078894
116.53865942200905
-82.61083753254574
0.5150892799857729
-110.25412363027974
1.8818276045794455
454.19946961037624
1063.3957535175841
123.90968790319825
742.6637810997561
150.25496450238853
-138.8637843384466
-2294.6202259631746
270.00862721172757
436.6700718562048
-137.20422008091242
-342.8939208608051
-104.63376193360732
65.0956730861777
294.93741767924456
27.711100889998097
-17.377499545405918
1124.39979606634
1527.9399797625706
440.0466047684505
-59.116895110464306
-1919.711068175213
-3051.4888783126553
119.37822991243593
254.32585169097314
146.94057046438192
65.51945271845128
-16.93963562906484
-26.774881958104004
622.0123464277972
119.39171862553758
573.43816449413
686.2611257382331
24.45425293355151
-89.5258667033163
-756.3332549242704
-2269.6042713319785
-2849.4375959735808
-3.3905615246258063
148.80321939828042
227.96346069723654
483.7602850665262
253.8120382763947
59.329148576426256
19.04070507434804
1.82870341122233
-35.460650138536856
-22.37352943953643
-206.115493618576
-263.4190056153456
-379.57153579378735
115.87079346720228
594.2374124177395
1697.3088902841591
924.1766659338739
489.32038390784294
38.180539575424525
117.2637619303336
13.215034120374739
6.293707112375018
-65.71865091108862
-316.8989771404763
-495.2979912939514
-994.5331997900157
-946.6754162022874
-1038.31809557628
-1040.2672621072375
-154.77866282802597
1271.472252452704
892.7927142588829
202.97534073617814
27.610588268038335
579.0650560404508
1008.5951067254116
66.16381321093195
125.04664495470298
-6.188410580041595
-25.543596731813956
802.2221335025612
397.3988599875828
-0.06251846947107577
-27.819323500530835
-227.25029108157236
-112.77081479611596
1811.5583251620255
261.0358792072478
-387.9727871302166
-467.30140458543684
367.9546928747326
4.6737155176608915
-172.5626742142405
-597.2197264439637
-2072.0529694958946
-6.066215913817586
18.397731913119294
-596.9775389553915
-228.57393473082692
-92.07113536611254
-897.1254625905183
-16.30791312107466
20.292913028061726
72.13287614264979
47.75597985493011
30.11749575774549
63.07540848684681
408.4039550637941
309.2584341874384
-433.28732507682554
-2081.3260559892387
-31.714743545961362
0.5250041997526275
-11.51416805633689
-0.026808173291836285
-126.28976775336965
-354.7517251764703
-581.2541783746071
-1325.8925513737418
-890.980260070799
-1079.4998852406732
-23.547528916099488
610.2102184275952
26.123982523966234
129.90174550761765
191.49271287289076
23.709122281209268
1540.8053287949238
286.69360797287874
2380.6735514461716
322.1589678072151
-177.42936488107128
-6.623728180080935
402.66272987006374
1.4100810091121243
-905.53024258079
-8.43270059282096
468.9284274837927
1985.792754417987
1598.2201616000052
376.27665098001756
30.53961141578682
-125.97785421729252
-416.64581172413637
-1525.0773353238117
-1068.4935758407032
-37.38979319616168
444.92571503696416
103.5687781521146
107.0993120295368
3348.9200533788194
2089.01162392874
1351.3649520679462
1113.6891520459494
1947.9044948448682
1427.906063537118
1861.778883369136
1046.162354733532
842.412839415419
245.56174505989958
162.09813163628758
126.82708962643888
56.70801661411673
171.42909108265576
128.0020861864195
-3.854841762714638
-376.6243728528001
-314.2376936292743
-654.9521894589899
-2634.184783320312
-2512.8094069346607
-2202.6304187739397
-1474.0359183567334
-3650.5125804107474
-1394.0510900667477
-2855.0223622462445
-2303.097273526511
-247.61500734161382
226.1565600651993
95.3967514962034
109.0743339512407
11.986295022463596
1.4742505181478631
139.94401648774394
221.53557652375318
171.85688266963467
0.05763431043478401
-324.21686710271865
-373.4045373281594
791.5693156809891
947.5603200199765
-223.421742855001
-1461.5178646470613
486.74283060578114
814.5877650489692
421.4774585736834
431.087153923555
299.88149941827123
197.78974180172028
262.18856845769005
183.72858662378474
115.99599523246769
20.62976838368628
3.876965014174017
-61.04171404468383
390.5784655500903
669.9211562348601
668.0003935981647
1100.666236548145
848.9418038607248
662.6640283741731
657.4088285935752
373.7962455071526
319.8054346396686
185.8339038231959
128.29678543120986
146.1801119197548
79.0388435508869
112.99093633435577
87.98112245563652
250.23462580346802
90.75124880685298
13.290848286483243
44.77573737363607
30.47380317121128
-0.034216121021241205
-1.0686269306123555
0.2482621636599184
-0.8870173168749758
-6.1424093788033485
0.08282501954192496
-75.35536705283977
-152.33027864007823
-120.29631728722627
-198.2713791967601
-338.4522652752153
-693.1878654702825
-588.4826356569965
-449.6607898917698
-743.4095689422057
-748.4881078461093
-843.4972500114453
-558.3202150045447
-282.2517634312732
-372.22143871459843
-600.7652890581511
-936.2643256053847
-826.8526409643391
-979.2283579933996
-537.5888538728578
-404.38303611488914
-429.23841144237497
-505.6667157314299
1019.9574130399701
166.39101806662802
-38.111473274048194
-836.6518476840286
-1787.4532868869276
-353.65101064797983
-32.67177387979426
46.89740019582942
44.08771232159717
-15.205400169216652
-16.743812479344367
931.9617274978144
72.85446126340292
-119.82894127087368
-666.8147785329008
-220.18732598575417
-12.893097914476895
-111.75495315560187
-174.5194281625864
-500.9447453851194
-686.8696862028736
-836.3611023760496
92.95147815626588
656.9498420338753
19.635927890765313
-295.43105886576825
-808.3633508747188
1677.8815675398814
2208.4180463763023
3674.3818525062147
3914.4402419717426
1212.7705918064225
457.0450497383451
374.5462381027986
7.556079128646446
-115.93041683650435
-526.5665549885546
-727.2496848174893
-2849.7833190098568
154.42506123600066
-89.02395914635254
-689.6423417014331
1558.4969162736115
358.52018237082086
149.25078891094458
-22.09410297143286
-86.90464359679316
-302.59413333957184
-893.6872820694175
-3364.9300902706213
-806.8656409582447
-164.74937636983026
-489.32730310344357
-86.39425165860825
1203.0369605687197
1869.8728655051025
1417.1604405745136
239.4527948853026
37.618863043177626
155.27580368798917
21.85244792672127
-1.5798691869055448
-113.49855453825894
-193.50790841089514
-181.48737443265446
-43.51901711687699
-579.5583289801217
-15.20213639066936
141.3625350811056
-17.79544085796693
-128.0191714848073
-56.48961513067289
36.8344696012801
433.3961830485623
28.43219607256794
-143.29095612265968
-192.96002048459542
-707.9837229171366
-1265.516203832893
-1.9989770958300235
-14.202438915498735
-389.2010811489195
875.3341210921828
1109.4838785715485
1.9726189782613552
0.18106376842257352
-234.06604895220568
-6.710841039645057
-3.81286895276982
-745.8607779943723
12.04578055694719
1056.4587871586518
2055.0168350522595
2020.915497569316
2248.0836098345253
3680.6888910274306
2617.1466830511636
1548.5672617855132
1699.1144279836556
1282.7539122897956
823.2576793255057
902.7760183869527
386.28372972818585
157.3131349028651
75.57015095722903
31.762786942577446
13.994118246805948
11.812747372639427
-19.428845811430826
19.170647476283186
49.4007383546958
-20.44780391423416
-6.399278468827246
-264.5713518186152
-850.0771901239418
-1379.8715849377732
-2360.487876355257
-1819.5517783583564
-3200.5638513166077
-1314.5075987215096
-1003.1134122445743
-1056.640573117499
-729.0867115595456
-774.0057948534549
-1114.12028340232
-1323.8007036089775
-372.7206640145462
651.2037999218585
-187.89979394985428
-530.5020361789718
-281.72480166675774
201.28490081819598
726.2845533094348
233.22245524296684
-147.31592146128497
-973.3547834819966
140.85347922295463
1308.89200560075
180.0898073960605
44.36120140581527
-555.523080817207
-2248.970248101723
94.09250541469258
1026.1040459837425
242.14178151043748
2.465047464371553
2.204676233283145
113.18381309345351
446.66101963651084
676.5461232354202
316.2198751736817
79.38592869805996
755.8996207981304
646.1848217937452
262.8678897166981
-1.9980550639619872
-46.38904132892594
-38.151989728759254
-74.06751674645021
-31.07056530300138
-132.24447160756125
-153.0629862020649
-285.14194715726273
-177.66213745290275
-235.73416898537906
-141.18383700345797
498.71337785010263
915.5234024657315
530.1551414587923
207.48567475349554
-13.791193714342722
0.8691664805670004
-293.8410524891277
-374.71186525511723
-465.554757520503
-152.83503946322264
1048.3881576514627
1.274257571986749
-554.5147678299359
-3.414997646757654
-168.78781891305152
68.69393644903357
1971.3914345782691
364.1221238936257
-29.46436823415098
-1203.2782567688755
-2073.9001028870007
63.1067629073287
649.4136986597412
429.2067935043708
316.29219751687697
264.6153776983472
249.62963332157335
72.97284897455341
77.64842195630726
119.6092804589864
196.9101892242182
107.1825316037113
47.1196913600466
103.55666689814821
275.1231323717652
982.7388324851581
401.57050318376025
753.8297986660339
301.32970448244293
10.602842937324912
-1.8727513817604484
-25.620095301468808
-0.22432947610171353
-24.37759812105487
-571.087075442706
-297.7760365376793
-248.18855351278006
-201.63274342762992
-464.3453790389216
-1693.9335533771207
-3247.5388771062817
-7610.588594544985
-2942.1218749544805
277.6846998296269
773.2996359270635
1318.5278874648725
192.01313948046865
947.5186992002967
-20.434666573039006
-253.65009210557113
537.6065040913794
1489.5615644019904
2092.1135511797847
1421.632747703904
1194.8616871003132
783.6243168399724
676.7350456323121
690.8175478338387
285.58420976824925
290.40720802662366
194.93110745553167
301.9018652864959
101.92359484065432
101.37351875428405
65.20489914613218
58.624420276502875
52.20657174858333
9.62805425801815
-11.843808261767013
38.36815112213751
-0.039389372355462866
-23.019976954334503
-4.247721330893127
-38.48592702962033
-190.9599645625825
-101.82774272106144
-172.4397823789585
-357.72435296723563
-422.85705820082893
-504.00195293170486
-855.8313177179577
-287.233635987157
-0.9552909200998262
-0.0007219400618135751
1.2799051163412247
19.391265089841106
26.595045398986905
21.865935772033556
0.25674896119724355
21.44669780656315
4.679023968135297
77.30797642296457
90.09306018946211
-0.0750045904460526
33.160251000078425
-2.6758950171516886
-6.440328188213144
1.957024255938527
-0.47083906857189817
-3.7153400808032617
-22.79335813021103
-7.986275441426293
-17.914751786211635
-5.535086655221443
-12.166727955219802
-8.116776446764387
-459.9512208874229
123.10618391605644
-440.2528244212059
-77.16464344207223
-29.44198506506216
4535.609325653631
18881.695840709843
25487.857008648876
49380.34389609999
72542.29519984158
82647.70287071544
121580.13065974793
120520.48459643716
165506.12548380153
194301.96012432297
228743.86772666982
264203.55255240045
336493.3409164143
377225.65902877913
477537.9427592434
372151.0657454346
181999.91689472503
140212.2040603172
206340.2185592897
228246.95137464663
283715.6134434448
322600.60336494196
404718.7237981614
431913.36798756226
442530.71860407916
457244.7597800733
496036.6793845938
500815.5594921973
454703.5713396846
463895.0318968467
529685.7242866587
545873.1368105763
580403.1667645203
567641.1730033134
607970.0012692749
603638.0008516595
692216.6679394442
778641.7366264004
905412.4655817269
1214254.142129111
-2276522.2399999998
-1549154.26
-1508482.2400000005
-1523345.4700000002
-1290718.3099999998
-1285832.3199999998
-1320678.53
-1153889.42
-982963.5199999999
-892951.91
-1061347.7400000002
-878174.4899999998
-39961.17999999999
