137287.47000000003
0
-8972.79
125431.87514037846
174286.8312681746
-75673.03
-52369.119999999995
-36296.26
-6891.320000000001
-2996.45
-1560.47
0
-11226.02
-12588.660000000002
-6906.320000000001
-14351.750000000002
-12337.28
-422.43999999999994
-13094.66
-3543.38
-26569.97
96457.35585163714
-58490.89
-9590.09
0
-4354.58
-9190.29
-27060.93
80765.45587525894
59691.43741256095
138626.99184648122
-151946.23
-116854.31
0
-520.16
-18313.86
-49181.149999999994
-23266.290000000005
-7593.61
0
46968.162369231904
39817.02398532766
-31975.39
-78635.85
-41553.41
3916.3812082890036
5054.204134961556
2948.706614102183
1865.6081573977044
1350.1949311329215
1086.6583309795874
472.53832949119806
447.40310142576266
343.0297863329887
196.27450046325964
167.36760482061553
163.3653266008396
14.041385651457176
27.62243306685267
11.197091880318336
75.34069983531086
29.21531075241808
79.88900126913133
787.2627208995872
2116.7615062327477
886.3424184851938
526.1757878138542
391.83701257131605
92.12626048853645
94.18310726086003
116.67764091001511
423.544683852669
660.4546327585422
518.3851185245845
167.3421390813643
2.2034304217591236
-78.88824361718741
837.9024034609095
448.2690728995142
88.4491640831984
25.724815010250694
-0.006318602734484543
81.37571422574207
-30.929332918516316
-224.3740922747956
-79.73719323329428
-186.1231952499416
-8.34505360077647
18.553132560077554
-151.82342362201547
-13.389080026926477
-270.67919021784996
-312.4438737898233
-64.3630399180216
-222.3929176665427
-14.506008671814065
-5.28618040791793
11.34251263599189
-446.66546045662625
-1011.7044928197281
-814.4553535313651
-1569.1324409215786
-770.7152113423358
-1136.4728004865374
-257.83869944090964
1.077362816496273
70.43107004390667
64.8647109180187
-56.40477503114275
97.30898543649644
-14.697412003233286
-0.6373625729121715
-1.8765661711621143e-05
5.4913826369050796
35.65604556312379
91.51986426048732
73.68656348594861
24.76555715965449
160.68939670328882
1.0620485353930915
3473.4803205082226
1310.4057995874953
1025.193473813435
2033.506622942486
1431.1367138524795
2016.4538297872323
1059.207407642429
363.25544997960577
-23.951738754853267
0.7657808006788054
-4.54445649643913
-10.53488743104676
-2.4084989581664065
-19.38567698058563
-25.54479517742737
-12.39175413356477
-124.96646665511959
-117.87393038252387
-293.2374028273855
-575.7289087871526
-781.8293132444866
-712.3059737207041
-1110.4197943996905
-240.52034917538816
-148.92835967865162
-140.36789963395387
-186.0041473087851
-200.78279208886
-97.59116124075834
1.6329406985081645
1763.3160613421464
1812.945457435371
2098.682298334602
1311.0564520526566
574.445084268827
329.3245922360352
97.32765333190216
0.06637608545936922
2.358224383543666
-74.21630963328943
-51.56872120311159
30.528093003037007
275.93236094784646
694.4179930409986
269.86413810651806
437.3316706723387
36.41564700341005
73.39317791439107
12.749732747586702
12.374351520727254
25.86234888282345
966.9648760560815
1254.3233429433144
484.6149215418053
244.71450627675245
139.10217525308894
11.198694681613352
-82.08507888390454
-282.6539450869495
-342.6407751863025
-119.89575075615926
-270.3994478253941
-342.2079647043434
-1313.1454214585717
-1268.9188756562542
-1623.2874852280381
-1327.0876486035825
-1366.0916160800646
-1544.897191950697
-1972.9588274198081
-910.7292143987517
-262.93579351535845
22.809278689834997
127.64059630277907
-89.8546717177176
-855.6888092525629
-51.515469537623815
313.0342947479618
5.603742917304285
-144.43890834081785
-352.1538737531783
-8.943572154679465
-628.5034209413809
398.1246385586145
300.18868263790074
231.91403476348353
5.561184920792259
-220.63952374994412
-75.16540644674672
-210.28104825699558
-968.7491088225559
-2163.0152892273495
-1866.7319638202944
897.2899098466612
1546.1136242848274
863.7730441572811
1545.9793884904793
1481.3058035027684
1884.8493401158867
1252.0153468337487
872.7194514310934
345.5565152514229
588.7582035882922
463.2641543694825
405.460823595224
581.8368127246008
446.96129503070966
643.2196218654063
397.1331276697995
553.3754338550344
175.6627176664919
61.4343533986056
5.024228547150387
76.76953597098623
85.32368725985393
80.95188120729922
34.91773203966659
64.61965332585467
11.720057745814275
6.331352776537005
35.23061274469479
1.664374327073649
9.651456807549685
1.873419554841777
3.1782379118401662
7.2392635617733605
-6.287398729585226
28.52070551281262
-3.6812744159962554
1.4610856652797626
-27.898556508276688
-106.92893774919557
-49.50705408894986
-337.8001254591669
-317.04375341845537
-235.371403890924
-137.81602510321687
-188.08056046040065
-160.66570094753055
-122.92511918108752
-179.613905328344
-211.73204548297943
-181.43737354014814
-248.21101728206196
-337.575231359601
-108.30296150214846
-183.02033893200203
-10.255948911842609
253.2578314932511
106.3893803362626
80.24777534439866
213.93611360966403
21.751864936199848
23.08480618838814
7.060904166859744
7.3488678800838665
127.04252638082403
650.3608562980855
366.93541898977213
161.1756298960456
188.85120032092715
161.5454049420859
184.05615603866693
158.96116457182723
413.01277043775576
323.5287217303886
285.0032194248628
167.0502364720387
31.75723399819658
194.10951330123387
9.927581123104808
0.00047810446274977717
-1.4107543215257379
-3.470734716533066
-16.652527184144674
-25.040773923300442
-149.05408965142846
-86.2627077563009
-369.1545401580961
-332.1072663351002
-466.52981571523054
-639.9947581984418
-143.05984971696964
-1112.9541602379131
-1756.7409748741325
-452.88374788584497
-311.6700131086454
-722.114894299456
-67.38125239432948
76.28122023484092
148.78502098234293
85.22837113061318
333.14059025256586
129.17952249627146
59.673729448591956
212.05583436974894
230.53249123596078
273.2910800506416
154.33080215242634
46.08444293157406
15.590194609050856
0.7316183848006911
-14.973503863706231
-69.31325846511493
-32.565967433164126
-18.803678459911048
-17.72966678022482
-66.38056340578818
-39.1205292208387
-180.1938281607587
-137.08529528527427
-261.67684866095874
-227.59365097506344
-379.56999311649554
-469.02953367136683
-612.4708161923198
-762.4906420630225
-788.1162038930995
-849.456849696399
390.8584058064919
499.72639379536133
90.91145266949307
531.6615027110767
83.96794024690024
-6.191305402569694
-213.2655922946378
-22.686928985019485
-199.49799428565257
-523.6406773256479
-859.4832750789408
-1928.562962185354
-69.19481199654743
172.46764776525143
-25.182437497830012
-463.52432243027755
-34.35964910467426
-9.683251619248718
-385.0110549791025
-328.65240745978804
-45.94150638279481
-99.8893949950712
0.18865097699400712
-1.942116000083543
-76.08139724456765
-99.6368431084174
-610.3375980713157
-2.316184447854642
999.4276853696538
768.9946173858332
1128.815777587137
938.8517397597625
735.9192439663257
426.783601595653
576.5640216503724
457.74128171687585
348.4074695300707
425.73842883033586
359.5792610412266
350.40895939222105
49.11365022846948
264.60159992139035
99.02317388008028
66.05927474758093
115.99216302972842
114.49317417316013
145.28662433696357
87.01492750035206
82.76740304153196
73.49567273719877
237.6990826310026
49.60437303423675
6.022973892927791
1674.1175689280046
1086.3322189754163
3945.9741566896887
2921.439913564789
3329.2659949829676
4513.074380708322
8178.4435482775425
7719.952861675343
1919.3279616642594
2398.944089592897
3878.325115233273
8115.3527038922
8206.13042130808
11243.09171222488
10977.818431348267
9714.408842899167
7360.330385843866
7754.121997019391
8128.804110087312
6336.925522400477
4245.648840094758
6407.8867523134095
5607.230043764989
11931.37543949586
18262.97479612359
17410.861362122923
22221.037296563125
26337.688976856913
28384.517678539887
30313.960418618146
31940.431079095346
40309.37367129575
53405.98488768164
62069.168759359745
69906.55703604086
85344.58562997273
93173.08531625381
81224.39272845288
108397.53850618639
166925.40646660957
-460554.75
176703.71665953117
-433167.06999999995
-76221.41
0
0
0
-393.63
-3892.46
-446.73
0
0
-75951.30999999998
-123831.72999999997
97386.53567992283
105623.70609912084
124822.91377296223
99295.20283943397
106182.40944561745
125463.06960548226
174200.04395606712
-367536.11
139135.87835217468
203263.35707771685
-324268.24
-278276.06999999995
-247309.09
95114.922129524
106934.61041672406
169808.8837872696
-330538.68000000005
-88890.29000000001
-197451.09999999998
-160607.26
-81789.84
87354.18102010156
-182635.28
37220.36368931782
63861.51835254173
147577.0050176674
-312100.69999999995
-138390.56
8540.69858687123
6469.060388176049
37741.68081368467
-123341.88
0
0
0
0
0
-8850.880000000001
-12653.799999999997
-2478.3599999999997
0
-988.26
-4319.59
0
0
0
-3939.5199999999995
-1018.79
-3381.09
0
0
-3349.44
-2670.9
-4754.0
-2740.21
0
0
0
-2338.9700000000003
0
0
0
0
0
0
-2022.88
-2134.0299999999997
0
0
-1004.09
0
0
0
0
0
0
0
0
0
0
0
0
0
0
0
0
0
0
0
0
0
0
0
0
0
0
0
0
0
0
0
0
0
0
0
0
0
0
0
0
0
0
0
0
0
107037.06
115535.90705255876
151683.9545732529
-56278.11
-15570.2
-1296.03
-271.52
0
0
-5227.5
-18549.59
-21572.6
135427.4425248569
119092.62679354065
0
0
-5980.5
-4753.36
-16168.539999999999
-56671.0
-35582.22
-16030.820000000002
-8518.26
-22476.940000000002
-58061.65
0
-6859.34
-22364.43
-16097.8
178884.5673201145
-95495.45
-52890.41999999999
107449.21380452291
-25345.25
0
-26156.030000000002
-34590.130000000005
-12500.38
-19007.910000000003
80613.14897369458
66612.51324830958
-5852.41
-19073.2
-11148.809999999998
-28337.619999999995
161244.19924713575
-79808.71
-26267.739999999998
-21611.120000000003
-26467.53
-30527.519999999997
-45603.490000000005
-20254.55
-39536.28
-32527.129999999997
-19266.78
108524.1463661745
80285.67630939977
-59566.28
0
-11295.649999999998
-37519.78
-31410.950000000004
-41495.44
60749.06686898595
0
-11945.76
-82343.95999999999
-80800.89
-63388.24
-11206.75
0
0
0
0
0
0
0
-1750.22
-572.55
-1087.24
-1486.4799999999998
0
0
-2413.2
-1087.24
0
-6872.65
16433.840379395744
8363.990787256647
4980.26954040504
11518.351115652868
8252.424068659402
6448.012133155673
11008.953943332412
8808.520806785555
3614.6645199528816
2347.9400785206335
1867.9531159372482
1768.505834024558
3409.1502452637224
2891.24933555718
5207.229211802942
6341.712004262741
3713.214963320394
5193.80785607027
5246.869436187462
7936.521824227029
7406.698671828148
4693.006058050867
5948.734380430593
4672.607032015581
1426.7873050680475
1910.738882446652
2277.6339692880542
1554.6125465723762
2365.9747187853686
1128.8015159643255
871.7624240797787
975.7534123979556
4534.744275739589
10159.272323074754
30744.93789031456
-11495.7
0
-651.6500000000001
-149579.09
85692.37056373853
-187021.5
11326.479010856205
14873.620656792693
90410.4339744654
-165026.55
-62059.17000000001
414.9422837588483
71.56944299191939
173.52246200085168
392.26348342619167
304.00333869614366
1391.2030907622443
895.4589731947414
607.9700833075053
444.49734589178513
217.1525032177019
33.595782535533786
-24.111275085606696
-460.14218367067224
-299.26446957574433
0.9962069955565379
-57.39093819416234
-835.0853384438665
-16.10390087887408
123.13644929638696
277.54712704077554
490.6567784320497
966.8578430517305
599.0984611751087
654.8953721139876
501.6264412050483
641.0542448435158
222.91919737201775
564.8989179374611
321.8926418637373
233.4520299258286
179.73646702972363
217.42586590621096
92.8517340938929
112.07918080852811
75.39366060675408
6.357760314969694
186.958321541034
15.168683632113762
30.747879950593656
101.48037874543031
31.017114090304457
23.33883544314195
27.872929968040115
9.306257986616869
-3.004882062668849
-0.033616261561633026
42.89743105988189
3.2051056919779555
-9.079781466685953
-1.5358425988615805
0.08261738866533949
8.418412683688299
-2.223721014550776
-9.0354406078646
-0.36133843505832075
-0.8859203454570308
48.12088121271843
-35.08790682829551
-0.024219789722651347
-1.14292664890049
-0.12971501442600594
-0.011462600297602647
-39.231131930381856
-16.455142082239824
-2.746068555457712
-31.216913775693097
-5.0943031438208
-18.09788209495423
-89.68139378310599
-58.22025000178044
-55.86120298716972
-62.348732050937414
-175.40554320865837
-424.62584568513523
-547.3652490805518
-673.5248672676132
-1337.6476203012935
-1283.3511002695786
-1216.7657113429382
-617.041820956212
-45.45383208664138
-302.6518549353526
-197.11521482559664
-266.4147801278574
82.76903846293735
300.8144689169049
36.258377432379774
3.6989639965472065
-202.30895788441518
-336.5685141406166
1.1834884891149329
-15.840553529116598
15.707136106895927
-6.652098713536047
-46.834379294059204
599.1223524997241
563.8282226372464
441.2705403192905
598.6498611516599
470.3847680978347
451.3503876839966
172.47607127078538
291.7872128259394
176.95793172937277
269.44578187140525
116.12433310732182
113.8397455046915
220.34098905562502
241.97034667860996
195.22848551967022
5.658863439699166
192.85832715184569
41.5773645114115
34.59899790589074
6.62797832299453
18.01480008254523
0.7435839279173219
66.2301003904544
-4.073598686910196
9.04930097817231
13.909624385322578
3.3203705204883374
9.360971939808602
3.0209544693189714
-0.6972241718518377
9.642400833328889
5.319516228825382
-1.7994147112818677
2.7737386238360875
14.273507703591433
2.5260080860937686
5.521478232697232
-18.864432319806085
-43.5668933419407
-12.114367081532546
0.5685487085686483
-21.94459110264692
-8.327795853247515
-89.29399916503957
-19.40761980631348
-3.200426784372117
2.5555099513626955
-9.28375271805341
-15.367622051591912
-0.8617089405902257
-0.5656994560276332
18.240380677913436
-32.366351727862856
-71.53974533202029
-44.61935989291981
-31.449860998207892
-6.876770296325266
0.19548789140318518
3.222161962440389
1.1580597368487102
-3.986451406354299
-6.430508474483549
13.327716301003102
0.29923100766286426
-9.024072388385722
1.0323694403632522
-4.330835894086129
-12.948617471844274
-2.193786036343781
-27.396554845325387
-16.949333637216483
-13.101819634184958
-26.567187806767492
4.037652709268763
-82.61403028866617
-5.695668828938028
1.6516808509269396
-12.487994429866102
4.275760245833121
-63.0945269699847
-3.073126142595891
-31.845588045989015
-67.28866645145618
-103.3285340238269
-178.1720364797128
-14.627448811979711
-133.09205056312743
-194.91019752458897
-235.135920941525
-117.92838658573179
-267.83776546465845
-226.07624692182446
-244.19082431216572
-431.9027515661968
-250.02541296122263
-644.132777575162
-288.4315040181057
-539.4783532048208
-248.1727733012886
-387.54132739649725
-363.61473191085634
-599.3443215490679
-256.69146625132646
-286.4209923147621
-402.5533532101059
-446.01691157682694
-102.57664768273033
262.8768867572897
2044.486506525723
4471.055789979071
2237.5176969370305
1906.225273834405
422.89837284711075
56.49415245600512
32.224903691987166
-26.89329046911243
-647.1116195186049
-118.4603283497944
-747.8240318980597
-1231.1564045541434
-250.9732709030672
206.75919389071106
1623.9686619985218
1424.9955627798968
1044.9441068602546
576.2752895042778
478.5541082880303
742.3323002684544
391.02880229781476
93.52344424525864
17.048400928543273
-1.2810166805277603
-132.7569080413749
-501.5837638898498
-1830.0542687684804
-47.37676918613289
295.2397814663748
449.3234067394736
157.1319730384083
193.1938271345609
221.52267741953884
69.85606381448332
27.320134323758282
51.3277040362774
56.50665545317531
2.961849841484753
-0.8181895051787881
-55.94652814975295
-4.418239998595183
-50.06686910674054
-111.9485263485887
-183.15819755432108
-254.85631284051007
-352.78826002769677
-375.8443736600851
-682.8500543754053
-1080.5281160087936
-1240.6189413708887
-1635.6416652627724
-819.2205215669859
-7.362322835148545
449.12600885619275
4567.616518359776
2110.8941094051843
868.2794732148723
517.5688537150982
61.61069600124661
112.22701979650863
24.31965392060836
3.684923522730637
387.26229409932284
62.92675599746456
0.3639208562959836
-15.377025049746877
2.852376888091754
-340.73005901812917
-283.5296950022167
1.8563241445433116
48.82647500453449
58.83797295957383
93.66902945844637
0.03232765623560448
1.4390599099072114
-7.903300427158549
12.913143802091895
26.795748622502725
-16.75862975039565
-40.33051842121216
-56.08574885315085
-4.2748703814568945
-28.547204285497273
-57.42014274725112
-119.0848995134007
-188.39686600244744
-25.432667631495324
-68.84299268525524
8.197745818658335
133.64874388178606
237.67776209365584
187.1275205300256
144.4305265622726
74.86203030144999
488.3430572368564
83.37543017976282
290.21267135835495
579.5972569236513
2.5795066771176844
95.91005495753669
561.7448215823663
2985.480308940732
1347.561572945797
354.71873594760734
902.9063204130684
821.3105981314745
944.8969071297804
2685.9762887270304
1584.1114315752066
4170.570269739759
10541.82272692538
0
4196.999955723057
8367.550561337643
5233.84374437741
9856.183150868197
11330.790548557867
13671.502437269075
14840.545683313692
15914.196775625504
22350.473629378743
21664.617500633693
19459.100993648357
31470.331893934657
34045.210084672144
110033.14854458265
-352310.56999999995
0
0
0
-24354.29
-12330.279999999999
0
0
-8763.7
-51012.64000000001
-55190.340000000004
-16923.8
0
0
0
0
0
-1757.88
-50936.6
3380.8657445170516
-56126.89000000001
8255.507574001722
5625.405114363032
4891.3411172133665
2783.445232788043
793.1017985898527
3073.253982273282
2816.1466906322466
5780.264587375563
3133.10917569458
-64368.40000000001
689.4784869467645
131.46103065183507
33.87854994333989
5.582258319333416
23.671120878562636
15.781249034837092
67.95164446716657
7.900600022486484
37.15450768589336
705.6190029602458
481.2943821011642
786.684916430699
1385.1965671097546
394.0804022055294
785.6230319668878
1368.60357851106
677.1734748215993
798.2620205510356
131.54133152629197
27.031826288768805
38.468246525421975
310.83113544044556
398.8759977002864
82.04307641445378
55.99006505545307
48.87585193073513
16.247621588053253
79.7355415009553
20.016790349396373
-9.592974509795514
-217.69972896165524
-610.9281368827274
18.9112754533251
251.49473002652275
5.9147808004306075
4.358820456162993
1.8092149526575159
-69.73061155681795
5.919272031153268
32.0051405836612
6.812800023482514
-0.6997884810241493
0.4450269621678724
-1.3768044732134197
-50.0334512585199
0.017438417367430584
-16.682367117949386
-23.439662563012387
-50.31668844587906
-105.13047906651087
-159.14925748538434
-295.4419084558583
-360.7849482882897
-319.5175594973718
-57.085235124507165
1.2049950371400517
325.0636647113304
99.78191862238359
193.9669398968075
35.77289308877846
353.3699324737955
191.31833335687352
107.63148353592103
5.988218059802185
9.674126252410897
16.632810429767858
93.08197188468458
1122.4927876699603
1403.6441245908572
748.2447216332921
733.2939389727255
327.6844511113417
281.0971874059569
209.57915592632486
159.46355335181704
132.6116585159034
30.54652812973059
48.42450587232612
-0.09841158945756719
-65.4640971201138
-32.75860207592815
-76.96271572611651
-176.29305803463978
-442.48782299096104
-560.2627470238634
-255.8657503009843
-174.94495203841637
-276.6636747030895
-148.9353395595179
-514.6590369415811
-951.3159813085231
-1981.1068936435406
-2198.9311736947107
-1048.5190710178097
-232.2577664431556
-376.55465939782016
-209.09903855690817
-7.726986776480172
-55.54127229442082
-46.382182092132226
-39.75117610341328
-163.44784784883035
-201.2890348652065
-33.85745547241876
-430.2735905185296
-37.29351468065759
19.19487606675597
282.73665396316403
404.034369711499
814.993312621506
106.18367403508502
380.3923914815746
123.40826274509035
226.50661523902838
199.68865005033223
265.73244374159606
94.14323455272104
110.8478010279339
132.3354999652147
83.4583628109674
99.22447200930921
52.65172111944291
172.567067698206
135.80976242636294
94.80153055748573
22.867912536719675
48.502195644781025
31.494603110420925
111.05593905576572
30.29903315009837
30.830699324641845
6.253890490458348
68.73083684009768
8.40737504718061
-7.097384696990417
44.969439175827326
1.3046588266705477
14.197099725967087
0.10026407848891146
35.19082030676337
-28.591964596187907
5.149204052011843
2.9736726264078133
4.313665601506747
9.732846313970452
-2.426220593800329
1.0740325303119533
-22.907364631522398
-4.664882943779638
2.552008653752033
-4.894646385832613
0.05371657505455196
-47.21167745809054
1.6876142867696229
3.760016401810956
-0.13951148590975587
-50.847771748790265
-4.968873052474406
-78.92846746132338
-31.899612556960683
-14.41531507525414
7.344856899921192e-06
-26.50944083651628
1.3193897487225654
-6.031018158155639
13.814521853455943
0.5486403988506946
48.08854303859588
-6.305519358637056
2.9964909748212194
9.18683938932889
4.927631133161383
5.249537182351693
10.317642676911749
3.44022994425486
55.75457141596349
30.443468629024494
25.177259498901993
3.7170260646662983
0.579737251036289
0.7049840400223439
-0.004035455405741529
-1.0147971783964342
-5.353933762574192
-3.075423187925595
0.20926075643556274
-26.651812715643345
67.35872484352247
-0.19398405150891124
-27.753538957777174
-20.43076300338336
-3.6637549278607917
1.6595711734193914
-73.39095896462487
-137.73644441519568
-65.38606666293019
-8.448531493011854
-82.5593940159635
24.120064072813506
81.98623447233771
63.99191424911497
89.70030111882653
95.84971776143459
5.579015963863548
41.01674976637413
54.7693504193317
60.39122865727116
15.154555646675512
5.564187905762645
2.6551552086627344
1.8180747002167132
11.723342974436578
5.596441723277435
1.9109711522630575
6.312762428171446
13.734528863948974
80.18276446364568
1.3444576876983088
4.292398072800177
4.626776749296052
0.218847212728236
0.9503333510853421
4.157874008595769
-0.7457603430826045
-23.768860171172413
0.015930320374798208
-11.468675397136366
0.07609765816982392
-6.638791698555934
-39.32364044216509
-12.882595738206478
-9.928165993920091
-72.34659525728985
-20.550520912498587
-51.783010462591456
-33.076913690205096
-31.43497253625838
-418.30870026915954
-0.8996658301503159
-114.9802954679354
-68.78134569973308
-117.48229888299326
-75.65496674215666
-208.82489741554596
-155.52715546488938
-262.5181816819656
-393.4820747343572
-228.01078927916518
-574.855286571895
-367.8863594333402
-216.69808366279483
-95.47350823095468
2.159162955539135
475.3776374212582
28.38912623030414
1755.6503166222137
181.83248641359413
586.300222236228
1202.9640704699311
1061.6919812150898
1882.729541980015
1999.6076996326738
4295.874471989896
3634.525487404717
1666.8112286038138
2799.0933076952992
1960.6208323044982
1389.0920686144761
1262.3841305828942
1349.0078105768384
1019.76447724394
2111.281815872019
1231.893091822481
865.8057956307008
1773.775247439449
325.55019005114605
714.7817905117747
469.602450724929
193.84353975031308
416.5681379028791
322.88419708321743
1379.4807613047626
669.4241611430424
723.2983262420869
1657.3217764751093
436.3625326375787
1539.5930787235532
1635.2072061880206
2186.190032447784
10559.80890578038
12665.442470256883
64580.09435932721
-300065.85
406.1363963568582
160.81476692755427
104.8492053600185
498.73621242975594
525.5020032817931
177.56446038532198
152.21852641236515
43.85345800584216
291.21119280121553
55.17917435313616
14.081668600899697
2.9316228166409175
36.875863482957726
204.077278710078
50.566749597628345
42.519650648791725
-51.11168880145655
-271.8049709686516
41.54334337135306
638.5297613797061
201.7785320845056
48.34900943393622
-713.5933900232068
43.43563162264607
1899.4500517419876
1131.5829187315949
575.2152447356962
382.5007447701647
1.4021183793313758
232.41073010386367
228.89686916161904
492.37907597820004
278.0893264059471
1511.6523194952247
571.853318854576
82.94628606158194
384.50725296224243
398.53487619761785
56.47671909289531
94.28018225843574
280.75581438691506
149.87152969974397
-3.440371997869084
235.00048561706907
321.05398100685005
149.16532231128363
324.48634282902697
3060.8166565689044
2241.7020833423844
6149.812504586258
17977.569300439038
29513.521430478693
55684.48044336035
-199758.93999999997
10761.083673390563
2566.485315749128
4309.779712411868
1143.2314181039005
1313.5810124461418
1777.3956170923564
1799.2019107142505
3316.0811086204126
3194.159749087215
2083.3072702065565
2090.2023039133833
3280.5549616763547
2976.8826026942825
2494.0913697896945
980.6181754569352
782.3655256069974
2612.5611526805656
1215.9162074371077
2414.6995334183734
6294.532394406242
4239.45913664754
473.6156599862346
1487.2773398201464
0.5063789884398987
-268.0831816935196
1294.8602279069273
26479.8483261916
29855.03920041737
37159.73332660358
46785.04172183553
-271398.87
11339.322223507173
23189.40480485934
-197951.64
110.8805505845483
-70.19982158786783
5.6679884767752995
-44.748848160584615
-237.37197284755922
-35.39423556856218
-295.74960255556
-495.9874175679074
-778.046664590255
-93.52807445495736
-450.06610244300657
-586.589462393052
-517.7130180898674
-1194.0023446015532
-809.9434609471858
-201.54566560576973
522.3976724280776
34.63789855957225
2152.882548348587
2806.6995972405152
1878.646371008822
1306.7212436435393
1905.1705838935902
604.5939218113012
476.7394954435142
299.11744510875076
73.56442014194499
111.543813716275
404.5134159874606
361.34344225191194
294.3570420354382
354.7430828637655
402.8283018296714
292.24602983051216
267.7297221839127
344.85045953684323
443.61175045410147
283.0445354776753
340.887097619378
382.8744955446722
530.0751973462718
-184.8779766601267
12.382555417257432
8.799540681953127
1.0760496791761722
-4.4393824245850055
-26.59566191258071
-96.47435600350705
-15.86461084591177
-123.021878021259
-222.5059429235069
-0.666555962324904
-363.21469745716735
-107.97038526554697
-839.3626852243573
-2312.7898539183343
-2419.110647288756
-2272.2100733579955
-1467.7204794222073
-252.49018014902092
-35.11276831082875
74.96844779038845
109.81575436291331
320.5676993203544
333.41038680501185
334.4624780334425
158.6424420914239
94.1027070511953
324.5290944872063
24.350726303141915
189.65030361091877
142.4404768123395
205.8093120677147
111.5339784914095
0.2667631211161273
5.110292527234074
46.17806076805767
125.97665743465652
14.32126852689602
126.23863591235266
10.697121120681835
5.2892450542474165
21.290721196368906
6.766024557988317
17.51537110161258
-9.748966985158336e-07
33.164458283305414
13.833390015794865
-0.613782468009656
11.037129528182637
26.087189942287196
5.569405732379555
-1.6727598692907462
-30.556668714862127
-18.769191286017303
-10.086099726753183
-32.98107600234153
-34.105938342004585
-40.43250572962931
0.5805830233720187
2.845197988504085
-5.041765337788726
-0.15750187480603828
0.42777603951325394
0.6281740176310893
-4.522102064498329
2.0285195444948387
-21.890649756428143
0.14612264845389303
-0.010004985019682312
-11.081642240157729
29.62056142103755
3.2809600522964995
-7.4148126570041715
0.08170360729585589
-13.018223381249493
-1.7127392626330118
-2.1652351128200937
8.370691695108018
-11.715028520196467
-36.16108302289482
-7.222881876843213
-1.3663846084455544
-0.34558399777110616
-31.771574217785545
-13.45224943214144
-54.99293365132268
-17.493495277491416
-36.559831157686745
-0.622682970227495
-8.216671197649902
-56.83237709275356
-31.316436256393054
-3.4158970740086794
26.773832293812795
9.243372212830552e-08
23.556559016436488
12.184815991748644
0.011896328518600296
5.5310809462417705
9.985780758901743
5.057334851229099
-0.6776344571825643
-7.977454615471119
-0.7145012855770846
-6.957914959985413
0.8447771943682711
-8.622804296469287
-8.966324170481029
-0.03256002990558207
-9.441367537552006
-13.574649806613007
-43.70701562425439
-20.439350268054014
-10.60724358665011
-0.051080679126011795
6.566985299479384
0.1319180717119204
-1.7387451408194312
0.13061212836071517
-1.9143628352690705
-4.960538365802111
27.03824699248991
-8.087029307349926
1.254164292910739
0.8224850342743569
-46.66312295378195
-13.394541334914916
-33.541143805470824
-105.7476311467627
-3.5580293441629776
-21.964149257697564
-167.2531842865247
-45.00755024786821
-136.575530773976
-85.2122158164748
-275.027382239884
-201.44329100019618
-248.78242003828026
-30.374942394837646
-71.4585614248476
-0.009459324780403584
96.4159245580132
97.57887719109613
190.16518701288092
49.67328981790985
233.54384858458474
-0.0009698650796414614
17.53713456547039
51.971858600015636
6.2864741056657545
254.92510575804675
373.2393996547692
47.6648947293005
87.99688443446371
106.2362829790946
-0.3737631782639345
12.0611853564192
38.98014912951522
2.065123962498358
28.10480102737746
-34.42939837587131
-7.47741470923178
0.12331681538320288
-0.009208652874794995
-51.00569795701463
-50.815661597416714
-188.12548843968793
-199.71412545631136
-326.00621811515157
-306.15470896854566
-303.8787987012373
-477.15405352960556
-214.03813126789225
-79.29568332333817
-190.92177609920668
176.60284951431882
287.50576313925893
65.85622967133938
-104.48189460588887
-772.6835421984306
-346.63769447461937
-0.0034743266809987273
60.688507580321705
29.7894980367104
13.574804277945526
25.508652153578634
-3.539009372851522
19.23071844313749
3.91628227156145
3.0229954020923917
7.4097356024029555
181.4387959324143
178.76180798759958
256.53443102013824
148.18755596382277
249.26979644970058
194.00853325099618
248.09908837721582
105.93856198907616
37.76171653923832
113.4911372827458
26.280178890012913
116.30173519082493
25.679075078052676
0.9419557813220081
48.576184138568266
12.95100365462848
45.2320855399898
-2.18177253210444
23.586008485584276
-12.386268867861752
-15.46863222867765
-12.91335176145356
4.177731863402457
10.581578342049191
-1.6419056289298755
5.384235597915362
1.0496445826263163
-43.24278549348377
6.850328479703857
-27.513094895633976
-18.78759485605027
-14.103964508878581
-43.68932125329579
-58.25194055958405
-2.9828906376644717
-53.853746649093324
5.579192122851135
-1.3467744562849082
19.906213020773492
-0.4904285445138365
3.8316725794727042
-6.241385348599931
30.078125363878616
-3.3841600698164127
-1.8678937469040975
-6.993291183603105
6.96891823042531
32.41779504902237
9.461606237490482
3.3510290713264417
6.808913135471463
47.087362535334904
33.54784618364139
119.07652712221726
3.881250219315924
179.23060155447394
12.383427478051843
11.376811262126242
6.574143539433369
-5.4782617567773135
-19.1078485406721
16.719664705548468
17.064732539029727
-8.287744917066338
10.943304933929126
-4.007847504700274
-0.35467435003712344
-0.5196750793617086
8.513278595417088
2.532343424169821
-0.1590841457585349
6.487215661327602
2.0454436252498223
-0.2513642269507307
3.659899836807658
-37.18616159332494
54.22975454408777
-25.35248657683078
-2.422097832732766
-2.914622814696366
-0.5526450870274644
2.7579291973048687
-20.992083830851247
-29.68314457783085
-5.105831632106675
-16.009650648820433
-4.668262873256413
-35.82634034577439
9.100527763767673
-4.0854495869146845
-20.789813993493166
17.1942289943186
79.52993992899009
-3.7294600428803353
70.8724326567687
45.41385477967172
2.5307328679009258
37.583642042730936
220.44343737675166
9.957827392272959
124.45669079979712
-7.292849301899553
-49.86309026384011
-41.07569070403495
7.477200092023888
-37.89854252436271
-26.93079807228383
-256.3922874474455
-136.47108617331367
-300.6200878798571
-67.33688976608241
-327.9032763815773
-316.8304071003706
-104.27076955601483
-185.89087249866756
-251.2429190288817
-244.68039147718235
-299.12831569998656
-136.81003558383816
-92.31965237532029
-190.29004163952231
-28.899515904252823
-162.97806626949156
-106.78431385793138
-143.91441938985994
-0.7448036170238974
-78.87157402344928
-52.83420120183342
-39.77444532681607
-102.49190212168375
-28.407668622365414
75.90923388461056
924.2742418097998
105.6088661632681
1.0580852771501126
-11.027787442374864
198.2607119123221
726.6148815960111
113.9381934085144
21.56427154350966
4.217854329556914
21.119216951987013
0.07671122739384575
55.523070325416725
-4.2664167427778
-246.4934778420762
-318.35151891583155
-303.65289684799086
-1127.732216863109
-531.2037697459863
-231.19646056910483
-362.1983344836168
-1.0564807908479168
92.26560590482453
-0.44569484814124105
245.23573301991004
1229.2678131404673
1067.939179443836
248.40190578485425
935.2722134075866
727.6992433706429
1.5228181126539346
-0.21329171589299872
177.70765226237756
813.4358181919187
840.930000242247
15.752133541981946
-90.16528864147179
845.154282482294
-11072.14
945.7379187995746
135.23060909232166
343.40427331143223
129.98514939368513
17.506243907817346
142.0769606708715
85.19707596167669
45.68116443007578
86.72388767394926
26.62168742616504
64.06396342369572
24.36479739515517
1.1090815043438387
-8.991256498619643
-40.375945016072635
-200.51552944448184
-0.9592704059394401
-72.18749882927202
-455.98763681304945
-693.1810667324894
-99.44190450874817
181.72921058101304
-92.53325830224837
-573.2880601345361
-899.4700231074637
-0.5685034098224702
82.2097625947124
-27.02044929709791
-27.24631663167109
201.97828264132573
5.244919284352966
42.64166990021283
6.037657533219201
0.5887715189565743
-0.33650594516877697
0.11249232630849543
-3.4428658022100764
-38.04400503035714
-4.266686263259202
681.9408429256926
390.9279568416864
79.58728118437863
242.03832837598063
54.47962556427143
29.01175581507399
0.034942050011612324
0.9230947822572458
-5.0286132068855
-28.68608811449456
19.648826857481833
56.51368636340414
379.6927341466549
162.7664362553954
186.56430333133682
52.768458234615196
184.3342568858195
116.72502905928135
68.04547819171225
18.19551501542526
23.622474514116554
6.866240859218829
56.55229600594228
-144.6381370208702
-20.147411284053554
-13.030632688307914
-75.22355271432522
-53.116996495179094
-289.0772519186382
-566.7100334943763
-1064.5334498025527
-1097.6970855799839
-1143.2206767266023
-2107.0090715018973
-1316.1099779471024
-259.5786709064772
72.26039331088558
-2.683724726624641
-152.84260689851897
-401.57668916222826
-1027.4580258619676
-53.162780109095785
46.99438979707434
104.45441136101195
1642.402006398062
2130.12168321543
1293.881042383133
446.27521207111926
244.35500578548485
44.19707405552733
-0.06549632098554743
-14.778707431724975
-116.18192875015419
-65.62454426829683
-34.294888507162405
-1.7600673455960394
123.68938193673739
230.08089680739147
254.53335069559867
193.95280617211833
118.85764731005115
34.41317715880629
5.957110824648765
-15.414304272566449
-45.353539565084525
-186.4734444937875
-345.1661195326042
-592.480059337372
-608.7635736679487
-846.6914143754605
-475.8442304367296
-808.9423157486472
-31.43613828224883
-93.66384487371067
96.31080895441409
452.05275164370624
147.8981570836992
586.1654080398523
64.07849640685464
3.1330180828506844
-176.73218512259288
-152.643580865904
-103.054553889027
-20.71082038265707
298.80770887962063
228.382282338734
0.46538661980625196
-137.91716247289548
-922.4851447882465
-280.53349211445084
-23.564199428653502
-8.461506908523202
104.73937500134294
194.08674124527823
5.886361078540916
-49.53607204879433
-7.388136487770371
-545.8599100296026
73.99982546337912
0.5763529656912548
-82.53451068221295
674.313590915817
194.03862522018647
310.8979402048713
-3.610878289132329
-120.16170334105793
700.6997659879598
312.58893346707544
36.49786042924385
-3.928131353728342
-231.5688777952696
-282.18916604862875
51.298213887991096
2.4230911315595325
-93.37047356080495
-3.5672945207831406
258.23950731933616
98.54289453066419
-2.731831463117906
-0.3389203073774453
-77.6316680131975
1.5983514607193392
105.11051269197799
-69.34751016196935
-40.13377617974531
-101.43504447934924
-2.5866500341019094
144.94907903271178
-37.41055151465494
-434.94404563441344
-419.3782608077205
4082.1065356128297
1577.2629233123591
60.89430190805051
5.635027766978135
279.77461983008004
84.5833576637521
12.73621952221518
-96.23034583768501
-262.86677281202975
-563.6580837972249
-189.26454928344063
10.81383511096807
505.45369756191064
1081.8510367348379
1769.8166631380986
1372.9271937608457
1226.6914918859652
666.9039887759792
312.16692772485715
124.11535093469075
0.1983303279536263
-10.133874884201719
-33.9842288866338
-161.67845639772696
-288.1938360658597
-284.9717908856401
-623.1885710327938
-319.9829940674784
-672.9992261021227
-996.2239144807515
-2137.6250037581203
-2098.2560134827163
-34.118920662316825
11.336995791592251
696.4984177307728
564.4392072025886
691.2821382200358
442.9423547440721
57.15401124455062
95.94709109928378
15.568931578865898
2.9192255929004007
-0.8243845291565484
-79.75326594190703
-179.2809014312374
-21.964108981188556
-54.54452582543705
-52.99705176518165
-4.905997655664797
29.52213778998768
-106.35178845942049
-0.13196036334382294
-2.1662434852893897
-301.6259729698689
-408.1963002651563
63.18433102903113
44.03270865053855
8.661410925320835
-45.204424022274836
71.0424029717723
179.76378821664383
247.00643870289105
444.5726156507171
78.10565727556498
-0.057739685998155536
-8.15176205177961
126.79081551863169
1260.5362467619811
439.2944914940337
193.62590649072223
18.193881724592675
-8.439923179650435
-5.489841023702126
-607.287946148479
-274.48372586113095
-449.6911542224669
-558.7842307583571
-2112.943448541808
-1845.884741009002
-3694.33177884994
-2075.3669856591605
-373.2495827262545
-225.63546011944425
28.98416275337355
81.88957846613737
224.9312597383609
559.3348605023912
1285.1546140563728
1364.1325202643022
1093.9726489387065
685.3994137471783
553.7316128144968
450.24756436152893
312.03994339723255
223.80821104581673
114.047570701567
23.81374777024942
90.71513414500527
18.182163244899883
4.717170577408753
0.005748790026390246
98.26137822518174
98.48958134550071
104.30201377880694
27.380756300121348
97.83052223181555
195.3135697837271
30.780291486792276
-5.882034666801274
-3.591640332820779
-15.527747301200328
-330.20338136705095
-90.8232102642225
-105.20715116113676
-734.9545120429331
-961.6303003133413
-626.2950614894839
-975.0387588579131
-476.3084343916918
-45.49350292794931
-60.691953833378065
-93.61023644941683
-39.40109313551055
-0.08363217608378584
-2.2385691219877297
49.11959145628079
78.46325637081874
5.689496720699529
34.1341916363241
65.28371342393737
42.27913735990761
64.32049164505318
0.4669203045702993
9.68923021368731
16.72151434095579
1.6909626630628485
8.259631469989188
-3.143331240056717
-0.09261561660763948
-79.89717460211322
3.7098859278128833
-11.62439362306963
-54.048215350046675
-66.1015323598474
-99.19748241774685
-55.2044115491664
-144.0085999972011
-123.29400153440069
-85.02594142196475
-274.94418377872347
-76.61647070014861
-144.5768084434729
-251.4971763617069
28.439692690629016
122.49393773881604
217.0185564652385
0
0
61.8429159975587
75.98849970134293
26.19476040677766
115.397124851322
-12.099681464032486
3.3506615015092995
-2.7227054974946583
0.32620700517185225
-107.5734976702244
-19.409794826403008
-35.99407707490672
-110.47977623044186
-120.57143220609535
-134.56809933009143
-86.5736769412679
-430.8466859919374
-366.60495719634764
-328.05321975290934
-109.4070189771238
-30.669771640970104
32.16921575212163
494.00788002815057
390.4581146941588
1083.4159673730837
780.2454303744391
418.8991239944718
405.51668509296974
15.816317129251107
134.40361859500717
45.571430680984676
184.31658100082822
662.5294800793956
2800.837703475717
2737.384883918247
2093.9991441723223
1173.8050500582926
572.5254254070965
664.274389435986
517.7987373248347
337.4956403941989
475.55565173791405
128.31969912892137
94.8977952830398
180.55708906009585
14.827621902116935
79.07989720587764
-3.552859099567738
-29.088247354807315
-37.27515450811349
-129.22388107819364
-784.3134904359245
-1243.2124488203997
-1947.462115294406
-2873.0045431252374
-1326.253575377511
-752.2166213367163
-917.2787374186619
-730.1622667879666
-1379.9867983385475
-1162.0186219203263
-653.3882695534304
-403.2238830107953
-771.3553151817762
-1132.529322514452
-552.8526720586713
-0.8796524959268687
128.77982857522252
166.29833278680366
287.108045452969
150.20626713057965
129.32663890619898
122.02471977346363
90.15221379735284
112.95385688056905
74.67622561302512
85.09716793224939
129.0722323428261
90.74534045066547
48.81178931785752
213.632173738921
118.71644183829731
27.045700717146648
101.97179216379595
112.12114630152351
124.56717464739103
78.92561952010254
67.10745473270866
19.70727734906498
135.43772334504249
107.78741977833586
30.864729223860984
17.050687208290014
33.46043888161748
-0.0785807597365479
30.243269710133063
3.2327575970243223
17.098898780028115
0.4178294017003807
9.215658832390716
-0.0314828112876612
0.0009257732871973545
1.0610182148716647
-0.5919006715065734
30.234265632640867
-0.5049773148477683
-10.816384371955804
53.98904173391989
0.8339264856461767
0.5343538404774484
11.988291596227032
-3.959998563450309
-0.0026345729493540376
10.425586737962032
18.418665042850566
-17.68930957310485
0.21669056877175705
3.067769972612614
-1.2490647960034038
2.2525941622155594
9.315972737186822
-8.31811749192194
-6.312013147682305
3.2322200706384814e-05
4.566602830156601
11.860813934755914
-31.223008011840193
-31.710275765311444
-0.6548654967372085
-0.9615676473970775
-0.17754356349377184
2.213500525992003
1.2648623401196901
0.7276680943886842
-14.469237906319712
-0.8987597762946542
-0.3720581596055552
-14.084677723316263
9.435441292381022
-1.3479637646918876
31.84386823688109
0.13982425267978435
37.00392715714528
41.07682055555742
2.874409878727253
68.96657722877396
13.076185999888098
11.618672839887228
66.8959494406003
25.95491498595084
19.78197176293219
2.3126687459564135
40.61062751247812
35.1854739762085
9.479795738336179
8.491818509619652
73.18980870278344
9.009605679270186
1.69460456830281
127.00280589459533
17.839580377091313
10.494207448447337
0.7078306632939178
-3.712624145950697
34.04751558119489
-9.818553178230639
2.8223225600100177
-2.5907894714914947
0.6340738729827885
-0.779263876350412
-4.7840107421790385
16.30760455037152
-0.18843228361800557
-2.4381487190230096
-64.32035949537855
-101.85747098838739
-82.80077416135377
-216.5483113769471
-389.95366698025623
-472.79255102742025
-6.349847818474303
-46.90070197174365
-8.242236288293492
-30.68033255294015
-67.48402904087274
0.002957078529764395
-6.767434847396985
-3.3947952866576125
-2.98950189998952
9.449005240936991
-10.072143071525662
-5.1781768353516044
2.2650460259979517
1.7368488770549566
-9.933877234066813
0.1886326156882562
13.61192414004152
431.12177034281444
2988.4390585199385
2729.0920865604926
5125.522292430401
3539.563058870295
4027.3976189004543
6462.955168460087
9050.398922200253
7329.176134880965
7168.0173390468
12907.23675994185
10842.853169697497
15937.300415066293
10460.557986262065
18414.905996573707
13111.767031445805
14064.999803551264
12710.944530696008
18836.829349612355
30029.131941164862
30614.9771592173
28682.707672745957
31868.350636753195
33957.42253430788
48018.64417298055
33533.909163541444
28602.428457625592
37336.54932441301
40478.03550791832
29171.581381196644
38276.18882832061
44692.82424769386
40871.02392344386
60408.76840910521
62463.82696013122
68004.4686393041
87186.4891377198
112342.83871760493
273951.35075803456
-389710.26
-163367.66999999998
-233118.19
-84124.64000000001
-60831.05999999999
-68061.21000000002
-46346.209999999985
-99014.99999999997
-60764.06000000001
-79273.85
-112994.54999999999
82733.8615206761
-62683.7
-72995.68999999999
-58920.64000000001
-67385.53
-42645.399999999994
-48004.799999999996
-78295.26
-154750.55
10663.588463827095
8831.562801912643
10256.241466348787
-5852.54
-724.94
0
0
0
0
0
0
0
0
0
0
0
0
0
0
-953.06
-21393.48
0
0
0
0
0
0
0
0
0
0
0
0
0
0
0
-1109.16
-6998.5599999999995
-18872.1
9623.788324553685
3642.331902112678
3358.4282346683376
2572.30285739992
3904.905675578453
1317.9112534193332
1930.7403948310405
1576.4419273379185
1080.0179764779741
426.3171640589777
915.473239174527
310.06001300246686
166.26444247561932
0
2170.0685431967786
999.6897672505322
1288.2756520529897
817.0667820828003
530.8830063392675
602.0377505233967
222.34931548096012
350.9449007369591
388.5265769381694
221.627488170173
124.38486429293536
128.8767931605528
87.98764113773507
21.49571396990245
28.113734733265616
76.04258744084042
14.493938206400642
48.31350811255298
23.12808099764935
34.64504736611194
0.0024259901426380627
16.239873166702484
27.788582532380694
0.2919893934980595
-0.2845166675501388
-0.7429870432866633
-25.40931175364738
-10.577181193912576
-35.150192827997245
-118.944941903881
-22.44025600840415
-58.73614133839703
-129.9553394207023
-140.1558538174502
-21.676966496029383
-26.12193611572795
16.93871626842509
0.01317621608577755
-1.543346389138651
-0.12356551585745579
-71.68944922163826
-15.729655860316974
-119.57822192372561
-38.85941276333299
-20.20030045543986
-43.83885278951146
-77.8934627143364
-211.27775272979548
-40.10027125905873
-36.12040778393722
150.01559121176587
735.3791036112491
499.4160401374032
128.44722463326576
213.28177382615002
206.28769150589645
292.46179297760756
208.87776398574215
252.08693621657613
123.5298071674303
75.0254233184303
102.38820096126304
7.128211789743701
387.2144764802257
580.825415692035
843.8113963509446
504.0178466948122
605.4326183811559
576.8265465278005
448.6435782429386
285.38373989753256
246.219555697245
185.54202895676423
105.98138188133586
69.65740666195475
-1.2929565395202742
0.18299332134226945
-54.92552916524936
-263.48398339198496
-134.84627636260535
-191.57567278280237
-188.83360613106913
-412.03858693005236
-278.7363198362532
-221.12324437197884
-244.23772860913616
-133.55344839549457
-367.0116825647095
-117.32900916558724
-84.42650217670351
-64.24561463461198
-28.951321065024544
-4.988536442077878
-31.782495048756296
-33.642858757694285
-15.783147325284006
1.4730149912673807
-0.10592622512744763
2.720001510643936
10.054029305241883
-5.609949383829395
22.89827827917679
-6.75836101756735
42.052516205138
-19.56689761685715
0.1875576461434263
0.8156024338482841
-0.21917662466899993
16.80725089228344
-0.029469745213382924
-4.981516020079032
-16.092655168227736
-8.649079257290389
-41.75225530534984
-9.153542234620428
-0.27495298623441655
-8.067650684875831
-161.66347707716488
-11.050882919179934
-241.935965693639
-183.6036430384429
-246.03849111138842
-143.50998112580817
-223.73730926610605
-310.9981563720372
-216.55232796536194
-403.6891889251833
-223.12423695664592
-52.92058532170004
-190.9762742576312
-265.48434811076055
-38.96206738782075
-43.34941863593388
119.74920293597259
-6.158650640241046
-20.735875413956858
-6.279180799923948
-84.49687126586402
61.187228611444894
31.437241361670186
1480.0515719127307
3261.804599030788
1075.7110626686872
4233.541896985755
4863.813160622822
1593.2624320000214
4511.413871052165
3254.58855701168
2799.8996126817424
1725.3811813513698
1200.842175199508
1377.472690049413
3330.4270784974296
3351.927484407613
1103.9520725916423
5926.814661796033
5071.200087767027
9405.040407517556
8684.785080567464
4662.318875055482
4664.117524436088
6423.23678889182
4680.468661530204
2373.7584159422627
3869.6836678665977
7164.351612615988
15623.31010061736
43682.30826916326
-194919.77
21111.741065554826
19870.76063775023
58759.743474365605
-242215.01999999996
-25509.74
-17293.81
-24681.890000000003
6332.3228933692635
3160.7593387715306
2270.414745037208
2001.2012696886745
1784.9003776801624
1291.0474181863724
1909.8356964836737
508.01091072536
1096.394497133996
3758.436633019347
4636.642515064736
2714.162569484287
4908.942015843258
10058.36676069658
3748.4877597651002
50700.537840167046
-178179.90000000002
380.8346012348537
218.56391816910593
-18.22265387505863
102.82740064124927
114.20286221853931
125.34186982059622
39.741079289865006
23.538510713540852
-21.86688272442424
-2.9968271575118806
-37.26094556841256
-151.2479003099199
-973.564914232503
-1018.745190828346
-2564.997210306691
-125.26659856049375
402.89684898467203
161.8895538008407
537.9944272430791
642.0791777635878
1386.896342695492
1108.4735308864902
1046.3338319380232
772.5472909521407
616.3857136994483
822.1313263195794
360.93395438734217
271.1912956003506
270.02479553405885
144.2060935360115
56.24358195456154
146.6862302232088
1.120639467122901
-13.403260997186242
-14.90976905259247
-25.208043280290333
5.638233170847513
0.5471445687913062
0.2035998543994021
0.15108892122052203
-6.392240719587383
-10.112268558798888
-0.6522735637856055
-119.90514699438636
-92.70914066656832
-114.89951763074546
-197.1594765289609
-238.5984017596442
-286.23348936695527
-247.30159467279924
-228.68309841315258
-333.24774053480814
-250.34898069659283
-322.85624397945264
-261.4022639912318
-213.6085200190854
-5.370202000428854
-199.60932472884252
-88.01920013284055
18.364584336398906
449.0627222270202
99.42625881568094
-1.1630049077015714
-6.0995073267738515
-24.57312597458434
13.342095497390947
59.43886159665546
462.1945123083892
133.9702584478775
226.67373405385433
191.04131427491103
232.71222817155967
67.04991937184619
5.85035380784473
-0.004376958251000344
-27.079198805117237
-81.0727153260856
8.453282934568051
-2.5985202856496423
-2.3669977659945385
223.94791851779834
939.8460342973937
99.3173590204435
-16.344831570638696
-32.36113108272319
-314.12269421184476
-584.7015829890903
-200.31884345847425
-549.0154851792929
-191.71341399787207
-74.42059315713763
-3.135621572517225
0
0
-15029.330000000002
51.2652881333106
446.2862037789569
715.8210930099685
499.50629183395847
506.25434428044787
175.7331658717894
125.97021357668879
100.72560956650845
64.91153153867585
98.47832627854342
69.4652310779912
22.2687226028024
65.4389256302185
0.18520487517070733
-72.30055757517718
-25.32237017190272
-99.07420417780585
-219.86615837308864
-160.87379353835905
-141.70240844586556
59.52273019134222
785.8803162105742
102.75337013481064
123.18878761857401
584.4511493679751
112.6145655778639
-71.7720579866972
-272.93003565304355
111.5239130245814
23.04013815989881
-52.103142900092976
-185.07758964031262
-438.75702205109513
55.935858904308915
28.53312984735512
-86.96982317367528
-397.73393731340434
-1024.8941223970953
-174.67306068472487
162.2102013106597
170.30397089598537
0.8858820062474266
-125.88458699838074
-199.2249686584903
-585.3880957399316
-1526.2428239529686
-25.938408425176892
74.73533221488168
67.16898256705386
40.18872567948724
105.11111111176122
623.6309054176537
1102.6905652628395
450.247794991334
268.407030909097
410.5039172587301
222.64315753257597
185.91978334430218
217.57890884582557
162.45279025873015
155.66850799309702
111.32200699618375
92.19096451818302
429.8486651314621
808.874636469458
1356.7500782712864
756.4123430122977
80.05896333509278
74.41731658191456
-3.188498768458044
100.73420308725598
315.39898266214595
127.30683086123157
121.7723157414569
57.455179397005764
9.833701887763855
40.78099638080179
-14.529698353547118
-19.120236007619315
-42.80210780608171
-217.39282189823018
-359.85500137521944
-667.3483033050434
-534.1031283283758
-1184.5182066914188
-982.5856766817813
-614.1935373490419
-523.9995478554497
-357.0148678500038
-372.3717800989529
-522.6155043207245
9.978831091522851
-0.22225024403914015
197.27343358071545
605.1720530372188
875.8067000129923
1677.2198961292297
2069.1329568828974
1945.1856704834026
689.1286651194195
1964.5693945669213
2541.4594226362597
1099.2712772287193
2525.729850547579
227.77294892046908
1881.5022757494046
2078.2976147776503
1177.947301411422
2224.294284833862
1716.9726452239397
604.8980626850164
3830.7535718002064
2596.7314780413526
2886.3935543709345
4529.5098840194005
9508.831529173078
7413.5626231349415
11102.530759443054
16812.855856251474
11777.62092746426
15951.264771140428
22169.475915791027
13000.285293083569
13097.493508585856
15520.751837757627
22860.78958092172
15079.714368059773
16628.237033981204
28718.314523273046
29593.321191402043
50494.11264847898
65239.47932480091
122687.49980339121
-117094.01
-21495.47
-80931.0
-111698.72000000002
-38664.06999999999
-3765.33
-2174.17
-63595.749999999985
-10844.349999999999
-3304.46
-1268.0
0
-1182.4899999999998
-1267.8899999999999
-7626.860000000001
-16718.8
-11378.59
-33665.72
-5540.13
-11972.339999999998
-41434.65
-106415.18000000001
-78349.68999999999
-61621.85
-11860.79
0
-391.11
-1598.6100000000001
0
-2648.5
-1832.8400000000001
-14118.2
-1792.49
-1227.9
-820.5699999999999
-3716.34
-25647.28
-15332.650000000001
-5175.7
-13948.01
0
0
0
0
0
0
7163.039999999999
1586.5127586566887
1701.6538285043152
502.75597824810757
486.4837144689539
357.7720075600837
754.7700671292739
2490.5633812549245
7462.288942023627
5249.430413860477
3008.427758365924
1979.8615853922443
1973.8301978376262
1321.4364009439162
1004.4349232513109
517.6362078571998
297.108834615708
1741.6769701638145
1320.4992702513787
601.7797726163842
631.4371724995973
751.2228889664858
407.6979944229607
352.39265142431077
394.7439298768336
285.1566477888406
356.45936090725934
469.9692040020626
646.676631328833
364.0168163851524
182.28365373529098
16.872492050480716
-135.7759793065282
-223.70034076297227
0.18047597254902964
66.98029707981878
0.42715829422197726
86.93136159590765
-198.63726175094482
-320.3029083425078
-470.71261962239726
-543.4470597682855
-0.45733387811468734
-7.184721783042907
-337.92264550264565
188.60089315761084
86.74609682697897
-561.0538193183866
-143.78368921023667
-36.47908842926417
-154.7736716292555
-209.8468611920249
-122.99866858450383
-98.3955842781184
-1423.1203217697034
-26.684721358601017
657.0726396572156
566.2550779269352
48.24042114047213
344.27066692858386
30.230667198538605
-27.88950648632233
280.126422684325
313.82994799499306
239.36978681028904
230.8531990964628
1423.5071946238181
500.4280841363154
393.5402885939545
765.5092315542563
1618.226647339979
6.018487795675682
382.4272877321583
6489.585029254369
5459.778516043045
4662.083251491704
8662.453037601399
23650.61689225188
-20042.63
121904.60760125982
-256256.02
3143.617293400242
1464.6428540814582
901.9059537892368
1182.2244349693901
686.089515072452
451.33014577207126
392.20695446665206
262.9224139763041
227.5129543656343
15.063760275102773
57.39247769300228
48.78535109420818
50.62005446558342
6.844733985373491
-17.15650928835297
2.542955588696377
-35.57304264337269
-4.321227123007105
-299.37649674129636
-40.45370257450463
-46.268591378434266
-297.7071317602222
-804.5313847143544
-1027.3595012965866
-305.570043680886
202.52595033191278
178.03646876281533
184.62190586493705
357.324784591689
185.7824813299814
520.6279270475236
401.55898368923135
287.5087570918564
253.28548348990253
326.89970715005086
112.19582054278814
80.54142314085553
176.5968392690461
40.2870230336742
38.3430960341303
62.86185352557999
29.619077873194577
-1.2706605211649962
2.649136324198889
-4.3717361779770725
-6.1970385169667646
-21.58077365325122
1.3260532898597126
-61.96659683218815
-110.9006579031228
-1.6163573245895844
-53.242250008014636
-141.9694109872606
-158.6717673744979
-95.21489498890618
-254.6772721166147
-187.41274193209895
-360.30425051206487
-308.33270556963623
-302.02342167683395
-368.0808040435593
-490.94519673604
-266.69627439396174
-107.31811876538264
-140.15898838695267
-83.56260853955906
454.8126988656441
364.2501351394782
15.894349594183801
-0.31219554046346676
105.5550016277711
676.8654268169875
487.3022270956183
432.3643418334799
315.36971063695466
435.03422631267506
314.4469904764469
247.14800238373414
179.89904017224842
39.15515066129585
34.75574528427937
25.52274221762763
-14.537055920425873
0.1233867733671416
-88.04863469692123
-270.95128463315865
-242.2931892984946
-432.87446470187285
-575.7493778202211
-380.62150814407505
-1087.2872750383049
-717.4100269789328
-1101.7864213516393
-1252.9064769223883
-1828.8812726898705
-669.9416187345861
0.00627034647343613
67.4806249100949
40.42877288426969
-90.88520929158602
-74.76176445442697
-415.01362795618815
-254.56780197874855
-0.2884213437934673
15.911959618125122
754.6264174149278
1987.984566610274
1250.2294320039325
659.9361053342035
1432.0945559646907
857.267950259367
143.18801926663548
2.47179534999233
-36.19818470335557
-211.06874914011217
-696.8927814189649
-265.31283121361156
70.83049671172235
-42.20950124688299
-419.74338328547145
216.8835558771235
653.8097253149269
471.6762174108907
264.54449335955314
114.48759802617312
22.213161584883935
-3.076541207203687
-9.115518170329082
-110.57139272530651
-120.7100008936289
-6.076626769261129
-44.56938016467652
-209.58473157343457
-392.4838111732905
-634.8706520833389
-1622.384559817433
-2404.6908791977003
-3097.9522865094923
-264.3011296831713
-14.692329180654248
9.859169442230172
2.326590648413327
6.699879407062868
35.78206782501719
467.58679133583144
1893.0596087168108
997.3133436055189
408.1903984139453
265.6058794450127
58.34577755105781
-0.46533375107942115
12.212763587917241
-77.85699974616966
-26.29405168669261
163.2286895862921
111.95542162813732
119.18584552008244
8.634203892301798
1.343560940089425
-20.422681779892162
-55.40083359801868
-82.4365406937212
-267.601650481116
-111.57812961630961
-308.9116251722303
-297.6926587225252
-258.8084179661717
28.84522337814901
-6.856462049563904
-8.11448546129462
-24.826531976274623
137.36338491240534
95.48387266211358
116.3795626122944
181.87450039828207
2006.8076100818043
2075.3866812798005
938.7508634204247
522.9581789452031
341.018707134888
515.3680634825068
336.91658514344164
149.39487658532414
77.90864707070384
0.8697186532052059
-2.48690380089237
-60.952673943759045
-92.02873501879759
-56.70506473411504
-91.04776062727882
-41.8507762009185
-93.10999115498635
-408.79416118989104
-437.1005742426423
-582.1588916069842
-933.7425496801877
-977.1171162944529
-1267.472723495137
-851.5737248610649
-186.24238911484167
-35.60940689282717
16.67672203776859
-118.2578958623423
-158.83503366411605
-793.5693800888804
-1050.1148406310908
14.733394856278172
1803.203092845091
2330.9736629810486
2100.92025594856
1739.1780595364455
1755.9512127433943
1762.660896534188
1016.7183853036126
828.9034034914779
221.2538113682068
17.67728476413363
104.45237176999382
153.47984711125207
88.16507383941209
49.403706392869395
65.6512186577873
1.064437723474038
-0.07138161389883005
-2.4810313569864855
-0.31561783943617167
-29.675261877786024
-155.2903793581242
-48.27810069325295
-344.38453790670985
-131.6391063090405
-348.19571640743163
-592.0278193620405
-622.8269789767885
-768.9392916510142
-752.4357937260971
-1332.6463160538162
-1305.5503073152204
-1169.2565845602508
-1083.8435903108555
831.9836065662003
783.8879642647224
263.55886258806476
51.41576613239268
5.841575675996593
175.39578493181455
197.40164452086862
129.3974821345046
2.4685018646341454
-226.31483848187196
776.7781609814004
760.6108596113407
330.6218549457059
160.31033130078583
24.08168810600116
0.3629132452322724
-50.62643276174131
-91.06341628088956
-201.46027120490496
-455.28211398543374
-1989.4415500621985
-2896.5273487938766
454.0337792802747
150.86062000178927
76.53539518229215
297.53008770358645
371.6901013188041
653.1852206181786
578.5967209704854
363.57248915825323
140.35439228887608
12.034693690810055
1.0738638426198592
-9.100071894544763
80.85718776715086
93.66919030989078
209.58470440996825
133.5519918991275
422.7957331229452
122.93727845613387
6.942268873206906
12.101961631313264
25.974405625536846
-18.133893721354966
-11.044233547057175
2.756290205436813
-17.51598158062087
-4.519611817842475
-108.32134903400352
-106.26609649221376
354.8139844892789
554.9168660264802
539.1319132464056
15.195568629025722
-7.459937072603667
-128.18976963147009
15.318106117410526
147.32748826138115
-55.233420732180804
-2.5438036687383425
-18.69097874464361
-3.1733620705797456
-249.2171222300951
1147.8415675458057
174.30078196042604
90.04078150925532
55.43356450073507
-232.65449100219945
-368.83324908024815
-236.97149869995653
-208.91237777588478
-1.1831681264794685
6.399152601085219
33.10861796596839
-91.95856450642034
-902.0811281570144
31750.230508928093
-152053.53000000003
0
0
0
0
0
0
0
0
0
0
0
0
-7692.13
-7378.910000000002
0
-734.01
0
