10584.100000000004
4371.684332075389
1230.4773931247266
545.7372043483826
95.94288677063808
1430.6573269043633
-1.6050547603632372
-1079.3386329766213
0.2927544864373869
1935.0549483166951
1611.5917030074622
1391.5361346005488
1779.7663751936914
2347.8837581145744
1345.052515699469
108.8605641437958
31.126979653914674
39.673268365662835
244.93491943794007
238.6928380307785
-55.485369318545466
-352.91491361030023
1342.7299158240276
269.4405441574571
359.05389730470597
456.62128065146294
22.824948919004882
-390.62358513767083
-129.77006283003232
-328.00782716150115
-1800.588380435401
-81.43279578116537
-2.329770893734107
-174.22758492959662
-107.96047394822267
-177.46288067152528
-112.6543313143514
-167.36098711553106
-1190.350247399212
-1665.0566507303197
-64.82538882221388
257.81523897355436
599.2494423766793
1654.734148803846
744.3576323923002
583.0836329629666
336.5520370042877
68.56359481741518
1005.8771285723612
1481.3305619057628
1138.7996267818196
889.8069132254464
976.0043779083614
850.9085930340693
686.5282370513469
271.0277397532675
538.4942053274449
397.7952387600892
473.99610335813355
251.60934888190877
318.02105170720415
121.153521398507
51.03886934163472
137.0323266132003
13.067481869185396
95.4998624023408
16.384040106436345
7.576128256337933
-29.03421372975433
-34.453297684234165
-3.610730091296708
-28.94721440740213
0.2503185741601097
-16.344916428414933
-11.150677682952313
-41.46719544185551
-0.46191584544743103
-105.94286864227134
-49.0556697071074
-197.5556767721012
-116.80046762857549
-170.49873989768847
-231.87090023453646
-141.59399060031663
-485.1577333344666
-354.26189497074085
-507.34853557326335
-503.84467918579685
-699.396071839333
-700.8167157095762
-825.022929630943
-489.7792817256898
-342.87321441261224
-278.7684194341471
-706.3937579283343
-579.5104261513804
-304.97932376729364
-501.4845185474055
-471.52255241675834
-5.871005135703046
480.50101877724046
2092.559937202758
246.06487930852649
-132.36761240643278
-128.86416953450856
-634.4300469192701
1480.8492635297955
1008.9568792628631
77.56548848064507
-453.1849586034812
-73.66427284027357
-1.6280137795731857
-0.6118539661149897
0.6364266869059654
142.60936291479607
492.63672175158035
54.10875917090462
-60.48906761507114
-527.3725710855682
-1837.5671653691857
-735.7238606281313
4267.371114437927
2561.6334852910127
2255.2013075096525
2072.9740014111176
1670.4503352257852
1027.567980152039
687.0954975210847
612.4270554103114
649.7926472495344
896.6982248657308
1811.362253541698
1834.6514924737517
1094.3991325799925
1716.5153339033166
504.9581474407848
357.6553940124126
343.59182616918014
153.7908071895332
150.1572599980803
248.7966052796415
-0.8845990819861045
-125.85438447784118
83.66134793141796
-311.60127100172696
-84.52017501629096
-413.9549652864647
-349.0977465735005
-1283.8908416239278
-1066.7030018765147
-1527.4373828071016
-151.35625536928526
1524.2945483365907
4061.3727229416336
3033.46444689379
2530.517567688664
2483.1098004307523
2299.506993755383
677.6034463931338
775.0339498230996
927.1632057191985
707.8325154842548
660.0662069000391
1422.100705108348
4113.650807632734
4458.990040279963
10384.89271343782
17408.93596730067
15729.08488118826
30399.33600946862
94943.78845403722
-354779.98
119.06506490910657
0.003328223781960128
7.181559318292249
-131.85936618987807
-158.37008144980888
-61.7275940583362
-70.32345046239588
-233.2569649193433
-914.4339089485836
-390.1166330213708
-398.37036328357067
627.5579590717205
115.82691691132372
-100.16561515691032
-699.7336820834489
-70.80913338478305
729.081523154347
1140.5512372611604
455.6452945181971
196.85961028656786
589.5281407852251
416.0237857810985
201.39545487037444
337.86929843442135
79.14667636248728
-354.70777613009375
-1470.7980222177907
-1114.6630596580248
-1101.487848603609
-1015.9890021509623
-1842.878855235962
-3164.880502175766
-1620.8921146036118
15.459614608712645
62.66807685021509
27.369504167248017
-49.92771641087529
-24.523185159803194
-0.6902250122015002
179.36404477170714
410.48890171073924
842.6942960295355
682.4354925100201
790.0503081226237
1423.5960294389622
1848.013189937854
1724.9951792150994
656.7872821929889
712.4624386616002
366.43574820749564
139.93116346857343
136.24771754996678
95.97321131756357
113.0245735647343
37.881201582876976
80.85956312792186
72.782177718459
119.17421588976875
3.6019818898305505
3.60120217412224
48.35679828604343
11.944346963301822
18.830160721109195
-30.649778859648503
-136.48329148714927
-134.22416495997635
-216.10423646290724
-165.06720915645718
-855.7863355509644
-782.2265607339896
-597.1304951657946
-694.1015567728008
-586.8368413551625
-896.4462877320994
-1045.866347374948
-2132.5300136517467
-2376.826674958079
-1050.2341106787987
176.92699373524158
2559.373337607931
1338.3411916710884
964.2127880062408
590.7512665699733
386.89712481553056
1063.9027000859423
407.78032398636714
145.74103710396366
13.086227824052585
-6.692375947350909
-78.60263933131743
-354.42524094950346
-1027.1424020265306
-1658.9584714696612
-1791.780801391833
-2050.137411831592
-2559.9656254643796
-3638.4462055409263
-5263.068546249994
-4031.847938144329
-187.88144048405331
-3077.037041352445
1612.8384218193023
6238.000007165599
1711.3027912860525
3444.774047216051
496.69371715238276
354.99744294996384
62.723026345316605
1387.8946661452524
5558.139577864635
3889.0071160456455
907.4177454763675
-53.45887838559254
609.0547481560125
1466.2045863184007
1434.8596148303927
2924.120759842791
7694.896342765485
5378.8884905290515
13863.492878249555
14671.694137336399
12605.387635448282
8205.110125453395
14912.51820821091
35083.6041600666
68461.58238991028
59892.942569145096
91232.07153513082
110490.14341249422
115751.61113420833
92212.72750363022
205446.33458318186
270582.8744440979
183025.18544980802
263243.8940830176
362289.1193696113
-150923.34
-127726.19
-118952.79999999997
-114270.83
-130310.88000000003
-115816.20999999998
-97994.88000000002
-110207.05
-105467.2
-73193.65
-68840.08
-65270.68
-53334.45
-113384.38
-204134.77999999994
441812.0688620035
353705.788631652
444191.1497817843
-269885.49
-62253.090000000004
-145523.33
-42217.61
-29323.6
-68754.74
-63204.55
-223293.41999999998
-167610.38999999998
267542.22546157683
219237.70617887712
243703.847814735
487085.00287351414
-330280.17
-89973.01000000001
-49314.56
-107128.4
-162017.13
86112.5768863887
224893.82932343028
368634.56366643263
-100135.50999999998
479551.4885771575
-253992.63999999998
-38242.17
-118707.19
-50657.17
-154250.99
-183693.99000000002
-104143.42
-148462.76
-241595.28
-277616.77999999997
-68323.54000000001
139244.60756965782
90505.47597240892
49923.4558008652
26369.170743800827
27584.234016707334
34577.79190937017
45451.40846492854
35557.71785067439
24881.058275116877
54295.33344364402
89340.02976547247
137301.14966411586
324690.7704791459
-455150.17000000004
-164454.37000000002
-315247.23
-170325.46
-283233.12999999995
-107052.59000000003
-44696.090000000004
-116971.93000000001
-167552.87
-42072.82
-29748.079999999994
-4981.93
-7384.95
-8931.0
-2012.0700000000002
-9291.82
-3070.9599999999996
-5055.349999999999
-4422.99
-1782.87
-15365.669999999998
-17416.399999999998
-7377.93
-17094.0
-7043.629999999999
-27472.840000000004
-11577.679999999998
-17372.469999999998
226918.56074190314
251925.40544320623
155268.52177486348
214496.64253524021
-191758.25999999998
-93853.4
-28431.47
-18307.84
-4448.09
-11788.07
-17565.120000000003
-9982.77
-10336.91
-181086.83000000002
97950.21552465654
-92003.01000000001
-14853.800000000001
-25924.519999999997
-5532.51
-19164.73
-65267.96000000001
-22115.92
-50105.66
-38417.79
-110922.51999999999
-32815.95
4917.04740290195
2740.02015071016
6220.561249911431
3466.616668874566
263.15955208855723
592.0413494719037
-24.527371527216147
2894.247732587818
1923.6041793865666
203.19354412465077
-20.359375845016814
-902.6131679814491
-928.5712845829416
829.6592340508246
3976.1154519229594
5564.275527727488
3337.943065913379
2657.836195342615
1950.4864443810193
527.6858849063617
279.441151667431
140.50163329742472
669.039905499209
801.748308391505
400.2947159625801
205.88375130747602
49.92897428130751
13.78691462257093
-0.17717708166047172
-1.333980908172075
88.15543556296221
0.25269571266541835
-67.9495815184489
-493.4565548170095
-1796.5633347728858
-656.2693088981501
-1084.6438925860348
-2631.1775990585516
-3845.6794795854794
-1150.6924690404283
-204.20717524984218
-182.1009429605918
331.5816757043199
3859.0048641806407
3170.4373624618247
2235.130588240718
1752.4125379692578
798.5042696918679
1027.1103254591212
798.9878050151509
740.1874081341482
683.9910826744131
343.05402117684474
445.426760959146
194.35971980529112
118.10105427715992
26.554908115166555
191.568560055901
-0.07990649270730554
-0.45796090940722123
-4.0979717119243855
-85.3553706490319
-416.64984757426856
-208.83557213152415
-67.00352095592203
-37.60385326650383
-107.5676115262419
-52.052109177033714
-289.27118979468617
-22.243426635963505
-118.25944636727036
-105.20759259010984
-191.984116905423
-449.3972395957826
-838.7384806072633
-606.4304086142213
-1227.2850028207527
-2141.471356321328
-1812.096922819177
-2224.011121587783
-2735.668295521479
-3591.4132321943125
-719.7850762882179
84.15571130427111
4347.477894787369
4500.1696846140385
3649.309004813564
1756.7730353412776
380.2253252538894
52.20477609690987
231.06189859321876
404.5009056910823
393.9988256025738
344.6722527785742
348.5214917797684
193.46977636329916
234.4628066915089
33.05717780768061
2.7521270732055116
0.0026919472548201312
-52.57012715592599
-90.95197415235052
-181.82788384167324
-525.9938759206981
-675.1656120499847
-992.5746548913146
-306.91979717254816
-346.9027536226185
-773.5844780630327
-1594.146903517313
-1154.9721062441915
-69.37850918126637
0.9022815590316622
314.1199301790922
1081.5530886219653
517.6129790453816
604.5234923180337
390.94784178192856
-4.454399410803454
-127.14445909465613
-340.76987595265433
-120.9195232887729
-419.0610638669594
-937.7121388070109
-10.166894492103573
734.2888625384682
46.71208447677099
-56.92512041180197
-159.46762204970275
-787.6371544602006
-1121.2044436307015
-503.4581183090328
-1645.468944827121
-265.7166742184219
32.63194032681087
1078.1752830254622
649.5997326061047
46.04766232762892
-32.43718590425563
-148.0895233360984
549.5233874645235
114.63200865620915
343.28364495865554
1927.2026738978245
343.2740218025288
94.83902500339936
-62.529454106758735
-254.38752590877894
-376.0544422212133
-708.4269630321465
-1841.4906505780298
-2389.8166137011476
2361.9364378281334
677.7107874731314
34.035733862996715
-130.1486967448184
-96.54344918474004
-899.9656501210147
-3.5984952534441343
119.93713583597253
0.9414564409883205
153.0863072568028
4.774732889935153
-0.7811138593435154
-0.7857536818067178
312.9329585004648
635.7590530540225
50.72591687692275
-429.1772275086704
-1091.8503503042123
-1617.7170868391531
460.52527557676194
54.846671332364835
637.8618334548921
324.3314769944112
-2.8750732316609975
-0.36312259843600736
-729.7940100901187
-1850.008150829212
-1238.241549889732
-118.64420712056588
27.46231611310028
3331.21062060434
2902.4679505328813
1219.8206821106203
1902.725635466771
2055.1705453361146
1690.5781225091146
1050.0501235568577
1146.7759706101597
579.9849389530323
338.23049362777573
217.48410371630052
362.3518242274906
488.37106866113254
162.4838530753261
48.08886618926915
1.2159642060603968
-2.465103227525452
-111.7850640056245
-45.245088251786996
-149.514987715697
-17.20797393201319
-212.41725556417106
-320.5335051977004
-254.54763763204255
83.56189010451892
170.31507314271343
26.016195344450747
-16.771585964962014
-175.09555543159257
-118.50274855066445
-247.68267478517978
-453.4458572570512
-843.3751295659122
-2691.1761786882316
-4381.81860048566
-19.290344940772407
46.33527845990245
158.34315240740054
428.10608446204117
18.072445120493796
95.83600578539858
247.34053652677434
211.69834594818357
-6.002335882804741
-152.06135548680885
-303.84825704044994
-932.8671812276059
-1053.0312719230403
-11.397032722764925
58.16914832535869
-43.220862927495055
-20.7807336237888
-3.0339168367992704
-1.659083198212247
16.113463671136447
2153.693665632772
1170.686393588141
387.2536418016321
167.68423451146987
84.05649770360242
15.550941494102986
35.177553811077686
-0.558081264828834
-0.025279639147694037
-0.44579900375786347
678.3996842825484
338.0941197207167
392.3778617620262
183.5881699219141
134.5787808981899
96.6580704142884
104.25176136282039
46.80166520460303
19.082872043099837
-46.385551438701356
-128.31479639503283
-318.84834822666136
-476.9009810110979
-641.2314052093711
-1898.119441564274
-928.6179925651325
-112.55362225445232
-89.67433438555398
-42.991476452290584
-13.93499844498745
3.9161860824118366
453.2073076388663
225.77791790847863
29.48599840456676
-17.481151017375137
-161.47655185300763
-295.7680675863869
-89.1357612048636
900.6981982698063
2019.2184378566908
1220.2495691808438
1747.5928016670655
2008.8034195042574
2793.0918532792925
1671.5311118867253
1271.5627981267182
905.267405473258
639.3439058143072
549.6944270124794
287.24509374240137
47.1183642185595
60.02420914268027
-23.230214129915897
-192.70826805318887
-452.7349239911746
-843.7163284815307
-713.713260583734
-336.97768477790976
-581.1360183584612
-1027.0906627985269
-1617.0053135995481
-1548.9776654541429
-1864.9596426138573
-2711.256472202367
-3914.149593076912
-3806.4500965642724
243.96994472717392
190.87354959636863
119.19609772520575
457.53288132076904
159.87551328521783
15.481430575791961
-95.70515644129571
-160.36724429188058
-553.7772304661687
-1219.460351023026
-3183.0497523768026
-897.8860785830382
-415.54935005958083
-828.6934721857257
1493.0085994184149
3747.1103194495913
1625.8906434435416
609.2576239076454
146.80533936140057
100.767243360955
1.1594878222661325
-63.320425278867525
-231.72822052737934
-1036.2413123913343
-202.6085742852548
-46.71969822099075
899.6567888880322
4129.53150692797
1636.9558556100521
948.4524427858188
164.74387767097912
172.20424483948076
648.0798893344136
527.0140838195373
110.78963611355269
45.48541693886392
-3.7839679131766393
-143.82431049573847
-273.9924950041331
-257.674924208305
310.1575331150608
221.33495603619272
165.25590863151052
63.317314355908465
-5.0349246073438145
-64.56342075889572
-200.8265816098799
-373.4389403063231
-166.7399547949252
-262.1816625822869
-279.50096286141564
-28.176332807574695
9.555567632281765
63.54541918844744
165.17051318507117
324.682555771909
111.03632525292923
353.1039653429358
376.625041514579
379.133258020226
211.1075656330326
238.8538394473593
340.3969445037786
171.7850389794936
106.92574318550801
171.56281394013723
227.13388790521782
91.02488904430557
38.401126439591636
32.54738468191612
87.99911295502265
257.79496081350356
64.2819895883962
51.14973096992935
0.2368813589952316
-13.043244339380312
-139.6424083186746
-190.39581352628863
-338.92622265484874
-254.05989214268283
-143.87612331452982
-443.56858853226777
-427.3078018544777
-259.5634542589188
-810.9732057799422
-953.3689966849356
-1221.70429122611
-604.4642864472535
-406.23011688836976
-813.7121020964902
-1322.209319270546
-2380.3426635840933
-2633.454237634667
-1220.1543884585058
361.6045080991087
208.18782173145848
178.01328036391664
0.439115473303655
-52.35340095836143
-785.4427226573125
-2107.4724912127454
-532.027420385088
692.2466281855969
1352.0782531284267
735.0314155074018
254.44369383600795
163.25493298365595
390.1405256442423
48.11441762692801
-2.3058552233597114
-89.41920140318233
-519.3642023128216
-1135.5779456852101
-2455.5678875914914
-0.09941597650901032
-13.693448373625051
28.102249751096743
-6.994413045909984
109.97612918827272
1164.3906557004484
591.5637706284477
542.7278954101309
452.05512479788905
102.51950298738363
238.33035447750112
417.1150391986911
167.65325621605382
245.60039033657793
314.5341420584499
970.9745803808278
171.00273090052647
346.87616736455107
233.42895175135794
351.28142662875763
343.9569325694436
313.90089406068216
295.65711918275906
319.8579802927137
463.31885350674156
384.5276910063454
283.49421835343065
418.63527166733024
259.7017985789686
187.97651783164275
14.726636402420745
28.180151610941106
21.391037902544134
46.47081316010888
6.528516309211071
8.607601977892145
11.076787544453412
-9.076728972771543
-67.26730864098458
-165.18399913575078
-292.9989562008667
-306.25781095279
-268.36793140897345
-256.1838163276789
-12.301770549360924
-29.295535677467665
-54.62421935062988
-125.07075296487454
-15.127282283109937
-38.22912372140478
-51.607780752412935
-0.3276276265287612
-3.8607632001251413
8.332824379279096
4.971671519273027
-0.09039875601308557
-56.0491306556701
-66.77816034204581
-115.88566582228268
-85.70575507392121
-0.038031890417614365
-0.8249749859795352
-22.347888446148062
-13.334535980646654
-19.804685931281814
-8.72548341666307
-17.14042715063122
-101.14523238114506
-316.5608268663434
-67.91646090161996
-178.86855422337345
-125.8917108065961
-414.8298154490823
-636.5672656874345
-869.9872294760196
-1138.8414998777062
-1011.4755134865799
-1780.7064091364055
-1820.3073909440584
-528.9497074121451
-62.92734568054699
289.70726696594227
1129.6412079178153
4976.243775913651
4121.1481099345865
2438.418965591596
1425.2238285096996
902.2945323007207
917.6302307005944
172.14428786211758
371.83571575854756
50.322419832167455
111.71576455682829
12.255934479758833
10.770250868170278
1.1322747684791077
-0.269095482857728
-11.948271513283366
-30.87298402821586
-154.41194706103212
-282.1729855378936
-38.05234489364757
0.14511371960799782
-0.025263379665489964
-2.676702757454455
-120.7914503647375
-107.20346438810328
-255.9733871043174
-314.7347979589257
-753.6777105000539
-794.3113115697828
-1120.1196047988055
-1848.6560138681923
-2418.226775989315
-2914.9453102617
-2811.937462596465
-1619.6001186408962
-1470.595301263064
-2606.7199240321133
-2595.069640421785
-1771.0939667365265
-1633.4025886392535
-26.183999516632284
2649.671205353131
1129.4283633003859
476.23175091987446
17.893177665488604
-34.17200925811672
242.31686916857166
302.2324171414843
-176.03160128850237
55.87262981240927
272.74430512529193
81.1012252032028
77.46260545346233
12.380852722394474
4469.945286764812
4556.585806644811
2837.3138052434265
1246.9570480652274
415.85166928409774
142.98051666663272
52.54775018030328
3.7786282045904644
-3.3236068800108054
-126.27850178276097
-65.58638227595668
-753.8388100053138
-705.9266405688456
-221.94521474109627
-657.33163197431
-506.2947201586319
-1671.4034538311969
-159.34000913989593
3451.451482975167
3181.9772099166325
2202.229247002205
1854.5487157975047
1245.6407808469999
662.2893389440267
538.0137448387949
317.6557723118414
183.8974221349206
126.26571780403874
10.027660471965595
14.115097289006997
-106.97548525132372
-253.6677692777641
-209.22716970804578
-483.6523245104659
-382.3633102576066
-577.8516758345363
-868.5064497517378
-1253.8874700000642
-1868.0046779641689
-1831.2459402395014
-2185.8534068659083
-735.0351755108096
37.85411859439114
528.9202193980013
576.2225004094228
-5.636978417303763
-21.496339662079066
-136.50699025752488
-1214.739736581902
-4565.602280692117
-5548.16738135191
-3500.202906718384
-2231.375969229959
-741.5981454690581
5555.619600049721
3429.3849389103984
4180.340399078164
3112.6804020489244
3178.10505016215
1870.0544114304162
554.6579758844563
-380.1327100518776
0
-1249.38
-47927.36
260.7090340811918
2960.9413919532867
626.3856338574576
-10.502846067645986
-2731.4132113334863
252.06367072728804
249.91866139327374
80.98768452724433
-17.23695200577606
-170.37589785560232
-124.65607014356566
-4.975473007674008
2110.268143348329
2930.522419800416
1759.7597436682233
2119.5562699744664
4072.2369014807396
1420.2234088308824
274.17006356303136
42.81114106835713
96.96359073689399
-239.97237603534091
-441.6753907364986
-676.5917297415003
-539.2622397286923
-1529.7335363531333
-143.27715841321552
-83.09709403482708
1236.9345820212493
2137.399841549667
1122.6205753322947
289.8577531115374
224.26879165679253
-17.673028248480925
-64.62416135878294
-1.5192633505152808
-19.342609010839364
-444.7253076617143
-1018.1222540248043
-82.20741234324069
1793.2934922864897
1912.7092117728353
902.5673345715182
303.84042557517824
59.929930059214016
-68.86989041569598
5.349692090672857
94.98294433540568
19.377412707837358
-19.592071780508533
2.9385759565240277
1075.062595868194
744.6746860706425
1054.6575737157068
444.3425389871206
331.652807374758
132.8736831355874
68.59315740350898
-23.083448365206543
-47.73240954129352
0.053143673405169026
-14.786289015093594
-103.201644875362
2.3178007495962922
-241.00260757073244
-53.8026277579331
-671.7046184233442
-1443.5821180746689
-2307.7803165147425
-3154.5559613618943
-4006.351150417845
-4002.0977290712253
-3756.671547480105
-4415.969248308849
-203.32904449726058
169.40863048874576
18.82337661473985
-11.705473451984407
-515.4476978936577
106.16364445256471
2501.975345971652
2034.4190140737417
2805.7373989076996
1845.5422332984674
2103.882553714192
1548.6677228698904
1201.1854603663242
1028.1893678734712
630.9829394906102
328.17756077476065
419.943492969173
490.3916594650559
265.26923578965165
166.45538032751102
158.74946564955303
140.49333823996164
43.70976011325056
51.41854568312321
37.16633001117806
60.78848308339575
-0.05939639751474293
-17.40402819513569
0.2621180352828816
-65.35347905048681
-10.475657886837421
-57.70362530657367
-109.46974480572584
-1.9479510740475394
1.4744135362269333
229.71626920248312
1.4743158592050394
8.348607287822338
4.426739950528119
3.1307241022988785
2.627072985043439
-4.8259753709141675
-1.0346224066390302
9.409163332367081
6.487617320317379
0.14550102740939977
-20.79741228378887
-31.111990447486967
-3.0890449511741185
-7.91958929524015
-13.595729215340684
-77.37486219710303
-9.537331796083368
-45.62242490201514
-300.7605410361637
-28.215075280183783
25.97963087097231
530.4248276604783
479.49169469100656
329.7804835498528
270.11307602832835
87.19522880136515
375.2315547681519
11.69988117985251
98.16977362241666
1.6753777683336648
80.12360397658519
37.9528128871377
4.330549110551886
-10.999172315556876
4.10829525932696
-16.729901945141236
2.930424515221255
-0.05143758200874387
2.6007617601637456
3.9619633995145898
-0.04589154550214626
-10.443429622584931
-16.196090383383513
196.50004987067808
143.75451707838124
-1.7386613487488485
115.54717763621773
37.205363278005734
-4.089350088059355
44.7015028011286
-66.596611426096
4.342610972893301
-69.6018816172231
-35.280471822259756
-30.55780341134631
-32.63286773448793
0.4353538361462637
-10.774489248403246
-40.10522314501855
-83.7500721072839
-13.922630785366795
-154.10541628989648
-117.71805007538049
-119.43656596914846
-169.0267431415656
-279.0103875261605
-439.294408291222
-101.72485927834346
-233.1419981600962
-102.46025027697556
-300.91864213413976
-91.91802738467936
-276.9064760166002
-305.35627319400913
-524.9274160954778
-562.7968924810161
-815.2986977803807
-847.0075765493654
-1316.2832812991423
-1949.7446673478466
-4114.803754897055
-6145.721114388906
-4049.5404334313325
64.71210726066911
778.1378475660478
80.65979777497786
-4.4897264493677955
-49.286377035669595
1102.2213074633
2337.345699910746
2657.6835967323377
1866.0669838924168
1758.3964192450303
1838.569331546431
1180.929356899551
771.2605735313923
445.2403725376501
308.74047274019773
263.15171942874576
230.40344499408656
89.28898083043964
158.16307961404652
65.15284447386487
136.22886596029525
16.081708290400403
0.4767346689160828
22.892742238538055
175.9779698614117
77.06612551572005
56.36797961802124
22.526481023589888
2.916982543416053
-14.454061689553967
-1.9835242445578911
-74.34258845252877
-23.556550849995208
-124.77820174717549
-93.15070255432312
-196.21314199154386
-237.49072140759614
-247.61586648343393
-425.70428102046515
-211.49556227302048
8.376534481261977
89.00911212310854
102.12618718203123
23.285170007462987
92.18330441654015
71.66442943636886
188.32853164337092
52.26333237897194
91.94834698944264
313.6358852124333
1313.0359421412068
1353.0615914371324
794.3959581893328
462.43719660463444
251.14911243489382
91.42428354840482
26.49621410942328
-0.6359592501345498
-135.56389242089503
-129.3351597295427
-250.07596378134446
-69.42353476180143
-134.41018654584468
-128.73994193462582
-140.1245874048616
-129.07478088524056
-201.90538334458705
-229.0384221075601
-270.3326763806605
-313.28211228767276
-457.98429420735005
-501.67926240215127
-479.6249095239798
-381.9726804123711
-1025.6478557539954
-1598.4671810347147
-2045.8466909054696
-2192.3664566354773
-3319.6595371421836
-2921.318577059841
-3657.600786795342
-3569.0569949012843
-5117.11551934144
-7484.914564689816
-1878.6695222679957
482.6437100091758
2790.5610338388738
786.578982739154
669.1139031586933
2844.21324478331
1701.5063181036462
395.84019356484595
-7.237737706873756
-180.58170633236028
-33.41955147946529
-336.96866654891943
310.16998784757385
1466.874408052546
137.3616570641623
-264.13162562981154
170.02647038470295
796.939339560682
105.30474875040704
52.63951287862156
-28.607937928677398
0.3605970349517323
36.376226481288946
170.23882859717696
37.647976421878084
-2.2240673872472185
-185.0606264081445
1098.3876019873967
1792.1675047385027
224.4523756671016
-4.003614913644228
-67.90349276255951
-285.5324204189499
-653.7317935217987
-2512.7569669640775
-5599.256374530557
-4024.7928333479786
24.915623026654806
5.777601443783325
-261.1844564590053
16.813261788014326
924.3678488855035
2193.856107825844
2188.214367059002
1658.4566061377966
1501.002297223652
821.1210717762434
209.4545310417287
36.07968871325612
-25.993404848523895
-264.39639188598943
-1089.3358016317115
-170.39111844867847
1883.3984595316415
1270.0370155488022
275.83276025037406
-31.769752786168482
-732.5966495111138
-1708.2102308743902
-28.756941834178313
801.3955657637155
89.0729190736341
-89.56834013172836
-88.54077200559513
-248.62778544063016
-874.6193684386966
-700.9012329424354
357.5951209482789
253.06723481259684
9.021791213690362
-715.7580431755478
-225.0932256137402
5.201920231883554
-1.7604806860690752
128.36443564520164
265.8968775101031
-167.30916195173506
-347.70721516807424
2771.0042439040476
1797.066668986278
475.8799966497856
317.9285042614991
4.607925297106527
-100.66649367807635
-186.07771867543437
-341.58146827026354
-1483.9420079358645
-1865.577004259842
-1929.110646534472
666.1805934133566
106.43212349317793
-75.3675861292005
1098.29093685046
359.20672214928504
9.277727457436365
-287.9871118689183
-519.9274626637384
-770.3308388433479
-0.7684908958767445
1155.4125907981265
648.4908931799126
359.12932443511863
128.67434587995712
28.126502585427048
3784.5699725295785
3792.0803618264654
1619.0778631449134
989.8064448761434
970.976304366436
544.9569671529719
215.74434303777971
201.57570807265506
106.056167870929
10.88288820236835
-1.6917072465190863
-312.4546505538317
-557.1640418015238
-839.3467878393883
-1472.8207642068494
-1423.2582877216414
-2249.7208067799593
-1945.2888352356829
-2690.495567508691
-2087.0633458410125
-3513.723481963929
-4687.980868680599
-591.7414885058618
1513.8268040585804
504.0239677014029
-144.19560220529445
-638.6274992019278
0.295064108838182
-26.400516146036498
50.98080328368788
1675.2792349868546
9.945974989522515
161.36434087127918
79.70603856223454
69.02478075038223
-53.84454824518285
-123.40415590873289
-701.6666489519337
-50.06566718821618
-31.030691003379154
-691.8560829118494
80.99330145763771
375.5544452706008
63.40877883497756
119.57349210637167
-199.13716919931335
116.90102044678787
10.081204084646378
-922.2958749284085
-197.09601864181118
16.095529790044893
282.61097652955993
-15.666156379093643
403.7419886742888
3888.582585404668
2562.6058447188143
1184.6524482792338
169.03008139116753
-1.1017434226431804
607.6150771781456
331.14578399689833
27.082804604009365
15.17635848802764
-11.645573963371646
-247.76313005196408
-202.7519144227017
-280.1016017090321
-466.1207389947864
-53.86380873540058
-314.1084127413031
-8.11144158202914
-7.540940149799776
-18.699263450911573
-6.186127582297785
113.95012018410672
847.9717084543823
208.6879980835706
430.961938711444
1104.2502170134715
612.7577015707311
402.70800903491124
216.44933803832637
18.586597398325548
-238.42103822471154
-770.3393854605894
-780.9470682875412
-857.5761218898338
-1532.6326404581569
-1955.8730668346352
-2206.332814991984
-3465.8085223909497
-41.9293209056498
996.1936955776704
184.89255748365045
-96.89503057499643
-1684.0546624347526
-943.1186585649859
-7.027845565018055
0.4208729691787006
-197.02410785931755
3151.769096806486
6918.36789443692
2459.4501053034596
909.9059047448234
120.34313647511611
146.76718695820102
1340.8479756090667
388.0184966736441
2.9535407762670856
-51.057023758733465
-4.477275558421463
-143.05308907967387
-454.2728714158664
-513.3629739023326
-1207.1640829836865
-2953.974162037208
-3737.5635936646017
1436.6725711667755
708.5281962715576
115.4729675739184
-194.77349735773254
-1054.0191147262128
-141.0781855900852
76.93287750664513
171.32610131209464
-136.6828467869011
-949.8412552189211
-127.73854949418902
-38.67535597449965
1183.1383236150095
10.854493416730131
-632.8017626175508
-424.58968294972357
2428.9359757667535
5863.354010376332
2349.6143891738648
1066.2036746400918
599.0328593729861
1002.7473214871025
901.3982914427129
288.5032551458348
0.1239819093844146
131.15158702054146
389.29948700033776
207.97884971672102
182.7683683869302
3635.975034848727
1324.3659685634302
1469.507322200787
3209.656363454605
7096.1213091499185
6725.088958036051
7686.411435605414
52652.287895692076
-165152.04
3155.1457184444307
738.3340429134116
588.4577373034394
62.11672038649135
-215.6352937705912
-613.9609219960545
-1207.6513018823184
-2048.3726886504555
-1232.2356796062388
454.3688553074537
165.04165540875607
40.33902074144198
7.987699884609167
109.61962264670547
-10.324288464348534
-102.30417963355742
-440.7691493919691
-1444.8828479292972
-1777.074445295164
-911.3535328520004
-1.0975961242517318
633.160411845736
0.1800845083207766
-108.67842778670416
-610.7492543113053
-966.2436250082628
-1403.663346653347
-2553.5469018901676
-3152.8242419181393
35.17348223688561
66.03973488014245
0.11536625466448097
101.46306550968995
767.9767149244286
262.2184872361602
293.09548009120704
23.693572737507303
-24.16798314631359
398.7195257893792
-117.6784590854931
-305.02669195777435
-9.371820793140461
429.7698351928795
-556.9486162674051
-631.7809825810442
0.612425194089143
-0.0002770270106778142
-4.756926783240575
148.93459166787972
7.145435537164071
-57.134322275800685
411.6655148429607
1018.1452706769612
28.757340414585894
66.709052355587
37.84332129039582
17.124723795065798
-91.87249702062715
-112.83531495126901
-210.2643669978052
-71.77299915270893
200.75164311366748
576.0573179478787
0.00453659774139269
-666.9311201566642
1.347205553611368
1275.2533311254924
30.034691197574407
-989.2685458159636
1437.8993702668163
75.67504985764731
-850.9808409423322
-701.5260781320976
-63.51120201705736
6.69858202573593
1.562191138554744
1187.078850524315
367.97912311024083
166.31687506987743
-78.10254836339267
-466.55967918132
645.6835419215184
1164.9862348347333
168.2948570714036
13.782256815561727
7.586092620689317
0.30858249544789346
54.76969310502009
633.1479346959037
3.132372582480996
-17.973681222968125
-471.4699204350356
147.3041664126369
2393.1689433344854
3142.6219060930916
4021.4596722155056
107.65805117306698
-266.600835438054
496.82003792362406
1872.218159207606
1436.9849816322126
1452.5850946223898
947.1138536107202
4994.86864856418
5979.036015203911
5370.142072288903
4660.7500154845875
27027.797734347077
68078.15028562787
175495.06055135423
108294.60452226608
182171.8216696415
-17588.82
0
-62792.48
-100073.51999999999
164990.45365534042
-266406.9
169615.7835022435
320055.97704620776
-418747.80000000005
-570142.12
-1212.8321749389588
-1657.9545685924872
-4211.539217012303
-251.8233648548165
220.54464416324913
1200.7421761143262
1357.5405305671172
1075.5924126080185
903.879839769664
648.2363547075203
315.4060368699596
155.0143254157413
104.81167133615992
26.381729475993666
4.072198268439227
-61.26576204767307
-6.698071717541166
2.309625591705166
-204.38172338278284
-581.3255572711271
-223.08592719212112
-310.3630319136217
-667.531918933031
-575.054479200599
-88.89693225838202
72.35791965386719
2589.3884537354156
5025.05770461011
2979.804931989865
2114.4490883642443
1324.6314027355447
797.6837304214044
707.9231040396348
642.218230289958
281.4717469049616
166.9005466502566
139.23650921488502
23.746117800905218
0.3216880192283756
-9.250587973851367
-163.38184432679157
-195.07425393314452
-335.22265422793174
-506.3887611158398
-725.5904452764767
-358.22534959492845
-146.33392255168792
3.1598233712999266
698.2402851383862
28.38885650899968
-82.37554662385115
196.51799810855604
443.34360466496304
30.689328301902453
-72.73734750608064
-126.53545090531024
-27.532005612245367
-28.900644683391626
-219.90132821773693
-762.0003344408408
-1437.594797247637
-2479.079813481927
-4290.04163609086
-4122.404712505882
-94.22312031518719
129.51993558656264
55.104622734636045
-168.25534503425428
-20.981390791505948
92.60791326886506
0.3229295272602176
-387.22824739048025
-3095.659737861777
-1140.2248620854698
3119.8180260057084
3827.7309223250504
3132.607636156259
3823.969969383709
2748.8534301397262
1839.0301574902924
1336.2954341397876
825.8487872260617
770.8221774721214
1050.0290851531588
672.7882320433671
413.57705471270174
554.3478576480968
364.67560907360564
53.45650127526365
19.215369122644802
28.092959881460907
-9.215733808582618
-12.219423320225303
-13.64642954548916
-16.591283251680174
-155.10496771427964
-145.10622118682437
-33.104771227263015
-5.406842569572506
25.935262211709272
45.87252581191664
68.9210770553675
-14.735832498854146
-80.94332265883781
-106.48322197997743
-260.6636774776398
0.8712806949650116
175.95894051613303
569.3377910969873
346.33659195466004
10.036429035412372
-1.63580773011833
-19.87155610519703
-4.422296710638138
-23.594155516746937
-35.86852907473694
-1.0351995114834986
-57.70918350404281
-9.246569181626235
13.250610849580083
181.58225374918473
144.92141902462487
163.4570014812548
59.69063763107592
247.89647938634357
30.272224444343383
95.53244810241642
131.52711203126677
135.500253673605
54.09193695083983
0.7619768875584726
0.6569403875927324
-1.2187560129869948
-63.64677721815983
-7.5925253638849375
-18.79774168597951
-62.475403456118414
-2.45069506359742
-10.738560128238989
-3.3387327526147343
15.69243786152189
-10.21469346257556
47.15017851846933
-3.4147285226083057
0.04401388537259079
-15.36076022711724
-111.60356615817682
-269.18093338886735
-778.3858040217589
-797.5364375021775
-1517.9343808377866
-1357.6360515347542
-92.48186075460657
0.5585759008257986
-4.406789634954133
0.970744460178363
67.09221613900037
210.3041409373875
2.2430611014364485
18.87470290591005
8.146372771918992
-2.2378973408100347
-93.8492932974824
-0.31622483884525127
154.89570620471605
321.82045471058115
215.53413710091485
394.9600504565206
108.47462966464873
19.546579371831935
0.3957906173813082
4.998571245759528
-0.5304408607314184
-47.10963729064177
-2.9063592328044656
-25.623865383531374
-51.43445841472156
-234.97598666056177
-391.23235866603585
-387.8675750373683
-3.561711822536248
13.28659199456534
27.077695694882106
34.01007889944275
0.18413536309150344
-14.036802135364592
-53.21504632468229
-88.97706543431795
-149.20928685792518
-435.4582541907871
-782.336436952362
-691.7210520650735
-991.0485058744007
-1557.9644573260157
-2168.855906297633
-1310.5662572472786
-1340.2608445530948
-1290.2648852138186
-1855.5604095543777
-2958.8550594705334
-2801.0517449183762
-58.78691249703605
321.5479547143853
2.7495225771804668
-12.298586673160601
-11.82274345612297
177.16569111706718
0.06626295447263789
-490.70392187001823
-144.76452150474583
143.3768198176067
118.07924674478288
65.83076816862142
140.20530322527992
24.61820382240357
196.67269146660934
135.6542561419024
125.7822929790502
1511.4301784884226
2954.340799353847
2183.4613411117125
2057.296431592509
523.4223941519401
288.83455552545627
0.5615667084863298
0.009963606216744914
-33.3332941598095
-62.005010313757175
-81.55720285202618
-222.71434489881068
-328.25552264551357
-880.9659720470255
-1573.5174275144
-3177.171814025649
-1723.2422833444105
-88.64218462171752
87.10702264354008
-86.58992067470456
-1326.0654711761936
35.1304102767386
1162.1759119641492
1689.5910636024182
52.18746174284788
-52.50182383310449
-147.12333962093564
-625.409216474737
-1056.3217074276613
-82.25248148023324
105.44218738304835
361.74714599044137
51.83407670956524
-25.31803909093933
-325.9657105096069
-1322.3939048497314
-535.8411897815954
-223.2899906336885
8.245005517312453
-1303.4571213367926
6.480263555045775
3405.853007084566
2736.963080576209
3518.6084279068923
1903.1674124808874
494.04689527256477
637.1299170284934
122.90130930438879
0.19770685546181616
-74.24864026532424
-67.36930371098548
-305.01383219661864
-341.69405546486223
-295.88354126315636
-609.3359762429484
-11.86299329171451
-39.50676214830414
16.90992990279752
140.28281130046884
1457.8485868836492
827.24898241526
237.9409885059949
236.1068688292446
11.807084971836897
-3.2183865254938526
-908.2982382683002
-528.1366297571088
-51.48442267117616
52.65478767597439
1194.6310863480262
106.2779080167459
105.38755723682472
-704.1530425718806
-1819.4087967478777
75.65529712712829
286.0737071811376
496.0094003868857
1372.2513678156856
668.1821967559177
277.7847272778055
65.64046034718032
997.3436077933902
1559.6005549333881
443.910994005121
47.37858995509845
96.45446095454624
871.8708021325061
1502.081425732983
2572.3995440567137
4151.162110950952
10249.006838861304
11142.185686977158
19918.8484378563
91478.05039467316
161837.01958957917
234369.5349094795
124507.42494536286
-842417.9500000001
440.13095256846316
627.885260989163
405.4241058511353
250.45056305005807
20.882916141622132
69.37123471606195
-191.9063348240737
-319.03351356636426
-634.2095190100797
-370.534061932222
647.6849449684627
80.04035337529595
53.883013506797454
-0.00020793942408450458
-68.17485438653671
34.24048738373931
32.643535364612944
-32.2870778037711
-274.2023136434341
-1393.8254040046918
4.317469104356427
-140.26163665081316
256.38077371249943
-29.050346727000928
-77.29454840074203
-0.19893186880709815
0.02258976037329613
0.09555056108244403
-123.49118458827155
-440.9363210453114
-19.94891559267832
0.6898812927903715
-472.474997683672
-6.828700308393466
-31.736316016029445
-249.85241853120132
-388.4641713040728
-315.2904621033371
229.96840452573895
141.88497773648638
259.0138648692398
-0.4067112700855312
39.23395431226426
993.0393188085062
702.2013739923644
1226.8898075882837
1429.7312482209493
1672.299862943426
1215.6504952333917
1150.099955686999
596.1843725727201
719.950308508908
855.4257901243981
668.4400968924405
304.6830262386386
430.6294495712225
198.0334215949908
123.96193728388694
85.31437162341803
308.41794913817114
286.71777168535266
179.9495420678919
68.16679014130743
21.71889375202882
1.898069815384589
-4.394374885495006
-45.7492646415589
-81.69416649296606
-138.9743112269194
-435.8618132887502
-436.2621357910474
-644.8014680205591
-815.3472972045537
-1147.8597925363983
-1293.2159417632886
-1604.0671497214844
-1882.5113950477223
-2373.1828080950418
-2628.432587426291
-4103.584092826213
-4211.585562876737
-1358.6078409369347
-656.6339983390245
-530.9772726968778
33.84051015301098
1198.60731598547
90.36561571542421
378.42539758519587
929.1155737749347
8.674208342782894
-1049.153842901099
-535.9579532549399
468.3166735850517
648.2928518821763
70.73257859883738
-29.37733809474754
147.93573719243204
156.10470476130052
352.4864908762995
3196.55860397123
1017.8150554525259
465.22375212742816
651.8374694464256
603.7083537466244
237.42776570808078
1.1469140413709273
-122.37687688113427
-447.1299755919284
-218.69568463763218
115.20894103498213
154.29656568519695
8.440812224892902
122.04010905030908
50.87805935944023
-2.4420473859512817
-55.2849063056086
-59.48522861703347
-92.93000375406135
-324.25301357571357
-665.8633112414693
-691.5943732674368
278.21401706994675
-11.429237963594497
-340.92353083380954
-811.3398114579323
-1033.4482100003097
-533.2029664410856
-1755.7459418487979
-3718.406476619634
1559.5806787736333
2053.9208651712097
14.363362181806028
-180.34851631201235
415.33696573192714
-385.53193805985705
54.64541129550445
-193.21637315592116
-1870.0677260039279
94.06237016202537
788.6302242194356
3.4189535283159485
0.019086214160282014
124.63297175543762
34.214441555312796
4.201554548065254
-90.70212322208404
-6.790438317270569
-90.1239373384616
-107.95615854166476
148.3599526132244
-573.2884117638499
-65.61949268771404
136.45463670234963
-60.58185446974432
22.8701649513716
5.069281803837323
16.456778819701366
90.80702234899687
427.85349103409766
0.4673432600335673
-65.29657702256793
119.3766326605847
134.28459927337173
1114.3610941149302
1291.0328950810097
547.6088814882191
28.70911798051195
-11.673293259258099
-473.2461646092479
-1203.2930708899914
-1961.1650883464222
-2847.8742929932832
-652.8423167425944
-420.3442569671763
9.733337868785307
12.438906404108785
79.26997976592425
-132.90783047785212
-4.593948625749025
-67.30397657876098
-30.15605584923223
22.41403206966884
-968.8227782482236
-889.9263239302563
-1077.4414123522804
6336.165093621938
6458.5737481285905
3216.131962267942
2452.640765754428
1348.8985363275042
1783.7269726177603
1267.897781716059
96.28302168447276
73.48222575068797
245.47978951689652
168.67511259873623
158.88118739605073
107.29491100212192
22.103248097029635
176.48594595234857
-0.6170942654091603
5.013638772346364
381.33492422072675
275.53972024599346
318.30265022448685
121.43986184967106
209.6064956410774
0.6484386380626137
97.49771437025908
194.7081814813124
80.44733915826666
100.98308359399627
0.28202600099598824
6.04579968518239
178.8823268249248
185.13709026805037
220.79471034908187
393.9426350405506
6.92042399202965
-147.511708170602
-336.50321352492193
-249.0421834595366
-292.56983179807213
-5.776686586658863
6.0180825840607906
0.20647317250603323
-20.946183387058653
-11.94820599279851
-52.52365655180607
-181.4345138906331
-176.72213153680238
-338.9794869556743
-523.2599906666491
-382.5009460555639
-420.6860054523547
-593.1063034831725
-282.2401295562948
-1275.585924490891
-583.2911265244697
-1237.0430883514766
-847.1057649116947
-117.77837412881398
786.8449811551884
173.04329502451543
54.49036652393404
89.54098243565853
532.762088940219
25.985097271821438
0.007025465336373037
-0.9844247996331521
22.231184211141592
-0.40309667867261584
-115.00929004519455
-42.357431812638836
316.6824614109653
406.9804410412426
43.93815449541412
105.27663869135765
45.23706158203779
7.43862440852185
11.337090845974256
362.64970231221287
52.07594796471878
1.0506030731578235
33.374720652961294
-80.6105599902744
-177.6426904155557
-1406.555194661495
41.66597274448635
2496.8384394551426
1006.2886788792449
136.46806735589456
10.792875926627115
5.887063187123045
-378.3470029321708
-1798.7291414468655
-1435.807555952433
325.8670297505047
362.58112420948044
430.11729461603437
1736.0750133933361
8095.29869430791
10459.308119512381
9496.320685980329
6979.341745499421
5039.878104945235
4022.557767407799
4294.134038096743
5950.370038735045
4678.452232107163
8041.297135387731
4862.712360356794
6726.23834604394
6066.0795888124685
4201.2782762280585
3890.4174782690557
7003.441909537783
4226.575502297591
15812.489862147446
83222.82984792325
77427.9649256017
76638.02746383077
47685.99250208671
36026.91890665145
38096.87998515541
38840.62289930767
35538.28690113856
38582.40431997077
58413.15919195315
71042.10998912668
73019.85113271757
73005.14512815166
61638.99141037624
76502.19270275878
61359.525397767255
66362.69116286468
77291.4060534054
79369.40959484578
99771.40381939459
134322.70897290547
308106.8611645589
-2566147.55
