7700.320000000002
5126.54026855814
1284.2668703073339
697.3041451746187
845.2067326284769
2723.691568832088
3587.1191920488372
915.5812709568835
1744.9967381406561
4370.990618998345
4738.175353025863
2457.15000743778
490.6699841953682
-74.49321194364826
-441.90518377939327
1003.4827174339334
2232.5505789204144
791.2608985467892
386.37996062387293
381.5668231330996
129.4097907771737
67.06033239402346
-0.004120217782241171
16.180897828476905
1.6811550933862525
-47.51164974591795
-52.65193915195886
-488.6345260119394
-1286.8157565906104
420.29029848138396
-79.55351796961631
-530.2152350470757
-53.141652140459236
-469.15300391846074
-1416.0603003451859
-4376.899020862147
-1343.8371029845837
973.6001074800199
-0.08107070900892258
163.27636594369721
3055.9961346429764
2756.2993895421578
926.3945440613013
411.18197956839856
10.99936169033487
-1.0377259621534543
-9.933600911921227
320.8134030801707
919.3261390839195
111.8194369187075
11.230051630132303
-113.2474794256711
-832.0681648294621
-1389.626369040943
-3366.95625559342
-4355.86192609313
-2356.527242791552
-904.5261795212202
31.990829693148235
57.11585592426816
-0.1825589280217319
-77.26003930209514
0.0006148512522834746
2619.6145849686436
238.6341269011261
-111.89667783498768
-1978.151037819745
-258.5223814839395
180.1890413446974
645.2008925020866
257.89153338548317
674.6005551833557
411.1877644692405
54.997475362470226
761.3768760505525
798.301704580783
616.2440700292074
707.4077614725016
415.2310878404183
49.83428910603675
50.718963021099654
51.59876014165619
91.89316689285957
170.54870121439157
233.4691906212161
102.37002555075021
122.04335638535366
556.7612280943576
152.72150978122508
85.43145799552346
50.88474690683251
317.8452421724909
97.96912394850266
28.698382608923232
7.833513078570739
1.810198799237902
2.0134561763772774
-0.8014847107561741
-33.365446602390435
-27.28880127335763
-55.68297513914026
-154.64959625934222
-373.3693890288301
-403.99416596612366
-509.4925156603235
-553.9721718983333
-1043.907795000813
-654.3779538029974
-892.3278141914437
-1203.2158849129175
-991.1547497010645
-461.352703351395
1827.3409748731076
3578.383383439146
3861.0515301995392
1875.3715392014549
1528.7429179146832
674.5336983308314
499.76647328215904
180.69327011511893
86.98107499092345
76.4044202506669
0.34492937742086516
-0.08375362856694613
-10.344376067506127
-33.49988603219866
-34.88546956382005
-11.936296762579168
-8.695887122239485
-101.29589967687085
-135.9806307535669
-32.31668164746099
-89.68199279222577
-603.7584243335699
-1215.9661732387272
-3392.387412508063
-2912.6162232424504
-1066.93584100021
-2684.678244132431
-3553.963357401455
-26.747405524119763
395.07459898255826
65.9828492746574
-198.44920227696582
-1547.2620504411923
-0.28670519034582553
654.613030081531
821.2857641736683
726.3966133978374
323.3995722951513
262.8654866605839
20.658667038179075
-6.186695207326476
-46.48554609231016
-2.768760551592422
-48.953105185475344
-61.23216354176486
-207.5510428557278
-342.6424127005997
-1044.0124215206765
-946.266409206344
1236.922698927158
184.19645198930243
-153.744752740438
-620.6694358315892
1083.5521527547417
952.3381341302747
0.38187008469494865
-905.5109245382973
-1758.8002673101705
-447.85398802738246
256.5045716185764
-79.35484446127151
-55.99349098394474
-0.3253324170470981
71.7649922105581
10.944617977534085
529.1077936617094
1490.6143777830782
3252.9817265751417
1677.6451358286226
413.0317311196993
395.6968854982203
-1.3387362877099263
-662.8383233717963
-511.21252329195977
-254.08485666700878
171.15335115675435
614.4275182875117
867.3820483754927
438.6062426619221
305.5221225235516
767.753738272043
1185.8646702619833
384.3904490137878
178.2605058190886
167.0218776439497
2.6544800536352233
-86.91667842806444
-46.118020316126945
-43.342038110674864
-586.5427119002406
-2064.571264261832
-3191.054339882022
1102.6211002987316
4547.426424395425
1169.3284140778355
333.8008208435935
-4.566266936235464
-510.43341438443434
-1851.625008156518
-7.984954029739218
176.654764021815
68.70636813316737
-13.603383461509559
-132.5166795623971
-36.56002484675044
-46.33227514325651
1.926069949546171
602.6905220276332
1508.9067797813825
-13.002450876407604
46.25868428205956
-482.90275798114226
-2194.5047759893205
-178.1664885294049
-92.17194678575572
-162.6573230871208
-306.5850631996781
-347.43482234201196
-1015.16823509689
-1748.8115911621317
-4198.103032328545
-1025.6248257751884
-7.455460281275681
225.98595607898437
338.35871049291956
-0.3165763414119953
-287.81090984073336
-1170.628495839273
223.97929997444922
2378.5074545791067
2020.5214003216497
2261.325381595644
1938.015599400241
1608.6322409705886
910.1982642292644
1257.1331788380176
802.2509810781215
332.1852210681491
369.28338441919595
321.70834209075946
219.1046989242896
164.974583896375
294.9184385608887
209.58973243731765
127.81067910928748
37.795548588142985
7.524325841462119
0.0861194631288425
-21.243090254864857
0.4581794020872559
-81.75434086395481
-14.876140631371516
-97.71012749269119
-119.1566575174516
301.0311552206945
275.38729992493825
430.1400816180146
149.76538003315986
0.16757710096983774
-67.80258009926837
-462.0152306868271
-486.87794884972595
-313.30646907963717
-570.3612780147387
-907.1811674639669
-1807.8091783252526
-1186.968565592177
-1789.8706330499251
-1908.0121266546762
-1904.5064218668645
-2013.0309373232624
-2022.784151161523
-1915.1254523026284
-1902.8232280959871
-564.5855839366327
854.3267505223027
747.3726157015899
219.0669775974079
65.16670860481707
181.20019270356542
424.42675315109676
59.72472374194983
19.311016768750292
54.03388865050756
1800.8539109760602
974.4866217982482
465.66379965444895
816.7748891234079
181.4832006432348
-19.330954815413744
-223.54463426887878
-64.2293085404227
-23.630977353318862
-283.0309149091296
776.2873493846854
1139.4725379060264
43.177865680694076
6.3074782838202825
182.36317865694417
6.453122122742766
-94.15286057239625
-472.6721728271752
-268.84906570747313
-22.78905206876106
458.1804840437689
739.232082581274
-8.074455542672917
-21.873490416081047
-420.04014791799955
-1330.159572878054
-2405.1076841976083
-2937.256016648968
-6116.565026812974
-6670.215313704939
-2565.0046321287446
1886.7946818233365
1516.5337343593833
1578.3515894357238
311.7331150408519
-272.26582114078803
-745.2328196811609
-335.9783421314155
299.09043238245005
238.62677764592718
50.1025706046844
17.13126668251421
785.3107374710446
633.1223677056571
722.1914203995275
428.1838022380742
331.95372713724
194.94544199837583
402.3634888256114
167.13024021021283
41.46611900108148
7.517177576633091
0.6778554200638217
445.94280726283813
81.90197325066606
44.05710734771114
123.04754366930933
478.61944017621573
396.62839750553553
2123.0967623077095
4332.537386488531
4139.493884823925
2175.5187777626716
1772.1494462787998
241.20246136846777
5.932041156348657
-1365.2079259991367
-205.87867371862527
320.5462459376795
2999.1098340424705
4012.3132543620236
3315.9923948116775
1839.47008002455
1958.1744488689044
1383.5516907729602
439.2787935202594
410.2316993376083
51.71706965084029
2725.036386125499
334.166361866422
689.6652444382041
5629.5114036539
9692.56866535178
10434.500207679379
11257.347768164997
9683.514346647456
9883.391489269507
11597.744706093277
15119.049566756104
20069.002205003395
42066.13505945733
117022.22511720742
0
-521110.18000000005
-955.0673177313568
-342.3241909782728
-792.6849209556973
-98.48027304290062
922.635359672759
-322.35573905971904
-770.201725930064
506.959412974588
620.4366375820179
-14.943038450037523
-271.7409630516492
-420.84146591231377
-83.64275465117434
890.4940419595854
879.8576537708913
1238.385267058557
725.9718931010816
303.0550394650654
122.45767561057644
17.920021242797862
11.643393889441374
91.09620325731643
22.825187109035234
0.18263670458011105
-121.92538872502129
-154.99213995848277
-241.12837381895633
-789.1898709255184
-341.76334603221505
-867.4156263209197
-1217.42725378064
-1679.7815949094497
-2265.7135038750666
-1763.769884038184
-21.36524649320561
630.6128978598938
29.57705176137926
340.5220131480261
-13.797146676365855
-782.4470320253256
-282.7901449509552
-2.435527733117068
-356.4776641506837
-2300.3055970205337
-2278.5412487846597
-8.744889355002464
-100.88104495837581
1.5692439172084083
111.75492873808545
193.73972248110394
165.59799154919537
12.289835740170805
244.94960640517888
172.96586730154064
342.41675299935514
-0.3326128373015585
0.49751607033271095
11.528570631545431
-148.9019564962536
-8.889793130790368
-36.978001808148335
929.2105116109136
1990.3540857226717
919.7832792496149
458.2287374151046
1253.2447458155254
346.94517363947466
3.881604027983871
237.7514728475834
355.98310756215756
125.89060518339058
-290.9321081948081
413.8766777362591
-155.3253096116453
-526.9725472677349
149.2984150314556
-1.138031731878693
-16.56430628419988
550.614914498618
-263.96883416029664
-1020.2898872529195
-0.397462502016321
1639.3240582760773
986.3799395881276
57.07251183186928
-15.839308601631586
-199.6351834805232
38.2321967309489
-3.0200685985593694
-12.95326511667994
449.459965080091
111.27454926666536
-132.18945707077432
-1826.9528032824896
602.1307243389981
401.2036168383619
-242.79251820810788
-1435.8635940460385
-35.17614984505823
61.7445494720275
4518.778456328776
1086.3104367334508
8.837251008988211
-593.6903263990356
3.475060512340744
576.6700169878387
17.796942452271125
63.11268070245662
-33.4512266124118
5.119803998216797
2.232124930808624
-66.79830229130005
-67.82112165835595
843.7903557600882
-88.42249762435765
-1146.3940407549533
-3056.05000387548
-3860.9531557253936
-1213.5779498177978
-4.210571703252306
-104.79091116777947
71.3260079744122
884.600251557669
655.6342361256816
987.7468023758943
53.59153010082049
-6.7771442865076175
-27.76790503090482
-933.664477343503
-2477.511755893217
23.296040156163198
2.201185598992229
213.81945778308798
1333.5550434593206
1031.1025824707237
229.09399486674045
9.855328430931658
-119.15397698984614
-410.7635839385119
-1756.3304907437796
-3198.3843857125744
-722.429771669179
-915.9888732820639
-646.0258876425592
512.9788010796726
200.79239389419843
-96.47620561467758
376.0016815377758
1.5138456619974916
-50.0597313037529
262.56561150355026
425.1142093309264
109.51951588532374
-9.219056335426384
-648.219499051918
-150.2200726618703
-14.176458310834025
942.063526830022
4717.647176836428
1943.3243527856066
626.8402085875666
65.03685267770842
-54.07619142060703
-1277.5637488065527
-3360.040544616397
-261.6106919649131
-24.85314559501962
-867.0114032377278
272.4203276694258
1338.3077406398738
128.97188485745843
-974.3739635893687
1.419508676674012
532.8727664022734
-124.31373944441259
127.37033624337458
3.69905534122951
244.26226644259967
1134.3328805528254
492.2585452110782
1.98815420845005
-151.4549804655629
12.395608545060416
296.1746908045244
-668.7027357264893
-104.56992396578576
-1797.522186040686
-1424.4834735161387
-104.13129011446459
-0.17245962981127777
-52.3436383801256
-410.11163621991477
-52.78473237964515
-318.97298541929285
-418.23167428426945
-67.70464703519797
-22.533907353116312
291.4983271327883
-106.28735873922083
-100.39030165952252
-381.3728292566595
175.40142045418773
-296.3125383134956
94.7362889180973
58.74145210727518
-55.10336300247741
-0.21938641109419604
-296.5785064292289
654.7076658530505
1957.5219648322
1554.7536736820114
591.218238657291
2110.8314433421265
329.8379925660762
-34.2277670670229
-1784.802901506105
-993.0599964134772
-273.87117215752664
184.43510050959895
91.73925531118135
27.400286009701468
-131.38382217597484
458.3462019610305
518.1104393467715
1298.5486436408416
952.7282337052545
98.2423436552588
-46.43431575922806
482.9460974873249
1212.761055020299
447.53555201789385
48.436501831211125
114.87568721906968
225.53857816742828
-15.752291007540357
-177.84261039554815
-83.27321219535483
-315.67410998456785
-1046.0201739436545
-3085.70619208681
-3445.6768870247056
-4550.31438444826
-94.51278923352045
10.351189360841833
87.82383115552192
672.2782632220027
195.5289003982831
4.828657895254596
-516.8587045135491
-363.6615620703834
-883.9739040013792
-876.6755260797421
-663.7923186341413
323.31133657763627
59.509538608833026
-0.5909422279667894
-663.1031126601572
-22.020923929503947
-278.82730085428
33.41927885435087
1875.770095402265
1616.6025833652475
1172.4715582911463
17.469104265470925
7.2483996183242
-107.61864017445195
-1744.969926717884
-2610.272021984967
211.11868118086255
1617.426961378459
415.23758558088275
17.255339971543716
-310.4633104787247
-308.70669788178037
-59.031620654955844
2163.109841172144
3426.9418903750047
2069.3620270940924
1526.0568446848838
832.0001890447902
693.5174438028846
366.03127481820957
174.29047816129375
179.06998656313283
142.1849118466464
-0.3562359037591072
-18.566660177499315
-139.29959066347755
-212.13478380592397
-464.06397799226886
-846.997340205456
-1206.5581885736276
-1799.0244730914915
-3026.254466194264
-3314.7180629943377
-3943.5868687357565
1111.4698108310217
1227.0422286351998
217.38144916686076
533.0160110125851
577.2636545267283
181.09716824685773
13.479364090494798
-57.03177617329383
-620.1441010001602
901.917596106034
1238.4444273266763
1520.4075724827057
1308.811251631549
1096.463955615819
789.4992461970942
135.66015385721653
87.05871835530004
-42.67612659679989
-477.6632440560214
-1413.1196527320267
-2038.2034560028105
-61.96058726044825
-63.86423496767778
-698.8886938364815
-1979.4032689956946
-842.3790806128645
-32.64766808637536
-1026.9261507215672
-33.739187762004065
-268.72431862764796
-1168.7978685850894
-111.0840991700174
-2533.5867087664587
-265.47098615785575
0.11185274643468951
-92.730042945744
-991.1778295594675
-379.5004241662199
1055.666210868754
0.9885933548746774
-69.99005657741145
1694.8615634782063
1980.2716132669243
2021.7014395645574
1804.398455236968
1332.6218623289676
1666.2141764169673
1465.8988907763628
660.2804180823007
1165.0110802363067
733.0546629759563
1238.0328961428024
565.9562372320271
1039.647323421161
549.1619893935338
547.0142060190378
399.4268833631215
257.651382460096
511.64422003442456
289.5086220829009
484.2490528848418
124.66616136864917
127.60156752544293
84.24418195012007
73.02521589748562
171.68354766528327
145.74386118291375
60.50104881444145
25.27759605947451
52.841765717971825
50.97500848937934
23.082171983994275
33.52351871783334
33.276430244517975
53.44784072349553
106.53183303763296
280.01394006997236
285.0258804269146
174.84169794625433
70.37687338712954
87.50359830105548
10.819438376973315
51.80861350171055
90.24414808955491
37.09863515043254
67.95487626492073
19.154080561260532
-4.7965760265051065
2.228793115278593
13.48047903855871
-1.8326591706379998
-0.0017370444881079751
0.45748431097428693
-63.971107351274924
-0.44156879741394217
-8.356715515394935
-19.297400540674648
1.249556666419032
-30.228848490708103
-102.99557901764236
-283.0433307432572
-270.07696235673814
-383.47377086332557
-542.1560739651632
-677.3891678095343
-734.9413537863976
-273.24835684099037
-303.95456557363167
-117.18165486567526
-85.72646078580888
-117.46051810706678
-273.52644778992493
-267.74370297320286
-276.7733678904697
-95.06136876137553
-222.1351407906398
-268.56820336065516
-115.26279182767291
-201.47002975148163
-293.6662641575308
-693.0412846559336
-1398.569549758774
-1938.8354198464986
-1839.5394651990073
-3730.44333087629
-6100.714821059513
0.008424949195387117
3989.0203280814994
1913.091333527811
192.37238496740082
-14.156744634725479
384.7017767909228
949.8623123931521
1003.3832688033793
811.1257904043864
684.547039635874
735.2230980594532
484.9447070965774
315.53510756224995
842.9398130241697
708.0457322378128
513.6754204885972
713.9946730809124
488.79299287738684
578.1769977086149
430.91045677805437
156.40066493768074
116.61353952935752
31.178366507249144
4.438748311847817
-47.75129072090232
0.0027600718855487626
48.021585618829064
1160.213035288063
1733.6957712276435
3238.9138500877416
1599.486668770564
502.68431484027235
533.2839195200124
676.8860062338626
598.8257898926213
243.72622993639249
269.20784256984444
259.5306345819024
149.51812677383091
137.2242582534396
13.608206956307889
2.6849333771371926
6.932010975246925
-7.5938953602040975
-14.346072516591322
-62.24057463187844
-41.812080734962294
-69.04477588916536
-25.92419560451874
-315.6289576996246
-548.5375547985736
-1532.3528025490957
-1323.1184445109902
-2773.838667479544
-4360.273447191757
-6657.9824182668235
-1754.1846721691295
-937.1728165913402
-773.0580902617081
-666.4941216140502
-828.1013485365461
-215.7154043091392
-292.5935103297228
-248.01645908077677
-216.3648638356164
-56.960248084452786
-157.0443939843505
-185.1220851924111
-183.4287664419375
-463.24988747519524
-525.9511554661061
-1033.7717834847963
-2084.7471787762584
-1752.2758814781369
-449.3216951227952
-116.19924410465057
840.5043733672679
1171.0743765484597
1109.9682890522454
341.6398719201063
399.067807504248
322.1561144703216
1206.4482777393014
1178.4276510272946
719.4229768998767
924.3957367915555
2438.1861645921913
2709.5677881727365
1433.2864274696335
917.6910179844465
574.0216342772017
280.8741587040709
104.25923235012084
153.2199386706127
137.0483739679792
34.597900447799496
-20.067330434933936
-86.06177695845062
-435.7051778886882
-642.0386276908655
-703.2726911556016
-1069.3077075524684
-2303.180472821404
-2437.4220879416325
-2456.7338831420384
2346.811187249662
2404.604109447582
530.9923343925859
2.094933715109582
-41.41277726218234
-415.7421716913921
-869.9779980469859
-1572.8001362764937
-746.3867339270496
262.3958969146121
23.030926221805778
6.921882357370292
-304.86522943791033
-488.4119150359257
-913.5414909984497
-2434.8346687855797
-4283.901342854062
1162.133904929623
1139.1402376600242
442.69522881776754
253.4981322210097
268.2301074574472
93.58691171858838
20.157711997744542
0.16263658793149413
-55.235425230564076
-167.1434715244081
17.818711884773286
7138.44187293386
4382.514741380426
3023.671541875919
2202.0184145177673
2099.215722461564
1691.4258629811748
1618.0022881624534
286.8715269792925
359.7125271504
11.611959713123246
6.717717998242483
308.4661394861464
38.01891520001371
-115.35249229127234
-309.70584145320606
-1687.5499493366615
-4023.711174055329
-590.8302696976931
-317.706977968372
-581.0626200273516
-430.6152019354865
-378.79763769138594
-667.2177889807685
-215.09046869429721
-187.30326333640855
-68.23250961572964
-286.30835195110933
-640.5839442048118
-1198.0945923500472
-1641.5871140236038
-2695.3878933593796
-4240.010127006401
-1874.643058891815
-2.9686064822232696
-330.99511510033045
-251.8881818314618
-0.0029140146072318108
312.5108083069665
449.06576132166686
1252.7795207173672
364.744013226046
9.60180867795566
1.221497520052616
-77.59892105910757
-805.8009400259011
-3771.510252990256
-282.8408065638036
-213.703297866139
649.0565279449356
6567.512065828535
1299.378564602713
591.0828105155886
-13.549077009704714
-633.8926924043315
-951.4561284455019
-3564.425610994811
-2040.992952668185
-1971.816561871471
238.62731260224496
2008.9281261644408
3437.910326122733
3245.803093777572
2200.9983236681246
2192.6447355854607
1706.634657499407
1107.7449002419519
460.8637947515522
307.47928442434994
203.71142336285953
2.8190429246796835
-27.286537731897997
-386.4691166801472
-176.72822265149782
-592.7399213307358
-518.3690268300592
-2399.2975533178246
-824.3377866677625
8.21535284429671
336.1286091706004
411.57584354419
340.9410713140595
329.97462273904915
154.14546421778695
279.4949742798617
125.0220402656548
124.39540757527533
134.04165648358912
30.250530380863573
170.3972807133502
0.5370442595227473
22.302004841186598
-7.605292835006022
26.12924818677531
4.587332008235524
101.89166434805537
482.8964846363691
923.7022006487655
178.99998845676342
8.234805791492063
-0.17654031100730974
-12.994294715380722
-0.03155563307945269
-40.459886514573896
-128.99986970229827
-170.05260268095915
-217.3750161810419
-626.379393317937
-681.5064161862474
-702.9028324091177
-850.6397919950864
-856.464170556801
-1255.9890535167156
-2183.269817557416
-1610.7954698115605
-1062.4186040295472
642.4862055240409
6727.471824427044
3703.7375476143925
2870.9612798217404
1693.6360787477806
1198.3341701413026
643.5559908526889
761.5464609003267
637.9401060525248
331.12707648648757
372.99210642840035
298.65559576337455
92.10955745366456
218.53028723831503
4.394449249354893
-12.679099879949103
-4.426421918693815
-64.36991759228967
-4.373107690853571
-1.2037957045653185
177.01846223010105
2921.730898368443
711.7165161860567
93.31134858761939
-16.70555852734101
-845.7710590393626
-141.47799571058485
-41.03965870413663
-151.35499294932194
-167.1978380990232
-959.8974477071919
-2718.1802626025756
-4763.117830093103
-5393.336033233118
-3993.2228548689054
-4178.782969371354
-2337.205641382028
-2336.1411146092946
-271.8639144048274
3994.4216793272926
8183.031626252037
1564.2421636168724
1782.1016658795743
1121.4226725265235
34.61286231050741
106.50371348128729
372.5178599208238
-0.2530252318260259
2058.263611477199
1238.5541296163242
84.80468691179703
-17.673833068165465
1923.685307891683
13547.853731591355
11681.079130966362
11323.021895080181
12923.478243863145
9966.734532239538
13053.215930615994
49794.78274667266
-242451.57
95.29428260133412
14.173295269437444
-66.32592654790405
-696.8110434276554
-964.5630026295247
-1460.0528354233634
-3765.9287700394666
-624.413054559454
1330.1959081495402
1831.8507406929834
860.6707637763875
0.06302345565281248
-517.1786738994217
-163.39266866443793
-174.3903662267739
-8.66467610348254
334.6030768344075
982.2047431185156
874.4715127093682
402.83145198614864
-44.655523048994816
-1059.989135488808
-1326.3805432632025
-47.54553636231742
-245.29322810077167
-706.7215982426984
-889.6478190398808
147.36361154830288
566.6042828788361
506.9936117760193
666.1259634131484
459.2292175934626
1751.2642984959316
2629.7342150422724
1443.6564323176585
95.37270121963928
376.31787130711484
170.5107441470347
135.22819906855767
13.814570799162599
-9.359725517266906
-111.06372612444926
-370.53182946375654
-620.0839848909126
-1279.6020165960913
-3376.406222469773
-4442.716309021942
-1649.4350783009286
0.6724707774044902
-0.09807631553643076
654.5466731653887
2331.440181847463
174.46587698472777
18.040215095295796
149.9296190419322
1001.6978079701988
100.71766827158255
276.7112036843661
1000.9837265153654
604.3799541300392
171.98920472480452
3.304522250297703
-36.993989116187464
-307.84363847530665
-74.35249431366772
-129.49513968284333
-1926.1019146664257
-1616.4073588473236
-1021.4213519453914
-1851.4451497282193
-3557.4223323783813
-115.40969859837003
296.8624631282627
719.5892260796497
484.3593826257647
392.2626617717204
422.72805921624723
261.9798870414939
54.51309460004607
-1.6071827826752338
-31.781073519898257
-7.274716202291584
-132.63475301957783
-127.23377887606752
-25.103623634772035
-208.96200332521735
-0.05257031665264026
507.60781450950435
1950.923763871902
1257.4171927471662
977.3177735987418
930.4717369917141
910.6943546579726
618.055471409154
289.3722873963503
409.54784480083777
205.20505705632542
124.04777950009695
42.80244974799612
167.4144632736456
-1.8167723098321402
-5.108301054839456
-0.6607398358676283
0.056389144971748795
-35.046943574974435
-225.3558177350397
-150.82985503640415
-228.12837131218828
-161.85309102012064
-153.90510360280555
-254.4957973493516
-629.8558340190073
-812.0163553136588
-1075.4990040194375
-1140.273594931218
-605.7195780382955
-250.12028877815328
50.10287540934087
52.67293102121986
-13.311924006979204
334.1521737251893
1123.7243846535725
110.0015376660526
-15.108247883273656
-337.7727394236383
17.331058537685575
880.3680215757169
15.12846186677059
-335.42365165549467
-1203.438504303911
-1.083153904297352
1.272685875710835
185.7675374604123
1157.1587819737388
1005.1884856977817
233.65155978524334
36.306625250910514
-20.36260234343052
-188.27451770088655
-19.42533797420962
-87.11901041025476
-697.2377489694142
-977.7907927540361
-70.51920843079039
-44.00910678469695
-400.559521696254
-636.658112266114
157.16061354689487
216.1564520017932
-0.6671336388718992
-461.03513918824564
-172.4499074538083
-94.38927057124012
-63.8737495584513
0.36840821454387696
358.7151306062113
1279.8883520738489
1513.9394421538857
1525.531722130786
869.7393693745048
571.6928013384215
391.86115155175463
303.8545493696343
167.2200054421994
79.43018459187141
1.544586466957332e-05
1.075139816272841
-10.946021967013774
6.589285728681144
117.80602827768114
5.4896306533812815
-11.399808693994215
-59.51598434459649
-124.55962632418554
-110.98433383491617
-138.69663061868818
-389.6556759378178
-485.0771342652076
-412.6104181886714
-590.8288664102616
-288.7329580724444
-524.0940330598144
-9.66827487966474
-90.84718995058518
-1320.8336858514601
24.629139279484907
9.184030082225293
-204.7718397673388
-338.76800925714394
-0.8501240716667231
-347.68465479326585
-769.729412497768
-428.33276914327575
1865.471452287238
3016.492061126508
830.9722123088343
31.218325739997155
-247.66396588048644
-1416.8223053931197
-1671.3216176062538
-376.6524229410966
-186.52748503489568
-55.27914177968715
4.810473264602708
-103.15871276256429
-1101.8606961104426
-3535.2947760623965
-1424.566805116353
-970.0402916177793
-382.6586364800846
768.2041498897675
791.072771222671
481.6964134439735
22.141619330256205
8.325449790885923
12.638043119163415
38.69111799718393
-43.373575197227595
280.5349536871835
637.3175290949556
1207.459723944376
963.688346446206
842.7844046614634
455.98499737353796
50.49381384692908
-128.2158815831092
-615.560825895144
-1191.0949710446853
-3383.8268817254366
-2081.0517981719645
-666.3889363749753
703.9755999836434
3388.0354503543376
2943.6977180533977
1575.3137998319335
627.384411683603
4.669557874864891
-274.4898943373623
-1581.571858417129
-872.6984781982053
46.63130612244868
1016.3455205613859
269.3811129111241
638.658175414983
196.51501614692293
6.336724119135871
99.23500311574723
17.13163119358057
-589.7063065734826
133.06170069628874
992.7454696005857
112.80773514446247
-190.47894429339613
-2333.9543275449455
-2589.2718661299386
-6.232973290005527
56.83106663227473
71.73045109835867
529.8664800290329
617.8545202656528
3.2546345793617704
-16.54697225922173
689.0638394663197
1032.6846415288192
646.9727988838698
-80.30170908180632
52.289170764096596
91.23147477131705
1453.6883430329372
718.488958563544
105.28054044461621
-0.7921168019936927
287.7439872562431
70.80989689855144
-0.1131506656183187
-443.28854997247726
-598.3166738103412
103.32660998082784
-452.2744796262106
-2237.0063038481976
-1556.3720868628864
-1532.4667254893502
-4033.624350252019
-5267.3976299547
-528.2787376928754
-1560.9393973194997
-2361.4432557203395
-1.1223006494295507
-267.12956345328695
3030.7110163517045
3669.1184972773895
1283.6498252704826
170.8757421853817
214.72401098765246
90.94737620084828
-54.971587275077255
164.01149243867167
547.2027784294011
1450.46340688328
2449.592428010534
1444.6744510029832
507.94628090147137
212.70490544302595
195.25319368090425
376.57867107652305
65.71518912413781
-6.782547464390929
-98.78355846095613
-87.68618700047384
-238.91959327304627
-1210.6906749480745
-64.1248248497215
3204.5137957586985
1400.072251766817
403.2225632496133
54.4762977127909
-2.230237508849359
-45.792398792341906
-63.043176525560455
-135.3736328995093
-781.8841166250825
-16.901136803089415
-13.673660201699374
-188.47138478944794
-344.40031896050687
-278.64719157854796
-536.9537309916772
-843.1023562100584
-1793.6226807416674
-1743.6228214022703
3301.1632741583107
927.4476498793433
189.41280191894657
-461.2608687962862
-24.55454148786289
-187.2260796189526
-253.2423969240469
-1362.3302942634004
-424.14273711117494
-2186.9768583542464
-34.275919479840226
39.27244832290021
-0.5525274735275749
10.872322294894524
-95.47424743534509
221.34829473060412
316.1814274464334
23.957801798795433
-189.83441762632498
-1013.5774686228073
-2154.8027122719905
-750.9148382972442
-28.20008744406549
22.83363387861582
-0.10856918341333147
454.97350010676155
839.4368439243979
2225.535081311009
1600.746858362335
1330.9641553384622
443.66791928325995
-159.69149601769328
-203.1482317679259
-31.702449890966456
-1331.6843512773419
7.135229831910548
333.3833360010029
403.4577413159988
117.88436058050058
3.795959809153023
-57.91912599675595
-746.7075227164881
-752.0570031305085
-7.913323048697962
2.0841451698512
79.56408384133628
369.3184411842087
1217.4170475252288
5686.196076963455
7312.632156193981
3824.483425619382
2058.1193872697195
1143.0597895992414
804.6137961975847
276.1040218631125
177.28851239731063
61.25077483533392
7.25219710438495
13.53780109749528
-65.88266770813098
-177.17587628804148
-405.10626657203915
-782.9583686167683
-1372.4005619970635
-1654.2031286189733
-905.8252359872034
-28.191836221636514
4149.454411690216
1401.8407439935272
218.81613128974013
19.01358989311169
-124.83736148803666
-1301.4032210550085
-1299.2776983006872
-474.23419233899574
17.68512370874567
-76.01368060192942
-826.6184532248257
89.22708933099706
-23.09073916598035
-671.4969264939418
-441.1489812567373
-1034.1923708775819
-2091.956000911783
-0.11430836300035455
1521.569451883238
172.0208333541857
129.74258650673966
-4.839124604454874
-123.13591964720871
-597.4025518609978
-1400.6935955238184
-3470.17853311745
-3641.6943253819672
-260.67584972982036
165.71977209804948
14.956406070865699
-22.191284382900278
-501.850499897651
-219.94979224374046
-1018.7325586677786
-32.73062418513898
764.0981130731868
1630.8937360158793
1690.0098524654013
1346.9122869361831
1063.204860794781
835.2553028684026
1076.7102128139904
770.8963321937905
581.5769509533891
743.5552130202794
623.8664465826903
379.47618076809
683.9805714757972
546.9236654256478
513.991578118728
590.3888938511125
371.59277203769864
285.9382502847986
289.8652086490796
330.06975624640586
243.2712398621228
106.96414313639833
15.403897713477036
-0.04110439582417227
-15.946755608973161
-21.2161942026461
-12.398597340595204
117.9702029060966
7.3585146385604965
-1.4986247240546926
3.558281839640343
0.00321281343982373
-4.757562857421879
-27.76921588475975
-18.708076144344297
-441.61604615601493
-194.6784237852889
-410.12818062874453
-0.061188417089034546
-197.6032489385484
-342.08770642667434
-250.16291793671923
-392.51799137628416
-438.36457534130165
-381.00877546450755
-180.19196253972135
-1027.6404162852598
-291.0930018048402
-908.9558375820334
-1224.3080967889905
-673.2082763867201
-812.583756032589
-874.4321586194189
-215.5888259063653
-254.26944229019173
-246.6827709468485
-143.22578715085098
65.75787974431381
2378.542143764422
6726.9606044478405
5147.783998864702
822.0141236638779
5339.4874943362865
6410.7002829528665
6086.683998840355
-82970.92000000001
5386.250922375403
2582.4860577364484
363.60611991449787
35.250812871473435
-21.586857725130805
-234.4273702174673
-1110.4169257759531
-1485.1197241463644
-2037.6081528761833
803.2635332941622
338.86598436025315
-135.15088041802193
-445.1570653178174
-982.0764557563084
-405.08563126621794
-2025.2001713659156
-631.4165385831545
-357.61320408343977
0.030792161781509196
-182.95268108865602
-1122.5043073697284
-42.99791287029436
1856.5882005219999
474.02986278408616
-99.11845079041923
47.45117038364449
919.9203889747048
743.1276117108708
399.8723270137974
35.638057878758005
-210.41386592961456
-227.79165682931273
862.122449336285
1747.2179729525124
3895.923695023851
3430.07384290022
3190.6118874970393
1980.8555105546052
1597.8753769200557
1160.868944418129
494.48420145024863
319.01321216002555
207.18285394509766
58.57532148112631
73.02329173346475
12.802676332010195
-1.996143146073873
-22.726491516387345
-353.83767256689544
-333.4903380811261
-0.4089307575740174
79.63230468950914
43.89823926468526
34.749160395203184
76.53906205693355
59.87966168934962
-2.6937052534468986
26.74797663250446
0.2929626535876684
-9.273382017117754
2.531558842389054
-6.567792932087396
-47.552497690041015
-8.747448220353952
57.74389349311835
91.77240848860788
131.75661867210772
7.432986714671989
3.946402977596082
78.28386519374446
128.92467628156837
434.89542096034575
72.54434706272187
56.19633056686987
906.802350834285
775.4641169462925
280.5342465840397
6.059172912367929
420.0445054996113
13.69332211101365
246.30456444214477
482.5406527720261
250.10155733562317
84.88573949450638
881.1476415003908
4987.154371555228
13491.560713445324
29442.647767180904
24696.7455460592
11208.942435912026
17891.57976634087
14515.186998313638
10839.135400825351
14976.239682701871
13310.339347569156
13829.888815824976
13299.330747710119
15287.137579641447
18197.765746741294
19893.552880576983
20153.21101869981
24559.163428835425
48435.32239136433
105323.59098211552
-456191.45
5352.06742693837
4924.03718547381
2554.1816362601026
5059.777502367936
6089.574263686938
2575.676773346649
3560.2597621146574
2802.9868189127315
4500.717419799209
4776.498100909361
8101.897391480854
6944.300743679185
7411.237919976687
10886.487295260522
10165.02543779798
8226.76069651809
9528.815958280893
25552.40669612151
48088.45018812674
-91591.57
75493.8721948364
-430799.71
-268944.51
-289.597048879955
6306.456633972295
2373.9113082926638
139.91023512598426
-557.1396699124712
-473.1313848976216
40.667196404517455
260.41891206002686
773.5911751472959
2184.9602573502502
1117.7928794661918
263.2507240062041
431.1466342725044
898.6012363393822
871.01482825253
17.779642510323598
-17.161799636262813
1134.6306041392493
1439.236670388238
65.63472825966004
-556.7325636813887
-2415.738816251618
-427.2207187440903
47.63319303608108
-236.0563164957506
-17.707472933708473
42.77596647018278
355.04481602040187
-14.56195732819251
-203.79018387203047
-142.15883363691552
439.213619503039
174.3521090627207
227.17195897413512
189.632284044804
-1.9597729088542017
-32.55849252167461
-446.2178601536626
-1212.6487080900317
-464.6373421721839
-1724.1038463798354
2.8959678934397823
1107.1895745639156
1098.1744098579459
1379.7325519724686
781.57096632273
266.8881953272405
5.86424120977123
-63.2529938247618
652.268435986652
1072.994646542243
158.42830850940157
1.6537466675198098
5.655176574428011
26.220866997811815
-94.89368886721911
80.99106551152053
-0.0867131665386996
-133.50237101814844
-155.42910767279477
54.41897208766979
2.1673726018172785
70.81170624104337
-41.87296803798907
-763.2733747445955
-721.7450598474177
-872.6115222655744
-2431.7361652781974
-1119.2789521301545
45.70360750610749
-120.31963545107068
-254.8469214490538
87.12981214217416
769.2863527344397
0.37646194730707483
-465.30354850588634
-1681.309533938936
-2061.7236207222422
-689.840285608549
-1293.6572538443256
-725.6153083757057
3549.4222644379242
3308.4809874763578
3419.0761626028707
2844.0073066265263
2473.520423684092
2597.971045591621
1600.2306615259624
1813.3107694560547
1118.3475442375677
661.8705676744582
363.7205945480464
889.9944608194944
322.0808623148481
355.538205376111
488.95164695118945
527.5472006996445
173.73530822498
179.55729075617973
267.04575585249876
100.21030579669235
18.785156547187466
82.95852689380617
108.13554087681696
11.668818984984426
38.61776505788666
51.456711916537266
0.59179913163193
3.4250718613534517
-11.159045973133615
-0.4509724617376806
-0.5513329530941662
-40.453197287260544
-48.05945148623445
-45.95784900050541
-121.35930702845206
-20.663931351513984
-216.73541838895684
-36.70041060597663
-15.752558353960984
-10.166151434915662
-0.026684468845166395
-3.73854646568905
38.42339296043522
63.59491942036817
49.51894432504349
39.53417544654681
18.77180446530807
5.180124458733872
0.7919795775604804
13.815322397167638
26.101478684981693
-20.853131559611793
-39.715040414283784
0.03268794122997095
-12.197955243207842
-55.7262190336589
-25.527992003150047
-2.5258347074807874
-0.3828862985131088
25.006676231262215
230.67478853409526
151.74734356285867
142.75337088507712
154.21295116136065
122.01290725960924
13.423916249885151
140.7244247443319
7.317008408009454
0.005938649669900284
2.5550459541038757
0.9509627271725534
-8.344171414677083
-0.002990293540927218
-40.34674989756828
-13.339102590765457
-6.458185302355234
-15.069455828481601
-3.081215874658507
-51.38861160804892
-123.39211320176429
2.291306764292521
-2.5425479176583576
-243.67886305109255
-0.33849580635540544
7.5415606221621285
112.36848043887974
10.07806542192316
4.548192191497062
-13.539074421306701
57.78457329769034
117.16211313648478
-9.18740382250931
-68.03824989341904
173.0959827916369
440.5912600696056
198.59591245390192
726.4988863991364
734.5941129700542
599.1641745735795
915.1362171673619
560.5752594552758
971.704081508639
964.2916341534533
1051.1656732660203
577.4686178822406
980.9407865652383
253.25648959355829
535.2262309863585
1274.0745681541457
1107.22977630885
69.24148030590297
447.3579630984806
1274.0374273382536
599.4526535373857
1543.7733703205547
742.8084417501377
2296.618155791871
2923.793903628293
4472.24045911947
34835.92955075762
-102302.44999999998
-25280.88
-9348.52
-62589.44
-752.76
-9533.159999999998
351.0531300539443
-73.36651891871884
-19.255524414500957
-210.15256173632906
-766.0479429738133
-419.1534050103596
-565.4206060635413
-1101.1309961107374
-1277.4540391866635
-1219.264235357827
-900.0013754457905
-1240.1131281535963
-1014.8398016585186
-695.9585101690573
-113.15164809441804
-55.8525507730309
-58.08471965058858
-30.594401702410774
1508.686649293645
6195.700729063858
898.9529676165561
152.2519221781622
104.08682472627098
3399.9946537484334
1895.0260652169018
1345.471210678511
1496.5285035920472
933.4736903077418
196.9830828492373
-2.0248174736000877
-195.19231963174929
-134.22853338130622
-741.1640145848535
-1781.6165646257773
-1033.0889369710694
-90.87994074473843
14.9686742336933
122.26750333428251
1957.9758356108034
1393.3308572543265
351.4847637870457
680.1749983183305
676.4261070530838
36.033553921839676
-794.0716360022807
-2887.5805640620692
-135.03796105016932
695.8864846721028
131.99268542857658
-25.57364729990485
-427.1582255765828
-2228.7467742199306
-1291.7118878377942
-349.3949912894833
1137.397642575007
-18.397066611489574
2510.1697134800115
144.9385062011761
-403.98372403393057
-765.1006271529279
118.19943386841426
-50.471747781151166
120.82116454683302
-66.57338608659745
-3054.386493815903
-23.20480193978205
64.85543347213218
297.1953212729476
1126.3675880197711
155.87149851120967
-2.8926634797837285
-217.78685146677307
-920.7250499238706
-335.8342624630204
0.24374308973661438
-756.2641739828928
-3182.45390231975
-582.2026066000633
2.166340547074205
-412.62435398190024
-1003.5477911805821
12.549396647421696
1019.4586882100375
927.6110187826084
163.90858887235163
20.113336267015963
56.94147869476303
-78.13027326530826
-165.68532965682306
-155.36775232998355
1243.1611152055311
2715.2655030278142
1450.055187130775
390.90555625495824
2511.1322501504637
2265.5546968277586
1784.5182263539552
964.579531188939
567.2580915948871
377.6224926264745
8.183226157082501
-12.002331856508626
-196.35581165826952
-1100.3048296583079
-1713.5215885778075
-1894.623465876863
-3046.4510371261485
-624.1463440406408
-381.8723263874138
0.02220739261893296
331.54782039128503
968.2776065897999
1104.7553208012225
1517.440531537096
1177.5522740713063
715.1703410629739
342.3789912864179
84.58157025993319
9.77266872222339
-2.2997292972540895
-59.52373774138091
-213.35919661334418
-476.7226566465596
-917.5844751979223
-646.2489023503815
0.3327854221073544
211.06029699388438
275.6423010687017
170.24252792074006
165.8139373906497
148.26142911444288
42.8807377506947
40.94432523711568
22.04993543017973
1.7665766762391841
-8.881321915902271
-3.6105528264443065
-0.33486686389691694
-75.34516895638335
-177.04347816030852
-265.00030367699196
-396.2611475861338
-281.8531270424737
0.11049145012719536
82.13864250781043
90.85482106747187
109.02143957377513
117.07967130835243
170.1105060689011
118.63478370852268
48.171857336838436
7.3910996269153735
0.7633622506276718
40.91164375825731
46.01575283970499
41.031919521081214
80.68282093061359
259.6092030639095
437.6526831781455
403.4963356942905
272.8796566994353
450.72799144695625
439.64989307440476
350.1535682202525
518.9141203388001
222.71346734809777
94.95150568818516
373.6726430711314
38.43084728126087
0.08367377198206145
0.6438126233974305
-168.84479950135014
-180.22700049468756
-391.0179031210293
-794.4434983248834
-851.7689174268546
-1234.5647700092557
-1762.6795038935643
-1565.597672313193
-372.2026927866994
-504.7193246099688
-185.6349873431966
-470.47643852057047
2246.3122158057495
555.6106048481004
58.66159186762113
27.59562184358149
4.0865517795730675
-697.5526914069026
-462.563508859971
503.40218389985375
210.18962476913376
67.73073141818085
-0.8491818181344086
-43.45164115823016
-307.0945834831822
-417.63887334429654
12.29516185388844
9.706035806216962
8.467939614147474
0.03307214658576224
-57.44445791911621
-120.51624911215562
-252.10446325246113
-499.68210791557226
-83.69925967422759
-5.119822917436735
284.563214508752
419.47715126646807
496.5689165661505
281.2099957966403
348.42073226417494
334.8435966550662
44.423504858797344
24.608055912365348
29.466689627594985
0.3464290987154275
-0.03128726747380667
-2.3240863009528843
-26.965768874421613
-64.14537140188814
-352.22869147334814
-274.49441302407814
-396.4608391842844
-567.5229858660229
-688.1694565211625
-742.9973993413728
-937.3353143887737
-22.397316119042067
530.0737436815378
1035.9723216488828
109.25206068582631
491.08743842828073
-71.708042530219
-561.3613089007465
661.930828158685
266.37398101750745
63.94196128121823
-43.5893058654616
-105.42393132558635
5.92905578232906
1210.0524282034105
410.1380304652527
203.4171349289171
13.337211812424393
-38.09742562295941
-131.7875922488927
-569.2410169279801
-1419.7225269158353
-2073.1560426528986
-1235.3968480544793
-38.03329868814581
-47.38044575103394
-282.67845832266295
-2.2501660098998553
511.09402719254155
130.62933843376146
-7.779572101227519
-80.88233279510413
-1287.698508607195
-1636.601575648865
-1441.2353570747334
160.89691277319986
-0.08851652396669732
-45.54723329201518
-303.51355296246277
-298.2533338044212
-223.30863294850656
-104.55677973731179
2189.7136794403864
6425.792558668602
5102.2575080375245
4275.616666202741
4361.585444617042
3892.6304112343214
1844.1276251793684
1549.6732913635715
1073.479618850752
360.80129816116994
659.2601912898119
343.3969253741513
650.5568520195206
1619.5883121487323
1041.7336262108659
554.3306841236225
302.5277907633237
84.68657896860833
13.931191297420558
43.965149601809706
-6.723178965475643
-36.06137700265898
-26.585268012556277
-118.39975493945931
-232.28793503099791
-108.39784524244597
150.67135879122458
263.33142772347355
69.57024332491018
-7.513355700527169
-238.47105206407522
-786.7909775662157
-1296.7179097514663
-375.28300517376226
-718.5266396808745
-1555.786815793057
-3835.995217380175
-7925.966065539969
-4308.475802090659
-664.4024935126298
-243.921480390959
-324.38455480778896
-420.71952043252816
-403.4565984855335
-585.8289797610538
-1238.6482221808687
-760.9196687651911
-1416.5920398852397
-1916.9747604881513
-2174.400378939536
-2356.3682953345924
-1878.8566757473916
-1615.5362083260184
693.9758636943269
7013.590824783014
2502.034492450703
554.2528453640732
-57.19583588225862
-630.0139092613388
-1514.1626536938998
-1086.5014311005036
880.3631407039973
28.185406859419636
-214.93975571436917
-1645.9917343848506
158.8425327221525
1415.3517143986587
1137.2021188142178
596.7962958147106
397.3080412918201
171.91225558786454
592.288083966906
323.5771977921353
14.282782017833973
12.558102376699225
-132.41524358102396
-1112.6304354745587
-3161.8269703572487
-2730.578879310129
-681.7279435022913
-759.7434219274373
129.1212901453432
-158.35290879457048
-139.65324187634502
-44.95151664489142
1199.638987445067
1048.5293594015836
-8.552586274360543
143.78752606331045
478.7531016950916
119.02043844956998
232.88771018609296
-9.043981150249605
-1449.0903299457455
-150.06788313634712
-715.9205007583927
82.86622175564793
644.8665649125084
90.57804080184155
-173.9642259718834
97.00097860417907
484.79360542798315
1512.6552859585315
182.30503806670714
-53.65855899248495
-12.684125539363484
-65.94209724157784
-153.41459578617093
1.08904030069459
448.6025060366822
472.79120063456014
562.4067066519748
405.1659183379776
-15.301913883689977
-26.315841730491556
175.24917400743777
7.375602375352311
178.28927722739155
-0.16419311795188754
9.300026763970424
-24.087732731096224
-725.9721313386872
-13.815466923905463
278.1993258494111
979.7638388567459
1427.6133180593529
811.0707459273566
6.890244929910117
-170.47101229001464
-16.38843967526823
-23.373499528721922
-55.89287781198351
-831.2052774157924
-1144.4513316597704
-797.6735130448258
-87.70344027543861
-35.587716938777135
-454.8116972751243
-1089.235317983656
-8.207587215673232
-1.2285403794834382
-327.7374533003323
-1662.653974924081
-2713.6818200368352
-1135.0045047801889
-285.3060246026786
196.06750451695433
3177.974572145788
1373.4852749269767
285.9653536839212
36.492698746797586
-68.92600569511296
-216.14792927094572
-201.62916679636558
-752.1457838700818
-783.9192714985284
-411.24689606635377
774.5881860608725
10.508909312778243
93.73685851718508
481.70258210633597
-17.682742639139388
-1.5095948247274262
45.28361188188089
1184.419740383694
14.455547487684562
-568.2396160359845
-556.2916665574935
-2309.0846006101483
-738.8646381878755
-575.6764507827338
-83.77717340518471
1732.7357897367103
2634.519532298338
2081.6947358103653
1966.352519820832
1845.8348312975136
1257.437807708898
741.6053827931266
729.2011918541076
1250.2917115429973
1067.7157060016427
1992.1218217488836
1358.3761547354359
1097.1464964584081
659.8990358715838
727.5551048577222
238.3166279777692
152.91669562555887
53.00764244686073
21.59546005617613
16.524724292101386
11.048744275877457
-17.539125002605886
-34.551242886251885
-139.3812645011435
-20.460124191639345
73.3491760485916
486.24522017433725
403.49466950006513
156.42164336676137
345.0737043163615
46.709795387530114
-0.6344331361944426
-26.279806960158925
-49.50541548334243
-41.781518232361755
-11.31197688041554
28.28297504095896
-49.789440878846555
-486.5740279262664
-841.7714162915507
-1818.589338985783
-2842.127428350248
-3386.372583156352
-2323.007970720074
-2194.9488708329436
-894.8384000139088
-1477.5658153408397
-4585.8235660518
-2374.89786175086
242.58061944018903
141.33573596595966
20.981982863084244
-16.29345597784603
-222.07742324066461
-200.0405678207937
-0.20532648613142546
541.3366644537027
2322.112955684105
249.06883668502687
1595.091668887288
138.05109823191782
871.9391390409794
1546.056073404563
400.03455978796
79.1554316008549
91.06637224720228
-0.29834994405182913
-28.330393484325356
-500.77080478622
-1076.8206138457276
-1928.1162548907282
-1767.6558247948446
-2051.7246362539618
-1185.8579409862966
-2997.880477190727
-14.193300355766137
288.0827437609046
36.79175558824529
927.2234301827687
516.9643762684498
537.8561261524037
161.32781726578867
-31.311535232297807
-1329.2899703064836
-800.0263715184429
0.00280407005014414
-7.329384078959564
-0.07684721722418905
-849.5661721015899
31.644408493138386
207.48961036864026
1108.548835769685
43.30846128651264
488.3380866836019
340.8268258571604
120.37819300323517
502.90239985315185
-168.95949444426236
52.78846133913324
-18.132650617800756
1366.3014332091689
5409.492954404766
5377.817324439841
2039.355207019074
862.5616097453374
85.3311291328757
1044.273887167235
578.6162245732451
28.053762343054874
-189.4585047489128
-999.2521526309413
-3779.158061387941
-414.55882149412014
-926.6251462655517
-3086.418867804541
-4279.2251262579575
-86.00160796323283
61.01250478744477
1602.4409433765977
-2.2185673521070894
-250.79085212176005
614.1080776225357
296.17322289274136
514.6668312689518
-7.981325320727874
0.9239245599489705
162.123317477264
158.41904760914844
-218.03409147363243
-140.73328337711493
198.3465278986088
-235.21233422273764
-1261.5758324472954
244.6228679935114
1405.6193865651362
0.194323975840801
-47.04384770422469
911.15094255884
337.69588257235273
-4.0677779398331575
-344.7691263984521
-248.66191854478836
559.9981351205736
-14.999717609591364
-847.3920831764538
-316.0750147462787
-595.7345568468224
-1059.2507576252074
-1403.5185504606395
-28.258841843218207
-9.240700126721833
-73.4684357980553
78.19568615300702
78.68693529095582
-95.6119465141248
-95.83846723848228
30.105874044411976
-4.0706528281873
19.735779894933575
-37.70587866118255
4.323071988982205
-61.622030435766845
-410.3342998036686
30.174467800199054
114.9835699307121
1671.1667752816033
109.64694212977827
3.7286132224444186
-429.3034814564672
-36.53966492853009
-2.8333109349530643
-78.47078755313808
-191.07437706654324
-281.4636300912234
-408.8762420231933
921.6746551303881
91.20092438415523
-39.805213166365235
-773.5280573096611
-1803.1062666387952
371.19305273305247
-32.870269376716905
-1165.1030683548815
132.63288230425806
90.13213787627473
-868.5359332720066
-567.0426912103396
-352.4301058232978
-3773.392441418424
86.8655321891431
1829.5557521822964
1143.800487643403
84.1601711015933
-302.60886470267843
882.5170274782363
576.2766850807593
-168.11948044825726
-2526.16650740346
-1766.357480624072
-546.0462923150588
-1203.6945424650737
-1246.8289935128787
-451.5139560754976
2174.5153445291144
3355.1776641897195
3186.85839079164
2929.1935750157973
2421.289063914424
1621.6100658049709
1618.6017675107648
918.1209984442986
1044.4327187610252
638.7976334000826
459.42074242818916
639.3652464967984
806.076391657838
1240.6191713748633
1252.372742051829
575.5817214928734
564.7677858842751
477.01770519685147
271.21690578628846
108.06612089683271
17.752918451096264
-12.578245739627288
-3.963939989386253
2.966197767310809
-0.1844634181350096
-23.442561831820655
-20.951578059848323
-150.3997305477077
-219.67484218003062
-698.0340520681837
-301.63070385797994
181.6997360208844
1354.5840873680638
355.8750201551273
258.73639612675703
277.48283907857035
145.076610058393
60.170750651454824
-5.858974791851557
-118.15445365147605
-322.06823284407113
-307.1317437397936
-522.1857820312488
-875.2339514573883
-1239.1259128985662
-2164.389762373785
-3413.654524405115
-3620.6307865127183
654.0190956776946
973.7629744830774
794.0462908521476
477.3691098835062
131.211815967166
44.06149399730804
-7.028543874796651
-169.03078711195786
-391.48240726677074
-1001.2086298599537
-1917.710687786707
-2878.2022225198634
-831.0885227321421
-22.34343333596814
-0.8111255612514894
78.96899123568627
1345.3040096436023
1109.21957387765
920.7846028976047
542.8013065516388
600.5259674374418
773.838421417034
2002.6945433495982
1879.3216026542846
748.8557383923655
788.2982991278072
760.7163771022076
396.9217620190515
394.0619705960361
117.57209649658583
365.24427564531015
1445.9240313534654
1013.3613769799567
469.91375340521523
-15.440281930344083
337.4861620155971
582.068624361763
331.6200174824623
192.06040122553566
16.919162171418165
-19.473464146674996
-16.89176455737367
-50.665004913410286
-245.88556500752728
-368.04141767053784
-695.236898440122
-941.3992121384429
-1382.5108221768082
-1627.7318485101632
-1789.0448153900672
-3181.6025706973296
-5455.140651087921
-1083.8854941681614
401.9346056605897
962.507016432098
954.9992447219577
530.8439802327732
289.39415358848663
118.07585850381231
78.43380587048557
34.70493990861287
45.96761215475395
49.97068181772869
28.958195548789575
-14.257446392819244
-33.40272204467524
-118.23249153450236
-113.77861627618363
-97.13718885584024
-380.8664436676801
-209.47666675049805
-383.73822248961295
-510.8447173607568
-324.4310016925743
-898.4434658206854
-778.0967573265355
-630.9777824656718
-778.8351527735916
-729.6087030569894
-585.4122656108273
1.8173975534904967
20.30439620641743
-42.060120123154825
-124.598550558073
148.16319885132197
420.44788439294837
91.42816400025882
17.68087119668808
198.03766257848957
132.02623723966968
0.31272907543376083
-215.36304050861202
-598.133765294516
-93.16793846093286
-159.90193482928998
-529.7004176262001
-75.70691230786551
28.33396606513753
61.13079353040655
16.06923809933007
-44.60126868740717
-254.72967212341183
616.4728106093869
1911.8420630794747
2346.2796331388336
2853.4607931513738
4694.094832308515
2501.0926734154427
1277.9199140625742
334.25648401384564
246.23573517596117
166.57452976433748
188.16374803623984
148.96619343521934
28.374670483354866
66.31781419732596
36.49667936296202
17.368242924275744
47.895963249491565
9.080151393261666
10.353838607623075
1.0983832614313536
13.623327362038419
3.894900918264926
1.808210729297227
12.067390934393561
4.758868326609063
11.46846642889223
53.95955334211253
0.42251147157465224
-0.0066456155355832415
0.6046942221579835
-0.7137254188856006
-26.227348330828704
-34.79708372581707
-46.05067589034868
-247.25903181944767
-168.1795919635176
-232.52593850073532
-3.211837418306222
-151.4017773180643
-398.45683680483876
-664.6618453048277
-948.1592653521479
-835.3966486414257
-196.24475892883476
-130.74382000593988
-326.17556444251125
-1681.3574331695136
-2973.2289969339045
-139.41051092528434
-741.8918962897683
-1268.8400427582974
-697.4961871634683
-67.27313965593297
297.21492476171494
292.53479413193804
312.3721082081846
24.79533680170742
47.30077670784224
-12.100146548882503
-19.003752256125026
-234.5770985366316
-124.18154315134302
-171.14446485476316
-429.66725626083934
-464.07677460466016
-1350.9503557346725
-834.2542531301774
997.4988308627215
3166.9227605860247
1375.1558114205577
1010.4694003806055
1384.4352383389737
222.35369855331814
-203.7241448242478
-822.3079999481665
-1920.4131907334997
-486.9251929031865
-47.88403323823781
-436.0646961674289
-1219.2523684185348
-604.3303588841266
-306.9945316705153
-96.36773085115817
2825.679824778469
3364.4656785716497
1418.8912480151366
637.8909238076393
316.3807064967505
424.81937771461656
66.02225993301073
46.08344829258935
-6.397028713073254
-18.638400687569607
-104.8554508724496
8.251715354650711
-115.85595007681434
-396.97388160305286
-500.8722450670968
-675.7449303420128
-849.7669200613957
-1874.019042382759
-2041.857172292512
-1027.5668419520518
-145.2636397340045
211.35222496457789
1043.8226698321155
-0.7719472838658354
6.054219316465652
-151.41620698388
1528.9319382949027
4811.760538871031
2170.3360215861976
457.9510424368331
145.98500206571754
-16.77690984850711
-45.15490022771668
-234.4336195838713
-500.6298920833275
-1252.5082337183026
-423.8513510476872
378.3741225335416
8.355864706543189
-50.25189117604489
757.0530921997066
1162.5373493297757
442.8937915103243
33.129952731118536
-11.245640359471441
-90.83366296262787
-319.11059855923526
23.315402129244703
-451.953518069299
-2410.848369666656
-2361.8435361857973
-5262.551077112983
-657.761202153916
-989.5586686190575
-27.197210968225704
763.6169228245392
1440.4327246994412
1277.0237256059281
490.2154004679362
194.10667958658212
123.63068216820803
-10.259150783917246
-59.85756459784571
57.884309044040435
692.7641912607874
563.9043037384419
115.42922495736056
-15.326239609186487
-2.006824696269095
4.5369536487888595
2959.1812039510196
1112.0985304257906
227.40958445360496
39.129906053794016
1.5222746978927977
-23.389232462728167
283.1904067905232
-79.56846741220185
-1540.2276470629668
-3764.6418180546166
-3337.1601074757027
-2541.2298170854388
-997.7755039301813
0.04304104861891586
6.449035498231586
-420.12927809350845
-180.35390873382318
404.06746327324834
277.84090131631217
448.5724524263743
167.55201537497516
279.0605762066103
556.6558415629386
593.5077287744699
5743.7367771112795
5215.114047774605
3319.581798554241
3628.6107407473255
3042.628533963399
1280.975005639487
1787.0939722154594
928.1340836457573
887.0418920560205
798.1737423252249
1258.0834646196429
580.8628705066087
86.07608490395273
-6.18675418126292
54.84986231971173
-201.19849400184583
538.0128074296665
503.04913888093864
445.66621366496713
115.57473352182514
13.253808503162425
78.0907019412056
-35.44676631856974
-0.0021578283843158587
202.18478662446466
1201.5503432394448
3025.735290452277
1500.6188722299344
1477.6090860805634
2879.285206987295
4466.676112262658
1739.1097072003645
1452.4396013455123
3187.355283713993
1093.4539312018765
10675.564986428148
28634.71816130667
14243.222775797214
32526.30368269789
86807.21072281254
-426287.48000000004
-3738.1293774372566
-2781.680848863647
-103.87801107538003
64.47204696906105
31.204253754475697
-155.60604586001475
-541.8735277474459
-414.79198250425424
-5.243105727351212
-435.43880307012535
-48.64231366429441
86.46541213253397
-13.761086767929077
752.7093325646347
693.6768664868454
1062.500082614844
-243.4113070471104
-12.318792390145868
-0.3160151124484613
-200.7006641962616
-49.44656600524754
0.09380240239403025
78.58244237200992
-24.89004422734167
-73.32168029967299
495.74708473509554
1634.7913497359082
792.599419803363
0.480187867495927
-962.3859799174363
49.527061217985214
1846.714652704718
307.6327618177778
-45.73022080818989
49.15495085073289
-20.588171065740937
889.7647678965454
131.70933547426836
2.8092931622070183
-0.021369178916558734
-512.9599916505438
-1543.9857408948644
-5.420264479129569
-95.7191262328374
-3370.2261770438354
-0.45856893410583555
212.7383736098028
133.823001143227
-102.35753758843059
17.14362224496099
83.35693014804421
-95.94806731480726
5.017755740320251
32.39338505072573
-33.274609937337814
-131.97328419925594
-23.64662168729458
-128.24241458957252
-1097.9446789894637
-202.56956930874196
211.35832099051234
2643.939414538386
264.18043796439724
-98.51801263503825
-95.7817291549078
12.275257326465312
1072.981686365503
2775.644416799253
409.08741096509203
-70.19304141066308
-236.1085088086941
-99.53768460376158
-0.6298155529060139
5.686067595919093
1003.5572222333842
234.90543862501121
9.679908569637147
86.9045208159909
170.60773389340682
-19.766124997757913
-412.53615590261825
-214.10186258726065
302.11361183795356
1868.8073927347632
-31.64941031888909
-337.4620981984476
82.31238580676441
-256.82397666649365
-803.9375280260366
94.70081009792526
199.28643630869152
-632.3615966389186
45.20189717450381
83.48913848344547
-281.1875253187119
-412.2254909505049
877.0665435649366
120.66241680956234
-439.72565380931246
229.6521797729495
48.67281077488981
135.78191944002617
-85.55737027398507
56.694694641027276
409.6835524936745
-2.6509610563187747
-1193.977980855013
-361.45768846081563
54.28771413017055
2.232834792038641
40.45366313666025
3.3115783451815815
-493.8159737229894
-549.6053841002592
-1117.8097221425137
6.468425089190936
0.8906189379361904
-3.256482061198471
-80.26785399610336
956.0557791758403
876.4495664717263
7.255386317834422
23.992974491450475
-115.18224687331005
-1415.2611183418885
2461.306593749374
997.689890081473
412.13265935112355
555.9469820496442
6.900292771460429
-821.6870368877197
-1404.0124735621189
-1776.6303666888307
-758.0600975265093
-26.41420447486613
-230.87485494840482
-2206.480367838947
-1109.5711100816052
-1933.444907284666
-3848.5356087119
-1292.9828847476847
-29.933584883944206
-9.211935320761892
378.99945596467256
465.600676500338
-481.3823553586093
0.5107142862378651
-16.494318463758358
64.22154818157404
-2.1517208491745294
913.574683583292
4840.188975372711
4100.029915820109
3248.9546078126336
3866.5597842982256
3122.2134990689915
2467.5946123196045
2335.9090733380526
1796.8346429049147
1143.72672021868
1225.4267702518503
847.9992242376902
774.2503612981859
319.45588824191384
385.4404500799124
358.6602267838741
462.7597684182504
124.49035011796943
33.893214815228966
17.066676009909656
-1.0838199860494127
-67.26566486573124
-79.98613008556994
-75.75512014030026
-152.066239616316
-306.5387069364025
-387.46535952644865
-446.25656793303284
-663.7940432381187
-1006.2669705623997
-186.84758067915521
-8.26955489943509
-144.39596279456447
-1057.9253072299953
-1893.1377069813489
626.878540809336
0.37450011470769495
-78.58311229160277
-278.189740267037
-1260.2000100988387
-4445.284948459117
-1380.7069443645355
-163.95792679936255
-160.83521547989312
-3.17014751659029
100.18666842838479
349.3867861579825
1528.2055026068406
1166.9899706814285
956.6900986573289
723.9516883259669
258.148714103627
320.82753077998973
50.832659137924395
148.0638649554618
73.7804571844378
184.23683075114155
17.644218935671994
48.631731276913996
-7.530060862502818
6.462054382961312
-4.308636586273801
-10.657752823949627
-52.42348894937465
-90.53437561373306
-182.76351471906338
-119.55947527891847
-592.0691340087984
-500.7282821291028
-814.8919956684234
-1022.2282289884573
-1314.4392905266352
-1971.7148880182854
-2252.1957065730785
-3092.3198646264586
-3297.174483865583
-2233.9186229696543
-1863.7415958725996
-1141.6282384046317
-1167.085572013361
-264.0438540037255
2235.839286377911
1165.4759350636327
789.5191336796113
347.5445269509079
1102.8637356440706
41.81666787631955
4.537414834185333
-462.3317594435644
-2474.9597844633454
-1459.4530005270244
2.603878658318789
80.05736561379767
1351.1003491764511
126.01571785979873
980.3542591212263
91.65221381800215
-431.87739186574
0.05114475911265889
-0.010875808696043656
284.3665955155613
-2.9697699895880305
-0.68977941884956
67.7770253845276
878.7351509704145
1943.2066531044345
597.5035405699799
385.8834339287555
-16.25979450404938
-604.38663678788
-94.10933739448583
755.2502196606301
163.26226295071086
-465.6648192397215
-92.80526997035285
-35.039926062044714
-278.25918709548273
-1023.3899962357177
41.316759536997765
810.5630260071724
23.18028062059901
934.578174109207
1879.2442419628956
440.3994092489106
1835.3273671834893
583.1067148301418
83.52234403301783
-104.42794150137229
-373.4835277453632
-1072.9858689662915
-654.3649815145509
-482.0673507150523
-1079.0000642245575
812.4102663284712
89.11704982728767
-7.073678086477349
-754.2970795919836
-1853.0429390495751
-5.485688342150921
1870.587812314134
403.10543567983814
267.27156749196047
46.92940218276182
-181.1947900580114
2361.1877148914073
4493.795082432901
3445.4030423480563
842.2736699512207
50.256679105336524
-11.004556626595988
-130.51140173348642
-982.10457662222
-1306.907350766992
-3058.2521984881887
-275.648880247675
877.4544364922888
-22.46342578176576
-1019.4864701116304
-3990.098838027395
-591.8831388622501
-694.7459751520146
-12.65032745337427
-122.68042096812604
-397.55500063787093
2314.149268773195
1043.8372277863198
-237.759372103401
-72.64679251291044
-71.9572699606448
29.399487740540213
-284.0520301105967
-1601.1123406223846
-933.3275971258603
343.91178257047045
-67.34150685938405
-40.5999932596733
595.8846092033292
1371.5282807426781
3.555218459651111
-338.34986253751066
-3122.6982844299173
-805.0292026225706
-472.63393508542526
-65.74376907082424
-52.84137315627771
486.18094977935976
-60.40142444522517
0.0724438929518878
3331.870335302058
1322.6677218177276
181.34089918715645
-105.18989944645634
1093.5541619490639
156.21067148864398
-1028.3384605869812
-2827.6847578387574
-27.611293429920778
-161.76717770277236
-11.236481914616995
-637.6706491224909
-941.6461696324087
-2.6088422984855493
1010.1068162538674
2691.534641297162
4143.79534472664
4122.200728465703
2913.689714782538
2380.1128125672863
1377.873712811974
1140.0851130267924
864.5270073085717
587.8128702785227
386.6114109922339
172.1348347200883
34.33320567523643
1.859556330767501
2.9746892085084315
-68.54464632870727
-105.7722350581688
-280.9006796280427
-161.3367014002833
-421.1596839036037
-535.8401142137307
-643.2241805635214
-523.7215795516906
2472.145827648964
82.68580101851637
-515.9036803017774
-802.6809549376562
-3946.5388932157784
-771.6796977180111
-584.4160898754378
-443.0876233483469
-132.68801872901957
303.3216053519361
706.2395869145125
860.3184919232588
457.40893302166165
386.5080336791518
154.72555603123237
6.384721983742758
979.4672304873579
1193.020393966312
713.7047567136029
568.4051413819452
549.8021394053642
388.17180926347805
132.85260941253185
49.83284686037531
29.107332834565767
-0.4091668904604209
12.730934719405129
-4.217847851099278
-1.8430457829729692
-25.617652580411722
-80.21846893146368
-160.34066315348306
-220.25188755516666
-475.71452330341924
-652.3499165271073
-735.8188750904696
-1201.1522018150054
-1813.2957951433893
-1330.7314816462037
-2489.0247540289656
-3173.6641401335205
-3535.374219036287
-16.777222171400933
-309.02602311728623
-12.792067939682283
1946.1182906786316
81.70873464627644
992.1167420285876
1085.392959134281
771.1555497253248
125.43313578978557
11.860536948465988
-212.33891151110572
-152.926560854505
302.4320518506877
503.7987984855881
11.006598385275236
43.30925301355806
750.172047506557
-186.61682195285385
3297.0969491268247
2527.589811927001
5397.03570167305
2579.2960670953216
524.7221701376719
2.981829346995722
-287.2748870723335
2.42598017051907
-886.5589271529407
556.7605278473125
3308.4013718732485
1660.9430975975783
712.4937521186897
740.735577889201
1594.0572675737073
1489.8179358183331
788.5265874262553
165.59668755894498
417.7857763700942
21.826463162843176
9.286092401057848
-188.78281692880466
-234.79785832859142
-221.8716633728871
3160.4359124542466
1595.8991996403659
384.478857180743
386.8310762692734
1038.6014632328504
-3.5906380885189404
-7.617439415861154
-949.2720883628908
147.46427308258535
260.63871944576397
-186.62154712456805
16.304011729299646
5306.717132900092
44732.699161913435
111444.4050264063
131448.49666873572
-287241.58999999997
111818.25673452145
-2370.5699999999997
-590.94
0
0
0
-259.01
0
0
-231.22
0
0
0
-287.88
0
0
-1438.4
0
0
-259.15
0
-977.1899999999999
-2159.26
0
0
0
0
0
0
0
-2647.29
-129305.16
-112815.27
-50044.15
-590.94
-590.94
0
-6614.799999999999
113534.74847330705
104566.52829394881
-154760.13
48765.61595993722
68793.98022325391
62450.41870209224
100819.76142123021
-248957.64
11021.508956112519
7060.774042475041
13385.156118262774
-85078.45999999999
0
-99445.73
19.98974575970042
174.2356575919323
177.60393719310403
144.85029058140037
1.9210070363880787
2399.355093827553
14718.091786004512
34190.23427767767
35062.24285529539
34132.755400351045
45613.52285607983
66134.25350558953
96745.7898681958
131045.38660810058
142226.57098690158
171110.21780412027
164262.36445992062
152868.65133025378
127895.2390503965
113544.727805764
122539.19033381186
105498.81089967678
99995.13993337321
115001.51510301672
116818.75801299022
123700.86013791173
144380.14715672456
129265.17127161993
133975.64813333307
134281.65428725607
133366.12423812516
128076.64609822114
133969.54638857755
162176.4308268907
179407.7096759011
183193.12922990488
211150.63182092196
259340.42006331176
374449.2412659314
390370.2188256077
571417.9217863602
853668.7576333721
1222965.084877043
2527425.656908085
2409227.578261001
-2256726.92
-1578854.83
-1249057.64
-913334.8500000001
-735002.27
-674826.7799999999
-720187.77
-612417.0899999999
-502557.49000000005
-413474.5899999999
-353986.92
-260629.03999999998
-233989.32999999993
-133782.83000000002
-120681.43
-245773.91
-207959.1
-214156.31
-146923.34
-130946.64999999998
-191551.15999999997
-140848.04
-145648.32
-88864.94
-87581.16999999998
-57536.95
-66602.51
-57772.97
-44312.79
-49046.28
-45596.05
-46150.94
-32326.33
-49171.58
-27993.33
-37334.159999999996
-34311.82
-17870.7
-10797.279999999999
-5882.83
0
