138206.48999999996
0
-14752.06
115458.90430766704
163112.96467463567
-76606.88
-39619.08
-31741.339999999997
-7350.76
-4736.37
-422.79999999999995
0
-8222.4
-14227.17
-10586.220000000001
-18230.11
-8679.23
0
-4667.5599999999995
-3399.15
-19835.2
99501.83253004281
-57095.719999999994
-17719.68
0
-4788.46
-10160.77
-16807.75
50804.07295182555
46627.856828439624
145377.2224437415
-147041.56
-81993.23000000001
0
0
-11187.81
-52830.14
-27159.67
-3735.83
0
48919.937775604274
47086.999649715704
-43971.51
-92672.23000000001
-40722.880000000005
3903.700881710957
4831.449926542934
2761.639679921383
1925.706450442873
1938.5155188488404
634.1778086126485
335.56683123319556
311.7874069298643
476.30589722939146
204.14079070344272
136.63922093936952
252.19607283256948
42.60571623410251
20.959904326985853
33.25906263633676
31.075821111345974
71.1969042744792
85.82227710953754
997.2201231886492
1830.0029924270484
1097.0509351406915
484.06469830318423
186.61381794363112
77.29799240358139
68.69688669606282
138.07670092347968
307.8190018291069
463.5727213246205
417.50448657857777
219.2385813787858
121.42911242615028
-134.49643114712234
764.6437362826457
464.1882077510598
49.506982530351635
11.520925857304247
1.2651240579104166
32.475315923963805
-56.775652005908505
-280.00068468647095
-56.99752014459025
-156.98153073742878
-31.4838443096374
-0.8700207179743034
-194.80253028658925
-2.553904100007183
-345.48289320970684
-223.63258113340595
-58.284018033439416
-128.6267677898724
-5.4009712409545685
-0.19102107674327465
-5.837386620646781
-311.24470695623285
-1040.0222811626018
-899.9053966155028
-1484.1084753522541
-726.0999623836983
-1101.4411572899376
-305.02737813750565
3.9398177228535127
34.3624379317761
148.2459604763987
-11.398193572586345
67.00387329916963
-1.2259475547210679
0.2731592729955341
-17.85898580338175
-0.6264020898608746
22.144687018161868
72.33671262342527
111.85097457958665
12.796093189742209
244.96244227823422
60.51688876717219
3500.347322227676
1665.1440785868274
894.8423683919453
1722.861258502341
1717.7954406658869
2272.696640189579
1059.0016780748138
286.3667053330715
-32.514229615002876
-1.8429646242085886
1.522398984695551
-18.466593422219926
-6.137691704496555
5.2336146951015445
-7.733298025137587
-22.640903523629934
-227.1641707519928
-91.59674391933518
-272.7980892145285
-601.9830013949584
-813.3785579555071
-593.1217122627614
-1041.7053127631923
-207.09683875297662
-152.88695272071044
-247.00820616870496
-266.0267198889593
-230.45866952733758
-107.96429443638874
2.6232827015773528
1383.4114012553075
1559.430836381186
1907.1384942958975
1221.7241312706553
519.10722441616
302.5564092297237
72.10165452216765
-0.14008276085416344
-3.835716061264443
-33.405363929559684
-55.38015109094424
31.11830799294972
244.18853257544083
728.6433034005199
266.41988225768404
528.3294695549235
46.784080113989006
100.67734700641817
34.48698073066161
5.5461870578591785
26.085730226964746
1009.1816407210144
1686.7257706630344
299.3989226350711
246.82902069969253
154.93113391748432
9.514262409363083
-22.654919758724635
-347.51311807515424
-316.78498444464356
-178.04456259414536
-352.30820653363406
-352.080077460855
-1159.1652701632227
-1254.1874719497914
-1534.697449404607
-1399.3403016445195
-1333.276133203768
-1767.678666554547
-1929.735921522089
-716.1308592017514
-450.3949071759792
37.58700934597221
120.17540089693635
-130.54667280381403
-900.5727169096785
-2.3267081200656574
293.2594758117435
10.282948833534276
-198.40868351695642
-318.17588351429316
-0.09726500841753741
-426.00853555522474
583.5124982317482
145.52258113724386
145.4352135827707
25.200764069032083
-190.4691312887224
-121.13130586386585
-231.42869164388668
-630.1856849546352
-2251.8407875548946
-1693.1976628980115
881.3337460746184
1870.39656291444
901.7234503159026
1487.1927882961004
1689.2007792987836
1850.1863973424197
1399.7950483783193
807.5336501425822
511.6800419357261
455.66397593675094
686.0310387211415
542.9470287260524
399.3065452577158
383.37554181644845
546.9496517672386
404.9028349563736
416.6013206504435
103.01105734127444
60.604076054741284
0.7819698417016822
37.423335197396824
137.3760636529866
73.97891234950922
8.411961611355082
44.6591131196879
52.66044581598595
6.571768864135658
41.862192232993195
0.043314574312484824
11.442436955824883
-17.495905320581794
9.196711785131896
18.718673611560057
-18.541433952566138
10.147685957848191
-0.1122403209675346
3.705701850803
-29.82150299927503
-191.85424615743236
-46.70609745060484
-249.89263953491235
-187.87604956880872
-231.2409846211263
-181.28741450674028
-148.79401156406567
-176.9960422981332
-156.17280030870938
-169.2583388550315
-338.1800326122137
-170.88959757216827
-181.44200705592752
-349.6570450034145
-154.09591492344657
-216.80813541301742
-19.13748903283025
232.87872913857453
122.01827241703565
20.311078456424504
143.1889662121801
20.251862862622865
21.956901317679453
27.696577102671444
26.81352533512709
103.30920115646448
611.7540558170554
269.28148583507675
220.5738259963343
289.71815969801
245.93684194805022
159.27742453721993
198.44592924569025
401.50728203198724
361.46033293886427
114.28092141642034
83.63773897744281
9.17073418896099
283.9967738255309
22.1457228541733
-0.040202252154278764
-3.741069750827415
-1.1924874170281847
-72.28136753116138
-44.267790647555515
-189.65443799258668
-64.56017485220607
-290.7874223849245
-228.54567739438545
-646.3031909189075
-480.6393968243525
-137.8965471508718
-1056.3560933335377
-2158.941014732418
-181.1430064922311
-424.7300520912929
-590.8627103599495
-50.442347205700585
76.13300721555208
113.95172104321453
64.19263766687737
165.19705862119662
131.65422908263952
37.617815636127034
211.9408674870321
410.78181646635846
355.78893686289837
130.37436912261228
18.676505232275513
16.627828100461056
-3.2280192857964796
-11.216073043229782
-13.086091307438492
-17.148155672015502
-9.832599092575949
-7.671435886770615
-25.8301461769447
-50.33154511733855
-84.8099248325463
-105.04073753779178
-308.6401340472723
-146.41428079339124
-455.1268524006851
-448.34599774121614
-665.3344877637844
-623.6387337558157
-900.7605551391406
-677.0411358050793
357.61046671669783
406.8444418089143
41.9778712296234
464.7362353961099
54.74483475525619
-14.650555691583769
-154.67574200649767
-34.30563266152252
-67.03208732753188
-463.8575159581782
-740.5936794952434
-1769.4434065027976
-59.03528931264282
158.0508247666218
-76.88894483517586
-437.4044355197666
-108.48328798697148
-21.366846458826572
-410.78933652532857
-244.75711365763692
-91.67384469248864
-143.64666172152795
5.983468432020435
-7.325988150719564
-58.70770205864386
-53.03597234355367
-868.4593344001128
35.73947222907032
1019.6171868139791
858.922980491036
846.3328078359839
978.2870302584033
791.8467198035103
318.9631578456414
462.6869458068513
437.0246236710787
301.34339614700866
237.9794362543037
386.56700606075736
239.75585907022705
112.1727180863381
90.6701314579798
181.3482876103227
111.14508921826027
163.02422540636775
155.22413844546196
84.29768450783571
3.5985602490820807
128.03865367724433
58.62323083683533
203.35434981678185
357.2636317181305
913.703006870192
7969.92476066578
4210.3269097439
10843.731690751416
5721.895923451082
8627.657364133507
9998.556959808926
7496.324271091951
7778.397111033977
7935.55030150612
6298.681843556609
10922.73567983575
5786.649802987508
8463.698829795958
15467.495502920028
13454.27078148818
5504.504281786532
12299.84401080244
14594.015465365568
9557.843262680928
12685.558829630489
6353.3010183552005
4852.05721981653
7479.008856776565
11962.756652356102
15769.004472223858
23153.66790646182
21290.562153636904
29223.34622033759
38302.48188949005
38939.516184046835
30957.954667451442
51865.61511416474
68931.4972928097
84592.19367547201
75695.4432043344
102736.13950979727
127509.12519544864
196024.12362293154
-490774.81999999995
160779.15348744945
-427337.0900000001
169414.4927025907
-366747.62
-59877.18
0
0
0
-781.18
-3381.45
-2383.55
0
0
-81376.89
-126041.39
76069.63603161799
73342.43488803363
77796.67878931758
79511.33841678879
94378.5998691864
81838.66340155283
86499.20550876361
124892.95818664745
128616.33212346293
174071.7366269277
-343368.03
-309766.2700000001
-224254.25999999998
106011.45013788583
94426.71457335725
177529.1071488916
-356237.46
-116176.40000000002
-200549.63999999998
-145150.80999999997
-66553.58
101504.71928778965
-170487.21
48033.18168617184
68829.51694725014
143304.46409729603
-332933.79000000004
-135452.16
16354.763394469963
7893.511151062123
38946.68042285905
-129117.32999999999
0
0
0
0
0
-9667.84
-5358.22
0
0
-1014.78
-1035.6
0
0
-1431.86
-2034.1799999999998
0
-1035.6
-2466.26
-1167.85
-1431.86
-1031.12
-10265.43
-2229.99
0
0
0
-4128.96
-1035.6
0
0
0
0
-1031.12
-2071.21
-1031.12
-5553.29
-2071.21
-3172.8999999999996
0
0
0
0
0
0
0
0
0
0
0
0
0
0
0
0
0
0
0
0
0
0
0
0
0
0
0
0
0
0
0
0
0
0
0
0
0
0
0
0
0
0
0
0
0
110132.61999999997
99798.43871011956
123640.70618745899
-53283.25
-17777.6
0
-1061.26
0
0
-3602.87
-20630.66
-25529.050000000003
113558.92248231688
93917.73085610413
0
0
-5298.18
-4738.91
-16650.42
-49999.58
-37401.56
-12983.52
-12512.820000000002
-23021.24
92700.76400377884
0
-5729.35
-22032.69
-18175.88
184498.11628644046
-99950.43999999999
-53090.82
108442.7060372004
-22687.739999999998
0
-22874.45
-45728.43
-22713.98
-33376.170000000006
84024.73963972725
65372.97928584217
-1612.1799999999996
-20420.08
-10953.11
-31083.2
180275.96135363422
-82275.12
-27926.43
-14041.3
-28072.75
-34339.13
-35837.87
-19620.37
-33284.31
-40838.47
-20947.92
-54214.89
74646.28489742706
-42771.149999999994
0
-11651.649999999996
-33353.060000000005
-31718.889999999996
-35014.840000000004
46936.69868682861
0
-6783.46
-63010.66
-39785.64
-46241.22
-10381.089999999998
0
0
0
0
0
0
0
0
0
0
0
-1355.04
0
-2032.55
0
0
-1747.85
9503.350311734568
4241.323583478843
5586.395145364551
7439.6847848260295
7273.962827444394
7803.5200551774105
6594.929133847085
12283.044719975722
4786.024752338311
2115.890231725584
2165.4937116339015
3788.740807190795
1445.4668007049177
318.6534276453386
7732.072283832972
7290.632702977687
4283.23206644868
3359.06586773654
4561.764151084762
5799.661833773919
6723.920319558198
8303.386988318656
4154.480076955379
3936.510060471967
2372.3470681478466
1875.3021936246182
1893.169554450458
3559.4229835412884
2163.813957614414
1650.569886934719
453.9592998338673
730.4875643120599
4482.25780661303
12781.208422054257
27711.893748424853
-12190.179999999998
0
-1607.65
-151311.40000000002
95287.74601610335
-196060.73
11785.098008342131
13479.965104266408
84695.00877867779
-140546.63
-56994.45999999999
195.25458571230027
55.02381369352313
304.6494971860745
217.75476581533
308.5735778095219
1567.9878282841078
638.062007029963
794.7302871271019
576.5427641295338
297.97979044814224
72.93161995888306
-13.180132301203201
-399.8846976244719
-297.3840813542606
10.003323059700364
-176.46336500941948
-886.4678629347509
-0.365461183287018
110.55565612650379
226.2683649587498
757.0957070627408
948.3229254680973
672.2767152885435
575.7781623256864
423.4209666945302
507.1051414298497
149.47207685834456
481.25019240325037
411.51173048450175
117.62294549211155
148.1554225847918
233.2470218159931
96.83468840507658
148.24094767665443
106.45209119112033
59.60995100901354
117.766278628787
40.930658439073
37.74373917547066
16.239836117239058
44.61885882552221
24.528584907120944
11.657485479586882
20.950471959271173
15.077714183677685
12.011693685932721
35.45187478339565
3.7122090071475538
-0.0605881907543466
0.02807523166285047
-0.017581289557910315
-4.570247359983846
0.003572563308860005
-22.676663929791488
3.9499250995157094
1.4145154693714195
-5.819746411302537
-31.095176726765704
0.32991871053880206
-0.01885644865852176
-1.4727573713038011
-0.49652243631257353
0.964787211315107
-13.547381143156631
-1.6860054363591406
-80.41160995109459
-25.48747334599406
-61.7229919527156
-63.84631073702494
-67.94969335430088
-76.95658459142803
-97.64810923114858
-180.03779778557458
-374.537895029288
-476.43277128094655
-676.0451822264732
-1233.0821413841586
-1116.2156029640048
-1250.2135440187337
-569.9340800049763
-132.5919762713779
-201.22093754776466
-235.06135940378408
-237.79562053728142
125.42984129269672
174.79076494143783
37.937600840521085
-0.9981945108171218
-220.27719985778222
-162.7218444576438
-1.7590462399012168
-6.3747350936875495
0.4914672503180576
-9.750121455497435
-6.010155657521052
526.7716916978801
529.6433093509404
604.1500041962399
513.3906954783911
407.81032432733184
281.7691434974289
203.52044951768238
405.78269560362935
165.79206693627845
225.99303201460245
167.41435342311524
186.52463550537453
263.0929025685906
167.30743419097897
71.57464866369573
91.38436297047616
36.42276190444423
1.346332721946263
32.844437674790264
64.90521148171777
10.328888625404323
1.096228056935943
165.36395400635303
-0.9526446628418512
1.1704334662984628
4.926280997281136
9.675681663295366
0.2261395111870828
24.44652905671211
0.9257127387809827
41.70664712051277
0.15992577374392813
0.022374275746100993
0.5616553478238442
36.43978486092946
1.3931715159433482
-1.8492106741252194
-20.208546285507623
-7.50201305776889
0.05449037458640619
-2.146113913493303
-10.987243508927476
0.36546170322362015
-20.33045505099095
-1.3976757304004768
-7.347952815018015
-0.7099884265611129
-0.15698250273145906
-6.515445274613367
-33.88896774129448
-7.2284316729403395
-0.6599439360429732
-96.05854864549568
-43.17786404767325
-1.5705304508071762
-82.12712135771696
-55.96740636231813
1.1385301519500426
5.808912520442698
-0.18570055691181475
0.13679515751086185
5.6822794281954865
0.9539511185747598
-9.471103687080484
0.004102742644882903
-2.782303016823655
-2.110989143953324
-14.97710710074192
-0.5930186593272595
-36.47457681774843
-6.427963437477412
-6.634226666879778
-33.526019557300174
4.982070151142682
-18.37470426688677
-21.344351587190147
-0.25066075079484534
-25.062194778442937
-0.26046376980351343
-25.582433179245534
-18.56768836649833
-32.038544752584045
-115.02696895906362
-50.3916303273654
-173.18048756890516
-14.30873155513067
-193.06164597026734
-119.13042120656405
-314.89986424294705
-149.931034930725
-186.20787045240738
-153.1006515617853
-262.0359034479867
-374.2594602510777
-525.0607319810604
-695.7784920804928
-100.57408477535593
-585.5923279956965
-353.05856322456737
-398.2058812673514
-468.4277318580801
-502.60681105150127
-239.0064196343718
-247.51719524191626
-379.603731005981
-413.83148302469476
-160.17346553661596
174.35597589732524
1674.3684958944796
4416.767007864995
2289.7968121938443
1896.4103642248
525.4022928244023
53.22193422245866
14.72427101117307
-6.729911301976944
-504.17641486631817
-129.29267426853104
-730.8270436135781
-1112.7674725689853
-285.38572471341377
110.32293407687712
1469.9234151315904
1457.9248312059208
1148.9748217393285
504.30651555950016
534.3445904549037
681.0527320113331
684.9956536246302
51.909909440169315
2.289859371074762
-14.843132398610532
-98.8126070975843
-401.1465385382525
-1891.3336309947058
-27.778812434400333
318.93796011770075
297.49100467585373
232.55316594391292
183.66283164925701
208.63185923982283
107.97344069663521
51.387395150944144
6.996125867629663
20.95754752612998
7.838651052434171
0.010016530936929367
-17.476821972476806
-7.862142191948019
-40.52925930053502
-232.15916908491687
-171.47920708926463
-231.74108141802185
-364.5839023423748
-231.3649229758722
-789.7389213949368
-929.4345126468876
-1114.7221201183615
-1570.9116491146103
-868.6434328851695
-9.594558899813643
654.8374602066833
4090.5841424761466
2423.701388394549
1030.9753480267552
349.45977886458695
142.31852581531066
106.53294609279816
52.98227157527975
8.866641502239567
252.45427787678813
50.391509646066424
-16.3737785352597
-5.214087583251551
-2.078291601623118
-181.36775506117888
-341.2738921142531
2.8795709954711213
53.75453353924307
71.15361456427289
88.2490745472781
10.852877841807873
-1.0555026561138587
-50.99716288313951
0.12004474911344021
0.2618001037173914
-14.326235267245618
-9.989499905208671
-26.044997428139002
-39.283911943082984
-44.93863175062141
-96.55125074554536
-96.45144183429011
-196.59003062421633
-150.63839629646515
-76.89237752553186
-16.60170979076266
101.05969985089185
401.4413538242059
435.86145692515015
-0.0778422912579154
85.57733342565935
0.903601644484195
55.32270545851107
414.4689534403217
363.5919250524528
159.78708205073931
-57.28507383050661
281.75946163309555
2241.4199814142075
1803.858240873279
1057.4517820601495
1443.1745454474099
1823.1561557394302
1419.3646446140206
1362.3266403770454
3022.4810663832413
7764.267249142999
11772.701312236637
0
5668.990472838955
4572.659867744037
8856.485133850068
7340.3849520375425
10088.861626539525
15682.487102082248
13683.101105676395
11132.786658262437
17184.206430618568
10831.755249603004
20125.396763210047
18606.715528595618
37464.472143719686
106972.2016111218
-326496.13
0
0
0
-28753.29
-12663.62
0
0
-12954.340000000002
-64406.97
-49544.759999999995
-12581.390000000001
0
0
0
0
0
-910.28
-35346.020000000004
2077.887115469659
-50852.44000000001
6914.9314995618715
4573.085659315413
4819.309332374838
2308.696372420406
1119.8514447478115
2577.541188419204
2003.5670042649936
3167.4821816851013
4542.018048892337
-53152.89
476.9822539529953
133.62554651160283
11.415286409790546
48.689709692006645
45.71315124045482
10.418888213869348
98.35226043023725
5.019641790732611
38.96581925682246
657.62703992725
556.285687452603
749.9697923037097
1447.2929223047831
462.78380244421714
915.6975385193286
1420.286187087684
541.2379120819123
640.9939370296752
171.06928877090957
7.680998970428595
23.800487231636357
290.2889497980374
303.59157074375065
101.93178113348023
27.94124381575783
40.27719295029826
22.57289136122543
10.973904542909986
29.86409337312356
-3.330148730830981
-194.63557545984236
-516.8460154156951
27.09181088436265
202.61137989789705
28.745264738935113
7.674517441795287
0.9440681733798375
-79.72354575058351
1.9653120634052066
-0.29627786317983773
0.6766671132442155
-0.03738720841315242
-5.944326003642196
-7.12927111789491
-2.7706180834113048
-2.2662504423165637
-27.206685610245223
-26.875666011197364
-9.857188233129662
-120.38686335774734
-137.47340721048994
-394.66729169151216
-302.65464878029695
-354.9548309979605
-38.053497221376645
5.834545914292304
271.18608554252455
161.16057536451362
111.85080983533132
67.35651828557614
317.2763754554271
218.17459313947745
52.46171561737612
19.510487890166495
0.08361558675974676
37.647939717500904
58.69343895191953
1092.0023936690668
1612.2502846992356
956.3074874056706
661.3327149891772
316.79195922061473
313.4969698302273
166.843419768885
170.7282359493425
120.9663747950676
47.81669136658983
27.514562670226383
-2.679236571462593
-40.19892659815454
-79.39842623115852
-63.079093754863095
-196.33176289575738
-374.79746343480156
-763.8815512209329
-193.25874842201702
-107.84917535732319
-365.5236397254794
-150.3821770146392
-598.72210807007
-745.3922630725141
-1858.3426730110205
-2238.938996542648
-1127.214948990561
-310.9531322387245
-449.74827172084895
-145.45762779272107
-0.20539151433754468
-27.352910014382207
-56.030194438432886
-43.62484574148667
-231.6793989772433
-181.56358163548444
-67.72655825200673
-444.55223405508775
-9.896085288716042
19.706963011369865
172.59736497696116
385.6079461001409
817.4965490703803
191.41584664306683
407.4327712315559
165.80644100734952
303.2825010994462
315.7384758318264
112.64664420449807
146.25165482430864
158.38856851083207
102.55332748821846
93.37407706193835
53.71459962797315
203.71095549162544
67.31830511786217
55.9098568115468
62.49682018217558
6.575665383682166
102.28486116941995
32.759747278870904
43.5148659198173
47.00604236287928
78.20241508314174
39.565312376970674
7.45526350344158
7.654467885118774
2.829080998082323
8.512092949643744
0.019203717516026918
2.665364498063803
6.890674163948861
43.53344660259994
0.46185049082248186
-6.096104562390947
11.196771451191221
7.958913343557599
-6.430612817360937
-26.046668776510717
16.686935709099487
1.756701233949018
0.6284717656055738
-2.252643271260691
-0.2524555450508454
-26.372694919038803
-38.37948001182464
-3.801366815507742
0.718181026566616
-22.064623949084876
-88.84000755120343
-4.51866983991782
-30.74154581831128
-10.57378790941461
-6.6724983489914225
-1.2183193277311162
-58.269154558088616
23.518183462201023
0.6281342556324254
0.22217692490687294
5.920129611659906
13.644804892220272
38.557641269748245
9.076557923116574
1.6307004217075285
28.019433849434403
18.710924772170706
0.20810595406052199
29.357018761791345
16.164894322150346
6.54879664393863
0.3446253542867198
19.951896227340782
15.513011916030802
1.176806217041088
11.40079019617023
-27.5422096365492
-15.064133835713665
2.9123212176918956
-5.525553505304028
-25.077255318062484
10.554934490716887
-10.437824251958993
-5.7497182171023935
-4.35899365259947
-54.30902166245327
0.050368508370615774
-88.11962253388225
-111.71763839706772
-39.29607261757786
-1.3544816140060736
-6.933634314062065
15.035010128613031
30.62341225986889
105.2964554905788
5.750533224793498
139.19440601286496
2.0759397026749524
104.62877248020277
28.925900249987436
10.357676881975284
7.882933255087856
1.6602391498059932
32.861039791008444
-1.8345604091360215
17.986396016877435
0.11107661154236077
11.371014993868386
7.0359739516686695
-0.07347812651146213
31.037739125365682
28.139732786737028
87.35972496417635
37.33157130409555
2.4620096994198337
0.8315746643070829
2.3793273258596526
-0.8685602936786023
-2.0371693655041967
1.1582588580286233
-46.05800346154023
-1.314604900779048
-0.7229820595107381
-65.37075558860029
-15.594058614294545
-17.59348120336771
-90.80901500223293
-9.022574192771737
-52.57674325454245
-18.2311961787482
-20.692621402887465
-418.85931313083523
-46.10750957088704
-33.01189031848034
-55.13979312977664
-113.59231726709204
-89.42882021080388
-153.12791242521035
-196.5867665412515
-221.99791730042875
-237.76300211184474
-310.06729996131526
-356.30026108389944
-387.82081749559393
-342.3969158291457
-46.551332340267464
193.42669698281904
187.6646063466462
103.54065541281471
2.8791323884330335
86.27017489101036
1260.4702735875378
790.6137457243569
1546.4080252059596
3280.4566059038916
1143.1300615506775
2658.3417591909424
5447.213252260068
1616.3085523551667
2441.323042038056
2276.6657520082617
526.7381070203301
2341.6072286426956
1701.3759083866908
1266.167281028219
884.5343856087834
1364.550068458795
1444.9227072556323
586.5865245466732
294.6535567027807
2601.0720346450626
247.32975379678186
96.37754717371749
616.0561400580051
639.5057078420627
390.03552607202107
443.1664066599135
410.0090425103208
436.04025172282036
251.42010506596634
1550.6180493813843
2530.090243408285
1345.9336957165476
7683.024903665487
13762.229269258361
63866.79014847575
-285353.53
701.8378030284515
307.7021924928652
147.95060320302895
594.4197386818686
376.021283580795
197.01303922046654
150.09816033369174
102.16998527526539
274.9869611988207
50.397586014455555
9.020259774602485
-5.446011596235792
15.44506602487747
223.48776989851604
59.371859466374474
43.209079218869
-0.5322372310903881
-53.75595430023455
-1.5439063518485074
625.9349844782989
460.6078027795463
14.442262490156384
-1.9543776651759894
501.5394671687682
1779.564086802089
1561.5547464541926
549.330429242204
946.2548488431399
920.6238143409305
28.532806267153124
1052.1197639029194
808.7584941258781
595.964080585824
359.96867206528526
585.4169774835032
557.6606478865411
422.0134087611796
253.73801268568894
-14.964015940688196
-2.365106766666411
15.677608343343113
73.461933323566
-45.01633278416466
-19.755560136040373
1892.3484957460478
20.378716311365416
807.4990485579322
1784.674225104113
2434.021593611197
6123.189671926193
17577.758162395985
26599.09563562974
57708.54632780225
-209522.86000000002
8819.480791448608
11786.186700010448
3498.847286176665
1954.1920046969462
1667.1793902510913
965.8879396939652
3004.163638236806
2261.087849824581
5064.044686332874
731.3752260777942
1178.0520443350456
3527.20433305212
2407.378477540983
2327.570516882861
1387.57487670883
344.85344422474003
862.4184949441691
2673.0277234505256
1460.172433761188
3010.4150111992135
4655.5309926264545
804.3743005529844
1058.6947690377692
256.4683521861519
2.8626860251800132
1847.7251459127492
20407.369653231435
32752.274769245432
41177.51009756199
51732.927327853744
-277117.92
16493.346518164937
20567.794730160596
-203739.72
41.2132460108502
-27.00889742812123
40.72831906645649
-14.97166701053747
-215.9726831247886
-17.593814311020505
-236.0283367434369
-366.70553493255125
-667.5284066800566
-196.21239950489507
-606.4188852842542
-729.1464150664112
-527.4201504204559
-1390.0429942513488
-722.2635710134032
-202.63166375433374
510.3938320557029
127.31820783363787
2126.7082778560944
2630.3090931559755
1578.0891535274543
1298.183470294568
1618.8921166881798
566.2474754832606
496.83671177202285
276.2115771987699
78.78167201327005
114.54899627006088
370.4183214094407
335.99236866651313
381.5137104803128
459.80496840236356
502.1623183398741
177.67991886519243
102.12981598168655
398.04825529132995
396.9912726993678
355.4082171833675
245.03791438702387
361.97824402388375
477.4458116109277
-262.3908759203356
43.46132031900595
15.38629475790821
5.811054457581356
-7.513704278871884
-41.22257455757786
-107.13156771130635
-5.010621790631894
-26.918375857304632
-304.04013245929553
-0.1393542652832142
-349.1928864841785
-158.41337356277705
-799.7257742296781
-2269.7165916386175
-2250.1260360173105
-2379.8799158071265
-1004.7531866048805
-303.53752989578777
-26.70904727634379
75.03656582940862
38.785650047335565
278.47554995787567
153.38285055592274
228.00597738793425
224.67229951817995
282.9186471482012
472.26030025139585
21.314628597798816
164.18292093127664
19.872695999721337
204.19316520042958
125.7233015380215
-0.42439237967617494
0.873966511057314
47.75079862892971
103.93107037333293
43.9345967717749
95.44014721495611
19.7287128959697
39.30171185301891
90.29241193000095
0.0022294499311667285
-5.471432627430087
1.576094741784022
35.008404851367644
16.41101079979338
0.08991152609845529
6.5839218595339375
19.439837159999072
-1.68884170803635
-0.015383451062371552
-20.699757148702524
2.6801083085293103
5.451082082698264
-67.59574381669239
-11.578291387290477
-50.19861748385014
-0.7989750121536323
33.15286129019229
-43.79323216353771
-4.940098112174418
-3.601215414154565
0.5560720518843958
-7.12536241796081
1.01180138117169
3.441500584825668e-05
1.1482660238623539
20.41294097737266
-13.522574106520668
3.0264400215119776
-4.506064505967567
-5.657643852161689
9.307748120671366
-19.69444980911298
14.200933592339704
-19.521550364023586
20.5438583994139
-0.2246078663754006
-14.400123161492404
-0.738828146817007
-10.801640058741254
-12.371027015172107
-30.74946246999746
-9.075436761735723
-58.7435157424878
-10.967392301340897
-14.491661478777726
-25.39419928519601
-20.34752603127317
-39.663540603274825
-24.234800746637212
-3.5968608802482276
3.6622200113438668
2.482738545905577
42.27273916581025
0.601029828410929
23.10979413704352
-12.95549633020169
23.93729157078419
41.405751569764504
-3.5201735584202045
-0.011613022043574322
-2.720403046456778
-19.773012973814822
2.6467548990705305
-17.061717758242736
5.770056695126914
-11.142795399512348
-12.677691260626949
-38.81080921198512
-20.1468009890429
-21.435849095727562
-0.561369486838242
-15.830566143504857
1.465823496349755
-13.1079592972848
-27.44949420942624
-1.4680073248496628
11.132264292950191
-22.046197684165804
4.570913417299909
-38.45186506516226
0.18676841520244794
-21.427045323352573
-13.228890225836627
0.319329755865268
-7.52354889170615
-15.239686375366734
-25.136951689410168
-29.934844214171164
-106.15553616796758
-29.011989325293747
-287.9555521304444
-78.2727443866282
-106.89831445666381
-180.0686526994617
-274.41077957450983
-85.8936110122975
-131.69165667984268
10.369244351016349
146.48256725222663
267.47637176180376
144.87710006211995
9.216141700636978
154.6336500890636
15.612086753751374
27.702497481621272
21.20862088570942
0.1546241054165111
283.4068751560285
280.1120967583108
140.05075883543543
95.86362280288775
89.70885415513287
0.29796290031121614
17.63473964357025
36.751920199515624
1.7330506773707701
4.9538806805362725
-24.891871186787473
-7.383822956200711
-6.965861227961288
1.423454683674185
-144.35553406060103
-35.072131131997516
-125.60838254442314
-299.4430610802656
-293.4810304028536
-277.51478154609924
-252.5410116089549
-369.9606335213923
-125.00440645788544
-136.15943864220307
-164.38027948464833
214.34119182258036
312.03141596890936
54.48128036845152
-70.38248156936696
-782.1935173373165
-419.7244536066946
-0.34110247341337513
120.76569745166913
27.91506222878668
16.066682405558165
50.268681728930886
-4.11302337651156
-1.552926503009037
7.165759994957206
1.3644867155283664
9.3666342081029
137.66183695514766
174.19108783865119
241.09379718664616
150.70255879274322
289.2642280849462
179.05201200385665
297.3638935411603
127.2959835709682
28.517915900394335
98.1089637572827
42.853222833921365
39.021685615116056
50.37531589485642
64.25818962344445
37.55590727884768
17.969208639125544
2.0543386980512
-9.96772061007176
19.42686980081036
-1.9736327857784215
-23.846847747061695
-3.8186446158914604
25.302290490234107
4.391251034596131
-0.6645829580146361
5.24979412242282
-5.913966990936924
-72.07158517969518
11.617113200788369
-19.919023327686247
-16.409609420010433
-19.429220695952516
-22.92224333797167
-3.8214878352557893
-38.49143820750254
-19.837354566214202
-6.699309028392918
-15.621764978790383
4.034089579377579
3.231182395561541
3.3148337351326407
-16.12771420363355
-4.174673716543848
-9.587726117536759
-5.898720362370193
9.42018653996236
16.550892632141455
37.114000014136025
10.274913714211117
54.61577210048617
-0.2757878667259781
29.818495136019134
28.69704061534009
73.85812847409716
-3.7944992796006782
139.81033016561753
0.2724889156993314
2.484676363260199
11.363540628014714
9.367718359100312
-3.8842718360582196
58.84112606252833
9.871686759747696
-1.1885519338041701
16.551974764446662
-1.6079193191782164
7.209489951041409
14.41136849833811
-3.7718143911191953
2.114351182208328
-0.0029980934418737167
1.6502426181522416
-6.490070251370403
0.727064269590607
0.8929772202998599
-4.275573622341559
12.534342627733086
-13.293968731283773
-0.5750323613703232
23.127038017601404
-2.3217668486691885
6.3254731224141585
-6.255573437643318
-34.69433188193424
-14.692913775982479
-4.119751986430385
-2.5406497596505986
-25.4597514188633
-7.808035618987229
-4.024780234222243
-8.633538675951792
1.7350015024644918
29.767621657051677
-0.6680848536586659
1.3688249398742787
72.20278084257126
26.55105710011873
54.90025573712158
29.22105802169305
0.24438872600041622
114.33606476884447
-1.51368679705574
-0.7680790780195251
-65.00181202345547
50.95564815103079
-251.6632294271139
-22.63808993666731
-302.5234550267736
-111.09594458245326
-409.22673642658106
-10.953809529458166
-347.4000533043401
-226.70286127082932
-154.77391284837185
-119.67610215439764
-256.953413712427
-312.99012009613375
-200.00497800898214
-165.7267125422516
-63.54954179077586
-103.27430422226021
-15.816671378197235
-144.55577832768043
-50.407678947773874
-204.68805966890392
-1.7321230509705485
-107.87058177572762
-82.7221388483551
-66.99720932427466
-68.07762882136605
-0.19597177979688582
163.24921782589385
725.2121106760362
89.56153320043376
18.3990520643819
-14.430314236558416
303.80239214808455
661.2031094922665
164.53390117120037
68.46008980242001
6.98002650236864
0.8328127912624975
10.455424313836302
4.7904677086796
-21.58621820112267
-226.16109765891608
-274.2824684304222
-387.2491079866993
-1034.4659704170301
-654.1705973894161
-320.95997837332845
-704.4981771758395
-17.141673161502723
11.949674065108352
-5.9293897361508225
183.8174944311246
1893.4305884798266
1299.9621056595845
341.94924784499517
643.0929986036033
736.9279580201407
0.6434873618168355
109.32807761852682
72.16043050796645
384.6968359245589
1737.4972958999201
39.485721104744236
11.856114347814655
438.0907615446704
-13263.979999999998
960.2062609606057
107.98593254403683
455.9987180960547
158.54255997327832
30.953599340731337
259.47045137919145
152.93193560013998
8.331256924748184
157.3362419254842
65.54676122286854
48.123717405796334
36.194121484001286
-0.1565906692500633
-11.193333969752253
-33.997640265767956
-70.87429456809791
-7.004815743747862
-58.06049147514185
-469.70332880359945
-762.4074750926952
-64.66420311689649
168.75196565374821
-19.093813166049355
-783.0427993369424
-779.6889284687924
-3.250459815031907
7.02458606459012
-14.734175128405099
-39.91545161628972
97.99802589551123
60.474944282669114
16.9295726868185
28.745409769636833
15.393988736930657
15.901489038440321
-30.123559002037503
-24.787242748332694
-40.943946409445815
-2.4267062403879907
480.9924290177765
410.85035837018097
128.66301661343036
143.45853778969828
77.3438360013606
11.135953624401768
13.13695398761702
-2.2049022386262482
0.01612910883549817
-52.088813891588075
18.05469651317971
101.22458896139008
372.9535664287289
96.90530229274044
99.71814900846724
101.19950312360618
164.14706146153395
102.07657721172298
109.51649984099043
2.3201167842466908
23.9632566215179
-0.02163015002403933
163.3174638693483
-138.85333005613953
-0.2774960282529767
-27.89331984471904
-17.982632071128087
-105.69852568568058
-392.62371642185985
-574.8227670445906
-768.2830594104369
-1160.4760285147668
-1251.1415490351446
-2121.8277705511855
-1293.2567530378928
-323.19573847261915
79.66969037239076
-15.886111177346903
-136.15093935802776
-362.3006353150698
-1134.307601317564
-89.10632614135585
48.79702054035113
88.09378515571383
1928.0531718861394
1934.4497256541958
1116.8181330463883
477.15158808513263
249.80670353177294
78.0961225135608
0.3092328893852726
-17.47005289850604
-195.9776966061502
-58.49365692414551
-35.34385139113279
-56.45435488538586
117.61767216932668
202.98044527139257
281.36693392785355
185.05730259492992
150.29718313579184
18.174252847437028
46.52338018093876
-60.91363498981704
-49.643654649884326
-204.1696863943079
-220.24809798653214
-542.4335173758387
-660.6170408762893
-801.3432858894337
-493.9997812450988
-698.6517159508801
-22.991663685066705
-66.56302910920489
60.33851912832013
346.7865785132012
134.87830008667967
477.3358524775658
130.4646395520644
-0.12909213355478621
-107.14761112797635
-114.90195682178697
-84.18162790298143
-59.43441537120995
288.3485193952188
141.3727246482369
18.760084296207115
-158.61131016036225
-692.4565935789905
-313.138234726502
-43.11593595187671
-3.4629185316242603
72.16154782887949
166.65949347875735
6.684947195940486
-46.00152385150654
-22.705082539909906
-577.6701543358698
131.58553005343418
-3.8264190746341966
-57.24739295498888
772.9980124600911
395.3353011342176
171.309339139336
-0.638682609520936
-66.27951320700862
611.2380753886798
295.8164873624579
72.70800605981437
-9.425486549774115
-336.70153407251564
-281.38735274138037
69.78242354962575
4.944236833887067
-83.13282035029337
-1.4926060072576843
307.5112203029443
39.043760106368566
1.7455133774874834
3.396010713282298
-137.952813634087
14.559026237975376
175.0026944718365
-57.194095442586296
-108.26539221769444
-84.37083303906964
-1.742781435025983
102.3722862204055
-3.7543324224409
-402.7724380756059
-332.3584829494418
3665.206644423208
1614.8055616133402
36.10313924591108
5.697148860278533
272.4784505968048
41.59176875433624
4.501092388354809
-88.89358162667529
-295.8511386895757
-407.82423687787366
-133.324907336556
11.5693478207538
598.1816811214453
1068.4410094297864
2079.8733638792983
1307.820867839262
915.0586150294243
734.0930321784717
307.52967206632826
47.137395798975945
-0.5089715244562417
-1.0043464874749721
-40.83994484043592
-313.80255866435294
-243.2468026157144
-420.62494906496306
-625.3615879259314
-306.87141947336454
-651.3056614445491
-1098.9668506302564
-2230.679397802481
-2319.879424264336
-25.66184870313866
33.72917091190631
777.5129629372827
478.41471271306057
727.5562650154493
367.45298988446734
127.76662976270981
99.02520317748153
21.34176350844083
10.233333085418934
-4.8293326019478
-24.354156102606765
-109.26990298782502
-53.05034581651526
-77.59229267749771
-2.9390632056722787
-0.7152892403038971
16.208321116812147
-114.29585604699426
0.992465823453277
0.45447749107626684
-319.7795298716877
-497.8758572127907
84.6887390433079
54.51601998429897
27.325687857877536
-25.904290266825214
67.63404496953066
202.78966965537202
227.06936673917542
323.47795251743685
61.83588119308489
0.30070613956931935
-9.005520067426069
168.12616126248557
1040.0965938166974
255.11465371711233
95.50581087381363
55.093140011258726
-0.4186300914637901
-28.061575725664532
-574.9141023237325
-286.46337684479784
-246.89688582341043
-649.0328458944485
-2024.709649335223
-1837.8065842206565
-3540.1765521730786
-2308.006856446862
-436.8186625392985
-244.39018016336283
61.51884908354936
69.22316202574817
220.51626577395984
548.3409918509582
1104.8388976158753
1443.513671775643
1134.1575203756672
672.3110647226086
541.0311639022208
373.91624041321734
341.3538305309429
244.45836765491154
95.24084867966164
84.95350658393696
49.379344682274414
22.449607291200245
12.900725472472867
28.770512956558036
58.806542352838584
124.03788502579167
72.0213250652927
37.05622326296313
77.54357236678497
100.15681289404847
87.47621994743164
3.0581941966250255
1.4592399020973672
-66.65711958202047
-179.15322039210187
-166.7949906631111
-149.55050024331607
-635.4700808439377
-1051.566027248739
-477.70716690411007
-701.3260948171302
-773.3365285484574
-131.7968575236252
-43.90184431137047
-101.34518336613164
-52.464401239812794
-13.867899075246939
-4.4417432001460115
9.323982094657282
62.4147295302365
43.83496201852647
61.894278014106106
21.58496255375065
48.49646120004819
19.832719407915157
1.2177022232933805
12.950417816602723
42.97983165936641
11.992484976539092
3.5233788487924125
33.498570041929845
0.14399820410400763
-84.38899683483129
10.06097819875602
-19.30209240800084
-51.9206806250283
-94.64037175591233
-14.315389880541623
-71.78420786165336
-84.1677578314945
-171.2600500429681
-171.24141342489162
-120.08504113703488
-136.86957271131126
-196.67875868674872
-75.620581263674
61.31224404179684
125.68633979855804
271.8258324462176
0
0
170.47683216475968
100.80067181013415
8.032968357766201
40.11147800301329
-5.906051078862927
-7.232267817488763
-0.04127274748041714
0.3637386837663421
-58.5577881424315
-21.793938305780415
-46.330974933628724
-85.01065553538875
-84.81724854489096
-122.31195256263639
-164.41568723421202
-657.6816937231381
-342.91883269818265
-439.32401500010616
-162.68105637700324
-66.60959424634592
69.87048676370418
493.21322364286635
404.60652122914456
1002.2651545055448
779.3185467810185
335.77713048456803
305.7616845508792
57.03978981277721
190.97462051830934
72.93385337556434
78.58166849904023
859.5897879092438
2683.941055551068
2673.3124324094015
1751.3207454310589
1086.2793990758921
701.7084657682876
800.5082678045369
418.5525998715818
568.1796067067024
440.9978428118845
257.0425088075046
107.18232715507793
144.22740916170883
15.026154109136005
43.374367665971874
4.762361228888592
-33.218465831509434
-33.006267707253116
-191.52909607461882
-780.5477294974394
-1032.8055764443918
-2009.536978123262
-2781.522041002878
-1532.4143095402383
-994.1361307566101
-813.4774710018365
-855.9440142811579
-1064.960088397968
-1189.3571454279213
-647.2315824463352
-460.7402964093489
-970.5035905517459
-1249.0205872696372
-543.3336763162316
-5.883948425013216
69.24410621186665
171.73276082094483
474.1396509090389
143.64844009622263
36.99232202266847
120.78881252363287
94.83951786165795
115.50195614611218
115.28057365236671
59.96079480842113
140.79024319872383
45.53495236602292
92.43560234120369
88.71492528565983
48.7978134634916
109.07165889682733
87.60792099826696
90.1589507580375
148.27557146422336
69.40035492611959
53.699384688660054
17.248714046478902
63.06370090397542
35.77895883328176
28.76829691518555
43.62183962177695
31.299669479241807
57.4461115463772
7.3596447449307245
-0.17569746794738042
58.0707214888914
15.013711666108211
2.724104340167041
0.05954671555203169
1.5733437060115065
6.595185327937317
-0.528463408017983
10.073726005165394
5.283729906251328
-1.4997638622022447
15.818399678643335
50.93482281285446
-0.10750183851690909
28.120188410396153
-18.561775680315698
-0.6852158523762678
-9.009762855369726
1.9682705285088367
-7.759499126430815
27.313967511988764
-1.3967233126834306
4.464372935627728
17.50171825947977
-0.022193611735498733
-1.860538118977964
4.868375043391096
0.018077836138408486
0.0005451112203717967
-6.7244602626869465
-3.529051564675809
-15.126993567012457
-0.0346398972422403
-0.2593833536302734
-5.162154227535868
2.9725919984348352
-0.17835185164098982
-0.2127391436722906
-0.6839923877934134
1.318694349299285
0.4042496886990212
-4.272309014947684
22.345180196868093
-0.6163238766620756
9.510906843608876
-0.7312068929242256
0.30963180461758383
25.843884987048057
10.407998292838919
6.354613151591679
17.805196440435083
0.3379827436336196
56.302706426028664
13.872888480801052
19.014915932522698
2.0290551194480315
8.83855244428871
9.650420989814503
0.07418511718326642
36.247979955382526
25.888850582710482
2.258336659096385
16.24781881895524
122.25644521475587
7.2608975326924075
39.96431829049219
33.517753553919434
-9.396027727908606
61.25558449767556
0.42156716295281393
13.380468452694506
23.59366004612359
0.37394567443651466
0.051398128086457696
-28.155455003819135
20.04304984362735
-10.799260552444473
-7.035600501344474
-3.6750429680321215
-112.92644217130959
-122.31666490865408
-241.46245348609176
-328.86187510208845
-502.9701647891644
-115.3552546212257
-15.635000522206914
-23.45928201639854
-1.207000979599772
-58.41679454145801
-2.0314535362435824
4.630005530368889
-52.499160958785566
-1.6383199112627138
-12.903637032345278
-11.581907881703268
-0.04793679361331358
1.948058564038004
-1.1290794765240144
-3.9810115201600134
24.366710816121717
518.0676392551536
759.6720843263488
4186.204945511668
1739.6944254810107
2877.575453456269
2835.2666371558657
2570.006658267952
5478.868675183432
5117.284535065499
8447.476213564381
14678.335569226098
11062.579021329791
12938.237125161617
14678.9993732552
12230.504512887306
12116.628071486772
13390.736937195157
17447.738832614334
17828.123294382127
24875.04562465763
23411.236378138175
24380.64925605577
25178.99438763025
34145.51068407231
36423.458999468654
42688.92569898371
32860.9344508025
36865.19107632549
34889.864018437635
44153.80043121027
43322.72951880956
42452.000111011635
49056.197493970496
44585.70986420144
52741.27371580752
52243.490553086725
76774.76665750187
93268.7794158819
109218.15876376451
255062.5269978956
-352857.52999999997
-152557.61000000002
-245323.50000000003
-64986.42
-63738.280000000006
-89843.73999999999
-48181.35999999999
-106167.69000000002
-61999.33000000001
-95256.32
-98715.04
85976.09042038348
-82150.99
-79409.83000000002
-54247.80000000001
-72453.32
-57623.44
-56072.06000000001
-64075.82000000001
-136620.28000000003
7292.86064472559
10127.77890715673
10425.08238875108
-9428.01
0
0
0
0
0
0
0
0
0
0
-942.79
0
0
0
0
-979.47
-20508.73
0
0
0
0
0
0
0
0
0
0
0
0
0
0
0
-1731.9299999999998
-5117.07
-18446.24
9422.062253276574
3333.577333801506
3331.6601227161227
2605.958934252032
3868.3607805596257
1236.7279102797288
1699.0476473031358
1415.496261063067
989.1501456603623
407.01908403886756
654.7947782274139
384.6921776846174
205.2650868133879
0
2027.490291505448
1142.2568468152942
899.294969226279
812.4771572380072
710.1721282680235
767.1101462002862
288.9951112604875
500.5492860711358
449.5411630081222
234.59285590504192
131.27115834305067
154.46089219773444
64.83688245724666
50.86968882439847
66.50764646537782
24.429832176089914
0.592933045053201
35.63838932334832
12.607350815340848
104.97669326378626
-2.4216377806457894
0.44682972476963817
22.00390245975546
-0.04861463402978945
18.085297563494635
-1.0425447964027088
-21.198421598966164
-8.931648982820521
-57.505476109714664
-73.8658597092445
-7.083865799560477
-37.275420651517706
-33.20503161944095
-111.7179933323589
-92.94253007250833
-28.24014768279021
26.160037832112106
0.5689490922253452
-0.6199770448440429
-1.7680101079958683
-33.10449625168332
-13.817528708290668
-49.320676439500794
-3.032042630465846
-106.52178535255894
-145.04729960447452
-140.92461465770455
-66.73367471689214
-72.44265665300617
-20.323750757275242
135.44315795390366
688.4338007570553
693.3639652368443
36.0248901939931
94.5279074621482
195.68748275869308
159.5935971618199
186.5776247685637
232.8804859859335
184.7544133550221
21.841237367650443
192.3816253691213
16.488582783101197
455.3401601492362
558.2153936285764
541.6068915688105
611.5595587346295
834.9474579044302
584.9222006528786
531.3996761455542
270.3215976221924
262.29607979005647
131.24440192177244
86.91986282272083
64.39439375048237
-0.3903564775814865
6.41495718840306
-61.733383820925965
-197.87930481241628
-93.7792866845802
-170.82231647255804
-281.2807463675495
-355.71981922269583
-399.95615000042125
-244.18371736725908
-329.5718477295095
-408.1805644944689
-204.53467899487012
-123.75660139958288
-111.28124342331665
-60.80140274706672
-9.32871442397339
-10.12362075888486
-0.1339976927171765
-12.837093009784356
-3.708436134480268
18.14531452873494
-30.826241468185998
0.7250392596606139
-4.507480826974412
0.9715792109437781
3.8031342504928434
-7.268077733729683
13.792775891139566
-77.74674407331489
6.094820932880163
-1.5256704516661468
-0.38013076216249725
9.083031900565588
3.804727421636672
-5.1470212093464465
-55.65678598139124
-1.374951194152305
-7.4112373273728505
-24.739873025935484
-27.8011421259201
-1.5961700840128963
-90.80603975212446
-38.93974264454293
-147.62316510344678
-112.71284505176925
-197.0843134355489
-216.54193428487554
-186.97425564736875
-220.55488436100242
-141.837216419029
-239.62819038732454
-201.04068349727032
-97.32187755732178
-257.09771756055477
-96.46425777771258
-50.31805854878471
0.9234704514391693
-421.46434059197765
-129.14037640104212
-218.78640365560946
-669.4335052545564
1.9197742895504284
21.15004905237702
1069.844689130156
1483.2559576765834
2422.814265858391
3651.3124065296306
5192.331849728778
5040.179929642523
1080.8989281305812
4576.079105080842
4876.078149103777
1996.1016980341676
206.8887522718615
541.6364670345783
714.9063208346274
1961.8066843288034
4171.549000045709
2084.723909921692
5811.409557332829
6059.117415582985
7625.5345467904845
6139.33267796542
7475.274498211634
5718.393727166821
3339.4133292086344
2847.043301418458
597.6361180371086
6179.277485982642
5432.290178761034
13327.973680228017
29059.755035866612
-172820.47999999998
18883.803933399726
17729.95498334892
87097.37340515296
-253805.2
-21247.04
-18346.89
-20089.969999999998
5500.219859990238
1922.928555359667
3074.3539146670064
1097.3403023221235
657.8329704874941
1209.4704384626652
668.8818296905388
832.0041968540338
488.825381273959
1885.1467329072316
4154.40770716709
2833.8110753730375
4425.114788295337
3950.9129021374492
3337.731294916829
47360.160738997874
-157054.59
396.0229507986762
322.7109306008292
-41.42230562728709
166.4939774386012
273.5280537013937
109.37890686244423
20.52734500093564
12.482846075718278
-4.666033096267887
-21.789003044477315
-16.920353057584112
-174.6941453194458
-841.8857595849902
-691.7779031287828
-2497.0311302079062
-203.22991711029036
199.95979080917675
406.4245231984344
457.06295888925507
825.6401749881502
1318.527383687589
1075.3993982436114
885.1463855276181
811.6193004926664
882.734535962981
679.7510565118495
494.273518946128
360.790803720546
357.49750892014544
242.68713827366514
60.022457422607474
40.54023478574082
1.6768470227610708
-4.609194194424259
-6.3248814055199
-61.71268046324795
7.498862042565756
-10.677100423952837
24.742930576831615
2.802233863199171
-6.443902621781629
-26.06830704938374
-24.18498614997022
-67.89829314828398
-128.56338834723365
-103.94458241253083
-198.4157905772679
-233.22097914201333
-239.2170305550048
-206.5148478213845
-256.9063438402901
-378.29134230375405
-245.76564883059737
-438.3439128767672
-541.1437140032857
-358.0195969459993
-35.32845678199029
-171.2437257871528
-11.066494049049991
-0.07109178429729462
535.7797670718787
273.493743410048
-4.265882178407859
-17.120424904421004
-20.948059503372072
0.050389598532272005
67.71837744064982
670.9597965263313
102.28478733297577
432.6094962581492
143.62406302970282
160.5448024668683
104.89851327349918
0.5036924795185675
0.08171835475979161
-21.014745899396274
-30.197929639140735
8.174392729462973
-4.27287303108338
-0.0022632496369296936
217.95160673820243
651.3849881411124
196.82887158450959
-82.83584755101562
-85.90357549545857
-337.7307129993326
-741.1134149494819
-308.7152407392566
-273.476403626099
-485.40942057421455
-176.3238844211576
-3.3698052806773013
0
0
-13345.439999999999
98.98157823765298
389.37318592428846
683.374848774481
524.22349193172
259.4834853001539
176.05260323245255
115.85354491975681
162.15473682806584
139.43232318753076
174.75156194252023
42.8523121736915
10.96286139985835
46.56796717457722
0.05558512056982326
-81.31325834140148
-3.8234497973589248
-145.68225583756322
-95.11045441611398
-144.50868851014604
-218.92147133123558
92.6667981276405
872.1505493681036
89.1691842577975
132.32285208197183
521.3490763880288
171.69967913491644
-78.55942306583847
-236.61495808359365
144.9733970763342
18.44265344017853
-38.57270458960486
-184.25460292546342
-760.3446772611164
49.55541051899335
12.469720844473759
-17.055398309617267
-325.099100485229
-779.4961110622888
-222.34315743695294
169.4014131585855
106.13366123509991
16.675206312751616
-119.98040137624895
-223.83578841916494
-458.5827223697761
-1609.501172486718
-58.386471240226335
56.79598762600385
35.45577396037696
7.069552625931173
86.45448679163627
811.2784658542016
911.0869469520223
412.69463386511995
468.07044598634513
330.8628415033868
207.99546298155065
125.52501158759055
220.22482177462345
212.17608497818225
81.01613823619992
94.37233044747566
93.82925220769042
371.9026764960315
663.8379231979674
1340.856243458913
799.0148839570137
156.9281484870832
48.62997928927272
8.61725607898374
134.89777320462696
261.351338664381
71.66033310707076
34.84529521468905
46.949556964429775
8.718713435961716
20.807654680289897
-34.702346306585646
-0.3974183805775733
-66.3990564356049
-113.9020053140891
-259.1459741027127
-498.9330815631908
-657.1653775535286
-1289.9712125897208
-894.2843976653032
-626.0365522965919
-506.1712832542262
-427.66350417112113
-348.6863038781879
-615.0434703692255
5.268509756585726
17.429986888721054
417.94133051865526
438.7984645318583
1528.5512371407394
1009.7781900737152
1149.6625264206332
1639.8538830672787
1800.5104714145114
3004.773880968326
2647.9622592466867
3040.2090983196767
1650.7991753454219
714.5751738036888
997.7093218434402
1584.0057814499949
3086.26282445424
861.9587114579542
2679.606260257676
2312.630290114616
2981.330713086143
1703.1023314391496
592.4408718162266
5870.640210039575
8124.95853285321
10980.088991665209
13379.547027223536
11568.74559389142
12317.161206210145
17317.88332904509
18489.594481645017
10592.546137415407
16499.42602957774
24637.05996918308
13471.185281349433
12509.366483308335
22248.49542213172
19256.121544667698
25786.37432174365
49298.34718499939
64267.235503442455
119478.44158412825
-98782.78
-24126.660000000007
-72529.29999999999
-134128.63999999998
-46487.3
-2638.1899999999996
-2996.9700000000003
-69139.35999999999
-7736.45
-1254.78
-1306.87
-629.79
-782.81
-1299.7800000000002
-8097.800000000001
-14639.33
-14166.16
-39444.76
-4886.530000000001
-8549.21
-31811.980000000003
-97756.11
-71328.76
-58865.380000000005
-15387.289999999997
-427.89
0
-2151.96
0
-2302.42
-4350.17
-12798.55
-2689.29
-1047.65
0
-2681.48
-23006.98
-12515.42
-6277.4800000000005
-14485.09
0
0
0
0
0
0
7029.910000000001
1424.2772942187516
1502.5605152786102
672.4889598811287
607.35838492008
354.06116058133887
687.1284072352671
2989.4748873254534
7439.294694255952
4965.638955914845
3183.7474003232346
1946.2458915023717
1701.7215284042295
1202.4319491782821
950.9367183478684
582.1087303406073
290.4498226025446
1650.2384063803136
1390.0361753641987
582.0383722607427
550.6204676920358
836.4158953754711
347.3715128891698
465.6926798378895
335.3991207979334
352.8264329823351
321.75737714093066
441.04903297276195
724.0639833898574
315.1449879657931
242.13307628640467
10.55730526921132
-87.61653942491763
-217.27184015244208
0.5026018165880829
7.298567664385253
0.0989254998090566
38.7334740458035
-219.91619033369236
-255.32089516382516
-655.5823880658746
-544.4665586763413
-82.56173699745639
-2.614142213885938
-582.9882066991022
0.6910054539534388
531.5287814880221
-558.4170726369754
-20.659011730256815
-219.91542174585322
-0.19151232160319426
-453.84738555079593
-28.559969885082722
-184.06318755993732
-173.34722331820774
11.523108214310625
879.7367341977101
886.1498037437592
2285.4369696546146
301.20560911773805
0.5547441726812833
-13.581063197695471
0.08211643738247268
265.9588798137683
37.54091876868742
1246.944190439653
736.2331965757719
451.97449312797636
830.8990912222403
2879.0172699540244
1079.6687768735296
996.9908786359673
62.83243866667711
4625.025077057935
5405.787351849367
5416.815445459206
8340.586521426489
17521.04842508751
-21524.47
95190.68612417005
-232119.22999999998
2936.0150632905047
1389.6277534554463
1273.0092359425114
942.4495551122354
674.9046919272455
553.6512745216603
320.59427616838786
421.81354195263407
249.37850488076492
7.95990454683753
55.18198577231854
14.740348370988094
7.696049870318049
-18.762236271257724
-6.162536574811499
-2.8644976854368123
-8.282883312878953
3.735335994854659
-381.0020924673711
-78.19085215226633
-27.24586874375936
-379.4008517165671
-878.3147636898955
-1066.6064907850387
-225.2421839987286
152.1023157046144
289.0452963993043
179.14232582514035
253.25070771294907
269.4491385904799
488.0451940978224
410.6679341804843
312.39884507021725
298.9043697714978
342.3200385327489
50.00199924979305
89.87649654537437
230.6687036338314
67.23680837074676
10.805526496345408
15.33781105899352
5.945938143947112
1.3010479513979656
1.7957971761122358
-8.42927911475089
-1.3833042216577918
0.059091262917044
-13.915572633514685
-55.878774801594346
-51.4711221966831
-10.604996183732242
-122.08359931593854
-188.28342028676235
-148.74194088839852
-31.03714277995941
-341.66438560536244
-85.81402779600285
-248.36889197819505
-319.0735638747148
-314.88088402292624
-522.5092866089371
-476.00378712057636
-244.82133647649587
-120.84420684947315
-78.31851145442783
-46.95050857612818
608.4796264723092
181.4404907980097
30.01689629692406
0.6830910161802011
75.60392640200311
839.3115569857598
476.9319451448284
375.28708168724455
324.25247236940265
260.40626757921393
229.29836245685868
325.8221749363686
140.50058762700235
18.294174249813572
82.4374265816322
2.6989191037134033
-0.15218636929221274
-6.013556496343858
-102.87237834146374
-207.48652576892198
-237.1126830207642
-368.5061758672971
-525.953121369183
-454.915115263467
-1015.5185418974389
-754.4776030245175
-1041.9148071734646
-1203.1749558650395
-1678.0505798663457
-551.7285297238857
-3.4813622320452273
72.26285522344432
57.59316054767638
-47.41480667544425
-111.0463124270192
-457.9460265183803
-241.7851261696652
-1.356516649189472
37.24274279788271
861.14708875972
1872.9276472221295
1022.2243462632689
653.9249197930677
1431.4288326223586
812.56207904909
143.1975407847518
9.220300081102689
-29.264117915480895
-283.83967224692515
-853.7270383874127
-185.14996580797853
65.19486540191045
-18.920185593895393
-407.2342280338384
144.5382168768484
593.918496669622
359.1339727289044
157.52509139781944
107.49289505801566
19.355313416025503
0.14534601142354478
-7.000450512218437
-94.58431872681817
-108.95600487152691
-0.02106271874879072
-61.98389607334896
-96.50872317495401
-438.2142224889733
-652.6690065886874
-1325.0333563943727
-2130.3019182282374
-3273.0908699342262
-320.61056023703327
-32.66892697082403
7.631292879010404
1.8246032527692226
28.896454026691096
12.61174881250988
558.3159821517341
2115.86381239031
979.7862291406002
298.6775216612786
269.63120936348633
67.2876760017732
0.009900441836835295
1.510067450123258
-57.9445858557244
-28.80687234534835
111.22276313590245
109.80212071462242
118.80036940454353
19.455860893786333
3.4868914861676767
-40.7283133448212
-87.5829372874041
-167.86783429811692
-350.79346789022964
-153.99959217653785
-323.57594729602397
-411.42658147683204
-157.13230583325478
4.376858997300759
0.7059959526454609
-2.8033234361003654
-2.3139274836511277
54.95549406254134
54.68870491767839
74.96226636001867
143.3988400467958
2046.0952369045062
2366.8688416380783
954.4790832834249
637.9365291870481
357.2481717530392
411.07075316564953
474.8747809300081
197.87367991356672
13.791256768264159
25.827073346894082
1.9762797713373867
-63.67213500372591
-21.49917902520727
-87.43116049899206
-111.93268121167931
-48.915801931105406
-68.92305100496695
-298.7077138962804
-453.95123546841614
-684.8380207953593
-1124.1844988826906
-657.985034280586
-1176.1453740008578
-1020.0338132684277
-192.4697597998165
-29.940176136938188
22.701051535379218
-48.76755531233767
-215.79696132456007
-723.1889340748506
-1000.2436521403415
10.682143354522317
1984.86865086849
2748.429932932101
1978.086267628793
1679.5770673355314
1311.8563895661723
1701.3522874020196
1205.9041644989907
619.0592543943021
184.5206054629304
35.507819189155406
126.07431043952641
65.28815775973372
147.21497173185776
47.24780671722246
41.19312237019212
15.501033251241477
6.740638995264605
3.1295600095340306
-25.063866386915095
-21.648209856505858
-98.14717494414806
-146.31567806311136
-414.3064811934751
-189.95793595530773
-282.62493746361804
-647.8884056502412
-480.436804385516
-752.4808268182342
-938.9917160855405
-1419.737651102096
-1246.9347174175525
-1005.4420857805285
-1117.2156649049302
895.7343403424925
819.7587614421384
379.41313388683574
55.7125928059717
16.380589573751482
131.49404051046002
125.83194036761344
138.6202226208984
0.3164389937360471
-189.57561817136272
783.3468771177437
707.4053003651201
276.7868848145843
214.82256265855912
18.489945763695054
5.698842079060405
-40.78510918980702
-39.45038355797489
-208.48313702554606
-615.1641152817257
-1763.6123550053048
-2935.3651074742966
466.2439489697625
61.71578039825245
69.630639405736
358.69397238905356
319.7455614024939
414.6655947714934
555.2973805025752
390.0135816167308
135.42008330652405
34.59746834861817
1.4442782317157352
-15.893556384643489
94.95831841394
101.80758714720767
176.7340414091251
203.9226153324032
53.45426173447863
202.2925018894286
65.05640674668577
81.59159004166071
-40.87640588605799
2.5957675603997616
-128.22941394912374
-31.966467719441077
-187.03468088283483
-358.3993764962528
-75.6017425697811
-2.9786311684190867
636.2441986038838
79.84993820097436
75.79843070033631
120.49062251300194
-197.95909056105268
-535.6880100697838
-17.612501537328516
52.29555581883972
-112.19322054259126
20.319082819418213
11.579712865086552
-495.655433283741
-233.5068670360463
445.7212644277062
9.58080015599049
393.9156947017341
18.547124836409612
-131.70756212303436
-75.34558730290583
-515.0248542647468
-272.2436350501063
-33.86176929173577
-148.82833562191345
-19.034631889044057
-147.46985859924948
-689.5087226499347
33758.44192089386
-135090.29
0
0
0
0
0
0
0
0
0
0
0
0
-5808.05
-6108.830000000001
0
-1184.96
0
