9098.540000000003
4140.3972529180355
1194.5838415634591
1027.066915772657
104.24882864181461
1314.1255662514106
0.6928581492080919
-358.49243617968
88.97401271859592
2431.3155757901955
1404.8872007997043
999.2659373119322
1503.501479329189
1826.345275146236
1272.4894869380746
197.84643553363566
122.38880395281136
179.36579187868062
393.16541250587807
448.47289097825944
-0.6042627080875318
-202.3070792796623
1261.1996240526216
278.8681076361747
321.0321093540511
332.1383363032643
4.3518019881246435
-259.96082898163223
-148.40144061865783
-426.1917331054662
-1422.5453449691254
-26.891001723757824
84.84970402128
-19.69292768825174
-52.26142597473183
-252.23983131500458
-212.6500854236994
-231.85195880857106
-1195.3884512710927
-1524.928578793289
-218.46857012405277
176.1896546947379
430.6303362853345
1820.9264073159657
1054.3054616084924
531.837287922399
312.30582729514515
129.8040653390202
1014.7942484776712
1074.5387206838036
1129.496083061665
1031.4091035226745
1004.1901558558219
776.1142171648376
462.80850902082807
409.95465255925535
556.1602752001821
320.01324759234325
425.06251801170896
258.8522566974219
333.57006102094175
180.4173432467654
101.56054177951984
178.3276510314615
81.11123834510731
164.98795911616068
58.16214906034145
52.575683042070914
10.94902214980444
15.285320733455592
3.6456657518681403
-8.111160377814262
-10.874790294297812
-21.45109549899073
-26.738080253417547
-116.36261235004193
-51.27775705179904
-208.86749133477832
-39.75364346196261
-220.6563049713551
-161.53236612615802
-231.2826759524237
-252.3333854119797
-136.78038712295728
-368.42252117582046
-376.451968675854
-705.8959781343713
-578.2070335106005
-775.4615710491596
-640.2516208481794
-755.5337217094989
-603.3662816620224
-481.9081184543657
-488.6332422656788
-665.5724265973353
-658.1314120796876
-187.336657930407
-345.52668461701546
-656.446492556791
-79.12410265839432
245.2581602997501
1602.0906098422306
161.77780445387356
-207.1922304779954
-171.79428760198238
-453.50815877424736
1145.9412055694083
749.6633220689504
105.09207421282622
-302.2994576252804
-9.177634752183481
2.037165943791112
39.12412431646504
10.990664945559798
128.7948866006985
254.1315185396493
74.30058188947208
-7.9571054381444934
-223.3093296536369
-1177.6191526902323
-486.96196510268237
3320.3474016354776
2177.0508567971706
2378.214993092052
1826.134641898203
1371.0175594298469
1075.18585614036
562.213763170816
500.03596906732844
322.210378685383
718.9390394794116
1363.7234668802291
1167.1417979502662
1025.5005184287422
531.3319352601009
402.6022496387096
605.640052612053
322.7498123673862
136.94776284946732
60.389385369307284
16.736945174094778
222.31204174032402
43.01550387448024
50.93233612776172
-25.54187112653385
-154.50612841694456
-177.61299330449611
-339.1785595595718
-2304.321289235366
-447.30323703782926
-1261.5448869867805
710.5980684456506
2416.133022764223
6715.471602602885
2830.4742619195154
1666.1269885571394
1779.088093802197
507.7596421401078
976.6660297840772
1072.5771270798098
97.38298044436011
539.8951549131191
-34.7382279640546
968.5588393893539
6511.4985120183555
2964.8652661853857
4522.595671189326
11258.647283652199
12265.137117986484
21986.623182309115
56888.50645941975
-270640.54000000004
8.073961599157052
0.4208066931403992
27.261474960904216
-151.83323080669936
-220.86452180750194
-85.91431217872915
-100.11779708013519
-254.18563971234468
-1223.0588514776507
-601.8458185638441
-483.73643855866897
149.54408601588239
26.869977551743716
-169.48134069233714
-261.2406902468405
-3.7353174032833696
740.8791413020241
1303.2298273673573
414.9202495140075
197.92462041174818
688.5760742535135
354.33099844458127
206.29923093183365
138.48357966408952
36.7186998205694
-334.3339996297581
-1426.4142373822347
-822.8726205783742
-799.6345906603854
-674.2268766258824
-1113.729534403209
-2184.611510116184
-1600.0887444588307
13.644714629860687
135.83786521321215
103.1722702401193
-1.329439161517843
0.18616940958770492
28.206209946838296
398.1425322819663
503.04735172202453
760.123522053123
682.0741365190265
684.2778033658666
1457.5632023344856
1762.203346217741
1406.6296342229393
431.25962373766845
580.542498918157
307.25109902316154
104.60570945770903
67.54386877412954
59.93216464986118
36.178736668293624
5.550256100066293
41.59086185758244
30.868166487858872
138.47647520178376
2.109595640989683
0.005332981954864338
16.028106312170415
0.8663167989586262
0.9397069513815406
-43.936534558872985
-136.0612445274571
-88.32289526026301
-246.44644595456748
-269.65642269382107
-829.6801178155534
-662.5897889188775
-415.97618433030914
-585.8029164628058
-384.2056734804427
-893.7493874376887
-1045.3987580955481
-2037.3203425511747
-1572.416787906237
-1342.2479258051576
-2.3477676123394606
1676.0312477754082
921.377520533711
425.44548731954524
327.22265243464676
233.09081335486212
545.8377095866476
106.12238129261327
5.512065660254076
-55.20569363430036
-168.72365355347938
-89.38866915021333
-380.797327195635
-723.2272033783045
-1174.368320566257
-1472.0402693489912
-1768.4123402343225
-2178.5841271681406
-3922.052958178274
-5245.647046431123
-4776.099020481415
-448.4425352490748
-1525.0979971256243
1677.7470590894723
6922.199790951961
2771.3369260102886
4017.7724309607033
1467.1569186078077
669.8141571732397
272.65773944584004
2706.7834712271615
3467.5288146926578
2589.290213673716
2635.9694157785016
777.5457075383099
610.0486792524132
1774.1991035520368
2363.9496822495803
6443.297522305298
4381.392269260282
5959.476041142973
5968.979073696919
8707.145625831783
7547.182652340795
5703.771750651072
10339.238974142765
22477.43430246778
46524.57617154259
52339.88738768024
71139.2559524532
103488.52569636611
88875.4335126158
67723.26963263404
113353.41436869458
208697.8128526186
125256.37424132868
233627.29853318338
294438.7207230363
-66687.64
-41748.520000000004
-77774.52000000002
-92436.22
-74392.31
-91237.43999999999
-88416.67000000001
-135476.03999999998
-69914.94
-58229.93
-68867.84
-46574.77
-43098.17999999999
-74122.44
-130780.62999999998
351606.36173401045
270371.37853258604
306039.12622529024
-236379.95
-50914.869999999995
-119648.04999999999
-25411.78
-21161.39
-73025.36
-49164.64
-202575.87000000002
-159135.47999999998
151648.38492922776
167186.7251763516
212641.12189709928
362679.34745707543
-263845.47
-71462.07
-36837.83
-79043.69
-122617.76999999999
43933.93176991357
137502.10941216003
243391.75771893404
-75029.81999999999
369418.5502848263
498125.978735725
-74596.59
-80465.72
-32178.929999999997
-110732.94
-144729.96000000002
-80969.40000000001
-102851.06
-196522.16000000003
-287592.48000000004
-65169.33
74888.1583328392
50310.42794927575
31701.387183507766
15189.590768866876
14301.734950156777
22950.441812293466
23224.229536911145
25485.090264847735
21904.55572698566
28638.658636609187
34545.60277201369
69892.49264414798
137457.03841589764
233127.04576859123
-446420.74000000005
-324587.52
-286623.8
-378033.48999999993
-151760.54000000007
-45878.83
162615.97555393443
227328.41724779893
-89822.15
-49805.73000000001
-6349.259999999999
-13483.119999999999
-8144.09
-10058.670000000002
-6827.55
-6548.96
-5253.23
-12643.119999999999
-2847.33
-33244.86
-43004.03999999999
-48172.43000000001
-49003.26
-33964.99
-59185.24999999999
-42093.10999999999
-39387.07000000001
210170.8184768475
204509.65176772367
112030.79716333252
154060.5719529066
-321023.26
-92692.07
-17236.7
-12460.39
-13684.9
-17594.07
-19750.66
-16519.329999999998
-10391.53
-200553.67
73899.81102121911
-71948.47
-17444.09
-23447.62
-2469.44
-26708.35
-49404.469999999994
-28382.460000000003
-42687.46
-33400.450000000004
-89085.96999999999
-22709.32
4264.644592003579
3645.0639734161687
5787.686591785841
3494.7775812968143
587.3995860986414
729.8367431333913
9.509191163635291
2613.8620073969096
1470.8497799622655
140.23654202971628
1.1644222539621223
-393.4987216537808
-112.27031874293067
1692.7773859971244
3848.119002940535
3338.5110162016135
1656.9322190739406
1565.150449738704
1316.5219226189852
313.5000204538012
302.285692412235
193.64640775765983
749.1803927857941
871.4084199506485
580.660447599643
398.95418443541485
204.4453755045241
41.72532233529636
15.514954076275417
6.381944136848505
39.13842542498958
11.185333785236617
-53.02921138279863
-459.05116870641285
-1244.989766291574
-391.2681316212989
-829.0889918763276
-2001.5394880136405
-3044.6344913460794
-1138.8817128887165
-184.47250846152386
-84.53827107165144
349.928846489737
2637.458854774416
2968.1385018065607
1766.224239578923
1463.0580307231214
896.2377198332658
834.9909589576982
744.4293746954884
339.13946914958353
436.0812564297188
261.3707062997278
181.8697836581294
135.35390944135617
65.51402038919532
1.7286031766399792
67.98791055589692
0.9845018778627349
-0.8709648757461873
-0.04896924909386403
-128.76656141142377
-296.21051025659676
-70.17354974697338
-52.39450698644022
1.583529935538066
-30.10861381983401
7.153136419056626
-168.56989949181934
27.59992777087694
-117.18850609176724
-42.35700237716446
-309.05652594251615
-364.16065719176277
-508.25154362695275
-540.1835961197999
-1176.995857224479
-2004.3011405570883
-1462.5851017699542
-2033.8924207619443
-2690.1979054573467
-2739.302306186789
-767.077844358122
10.518989468305568
3335.2497120515363
4101.741425600152
2690.7575284563745
1519.4450518287315
366.53652154723164
161.47466166889348
274.49569019357426
274.3264122768396
215.40834209095715
192.32543760671976
171.3081311279307
39.754138040039116
44.410003195780405
5.768929015124911
-32.84474030200187
-10.556827726677232
-71.40505496917459
-132.00999773068332
-235.50905829944762
-397.57982855618053
-704.9705882889363
-931.5201293083086
-215.161138588959
-295.97150047554584
-660.8250162912353
-1433.763935765653
-953.2926808767957
-30.38930976251401
16.120168679503283
432.8256543117109
1735.546326420931
405.3642112882311
488.2575356298755
301.8702991519708
-6.350389296386231
-161.85500560357463
-353.6631551949108
-241.66769385814132
-462.7716454573916
-663.0887175613129
7.140234037396201
548.7200459037226
165.95483553537403
-20.150963924177
-61.66234634920854
-463.6068226046939
-681.4173064039817
-227.8677976231244
-1185.970930848629
-139.0480665238795
230.35516215837023
1763.0638700070792
768.5340597704314
164.05668415983087
2.105976569185164
-5.379637719279823
386.2992047625751
46.2972010681538
136.5937429525473
1178.4272817381566
216.81306006094962
32.39118330660051
-62.83656676154722
-255.37153164864807
-398.9156344571628
-509.8319731934058
-1259.305040004028
-2244.163057545524
1030.2120493093068
320.2596643190524
-2.425044422385909
-335.24273232101086
-313.19564226293045
-1118.23340700345
-69.04892546557102
34.86335136687677
-15.738477054608838
67.60093869782922
8.18400402688109
-4.049008377318459
-2.1566724467696643
457.4152762731202
515.082593736242
84.97593033092635
-124.59786788391409
-471.1383045834733
-698.9777163782398
631.9705849065467
191.76139238612043
796.1033056729827
328.3172477739617
-0.0833653159054237
-11.604783689087558
-537.9160386549414
-893.0575972845679
-611.2121245625962
14.191046223405984
157.38781952734936
2458.8551073780964
2513.736493490216
913.2489351848695
1395.2058857221996
1673.5298455166658
1225.0906660847909
884.7826732502367
762.1140478952915
337.5601903321874
248.08043050409802
120.22376487119877
291.7033366827651
248.01311694755074
57.16438061862951
22.735171039643966
-0.6290665999356262
11.983576215033032
-41.632988093284254
-5.235064723121517
-58.32514491476354
-60.9636430169009
-195.72770288922413
-462.7086596892371
-431.8214614751674
-0.7837964806473599
2.8906819529988192
-3.7395243625473036
-28.976774210404532
-161.94109014271154
-60.54830140196758
-227.74639353108458
-256.85010933667564
-537.3093632006533
-2227.990173532924
-4663.988697721993
-26.67946584889206
6.875546030429736
79.28828367354927
458.96167495374556
62.759531687173066
162.69113498505612
302.2652815630291
179.96677422907834
-12.037698730843038
-85.37909603463493
-240.4473618540375
-402.0220567531682
-462.59941187284875
13.873886970257733
157.8914255328983
22.4790190928407
30.38942359606775
6.562669104812098
15.758049248563967
6.964705604872754
1943.5265928965405
756.467167490042
230.29690414833897
128.12212247437495
176.32703491323156
2.253888536739968
52.585524263972175
2.2286138428282927
-4.568942938926396
-0.8100661540588314
292.20706333064277
301.4777496232397
276.70915020665416
228.4887491690884
72.51521726886816
73.12158859021176
83.926350728532
107.29684552990655
16.37848808284349
-72.34382285655994
-126.59286734869734
-397.86675767288625
-415.21713830297915
-459.3626065076048
-1230.1185745940713
-808.4598372571259
-107.39988738594573
-215.32921447939412
-82.30076077158364
-53.83930592765962
-7.375782966597847
224.02710650275364
56.09109705091442
-0.8567582103755427
-101.45060067556813
-388.6742763668843
-300.8663420954665
-282.8459998347398
189.97143802199216
924.7621297096521
766.7655802652839
1218.4344300494513
1736.5532307922554
1943.6134333386997
1277.5837797151612
783.2646236527135
864.4257532895894
492.7878936461039
433.0482144359497
196.7551556737149
43.59231925024855
24.52222087156284
-36.6282959845042
-109.66719338181657
-291.50591031908687
-573.2618166022742
-330.6064050496461
-50.63600239757317
-244.85031125130251
-624.513269123209
-1227.3829835362505
-1145.8847938146591
-1998.7835596895454
-2076.7938059508992
-3077.062043522767
-3495.26259036422
214.0551869489417
198.36353270886542
200.8275715701095
442.6131218536858
298.1470671502945
81.9422195827236
-0.3261278588451882
-54.45878084167137
-144.6142748767357
-743.9128279934921
-1772.0621177305575
-291.50633300165555
-279.30902092454164
-311.3496962041136
1030.865022358294
2676.3147631319052
1072.2592301756624
506.1115412561825
96.87699359024931
8.848281791787754
-0.2257791569680363
-130.450322699317
-165.00310454532834
-569.7070172859266
-186.59524058313167
-192.37934428871472
283.6110441001059
3268.483015374073
1177.973108689397
472.2533609615599
141.54768390990785
114.71117108448219
345.4232951476812
295.83185357027685
54.15145431775867
33.373374020633406
0.15054110031993964
-90.60284539677453
-140.12336265217635
-301.34250349748066
52.14679612945452
3.0039210164390564
109.5659692853221
45.94974622650492
3.9980498844869747
-20.766497363928085
-15.163272359069875
-320.00726591397796
-182.5507429117921
-148.74621440702512
-160.93276418783583
-0.06825524868504511
39.52061389686384
220.58562104890905
262.63220686472096
316.7660223707302
165.81618130444468
484.4111289287424
262.91271647953033
339.7556839657058
185.11954251235093
211.6887144616444
262.7455994863839
125.62495821506826
21.343277550283297
118.753224603267
171.59459128451147
48.66095215020316
35.192860308796
104.49600608568417
55.886642462279006
321.1970831843518
13.689819873973295
13.727999640070376
-10.293120079878731
-45.8828825972262
-93.38311658681582
-214.43651065554118
-327.9084204202698
-284.4360694575887
-160.1814552450984
-263.29980282275073
-428.4121316397486
-515.9760171739213
-711.9792226801587
-612.8065795985897
-1247.955385832828
-315.40000360159326
-343.87850336927306
-547.9165724749653
-1125.9563084061501
-1816.1813324045881
-1875.2778635611346
-813.6301694132162
186.18944746786374
81.58042400826501
117.07585691860842
1.3037031763417266
-72.80826746194144
-741.4731833221704
-1414.2648744660646
-283.2883307607927
692.5762515678675
1094.7303603896721
921.3898417237929
161.2699786869306
132.12738439145897
465.5290224880271
62.6091813047501
0.31348417240634113
-57.879815835171854
-432.5047092203796
-931.5910020203657
-2073.769497493995
0.02370262932391818
-1.9413533842513835
13.482232115071671
0.8196397041350334
168.75205791033807
1009.9775330500412
815.7976260883556
571.7754373773455
380.8289267455791
159.5145697042451
102.28772914312489
211.11769687057438
163.48576343062604
181.08031884107243
321.689600576013
816.4113164314879
203.3632904124368
357.4027781910372
262.48674680846693
193.31327995648616
194.34903870950444
142.12115188902527
138.93538572216113
246.1505328547991
310.9810216605223
213.1019164274336
73.57517872547135
101.62019246499968
123.83017154221312
118.42386986980904
7.787829369326519
8.752426694615238
0.33770886152558555
0.02668190819050699
-6.094631410624303
-0.39223200762586435
-3.897975103285777
-1.2550135184417122
-34.0821616150685
-83.59332337293395
-39.25813622784135
-90.39791793770382
-48.57709238450046
-58.170684166971796
7.298214189438234
-0.40408703239229893
8.454364401491794
-6.2284941844041635
-0.7589212554723529
0.009669808652797091
-38.352720480938615
11.087823010223953
-8.916086584038923e-05
20.91782192473493
-11.74267195575116
1.5121244622909575
-56.38197221274677
-170.82641509645396
-226.1485961800447
-243.74142002912674
-7.635039354313537
-41.557767017490384
-90.22798522533049
-20.461273450717545
-46.08179307614549
-31.74166371852816
-181.9976206085096
-166.47336795551277
-388.0184300084855
-20.033820209622494
-179.71029730550296
-144.39264282400973
-483.52349465596376
-584.7050474016305
-800.8095189820597
-1593.4450268057321
-1462.480412698017
-2109.873953374521
-2285.095731346552
-424.0508092764728
-0.06906062676671373
399.21312736432117
831.6147284150752
4313.908871975522
4184.8504186744185
2368.9448848964794
1370.6691503088439
1024.7126119497777
848.5983939665978
244.5079340460822
393.299977739492
164.42898197987319
74.99970426233924
6.646685132113708
32.5612060463838
0.22548906428112533
-3.803155190123736
0.04551682250584354
-45.8832198321823
-91.44603575643121
-103.77629933201501
-4.734657794332088
-0.027703084607835236
-22.478534397048428
-1.2412231063146903
-124.58570698273626
-76.47478621563529
-233.21302829948132
-267.56117784841956
-799.8600260420492
-733.0094944205047
-863.4974901167384
-1539.5161052894725
-2026.0553781398085
-2579.057818208751
-1769.6725144866768
-716.449874261644
-713.1130299607266
-1351.5744763275266
-1823.616560481596
-791.7651853681491
-445.4070092432156
108.29377673420747
2710.4727274558154
1301.350421888034
298.651849853493
6.67381978987788
-7.146373073847317
171.72079000675203
172.04906516505216
-23.507906400066513
45.295553306376945
49.75618470260998
2.7856892284671946
11.227238102446897
0.09208549374399579
2123.6341009541034
2219.2119788819646
1294.4790076857917
571.2289758937677
150.38397294512066
83.30515195881337
9.184945632759721
0.0015527982954002817
-25.776159703011317
-216.95179877937656
-264.25022716465503
-1159.5457118515628
-923.424126979856
-373.90348508647816
-629.5747905988544
-596.0751085257671
-1510.193916811444
-576.4656692419428
2406.724978480125
2720.6950398761173
1876.6581380700613
1698.4330181107377
1141.752189293847
591.3964699296076
541.1736840482672
397.0537288688163
163.33692892856752
104.9841374074202
2.620759815296616
1.6532948541811807
-46.552144968942045
-96.21491345980738
-120.94485783805337
-378.43319034183094
-210.62153890499692
-275.9680827569593
-560.7790670472342
-1165.2036344626576
-1614.8548177367604
-1295.2505815620757
-1081.193993082673
-411.4790434428328
271.1682890885538
876.3221403452824
708.6042241230339
6.803403962303438
-49.03941964322287
-101.33635363372383
-1488.8788107789512
-3452.6685024297635
-4228.932683685253
-2575.55023810789
-649.2162349063376
-189.5776398480082
2258.055197102518
2239.652314798439
2435.6443272104734
2183.172284574161
2561.9682831763794
2344.3455626505493
453.10176151336975
-61.85708987846296
0
-2348.02
-36336.43
255.97638511754457
1526.7522073590164
279.5666318586909
-3.6835125928730315
-1867.843348719791
141.87719929509834
247.23839871258713
0.25749956459123485
-22.864769971698863
-168.14400002378858
-104.93084856458174
-15.8459259918121
1458.7494188564533
2065.4507860953236
1370.8562892660154
1662.64553987103
2646.773238248691
1012.6922614704924
200.87114574490252
24.79151522294966
1.859501498356963
-343.838214539855
-603.7725655718452
-487.3884264635549
-394.18857388283993
-1259.0906094765855
-246.88206892491385
-139.5310659610474
1083.0853509499643
1956.707608279486
1450.7975635432676
403.7599718764671
327.4860020115581
2.255287017141333
-17.979323535517878
-8.050120818396557
-35.16709948952189
-583.9127288785585
-1073.8999544825786
-23.420653971955538
1216.7475323739034
1657.1248954529678
826.2021113169405
315.46177883828346
149.97750610088627
-5.4810379610586235
-0.8619052684082275
311.1379775789996
11.310120100805332
0.6896237036976613
0.815098999820994
1291.6392097793282
632.5303770123546
1137.4491872307597
344.57934513529403
241.32677313569863
221.23818654189054
24.684021681106906
-34.60587791318429
0.11894447416206137
8.050536834123168
13.589218389440099
-32.167552878471284
10.490359724391789
-177.3620162264695
-33.779411883156506
-739.1773237033087
-1003.7381075031169
-1592.968935414901
-2199.7703589329813
-3169.9064991413543
-3007.585852059104
-3158.8402392745193
-4723.328755420445
-177.13182265472858
72.94251492703307
-45.29059642772318
-75.56730186519468
-476.5515048295975
37.06980307454323
1931.3321188375726
1766.5557872072122
2031.9484266151017
1639.542347120816
1763.5672079348644
1067.2837551211073
806.0324581154426
677.7477990923952
442.4191042941651
197.48154883585147
275.0749337299101
345.828779697549
242.08998485147154
113.20057169525708
175.17256787259075
102.42799156641458
79.25162390006034
67.65538269929438
57.06794379447595
68.68332821420543
14.703428762935335
-0.7624266505665768
-0.8883198125831958
-21.651641260416994
-15.747050873714063
-125.61607264966085
-196.91028849998472
0.5170389116225751
4.707478127729919
237.21470881404963
44.54103525248229
38.024214233792826
1.118665342631585
1.294053243815375
44.52284405711116
-74.98321066814353
2.808010299415174
1.047856415834246
1.997905495095936
5.294657753559698
-53.08381525363782
-42.34827334811584
-8.442301620116188
-98.00216569201433
-13.720932309758856
-117.70994526318745
-55.11930914988899
-118.28355648161632
-454.3627917715096
-131.59809679060612
0.05541578519404111
576.0911970458201
424.79467710779517
682.1309968839275
344.22355099588583
277.76350441255636
362.1903041027227
44.12671052409875
302.0253556039985
35.26126226302503
141.88140321162342
39.06651505113925
71.79298479634927
10.04895479045304
0.18482140314822007
-42.26208435582267
32.13798406262346
28.96832535767693
-2.5283071515112674
2.301170135816827
-17.402471744644163
-3.94335145467534
-78.10534105715547
64.13037727131612
77.03639062225905
-1.9098524961641132
2.4858919328007127
-0.9213208775228674
-103.44224229972923
-3.1270881616031803
-27.347585240002413
-25.353266656642894
-49.90258387257488
-102.68274244605281
-69.07844697867674
-33.17857837495776
-2.3581476212390577
-28.87615700724246
-110.38709206766424
-39.17287783300547
-67.22735203614798
-101.63688782561309
-125.1191824366199
-190.1758741193741
-228.69022122498865
-237.46832713607512
-376.36564698582674
-110.25582976562754
-82.64636870247932
-60.557524798422904
-130.55526090616698
-46.13441710738902
-132.50357589189824
-350.8205865654545
-344.9255593968078
-409.48483806194747
-758.9666147067478
-538.911724492652
-822.2195328896416
-1423.856486349649
-2747.1398576877473
-4835.254821383435
-2645.0132267628096
208.49972977667204
1284.0437813467856
208.85794261119568
2.251771705679518
-48.53297841831515
529.4967123627509
905.519474557716
1906.6632890144992
1068.2660460646875
1735.0421536572417
2536.9807156193674
1221.8547581994499
743.6020715795131
356.93184545289455
248.54653150155258
316.99845255243844
151.59125789328561
12.977754582915024
156.11113325943955
21.843691000466393
118.50934267528397
54.49712762958126
2.546127623698955
32.71302896348861
335.81475765617125
174.83633332976217
22.45803765376062
-1.4371043901650034
18.000903504577423
-3.1023985020986866
0.3416680195218931
-18.4160076724458
-33.973337154502566
-86.55071261920034
-79.56451966942836
-246.3335484029889
-113.559856187987
-316.80451690566906
-630.3046793994058
-452.30423118338416
-11.214978688569254
4.07029432710195
14.687477435004382
25.3066217596824
72.16136428070338
66.97387925243648
138.01265861768738
80.36917522284753
139.27318988929062
142.43560312576903
937.0312446685938
899.0881978012093
515.73233723504
311.3895327914788
147.9469794711362
69.42012704735085
0.06241317234151083
-1.2432078257725943
-90.14048401828123
-90.75583722583868
-28.08466061274609
-8.621135781446707
-153.07755676068837
-122.72807750455696
-94.61288128829902
-100.65012022422434
-178.53342663576603
-135.28104155700646
-218.63173933822628
-228.12613200988966
-340.0634236590171
-488.78458045118543
-493.81385749657215
-418.54197931590556
-1195.3526131749752
-1554.498314931633
-2532.6976950268777
-2489.7778422984616
-3528.6955707873585
-3686.497455930711
-2599.561109709769
-3111.9471850780083
-4357.826570478233
-4845.187967890751
-251.72493561591483
1347.6824936494897
2225.29900612828
856.4976340415473
572.5005165130998
2139.7482692323824
1308.5399658760716
385.1557062357598
-8.837000564756707
-66.16966052839452
-11.098754079663921
-233.53647639006294
430.3553315124315
1310.6307404722668
76.56184343288615
-167.43484249973875
279.03314967631286
661.4758109689573
70.85394454860693
3.5168588430631047
-23.772580305470992
3.899742539763313
6.592381616563699
102.37487095131858
7.5778352122843025
-12.625185170135117
-98.11799270030515
734.2462903151602
1116.704149477076
284.20258907480866
2.8994381721635905
-30.47084519461411
-220.6007874629442
-505.80749246531724
-1709.5367843962567
-4010.6260840847467
-2900.792041404591
5.891605678691276
16.965530194649006
-81.58572774880109
44.59147801150975
405.5214163278331
1420.5049285566572
1124.5782021447526
862.0996016055938
924.5314275856454
422.2629806618146
97.11447403229204
24.01989844338069
-83.0608505584219
-111.44044942552814
-677.0992554792888
-121.79117838994125
1363.9020167757305
916.1514708559205
261.1006178916638
-29.192861538225262
-427.01619807306906
-1027.8966897143514
-4.435745853182633
601.7021741199444
115.64851114160967
-25.047519462242
-68.74000573374279
-147.13904764340043
-756.1210814655009
-607.1135205436663
602.5953847748588
364.52746488472604
51.36636474442696
-447.31402893901543
-255.14022041087017
1.5753507183164408
-18.937461712120633
22.61299857581466
22.446966688704492
-412.16124387188864
-869.01033603823
1730.804698428578
1194.4994943228135
196.05659173096305
74.35353716824409
6.034737414781875
-101.55675595837693
-139.9865093781348
-300.36489423407727
-1606.112754043595
-1683.0006452092607
-1512.3665571532629
342.4806955593666
192.9707384302639
4.033610628290953
1570.2856346780036
403.38269782987015
80.60830061406932
-98.55389155209701
-261.0296954255031
-545.9949348581624
0.6638447307594408
1037.6803724344338
545.1826511156687
196.25222447221296
67.61890099554691
-4.534623103202765
2369.9316983852873
2452.6092312007686
1411.2151563772045
981.3949791839735
643.1061100746647
435.06840029338326
295.38321174821033
183.3624379639836
44.91328347792422
0.2602263610281528
-0.6859093117446631
-282.27512410890824
-319.81485560518047
-477.54046223315515
-930.0375585322987
-1022.2624190871009
-1615.4155098746012
-1529.080275095247
-2169.4730341418785
-1552.8790186837346
-2950.9663372300483
-3526.6994033050714
-382.42435353195646
864.892581305668
320.9988060539675
-65.3322114165808
-328.6851221312016
-0.9310598618643177
-4.024058915679656
57.165892682507504
1575.441875326108
52.98685775353708
127.52667866149474
123.42175815924186
257.4308096480397
-6.430151044601767
-255.60124828093853
-1052.641219870864
-58.741125020410315
-1.710502070752612
-413.839498858899
94.08965694817806
151.36454937556678
23.66159373267071
57.526855397370724
-233.16162290841652
26.949839499691844
3.6623859701360963
-658.2719681919771
-302.7657275593335
3.1784165877673747
105.48111081626602
-50.831319065123395
164.97745418262537
2832.017979644691
2213.808742677148
1055.1612775829715
161.49898001205705
14.935076510675048
423.6096280570329
361.2701061551228
42.600609729776195
9.382103372368649
-9.261337503533062
-171.65049383401697
-85.5124691151585
-197.462660978158
-270.7698548122496
-51.564946684665415
-224.11387242320797
-6.791336119281564
-9.373229164453523
-40.85570242888414
-41.16134662564365
59.342282767636036
510.8986441709515
55.67279044747951
287.5960961766238
754.5824906052085
393.05311873691505
684.8978941336197
305.945633721995
51.56474221769021
-66.30390432859087
-319.86634379397617
-394.6051909538522
-663.9080813666476
-1059.2555056929184
-1073.2741838814093
-1424.3829384694186
-2350.102272722685
-316.1144003964674
298.947736495811
106.82395881686051
-48.500683529453
-1004.1338742690629
-435.28125128399404
-0.27422801151501375
19.292858791068692
-41.78817365624641
1819.135881120371
4587.992079480101
1668.911842117701
490.26757815893126
82.51548773848336
95.52591956909663
906.5629788793765
219.66701878355445
14.238574336941564
-68.38976089462777
-18.950992455730574
-278.53786486620095
-320.4341104794226
-521.7936408903377
-1006.053499946167
-2223.2503761676135
-3534.267327988126
1641.9456778310127
816.0671116820324
82.1975599988002
-34.283523380600016
-200.08962491415127
-37.04725810345123
151.29414190925155
40.7137709326922
-246.81698843172327
-765.4992494796097
-382.8415755258024
-3.9817973043340023
399.2599070585656
57.26890673039614
-496.2718429720761
-0.11266248226223406
2803.937593679066
3790.022659421157
2373.762940681615
1638.2423568599972
1427.686861605693
1771.1794776677402
928.7414121855325
420.62780984423273
319.637185100265
1202.9839596822758
322.86568659339105
208.8471015325901
723.4172697471275
3820.8425836496117
813.5685072425393
637.8785313867445
993.4961222787529
6597.380954731528
2832.357812898731
4415.882529975315
45015.38771407261
-145719.93
2553.1501961288827
475.96428843444147
290.9749716423993
51.34681174463439
-126.4717325257695
-264.1443288159727
-641.2703214197809
-1334.687770232124
-854.5248711315519
229.53637649595578
76.85947862307768
6.131918811819901
-7.4255559891566705
13.779169459997505
-57.89213420675166
-132.6219014122503
-634.4241249623201
-1328.7951373541916
-1945.316388232758
-919.3796824321224
2.552349189705029
608.960167814304
-0.1001671934547892
-26.21882631491665
-343.9451503358993
-458.1777456852217
-846.1195510126421
-1499.6996069424717
-1419.4077836635743
189.4869657313074
286.7928792202331
43.76548562700919
13.561537538270622
134.01585939123868
1.3451928410492964
53.573755001743315
-2.9821416264062783
-73.36067528504063
147.1804408335644
-105.71023388709935
-457.89394092202826
-55.21743112226901
212.77435203618393
-311.26226805771944
-256.333494614104
0.10983449225530932
-9.321120046777818
-27.593990793629363
40.77920408561323
-26.844606527297376
-174.91044760880345
217.6345446831662
1134.899538449676
73.86786949235464
162.50776139209336
140.62422992069608
96.18279112787508
-0.1481592316213428
-108.42471678499602
-87.23860952776064
-7.559719995417376
142.26920926203934
311.4846018428555
-7.1143670149864535
-296.0857934938295
-0.07513157708577517
745.8737512111411
-0.010932466126044368
-908.6123129974881
738.2847710312902
2.7316142305457527
-707.7256349161811
-324.6611007812596
-2.3534276026874537
4.134316406447114
7.989805835433092
821.5949986567803
290.20744680469124
299.30834614752297
86.11075315614502
-116.43736539277504
1124.5588948261648
1820.5966041358065
346.92651339695243
155.29945714170444
4.33002628930895
76.33858373794075
37.280210447061954
74.62150417698633
12.168738635755581
38.50811369658548
-114.3536356434308
379.75474639381235
1187.942908334786
4459.944472956369
3592.6152410591985
347.21951703611296
2.9109469722399184
185.02029704873902
2471.8069958974456
1446.387611440141
5553.396156418228
6554.688269589551
7028.134290565796
6009.040196958927
5557.338355864357
7578.347248803059
23398.464787970224
43952.355991977
148160.1191268795
79507.20534537078
137914.98842600908
-22785.379999999997
0
-37309.52
-89688.19
120735.98398789679
-242457.08
135335.66600033297
254711.56412532963
-290442.25
-503674.79
-1393.1016461901975
-1692.1188612671974
-3266.1628114542773
-336.4717987447989
206.65825780112397
1207.121630854947
1240.534023285333
978.3884474695333
1342.8203997128676
804.6700421594101
711.2944365659948
391.4839544996446
296.37469781303975
145.2601494485358
28.508350306692805
0.0016604275546569934
9.679413150252767
1.8527314075711192
-136.5728442713626
-470.04714828171865
-136.5495910122329
-197.36720632116328
-447.584046930936
-554.6709821602067
-94.27486264943455
42.68730793111516
2205.4413440890685
4222.115138241169
2610.5871383903686
2045.416814690749
1206.669772613169
614.1603704618371
564.4432264622769
346.51976089469724
268.9353261979868
135.93650483866074
40.34683843950391
24.91633576668044
8.709208957482385
0.8915972137485417
-70.57582118915391
-73.40896486506273
-189.08828689258428
-264.00855545830655
-438.24554506908623
-270.645223458529
-54.229592028423134
26.156660674953276
1082.3589253026253
156.19423568710266
0.5054467377812409
65.58335249053081
175.61054518048317
-17.40681215854422
-117.59903205407016
-224.3146192269327
-38.60631457038603
-47.691715701573926
-199.78451921325833
-741.7667269340311
-1142.7387784572336
-2090.360015988096
-3324.4448898112787
-3114.2935083306893
-46.81778382676481
99.97292132529081
39.21613637637606
-158.1297076047397
-27.59815881375109
3.1245921093626663
-55.34511737450539
-525.5365743252008
-3454.9947955241323
-1242.742967729604
1580.732760638738
2447.7105037865094
1533.2518674983603
2163.6263875439518
1769.8711110653035
1170.4942408232964
827.2238485512602
401.5610267293633
564.3398520618055
1030.7292923268071
523.7516971131103
586.2367109663569
597.2312309743488
342.54771991703586
158.8011203084444
65.97322611948226
83.2465704768691
-2.249887277340989
3.9061551364234006
-20.913241426899475
3.5068699420413774
-37.4434555305527
-43.65768821204813
-0.7916406289584088
31.42212404850521
96.32620893262286
121.67660747393022
94.41045159439099
-2.2167708234936554
-26.262274511873883
-130.80659375260637
-104.01973524025539
3.2312762235174173
45.44781546924888
83.29294975673447
122.26267341158146
13.988643915105033
-4.2975335511814166
-2.5582129211735247
2.1559829074384145
0.47744378698226253
-45.864239628521716
-0.7751348959605979
-15.505327374946035
0.03302590653929509
19.60849926992449
133.7433526472615
74.81250496191615
154.95152274980433
5.2981049371834175
103.23196798212928
3.059106833971238
61.57468113787523
23.29789407133627
28.105236217833923
40.77086891641902
-0.00048316590861920475
9.789741985092796
0.16718745325109857
-18.055211218985804
-0.08262206228598928
8.10790621731138
-58.719701481455246
-3.2411415362791853
-8.031189732405515
-11.137624659448534
2.551646152636671
-14.31304886488445
159.87716387181953
6.703541472772156
11.818021253640214
-10.593869856946217
-96.87721210468501
-302.05964182315586
-440.9884236085338
-466.87807907474206
-862.5632588156296
-509.42301032647873
-44.09608271845094
0.4754389644216577
-8.019176268610675
-2.509118390204051
51.37774169600113
80.94846242169208
3.839049080773173
0.6367105785158873
-9.522156783339076
-24.602219597578515
-95.63513178178856
-6.931754735531911
258.24157577727203
102.86468503977994
104.65821987639336
171.73176424761198
42.479351029588486
3.2420343837373435
9.023048183024704
0.11196793343661435
-22.67459895697762
-66.9024932227168
-7.1721047458095635
-85.8980671531072
-69.3485871858918
-294.3028869270854
-409.0679099922561
-496.68452074164657
-19.743217930902066
0.025624669172431645
14.734190273286362
-5.304282545472647
-2.901865603751304
-35.31197794503963
-26.42938589219308
-59.733268534363326
-97.68888002122674
-252.24948788578115
-621.7123558284641
-756.6957648225424
-813.4077484328418
-1378.0226267643488
-1750.5702064435068
-1072.719383717707
-1012.9060930246985
-908.9119031638413
-1597.55172104836
-2227.5207138232245
-1394.334070593244
-9.423489295565435
449.05075472095865
10.229850047060093
-1.920838458691693
-2.422530389991171
42.15773690753595
-1.2600360008500167
-138.5525498549863
0.7972248473813217
621.2333452088716
326.0109821981161
295.185889396996
268.8522039781046
17.89595524582073
193.03729227190027
66.06937193984601
102.69061112514326
990.3855835088339
2166.026398352102
1665.2802561488443
1615.6656795436588
560.1236779587603
275.5563612707408
14.28657675243025
6.8170316831228845
-6.478309359727204
-96.85358194872389
-22.626119903428425
-74.01495807641476
-284.1969801863495
-762.4001135981738
-891.9753092459536
-1950.534269775238
-1215.9293762519924
-178.441198504143
0.027217998347900042
-89.95333910288127
-986.3334836699739
75.17490214721978
771.2226537912366
1013.1467058220501
41.43946389755476
-37.35021611742076
-175.10002436115613
-414.28753526261113
-824.0085028038127
-136.6985525443602
2.6500196550345967
169.42702662246907
-0.4473421132037245
-28.69628873605471
-366.9370790863059
-1100.3619256175464
-327.1281502697566
-87.36527075697867
59.990277943561985
-602.9628878784555
20.847357693108982
2860.3113776900545
2357.803706653422
2604.487675223053
1484.9558980895317
383.31303851007067
419.44911780022426
147.12133991020966
-0.3519182903803001
-12.801121159297598
-0.03873501385941162
-342.2731425277466
-287.1306458468249
-125.52954316985497
-293.81230091158943
26.8643010503484
-2.664737597619376
-4.1586945899994125
134.14993893278051
480.1968501747971
548.343915322242
224.21984887934474
59.99242251390774
-5.711728328748339
-61.575541535505444
-753.4737293703391
-377.3330818289734
-50.708346724150985
69.78048502610946
1606.088511502452
274.0858357316987
17.78367185766301
-211.15870149705222
-558.2422022520279
99.99791823355501
380.4000094607364
1.3831907829489896
786.1847048639905
715.9386637876063
116.55826085992574
31.671201856136392
976.6821881708546
1222.7442939567427
704.1167258147183
74.07403149884047
157.50470850714368
556.235162448456
743.6900260700847
2121.9053595004543
4221.516824995413
4426.7662381780965
9793.958777960885
12940.217339371125
95590.13640300775
170740.4533061508
260362.00489001395
122226.49929971765
-852509.74
285.25800315403046
440.2496392596444
253.77115722000104
140.9869868330139
21.897342764408336
67.98829682812136
-272.7656706429036
-311.2012530535355
-268.91593162014885
-117.75880954778478
687.0142255984726
188.48904920154743
108.94179801126216
86.46899411928112
0.0041531458883590795
78.517988777018
21.377554459485513
-20.997787337125896
-319.95964691046595
-1088.983305349678
20.513099218871663
-6.831216719102225
281.0952430549952
11.161645047135599
-29.50115684865098
0.04487896938106388
4.105589981287751
0.30606993247418607
-73.25503769209138
-314.3638311067617
-13.159280191105207
5.530822398675365
-314.94419859255254
-20.010688379495644
-85.8736074741902
-306.85526912053814
-377.3147601247662
-220.0102201512635
175.19201509570195
92.39755913856648
184.2760963170428
0.27480615399099917
29.535306093208426
482.9140790899781
304.3810088480319
454.19209468209624
657.8687184414001
917.290797453611
584.4595772693076
609.5304091167237
339.4179650287325
425.3066551273869
490.92985233779774
483.0677481321319
311.8844880308317
207.45572701823892
151.90337414240324
99.7646431830274
83.45023147755677
148.01081522182807
352.45567482494295
141.65470789826307
78.60852774704892
13.041232992646497
1.3335076445993108
-9.144082500780565
-17.27967576099342
-60.952525239006576
-105.89757258794216
-326.9806803947619
-327.81067846221276
-444.7802058201674
-735.9174889382543
-771.3881619787304
-703.6369929350626
-942.9035861901284
-901.6426566095229
-1288.7315661898267
-1146.715926647541
-2007.2117262822785
-3001.170223379051
-628.3319020494366
-91.75721896401026
-259.09252334205473
48.69436732100293
593.9505515801159
8.131952679516495
75.31275680240907
252.52749824779497
-15.613293319072838
-799.9753845615334
-304.07040514763776
412.2923240536336
478.2919485153954
127.07988686757389
3.815721744784989
162.64879022944717
237.68721005231572
268.19661037984827
1749.6795190154296
709.2212165657759
316.37309406254167
420.4815135808045
322.86287117529633
136.04202814435848
-4.277366816508392
-143.84187994397178
-451.1737895295621
-111.98197421807987
86.19425121359582
72.2376219940027
3.0725424739606293
49.224987046852206
25.858798092344678
-22.382221090494248
-101.01136111263179
-110.82737011346552
-77.33841711745094
-369.2816339450377
-525.08115181952
-309.7310715352868
182.9728956831695
-14.040166010344786
-329.12444135577215
-577.1455672757763
-788.8081308460925
-612.5325486460911
-1451.56922174969
-2050.826739561616
2022.9418759310101
2039.3366592924094
115.96685548141446
-8.8553088897423
368.5627548683625
-148.18889807521123
27.30328479226233
-96.85345856148453
-1446.4517518961193
30.112638998795934
374.5435627245629
-0.3460155035235045
-2.593361097316392
117.54742221555912
4.7686230762695825
5.155320158739226
-98.73003879819939
-30.423859024582228
-57.90777500071095
-121.14123438115419
36.132940120028486
-283.43731710329905
-50.539967949286954
71.45657605476686
-15.528838530955657
48.878039238347455
24.410099281058905
106.2707621800619
35.97945089592157
220.85510057129423
-47.696439133318904
-234.9605336790855
-4.4582113341043375
-0.43717487940857935
498.110413900656
960.0557694048248
458.4695517954654
4.671100181836601
-14.971893754160945
-333.6096793819294
-910.5555771740056
-1565.9929290205205
-2288.1643912486093
-355.6591701669672
-422.6144192491554
0.6536803728446512
-0.0009387106190152652
67.17229342085606
-111.76225256494101
-0.1617010224377997
-19.530945731930192
-72.3010232783629
-6.788694766748277
-766.8485586314554
-675.2549261879161
-495.1822093840595
7633.184175248813
5625.0000274427175
2804.6809543734303
2359.0845218754957
1559.0348889807617
2216.5955217959463
2184.7345503480633
379.6809982049315
331.3220421486534
352.7331755757067
268.28889996441467
362.3403538208859
38.44692205640411
1.5584102806456617
4.434703455394438
-20.40303513439594
-39.89113758563863
122.17687931426687
134.75865431011087
124.3433055669959
67.35011155692575
28.101241299872957
-29.466702702677424
3.9820910511726773
83.45181428023983
42.76138154872463
58.47606870055968
0.0010228645109327022
-3.039827697024511
118.50376707628672
72.68215674542719
129.41172447335472
213.37853239767253
21.068477751608235
-100.8321429836497
-446.6505498678505
-398.01084697087765
-368.39682296173004
-44.92932719833126
-0.027044255422812354
-27.804811028912347
-0.8048425335137407
-38.24890797829042
-123.31724878847037
-293.0907287455136
-307.8452211660362
-362.25767287981336
-545.5647472190421
-142.98496348762367
-372.6294881508507
-430.7133363359535
-260.48225054714396
-616.2813720933873
-406.9524921400096
-769.5470567622042
-298.8665551413785
-1.2290413434898482
1253.1590402551792
397.11590731598017
144.25490627066
218.75472171645725
850.1245167239357
187.34532947915312
16.788784796520233
1.2188882027421477
-0.5638090408121603
-17.769704870681913
-23.026445800504902
-0.06495699880149446
369.7447267310995
314.21233998372077
56.87557486094708
89.49467893432663
41.00924434948793
23.07479639129842
3.071450093070438
195.68285971173577
97.554611798263
0.27822404834252096
0.9292855798709905
-88.91532126822389
-329.79628970298745
-820.7913804771295
19.90649122062926
1778.7545700441347
671.6540142147019
79.10022474208313
3.413561131380417
-13.274933199829693
-344.9063493077561
-1308.44274016043
-739.7126488988335
271.0368451814157
243.21943012851318
406.64357606432947
1067.1203586945417
13900.165936726788
10434.113336508613
6879.859906331056
5390.433658852375
5880.989146498034
4047.5804223705445
6229.608600210837
7713.261315456753
4080.318880898786
7535.5224696265295
4447.9351631713635
4389.882662281561
7166.6019460552325
4464.5082603922965
1728.8430368034863
5826.321098404553
3124.004466244185
11111.837652449749
57821.32402393412
52190.230834775524
54469.74616703832
36437.336254585214
23476.895295739756
23094.974631159046
19499.768871675384
25759.238085260527
29133.227602701678
35445.848654799614
46003.97676170402
40110.25715932136
37495.026111145955
47707.82962232854
61600.879402924475
35923.575671937426
37531.70834063312
48789.25630758164
49926.38476825615
41515.78432041344
69841.5663203948
214569.71114479465
-1807526.55
