4415.599999999999
1580.9329316692638
1879.9027371463937
4234.363136644214
4571.027949589237
2142.670949442888
529.9788068184148
74.08580747224366
49.86413483715553
136.9728094869369
1383.884618604535
787.4275321195927
696.2277218290842
1139.4947311879905
706.7759423220957
458.6367097615773
157.75315535679408
-147.880369447791
-9.294937097565464
258.82324610277124
506.15496071639075
-131.2012661993463
-1170.369155702042
-8.87569853530892
-170.53816390059987
-33.7969033063937
-13.16444036735896
1554.457649758525
1776.6619771309117
608.3668435506422
641.3876967007676
239.9399352338064
-10.141915553491085
248.30359429948425
-37.92952385864482
-275.7976937733173
-931.3770089971028
-1212.975457267608
-49.07162010079401
0.07026439630536553
-154.34785077320288
29.355640995750726
0.06298854392310148
-1.4965206379758342
54.72720620924558
102.64519081468792
54.35528007345686
439.81373519186633
1024.8518463306168
217.1747540009329
36.38757714514044
-9.27730785832936
-105.39272707569943
-94.27537694627898
11.625071305166802
-517.2031481342093
130.15110644020945
548.3504585625486
-0.5115268771640975
-33.66212706321647
-156.09983208157448
-6.295566139196763
-703.5236988847923
-37.90727893839529
-568.0700285108721
192.4149230063728
2027.220054975467
872.9044679483457
481.9978004565267
87.99554796594572
-11.819837168085249
-205.61163484206332
0
0
-173.908566350909
-473.15126846594734
-1017.6384782265761
-1176.082142667769
-590.3424231353481
1917.6263845752362
257.43050974669063
-248.5003524170071
-0.03808083821090058
70.46090404470088
-293.1510609455441
-952.7035352976532
-1657.1714484953795
-121.70664467877307
433.35418615793986
75.37940473340385
913.520685432231
3360.709064208011
4304.856767548978
3619.423464977212
2518.7473591603093
2347.21652868232
1754.5448368302102
903.5688295329446
358.7642067066667
36.773154285079414
80.50113555776042
73.85057425066444
0.0038140263832311225
-2.184146932634027
-63.26126634619426
-362.81619221654654
-364.96395457278754
-667.821362686535
-63.78714931379143
142.43062792055096
-365.00126039537344
-1547.4974807666908
588.5573943382957
697.0616272238533
722.86441535287
769.6381049116801
-18.350535819770386
31.292831103098795
0.21308709096973213
-1579.3429080815463
-308.05963168422454
1206.8482581622584
755.706514500974
499.9564328727806
-2.70665575930662
11.83321414705562
-7.525553420166344
-217.16084420771716
-762.3152311863968
-1240.7667630687638
-1308.0755062053786
-2012.5447558138785
-2552.8707495275635
-4802.852869391819
-3257.658753189475
-233.06061004326122
1183.0805103434718
-2.3820573508496943
-13.939082488303491
-160.88349597393233
-437.66834107883636
-2874.1538276131832
-921.8751483241422
765.7013110362145
319.296041312384
36.745539845434195
-8.246574387229936
-73.96785497062231
128.75354581896184
74.1826765900991
29.68390846613631
1320.6165319566283
1293.2368634323504
243.616986037412
-132.46081533005128
-638.1257011033643
-473.6672996941095
-182.67570873325118
870.4400390007158
1156.4641540029527
516.7603163766779
762.389657287077
479.1212596429357
0.13309225654217724
-134.95240922551753
582.1995554593976
150.37299240997044
-43.178565657556085
-662.6709979309875
-1740.4180207772656
12.922698552788438
0.054285794952364165
-334.6897638487152
-231.90115591808208
-93.05202453484074
-637.9060315380145
-1309.8875900279668
-2551.819240294535
117.82553137788966
1758.32415270202
1983.0369709581096
2348.049280714142
1137.2320491115486
586.3908658116638
342.0915367664275
275.8734078549844
204.19563032804734
127.0456049381086
1005.2443077321975
0.06370612754498618
593.2853998876475
191.79895186446646
-0.39216975358314976
-547.097246165824
-1026.8320106993172
244.32433946949544
324.3835297592551
622.5424433927828
325.22644633088396
594.074197681522
231.89011073370236
151.97189359120566
137.77568729448944
59.204416043877096
5.0323890660693404
3.382441759406901
-0.09690667088834445
-19.33418418180273
-140.43033441067897
-134.4284084873853
-278.8236920824568
-437.6370654106152
-620.1027832406792
-650.931207035946
-596.7701818727763
-24.499138644781443
322.2692887777039
2574.2358293891975
2761.454090946546
2559.9351900297147
2258.3666541640077
1512.2224309624607
1208.5462742728607
1062.5853553682978
735.4283434734423
520.5053959718603
404.79968145599366
415.8724321819723
102.34847496111374
10.063095830960398
34.40207350280527
-2.6856857085120263
-0.04653082263750321
-25.896466054359678
-73.58372157498961
-116.28030382587552
-394.616411695804
-509.071606326537
-383.9368293375493
-48.788774793296206
-151.96858434077876
-47.31255838584923
-341.9952587745899
-343.4630543260096
-510.637817617637
-759.8813444751208
-1205.9470817563079
-1169.291544148652
-1585.724743101954
-1955.3185653790686
-1304.5456855447912
-936.501237609499
-1077.1017599920374
-1707.5011046713962
-499.2784109604023
-1949.9953225323602
-1248.0164013538897
-1053.4809042963338
1675.9071455144253
3687.1300919771143
1853.0108110777733
655.2706353825394
78.1252830185094
6.279110197554646
-15.224682287074586
429.80809221761575
32.233718913437706
-23.331410697697887
-394.91244257745
-1044.1655376267317
-304.7297686976222
-6.129063805082144
-184.6842472038316
-280.1023458774543
354.1372356987028
106.53175459654017
94.65558301445253
-108.0597039074309
-491.2487758222296
172.38701663151403
1702.3685685322255
1540.4341303106296
250.77781376538354
-8.044222468328984
-762.6956965374966
-1293.9601782014897
308.7139022763408
835.9348103044738
891.4019250751063
897.0936796708677
1030.4188463080495
820.5330227653983
639.5348147034063
629.4449161976129
311.3076830755382
459.8254807110235
470.61140168955455
432.6027844004337
285.16284255084975
110.75940228956452
68.05338490311125
21.175449247073125
-9.859823980539636
-14.929724408034222
-102.2070829943322
-253.62327851039336
-923.4046788470234
-774.6733866676065
-1922.4538103624527
-723.9876053220188
-929.5021445660984
-2109.1202896410305
-2173.8208730445776
-933.8510467653196
-1419.4158158183295
-2.848995131380037
214.54541069142647
361.1199370103193
411.00624969670844
362.60665019879656
206.5696406333529
505.00689881465667
242.814388029798
100.18710552996961
245.05391189796384
156.43742962527693
3.541949193635996
4.939823952914518
10.760684547084875
-5.159783327999875
-26.98055507084709
-39.720265606583865
-93.64901497074295
-215.07102232177405
-158.9031285243161
-383.06194649090344
-517.2677657224185
-794.334609873599
-693.1789076235576
-1210.268942905918
-1306.713514517735
-1143.3888033319013
-972.4030751029454
-582.5124303135224
138.73120840819783
5592.2508523396
1921.0133062468267
1536.278036652348
482.8173976003736
74.92584153536124
16.845517879572444
-6.071419473353355
-37.54470016665454
798.5736909777863
1511.8964188717512
964.1569734867071
569.2044055014193
296.5084305885184
886.7435117873761
579.1068019347766
221.37857291978938
31.872655053821404
-109.49068912890064
-243.232933854314
-239.20206765230793
71.65949793901294
18.445523768828913
-167.76220534796798
-253.7178037507993
200.4824866389724
80.31416068855893
-67.41975128602553
-923.3214852340052
113.0819011085607
595.6851302071851
214.53002764191237
7.291087653821936
-113.89407162772997
-75.28646324678465
-106.44142417258274
-170.79323962803673
-326.9595303288632
-1024.6391444693231
-2004.659478484476
-549.1886669502203
108.03185526348697
90.56221865069114
15.889824618671085
4.157385537410566
21.17309431791797
-7.364715536777856
-23.67595998131108
-123.94802557498699
-381.05183897860854
-844.2763971300593
-293.91711166719386
521.7849804903017
423.6173771343205
424.7613596949681
75.81472354096418
0.020018135650105007
-54.50279864519572
-463.2572575762541
-170.47528528494274
-222.22404759175913
-120.51984404247844
-262.10020161636874
-842.3864667647711
-1736.7175878089274
-447.28361026397397
-397.3734685849157
-270.2557797654057
-442.2366500102439
-339.4784947196052
-273.3268496271214
-6.801826242346034
-224.18255552423264
-536.005614235371
-203.95084982151
-55.899120067374
24.356135691352506
88.62213906348563
-20.828061768980923
399.1787147286244
4183.995683752907
1820.4468282045618
640.8970455098313
401.8789969909004
53.712192464042005
3.0776575073806316
124.21798323373453
-5.837063146290216
-26.679748280370397
-176.52094261252628
-1326.3102556938184
-2624.0819107726347
114.68448042590965
1738.4346987607328
189.67546303544154
90.38416181504479
413.40642260490426
229.20861787074205
70.91967949447263
-155.5304241864714
-1044.306317288071
-445.1120727681316
-2089.2407779435325
-171.4100822066359
0.2064307371372236
-43.44813276599979
-799.7086696450684
435.48279691714237
2015.1771085993794
2324.9530688502596
1684.968547810402
1168.0741928705936
529.0307296816886
548.0408201313923
256.4506313460725
248.90417987584402
98.8556486317188
25.38836286548371
38.03843493638102
22.362024002038545
6.315643209035512
-19.89637077770921
-2.342226080142894
-0.012675342809934226
0.5902344469077374
-17.943938368428203
4.001973896092951
-180.74251598060525
573.9846839598633
1605.5730643032712
555.7955161393602
578.81201959672
198.07849878658055
66.02519978495816
35.442235984143466
-5.198093635082078
-30.033897723708293
-199.09254181756486
-384.24824073947264
-728.5001617652915
-1449.0296077342882
-2260.320849359783
-338.4856562224773
814.3108198631596
329.16456022578075
139.24996301677274
27.37698208863077
4.809885107896914
57.40590869935818
379.2114952137014
169.44291647370773
40.169937446751646
21.673008104695633
-22.324900183100997
-0.08160004731444659
-96.87006900954542
-163.48193724351916
394.603924826679
8.747806815630003
-19.563976001092346
-147.93297171794123
-116.07533173240776
-245.33227162583813
-484.2796574975017
-568.2818034847554
-104.62911876504866
-454.49123405011005
-307.8282977927772
-896.8476394321426
-14.648120193253877
-84.99964033111736
-144.87297610460257
-83.13836913424143
889.3514475820234
860.6888662792421
1457.6561243597466
500.9447210928265
1.6471238648964313
-211.86244885076943
-120.28446814294577
-325.7110238670563
-1.7133320357397237
-133.16814534160378
-1935.4363040027845
-1887.4279297402788
-1329.334867079125
-77.33681934946846
52.950019217825016
142.4513442355693
-137.31170780778652
189.13041617334505
644.9936657063566
0.8001362186810148
-238.46685452097188
-477.9726469309537
-846.069333763904
-1272.2835807693168
-889.2482283157016
23.65429309421398
2294.7976993127286
1622.7825841668828
843.0926031795916
688.3230777109441
256.7649215141802
-13.295219700196157
72.63394399895351
856.5145982605247
1668.3161904376993
1142.1711628673525
957.2713841121395
1070.7122555749604
1268.529542532587
749.0014787988628
284.7714198676351
257.52961094897375
196.51906859213318
105.12557143483605
44.629704787486524
-3.0842754665225907
-22.36633007342111
-25.720362918061454
-79.96365163432203
-319.45006312117664
-585.1071970960505
-827.1062478168851
-1417.043717776376
-2030.288080189824
-2635.053352929285
-2231.9508025717714
-543.250899738196
-168.62245954944441
-204.53853160040686
-318.20568083337156
282.38292170978264
304.5151631057788
282.626268549415
1050.0764000709432
1825.9578785252857
1311.5944492014323
59.73153368910054
-230.9164053797035
-551.093412754399
-1119.378242866523
-449.1088966000466
302.817372580358
1.4182443181703686
-100.6632535186064
-741.8612001892689
3706.2598881421336
4082.9946816930014
2682.723571693553
836.9585661829121
47.279149949739704
273.50239723867986
-3.7275835125316386
-378.3833646822672
-691.832389050118
-1745.8326883912027
-2232.217495648346
-468.4535558935714
-561.3054536108233
-17.61119596061541
1736.0725544534628
1221.4041992875775
741.1092067187834
126.76840476558402
228.06317673599125
92.88544162636703
8.987915859363426
1.1126161216272827
-10.239978554210593
-39.98261530912938
-45.88879941719205
-59.00757711222617
-93.9220342396782
-5.865420304461105
195.71438453520955
257.7677240311571
-18.586409091738567
51.17941312274748
5.113321131162956
-3.4596660122201706
-548.612638457297
-1728.0384428593904
-480.3985949095483
-416.3766802301011
-3017.796872525915
-55.371891415312675
-2.988145291453809
-535.0604827693771
-142.5303380875278
-405.44232992686267
-896.2994215645696
362.3053978093957
2623.234000192902
2269.4258002752385
2673.9511484950062
1637.563458301107
962.7599137978505
534.0158159367107
215.92866483053297
125.3491187055244
201.79031008469158
13.197902617050971
4.1828806918272985
-48.756693995275675
-104.40458070617909
-187.6130142926782
-353.62802517628575
-547.7172626216892
-981.0644429673513
-1350.4914419267452
-1766.5494827355137
-2010.580253753973
-1972.6368796216386
-884.2148958104744
1235.6458146196621
1530.7761315814166
923.8290364709208
69.64485937399995
-80.5770749290591
-222.8929126029268
-1641.2362719145012
-6.443522555093438
-181.2364389583998
-178.68718646783745
-150.0191826367604
-380.69793446926275
-846.2463263355315
-429.3057543875137
285.5754544997968
207.0085118841298
-2.3916957294038435
404.60002328955136
836.711482540529
1112.8060051993482
62.09753848208863
-134.79565929503093
-304.86962311849584
-569.1465231863294
-145.6539211812653
-46.06131946328304
29.635959559353573
-15.220731072803868
-1849.6199533702443
505.429286923774
1241.3944920624338
522.3205011497823
676.0489849637765
20.964827617650805
-331.61833016557034
-622.3407217891324
-580.1807788177559
10.09264204778167
-1379.9661234172734
-96.6609598889442
-3.6209564276479815
-357.85130400818605
-191.22791409063174
-15.854512808895535
-366.78377633600616
-754.9450469584417
-85.53450296091557
126.8635068104691
377.40058184867695
124.10763293273084
37.795936215718726
-3.567382974155525
-132.48486867571972
-463.7883376005426
-97.92602610983326
-39.62694881457074
5.0257967134741754
1195.2363050769245
2971.5680655809088
2692.58220596368
2136.705255378337
1893.931073632291
833.5902456732276
1775.3543484596566
657.772111998958
438.78290317457106
406.0084079814659
97.57503751680532
2.0822362358952926
-11.0613788098694
-2.350164065445429
-80.03372772369929
-338.2510141566906
-556.8819910799918
-817.3964912571214
-1385.9641684015908
-1112.6876475912868
-1443.2301545823334
-1515.8475047929376
-2801.7368105206656
-3202.0537267570485
-2956.972845928496
-620.7099149201323
-2.4838172891460237
1.7019561063229307
981.7167372063495
136.79446401722808
-41.34244016369678
-204.72913822630767
351.41844937077565
659.8495174014965
18.76065643581612
-64.16563498101871
2119.675223559429
469.6539517622422
-0.009573552353522537
-167.9193406712705
16.759408986231396
-202.10621208728043
315.3419884971537
1101.8286245081124
117.37104102624217
-119.22025557555047
953.9586644884569
3187.3918614647455
761.8408114344932
2.4391255737702875
-176.1167739961732
-15.187953794756641
-329.8011838634592
-551.4340849410628
-211.00939617365316
-1692.3887521655174
-2535.338374114899
-201.0998042343782
-612.0352572086304
-367.24980571388653
-553.1136064850216
-176.6092532698848
-69.8080602086421
-482.6521914751759
-11.562092467417934
1643.9671894134226
383.25716075002697
652.5094121811409
824.0437398029649
77.74546333850638
165.25887652194632
93.74583010110449
76.68051664882611
-0.07858319084784857
-18.051894768515226
-93.86321644975315
14.291226106950136
1220.3419091045057
571.2019259089265
439.0653514966776
146.84142640696047
102.69416515024487
-1.1769059402434197
-83.57293251084445
-344.5778818586213
-790.2957679729652
-1544.2964052993266
-2275.9363435648966
-3204.4839561304334
-1551.1875629811768
-177.0313106248978
734.5822538691822
188.98401326770212
46.890490017760484
258.7117106202303
-9.47698699360691
54.12548526932056
403.0015128109859
239.43218956745883
-24.93609255728551
-70.43557419391404
-62.458356189189885
-21.873287386361064
35.18446054868011
1656.4569275418262
1192.0836153402406
5.8937772897832135
-3.9843799388894174
121.50504593698349
-202.8050528275774
-349.083619686958
-321.98971740431773
106.05468488686387
437.36383996464326
103.95105485644942
-0.29479869760576194
-261.55554262202975
-914.0332108962084
-2391.2212061837454
-611.196480982636
-105.28451313717541
-7.982894965725846
8.940168868314228
185.34271019873566
495.5770085547447
4662.451032399093
2395.7517191550423
1426.3580919868582
396.1795076003131
25.665152403980436
11.600104336597424
-154.1842898804284
183.80086116118716
-38.94375524271653
-369.2233369753336
-1363.0430124711372
-13.701096386839893
362.77498409769646
1.5151504433820453
-652.6269302155943
-1608.0461818121544
-624.5638436234708
364.76908127131026
1003.8539910359577
216.07512155573465
-213.3013967217567
-974.8422913664681
-671.1330931522514
-252.27086704886068
100.9314676901687
-81.47738028289304
-92.01647443690644
62.18502326744319
102.421032763235
78.05173963836909
-575.9213799209258
113.73455267519333
-270.09069882620025
-535.7862914414943
-395.50019202276826
-2935.818809039113
-3120.787847187132
-772.2142216690047
-40.96070693809923
240.87725533921213
197.83740392196893
161.68729088754094
-50.44712975168771
1860.033146128392
3.968636167259355
-200.1337720842688
1105.549864119605
141.92391505901017
112.76678321416082
34.15729969436823
-353.1077314322086
-461.67408311666566
-367.82304547227614
-26.623697574110547
-945.4026541746496
417.4868447494407
1447.2186850712171
1294.4126344643648
1257.534362937538
1399.659168535932
1367.2293393298914
1111.2839522546756
1115.3225915773933
903.9463981166818
954.7047935597807
963.4692083271649
745.42256274587
577.8590385265715
485.1672962355039
520.0247602019322
317.20257474207665
405.1863115279284
309.40625927659056
241.17639778150925
75.41365914950201
140.12395276300316
65.32147550971104
20.58238553366127
14.731098012724738
0.19557024477735696
-2.1628353656511052
3.7032397462822044
-21.293053732200242
-5.616372811559524
-23.398565503817245
-51.74211527084448
-32.00069455252381
-11.0871883629713
-43.078385851172385
-86.72563813602909
-110.28326202208838
-195.28191353989325
-95.13068572345969
-67.09464051473095
-125.64623264913546
-88.15279578828901
-167.0727088201253
-79.19101913441715
-13.791472845140776
46.97812035209787
419.66408516253114
964.1454451768341
805.0902442907108
751.5513876093795
509.7694908043723
416.8005089913314
462.80074920711087
208.53132828544534
211.77022698244753
88.33432077792682
270.8353144186266
93.74639315161572
193.68415415802602
120.97056069443036
69.74446628901097
8.027681667754699
65.54123239876618
1.3411219244985748
18.646053599928667
-5.384897235344983
11.481934860348018
0.5450532727106664
0.5203316895579893
-0.9898903036880471
-6.278720777869074
-6.261262540459146
-32.614060799052254
-38.664015383873036
-101.25038716540666
-106.97731766898488
-203.69966082449412
-144.26863447643916
-216.6694810695791
-170.31887853945693
-253.32550153983857
-310.56328700527155
-572.055882877064
-480.78326442016777
-540.843723840002
-385.3211626077814
-509.9735250986654
-615.6849881453281
-806.3976053672992
-828.9704281171719
-614.9639318163906
-1162.5946917028723
-1181.5546300568058
-1224.3069289436335
-1060.100989262539
-1076.1413217559084
-1384.7656176199723
-1656.219175302567
-1604.0045556406394
-1522.6780894356916
-868.4245676088088
5.922671695664164
2124.4609396183896
1788.3858236531214
1532.065204332869
654.7846365123596
228.4076031585624
231.11328654721575
-0.08824001410274505
287.03530705867234
4145.942695570494
498.73110716171635
-130.34664259999576
-640.0247311471207
-26.56778835916046
1032.1157379258123
452.387037358256
2322.585339604975
1849.2072547284517
354.31691677537066
4.943730844388813
319.2352550292836
346.3529631197588
933.1280792335757
464.72673833602914
516.4540565414683
360.9333101835373
105.98036313861255
73.28589286573528
19.561655294754683
0.00787466041242903
-0.14800875236454833
-65.16937823635098
-62.24188691350834
-158.83275744323566
-244.28245019758717
-519.652765825518
-1033.9886657980178
-754.053007964687
-1217.104431348752
-1664.9277766120176
-2506.5194769956943
-3621.7184110651842
-1167.4004522231373
-398.4089510407021
-3172.781116904558
-218.90164694465454
-5.026443556226661
871.625630191778
4318.605734832114
4947.621223685401
2191.52609251417
1356.94915819477
1350.021176512047
486.2116389751949
191.94341361437267
-1.2514809784619936
-14.55697377393279
-178.1495313707464
-907.2845737763046
-123.09831705057422
-120.2312256398055
-449.38019273737893
-957.4443335943891
-1910.653014682725
-3077.4050500024714
-3170.1783276157394
-2086.657251131473
-1.0191614236506805
2147.329411174703
3853.999044763698
1934.5293819220572
578.8739628255877
446.9580533511175
245.8172618258663
4.5327470009402395
-101.21949058188285
-438.84417687517305
-74.03669265499117
-53.86861949551288
235.93771712948868
37.000637190747334
23.942432038690033
1039.242061004261
173.42433818364242
1773.3424465349005
224.21274350555092
-35.1602174779504
-291.2271392676277
-24.874424453066485
-6.90152703793046
-1.0419202527378149
17.36379519659203
-263.84707666750273
-1304.5367765331735
151.58076651079588
847.9676191105505
1378.7043370755289
1288.2116731653289
1207.1245741757652
1337.7984529375353
660.8459823138224
5412.98909693876
10100.334259758847
17028.758991050872
19695.789916085778
23524.938388989205
43404.60590860677
48324.17017398551
43215.26891215928
50844.97680557512
61684.4873262032
79693.79291830427
110457.02027828078
133860.84796359105
194259.92274009256
268951.66869327443
305750.888989997
327995.0927610254
340709.8043094475
429112.4485250304
433753.111824487
425421.49956488074
486047.04223452846
509043.50879128295
595551.61283101
1084295.4527559716
1177374.0055710762
1177179.7946529214
1600701.0597885237
2141470.4904047465
1784532.2117664898
1169904.5920149218
1065204.6056718193
1064820.8091609075
1123413.0330689922
1349037.7610744576
1273036.3270148865
1182086.5729090325
1270937.2976221205
1460813.0545670285
1619255.0747653863
-1924972.2900000003
-1644745.92
-2692683.18
-2095671.2999999996
-1441808.24
-2025611.6199999999
-2160633.4
-1759226.7800000003
-1391886.04
-1325393.18
-1006421.2400000001
-1142995.13
-978324.3800000001
-922278.6900000001
-853028.0599999999
-517608.44999999995
-411976.1500000001
-378427.23000000004
-266761.91
-323665.25000000006
-419104.73000000004
-380309.82999999996
-298717.03
-218154.38000000003
-268757.08999999997
-311902.61000000004
-148354.75
