9281.52
3447.566355129374
6826.061791858351
3696.830455877528
511.83108761407857
-62.38084003235262
720.0288111042887
158.4394587305816
942.6012696214963
537.8717273560318
456.69363728083977
-77.22104766679735
-248.01516501471085
1819.5991823804977
2669.8799898540433
1411.1957556300576
650.159540602825
246.29846659743396
92.78133270150192
36.46454907669491
4.935267838464869
539.2855814724518
1120.3075603235977
61.790125383454324
-103.50926611757703
-704.0985563359441
-1053.1245546124737
62.32316597343109
-0.8144808062418488
-615.2818354416374
-543.3712080262578
-350.5875673543977
-257.8706261041521
142.0048369301121
-572.5581529708245
3.728917237335479
927.9986450933233
655.7126019295195
699.0245983580216
548.0459475465852
376.1672285079909
323.8362433591641
304.0211100141256
406.87359568816447
399.4861487401616
197.8876605787583
368.85137069189926
316.96114832957073
137.60583228780155
106.98184711711757
80.97471275517356
119.40093381845546
68.27682259765879
49.94047009591248
12.016409470512242
17.85016286720551
16.815093654494646
-0.8686696920422936
4.158263629572247
2.947763674747537
12.442921271442419
10.096039305176486
-0.34627671664652404
14.452050349190948
6.220483891603135
1.447154084658556
5.746650521386357
21.861860526369263
-12.726962793633316
166.99671839234946
638.0350420348313
432.55515349182986
406.6138180882635
305.96442465986354
515.6132902736167
341.33192410484
169.83966215374687
187.88847168454538
56.524048751627305
137.06607148690728
160.57034593424981
107.13970388169146
158.86040511177518
35.79161893559486
83.38626021712281
26.896817650723573
19.472006313440552
-3.1455856635467434
-11.130835349308098
-26.226335090642504
0.17167010577668018
-0.7383963480556833
-59.674311493414955
-0.7833811532897651
-84.77613060546261
-19.994394376375467
-18.584850339799058
-53.9473154139916
-78.35608283308562
-37.3135525366855
-29.23461486047625
-75.77311141427062
-20.64137321750936
-76.0662378213836
-117.263019196944
-80.56182077088029
-181.94852167063505
-393.3183208186035
-347.9294275589622
-526.0970004516031
-803.4589913476616
-677.6168785214796
-34.95300091853825
-85.50104527952864
-327.51172869924966
-611.1364506429464
-965.1965223765491
-1560.7055581179368
-3046.679314536462
-2628.8177965390523
-1828.1014987937724
-758.6394723910664
-778.1573118216256
6.2884853183699985
31.497398745361064
135.72997696172607
114.8395423022198
10.208175223010546
20.885969082164628
-2.873074351077884
-6.281562052915896
-29.799638865010408
-16.791430596624398
-71.02951904078047
-138.6289684193904
-260.4721625501828
-44.36176544085118
104.72242872788505
1632.1861938789298
880.0423783380346
81.38535413858257
-3.242201555711251
-243.55937273220727
-315.4568113008511
-817.4641178654122
-1082.7368096262453
-486.7957088270954
2722.6482183926946
2528.6915195615816
1815.7498314279846
3986.0798455775657
2488.246839122089
1155.2193203161137
332.754531667782
150.15249843300734
239.70118847375215
5.929966139256812
-298.4106558232962
-1276.3043433890286
-505.1345994187013
-993.1360270656488
-2620.3576720832407
-6394.927551075523
-1208.044347155719
87.36388807173083
-36.00100527370246
-539.1405958950029
48.44339004633835
1.6147604364424077
719.2751910149341
304.0045788939588
-24.806760443051992
-98.03652928396536
88.12757096288975
372.7920945997615
169.38083449546218
180.9604000638061
184.8272813581039
3086.624819775326
2213.0532377637255
744.6026565442895
558.460560571525
145.1192683050858
134.79853580183246
25.073892923638173
-4.3379629561038024
-0.6223094548990102
-12.393215651577888
-523.929047816904
-1384.927159446157
-2209.071317785754
-1087.6899334715258
-1072.9282831731416
-212.54892995973017
-113.67613692927384
-81.01902782497635
-0.5327679452407339
6.958768393706623
78.36181002609035
-6.836591357976235
-99.4456468631175
59.406955281663855
-7.916730477373507
-1280.5464619983109
-1508.6643815550426
-206.54090262936546
109.64109467506464
1223.5937976201426
409.12235800556476
247.43659410492523
882.9705388385826
146.11145967866761
-914.4407970305566
-3695.9574245715676
-2007.5689269002428
-48.7251445368159
-111.03916997620149
13.861998108727313
109.32331184968804
45.961349186678866
-40.70611896108174
-100.67431758354793
165.72625624095983
418.29962459322917
339.8367658573124
631.0592122269786
633.7703616727563
344.5964005702059
170.1192179540001
103.2916429665037
14.701338431406588
11.828235075346278
-0.0026794642943143254
-33.71275964051901
-213.5452382014301
-624.9898871006371
-363.4889657891516
-249.90582785631327
-28.56858412335321
-3847.3759558918455
-2057.424203757252
-201.6653098727197
65.63707116960964
421.6878263449299
704.2216370318242
965.7366952496934
919.2849792240813
805.1511497726814
696.3585351151291
885.1079752928383
688.9360237342771
614.4376874896008
620.9422186852598
241.5007240874086
344.72338587656697
180.53722443099434
211.792385538717
140.05114348321908
203.25973999418574
117.86125209407119
42.06136477567381
46.12397193076934
58.49584237295947
14.167607246218516
-0.01140158281768578
16.873116761303194
5.623988630213999
-0.697908594593911
-3.8003415867498047
12.081981595456128
-9.981843521759311
-1.8018095896894968
-16.82748737681887
-0.048158749827299265
-1.4343580690689506
13.938059215513553
-5.268790793327181
4.099989630398266
-11.516134073167578
-10.140332948547872
-9.981918869910858
-31.23729267586601
-4.8630292152021815
-10.713505888083048
-8.990298737700867
-27.68248625025911
-6.384112019522149
-24.528559404399335
-28.030427602355616
1.2994159113796524
120.65977381769962
62.21998919367691
38.64723658786596
0.04011290929619516
-0.08139324441025846
0.21637786212434687
-7.126518913745944
-42.44665160081391
-8.925225281386567
-258.29557557166004
-74.74529147320042
-42.40894082086214
-58.36180451924684
-232.13879965704646
-235.01880352838512
-470.32838310886865
-308.19135676591077
-212.3016686179401
-110.7114684166394
-187.34680022871555
4.815504363546062
3171.6140280269424
2701.7189483654547
1802.413242009232
707.7139299714564
301.8366307912713
-29.71492148252505
-253.74378139537797
2411.96658511013
1307.3971316557156
915.4648954983488
1460.0884155204408
1163.9302695170013
1930.112150443771
2046.1800663555848
5057.090304205198
5930.101964798139
3044.726736610235
3512.6687100949002
710.7663946750948
1559.8349447425442
1614.058117230049
10169.863383512158
29809.942689951255
25728.072721028668
-28033.509999999995
0
43294.56337676734
19337.138465349315
26210.428127427956
67275.65570970313
29233.261615420404
-22319.089999999997
0
19923.34345370095
49577.254142270154
49512.795688433725
7868.095588319606
-59807.79
39668.72428870125
19506.351674567486
-228165.34000000005
-171107.01000000004
-17315.35
0
38362.74410546525
58278.828099834966
57452.34233592575
65518.109957299035
95422.50262213347
287175.08132398356
-236787.26
-85677.44
-145420.75
-95923.07999999999
136825.57004879956
-61341.270000000004
-50914.52999999999
-105383.36999999998
-45257.8
-41319.67
-116506.28999999998
316.4819182882818
0.5853339179245985
156.69207422232165
-6.312178439522031
-186.03985582292353
-253.69278537692577
8.846987212265487
61.42955129971027
311.5500749691407
100.15893400835542
1261.311564593662
2745.233588640437
399.06675420723707
56.3585014652222
-32.41244153566021
1317.6103714167061
1031.9024909313473
-44.574259523263706
-115.1725549670586
-65.95011291569703
249.12767578639387
35.0568258010257
-79.94558170011715
97.85159980772733
-1139.1816048590208
-852.886347775295
-19.041554914818384
-27.336381832078843
-75.72796621233347
-505.4745999404624
4.578604660967151
-124.24770340698349
62.414698796244636
612.851996165381
881.5294167265122
214.050440187553
233.80156011145462
41.91233701747122
556.4713153537998
744.8839523587327
571.5286182145358
701.4781622344217
534.8420002472793
285.59956461503606
171.78109993103809
42.14027921501757
2.627028924165347
-31.78514187604076
-111.54748326596975
-252.11428058502835
-552.6710879304574
-593.3091790654914
-890.7791869681906
-953.0932446839627
-965.2355141273703
-372.20366252146596
-572.423284973408
-249.36793569837005
453.71399778135174
21.44521513306573
96.79977001480741
-0.9481506111145838
-19.52222425822185
83.56991241946511
-2.2568641050943175
-26.122329042910415
114.31277427735652
570.1415950141163
412.9841227721542
-540.0239813668658
-341.3404109801031
-102.87193184289964
6579.74026556287
3191.346480789037
1426.004236596739
133.93574702533652
-146.25193074842943
-1070.5143359558501
-944.248984051259
-863.3815218537845
-337.7320885240084
-15.786255006835937
130.03331272060785
430.28201886625675
630.7718616543971
10.604593824233962
-89.23901273635367
-190.21824549588496
-383.09637135098257
-1454.5880310330099
-882.4788760032018
784.8267844272616
1471.0705148769684
1574.5085434959465
1752.7299763948572
1262.191541940921
936.6658036650892
292.36448433410567
119.2376543529249
71.32811478398699
5.489788925225995
-0.9865926535900458
-327.96405963192615
-794.2545835944516
-1996.507935811998
-3884.5013305465645
-6486.252987401893
-2298.1204932387445
0.04111151649562774
-453.7094767343107
-1924.8296518366865
-580.6953172836436
-2397.963096861526
-32.08231867856357
550.2958772644902
269.981681709359
461.92041383582324
842.2626265816025
821.4333553032028
567.4385652417184
538.3884935069998
1727.179662164524
1358.535712898846
1706.4033617786063
1036.6988815820127
726.350908399855
705.8722326197617
780.768339767309
408.52578848710004
520.9483707275256
321.44660159364594
289.1639845064898
377.12170020054015
244.83765096988543
147.4333467746062
59.51053089552184
67.22402088720813
2.4790633257938506
82.02987053964918
17.57546346559559
14.501156120223833
13.52241018488691
5.217550797683609
8.964409541345493
-3.137043240002475
-0.24440935870757968
14.287415729763941
-2.1491871847545925
-0.6951367811787025
8.497106589759083
-43.32587564792077
-1.3795181333994928
-38.754621127340215
-25.11659544364136
-3.4062164184425314
-17.538631378715934
-65.79096139700881
-54.97612333540954
-38.790027901092614
-47.92265261450126
-0.2543201491543424
-6.335503214142266
-77.03116511587598
-22.537850269545174
-53.37165450556469
-14.469408259475689
-98.42216528862934
-37.40306488248781
-183.2593496981588
-46.21908388485215
-55.37552650893275
-49.31237043242477
-127.72113078697137
-175.03224763132752
-250.35411893157004
-173.8174783818629
-239.95309294286182
-296.43808032078397
-196.81480670805118
-332.69776114607095
-178.28131943543514
-260.0501529559178
-204.8077330673023
-412.26639327223575
-288.02739399281063
-305.6060683099455
-195.8464389877517
-66.8796367151831
851.2592339725506
988.7630066165193
117.14231710567863
412.75097360145054
711.0368324878813
1282.592884970231
907.6553784726843
722.2050699995197
568.0112398951837
767.8722222783034
423.97935520802406
362.9640317764871
175.7405617797244
68.5718264514694
54.602934184469845
12.244046751920827
-2.2119759128605185
-59.76270197401173
-126.62934610240886
-0.001824584204744056
1.2834016876807848
-0.15086531139538617
-43.46676100227579
-40.75250493880115
0.304321434612036
-2.678452625050695
-59.270313439055414
-3.870158829081777
-105.73827504805205
-15.106965273738224
-25.1613580252498
-427.4058097130658
-436.24648712093375
-848.0071988647792
-773.1317915865596
-1249.920080645878
-1171.4996116822251
-1589.7546206587324
-1100.0601095609181
-1325.8510244350466
-1181.0671466460828
-626.8463757083586
-23.52505832049238
4036.1929947830067
7261.763176039639
6961.875219643584
4733.144596379522
1682.8584691014426
2437.133136930004
110.55400811952703
259.83725784244103
1547.615283712822
253.31182054925458
240.28625017832155
10592.361115077272
15435.892223373627
11909.543165868494
17651.600284751814
28359.914926273148
-197074.41000000003
-416.5168458800434
146.88561873032188
4666.385631220354
4640.42521976141
1948.0122874243586
887.1948265354982
616.9003551089824
439.0701013895083
1157.9303628162993
1102.5372715325336
179.94418114980812
0.019224431977847595
-152.9197683648748
-786.5229255987124
-2642.0901020166034
-1852.3433161475982
1493.345408305845
441.89012570663914
11.019749054138432
21.52239175609955
-23.612922610639483
-540.8322797336631
-260.0217886394105
2.056332931752788
3.6821531414114936
-85.84702268518026
-249.572890607607
-1771.1864540739007
-1328.9406299870361
1617.7738805622141
256.89978708546624
-12.797839374538938
-1009.0492027476259
-105.7481376978013
-30.876730786876266
-349.84421852823493
1042.5251446487734
705.2510280372229
107.17225975749403
-8.534817788549796
-415.05008764027707
-899.1143070916787
-2690.1104932195885
-272.547155709343
-987.8787669041403
-2077.380277571814
-826.9839890650835
-113.26423662749802
-99.39371489907018
-94.84855327843894
8.283516111241202
236.46830618829583
224.31218837796644
265.600433741601
214.12406870433654
435.216421460546
252.49202592426218
22.267814710482
-49.563676009239494
-658.4499560361728
-416.4015861404059
246.48529516486232
1374.8307688190243
1240.3189626336302
1142.7817054159602
940.8998807414398
978.4844609110418
1016.652216416149
578.531107339154
814.0312462064505
541.8566885071839
415.1297041443731
303.5944199986589
402.13780652129714
431.7958221647198
215.0044694132602
230.64352519736656
242.21043083527448
91.8104261148242
345.15691438321755
177.33565008695484
261.2616904492815
151.02184903878168
238.93085998170156
225.59900506665707
220.0644800838209
102.2279844504251
46.56374908182131
146.7157925434118
48.918696651731175
32.976972233436975
63.697807122151985
37.193384812018934
165.34415722923026
48.703614436935695
72.0201339541523
82.1237656333314
163.366209795363
1189.0281399452886
1744.9036878905058
957.271322050663
152.17803075032467
-13.739583386596046
-125.2233380511797
-100.28314016529515
-367.94054881210417
-770.6549596491523
-516.8484872839585
-535.3779928355546
-798.1784435826285
-1057.7232583579716
-711.82421420902
-1986.0072102861805
-1780.6916750518456
-1379.7352918090146
-2263.6450800408315
-2228.0150633873277
-2348.2299656024115
-2518.1784694394046
-2239.313500691661
-1781.4230266484155
-1201.6848552684528
0.7503512254856275
1.7892545133945963
63.00759038459556
105.77173296454646
-705.1447311936122
-554.6360687250718
-304.9159180549566
-3.0439276754167444
82.85481791799478
384.75574808805936
121.91076593271335
29.972497967876702
33.5379147321091
-121.16798801079317
-59.96748393616413
49.62816137817435
794.6383036533995
-47.13575027957558
48.721456421293034
-3.172706319506339
-426.93328101473355
-326.0723699666295
6.84652069684857
-17.63679987409273
-852.5478161360701
-2050.0967711215308
863.7362402898563
1434.363949160786
1455.9404913928206
1746.2277163160654
1529.5461692699294
1233.5871566084024
1507.6618381897338
1505.3004434530287
1076.7625966495286
1098.0673908370113
932.4512955359244
947.3938129886103
518.1612578519203
182.60512597415612
125.70545615636115
126.71627809198648
196.0276598825434
100.73765953632721
64.99300980008285
56.42843681327615
0.6967169943233035
47.965020740466485
25.11583325774656
0.2800477121004771
1.9045922462718181
-0.052982074418997174
0.05309405119507435
-14.983774102051052
-41.90390481421909
-19.97996293876731
-58.43609135710077
-17.190323461649893
-133.3647721572921
-93.31283977860716
-42.77305253821403
-125.73592539972351
-21.45123144484542
-125.39502832099942
-57.84597880761397
-29.102187137776067
-77.51615013102877
-94.58682080476117
-12.065258440932904
-44.12813903373662
-33.40970304948738
-70.34566331070376
-75.21699306859888
-79.64559818278866
-103.43017998181284
-65.35087177194238
-141.07975697476328
-84.38034771764066
-101.5357721906468
-39.33484778987988
-73.13064619496788
-281.8129070063149
-131.58790874648116
-211.44326074168765
-232.48513749990684
-108.05178530604981
-332.2871065104578
-272.2728297378568
-409.3396756272158
-336.28129020260553
-455.6299733590888
-655.4117042238948
-571.8201224954123
-771.8837633637073
-887.2631172014538
-506.7555737752909
-521.6933975432353
-346.10562809856526
-49.033281887503215
-174.01806572325177
-475.69367242474465
-410.50769401659596
-52.96117834902437
244.33441131955894
224.56068790893448
424.68696330623635
561.1261142523823
60.19062467751479
0.15226278543371774
-45.17154815250063
-212.87912123453145
-376.5503603318833
-109.04136566073021
119.20069331558973
-9.416420418659703
-581.1718070390742
881.0389951360609
1712.386460516485
255.60602300382862
24.99910009081873
615.7169919070391
922.6749763726216
977.52898084934
2160.971047997303
563.6311078070657
43.202053895027355
-11.285584976350481
-1039.67464155288
161.06275966945043
342.0279376635029
861.8836902432533
375.6817481648314
68.46148998717896
-205.4678586162938
-1378.6096962792105
-6151.638297319392
-864.3233211785856
346.1715198987408
151.0361478338159
0.3987127377703362
-6.5624932837399985
-167.6075023164048
-491.8201005441095
-1364.9758042780595
-2288.1277757970183
-209.45127182450688
75.07256043560508
13.921002474981172
330.4767205390224
-14.380980432018202
-700.796026714271
-160.52268005955233
161.06501505946625
-2.6367140105659463
305.78624315710107
-113.45543759427716
-1024.6232478257582
-612.4903170710859
11.548177688165014
-102.88032442510115
156.61301167163168
693.0118826826462
742.2212682212964
821.0152248240038
643.8253005800522
540.967565386307
421.96677929908606
157.11750503795045
169.69864743424733
323.81855385821495
327.33361242755734
203.0020855735241
100.64185883346482
89.72537636281082
62.203681554743255
125.57507443204557
78.93666015777804
89.19179876240437
235.24713362143655
49.35305830891458
106.76126137588284
135.1232506938575
73.6335895964061
33.68557167893686
-0.9421179070107307
17.872835771368567
6.228875407205136
21.587022733089384
-3.267612526525185
20.96355709851438
-22.119849912513054
-18.801959115188545
-26.247069176205812
-134.0272134944247
3.507962167806366
-3.100820266606235
-9.686607406565575
-9.134476305024364
-88.41495506992992
-4.4740489487980435
-15.373918282936717
-71.39334271515014
0.7797589389972509
0.9956739085648401
72.9880786686835
98.12174390639922
118.97564038744903
100.19343653585983
14.92380445912633
16.786457742610107
87.20866942411776
70.06815635462956
15.42879884478521
0.7509426765444243
17.082609773909027
3.859433357655885
28.808891388394322
26.063356681500625
19.030545722662282
14.141894114252693
17.439314651518075
5.54078004781193
16.707943828655104
-25.292134065008018
1.6484251350467365
24.106369264394523
-6.648599314393497
-0.2790497018211341
27.92713815205697
0.016196953500041855
-0.027059471667240712
21.285309711335557
9.172608567687146
-8.849969375535151
-0.23853273987517276
-0.09237188805572183
-5.994407618764619
-0.28316676424918874
7.7339575220450465
-1.8976487666352435
-29.771726906271113
1.7261232638517123
-26.637339688605223
0.24590219974889918
-13.177891953613576
-10.515745361549133
0.6710234491690166
0.31876066288317634
-4.4740397452042
2.111777251392538
-0.04723165890514993
-3.3150074302864456
-6.241878822718145e-06
0.12891553840456121
-4.189010643201937
0.17200394431309085
4.514448018108263
-42.328692641572005
-0.28210576028317513
-15.535627638877548
-5.8295506570173625
-8.611572020008264
-27.27298833403863
33.08122576605543
211.6760809545899
-11.931729341201327
275.380925580588
260.79894144945587
276.19339937681156
118.15455594270227
0.8129990295161799
19.813061484149085
11.804667246805877
600.8105262909169
2170.721120922244
1152.8631513229482
200.72931394286377
0.002812345567114808
-712.3255223036053
-1338.28777766361
-422.0450046310342
-26.749521279827384
-102.20208955012978
-377.45832185782604
-507.1273805791558
-357.5361809546349
-151.81625889035294
921.0350730802329
397.91844146447966
248.5985710764091
24.21352176769766
257.8070916418054
979.1429580140975
497.4872999972118
983.8146381371647
989.9023253794638
250.85874908328904
1358.3297839718389
2060.2906605156895
4056.3288772842493
0
0
0
-79872.4
1439.4311392443053
551.8194438446983
110.96279766756544
507.3860943628927
270.7362816155953
112.72729868724329
214.03383411851945
28.41968750954551
22.22380340580127
-8.770660556996425
-13.899469906500793
-6.702681351477194
-39.21490399900713
-80.16350227663668
-48.68146127997977
-76.69916407527406
-260.7940055720744
-329.2596639359375
-307.44704852440844
-520.3389469601958
-507.1827163064119
-1116.682006783383
-525.8625297022777
353.0140486283077
684.34030907007
33.066395266559184
425.11801428048136
291.6244218993274
131.3631638019306
207.09358368448662
52.775571821989416
0.4848162254572932
30.927384422854047
-21.951713445609172
-17.75197936772961
-0.036067691784239145
-194.31850939458258
-176.14878332456937
-113.08896360185139
9.54725641103646
-13.12903136637732
1026.3105534000783
304.7727410962525
-0.01333298337403356
512.95461709688
-1.9292705319747765
-319.17707895388133
-789.2238437380072
-4896.063922110866
-2452.0294388898874
-206.759344065476
20.205878027445998
111.29711178425127
294.2576680241358
182.96471435536608
364.4055515202505
421.5792633619942
255.94816420884624
148.94775454177977
249.89397960202675
134.23608051887337
225.07186552481193
95.35141472932791
197.48762039993568
204.591044260957
129.2030616117824
291.23925490370345
36.33717185273695
15.418006078089029
59.38570653481706
103.78842764628621
23.612712886800047
31.829478628487816
1.00863726697118
60.83863759077144
0.6191838944018396
0.5100598785290456
-6.293917227185807
8.482931149572943
-35.74093205799747
-0.0007006848398516882
-76.83798584011957
-32.16378760711257
-74.48536852181748
-49.86019597710186
-162.48436025077234
-101.56919018493086
-178.89810637518212
-208.3833980178124
-222.37921663847607
-296.05053714368495
-316.55346801500303
-384.02737581735903
-529.495244706948
-289.33991921323985
-321.279577668922
-467.02367498890726
-383.46869724216674
-475.7787303712871
-452.83054615723313
-302.12956283153403
-102.55852883708666
33.723089699956674
830.474207685729
1122.2929407556028
2475.358663822046
599.8318901815943
50.8931566272942
-3.133441697218025
-61.860996024904395
258.6142774471958
535.9337630772579
113.34327774785015
685.6516262420591
295.57382705242304
275.33524464775155
42.9576798523085
55.66796030730342
-27.395402692747275
-378.73997197622316
-1106.8754421816939
-1371.5290684846375
-3884.9322619633667
-1076.317593713759
-40.825265139248856
3.3440615749129043
-0.8677676784004564
9.802392965726167
-12.70390365180667
-69.73517535538497
-253.94838706677737
-102.29557871584785
0.01902348434938045
1.9516921350726673
115.00960904152586
774.7215010886525
629.4015701471978
153.4808259970319
521.1224716484064
407.9267952255749
250.75401509484925
215.81360776548814
186.04664784430025
225.42058382991405
176.64931717671897
22.750025421770403
167.30506610331557
40.345347222979
26.28888050949198
0.8803121855456439
4.9099094308020526
134.46108320744443
95.43073638926217
-0.5470450497642941
26.504306517396746
-0.024046397974919226
0.8463487046903873
0.005310142009001904
-8.454932675090218
-2.087802974961046
-59.30167504920165
-48.42447463001291
-71.13204712029619
-134.5663608170708
-208.2196132481534
-123.03211702303264
-287.9380034415574
-636.168933192842
-304.576286504703
-418.58664175637375
-421.4326993660328
-71.42917628577825
-12.330597561139484
72.47481890490656
0.7565646563986059
-1.115116273057323
-0.0031750043297684508
-0.00512153460678532
-62.6852634805784
-11.855973325933913
-73.58833806801063
-142.3693905380584
-213.2017847703284
-163.26479977162597
79.8830427693724
1825.9244849253428
912.5180722088699
1715.1752511344955
798.0404644017018
118.33047585770868
-73.35797937287158
-842.5956167844513
392.61883207589983
1077.0434180386183
786.9214262046282
1293.3050490123087
2000.9836874696161
1973.8879987658615
1595.6236168481032
1411.845604945417
952.219938616126
1053.7168722621132
627.6808254552878
531.8164085101885
217.92072248032298
300.08048315897986
109.92062592440045
68.43043328570064
107.64564155476285
-47.7872915732133
-9.40373116856252
-77.76736832355296
-133.12340291868742
-132.95768202997616
-340.4643068048604
-323.000566675033
-542.4938845766881
-814.8745983929186
-969.3811934933776
-23.757580087169135
-1071.8456239723864
-3568.563249679529
-2269.934109986867
-941.233018232154
-44.78697731256034
81.69981281724368
145.11029863195546
46.14187702474197
-1.6550941329437632
-74.7808237995066
-469.7061497961221
-1320.4214370610332
-490.7876416520736
-738.4183087721234
-714.3947276383929
-828.8516478693343
-1210.5806546590607
-1095.7672778017086
-1206.312256709904
-1373.8700763937804
-927.950835896374
707.5721285229317
2273.588303935604
614.5564804347757
145.0997739690469
85.6352682620958
4.043344949566998
-10.070988222363539
-520.3317029849145
-268.66117636877595
-300.4279145973595
479.9446887336131
3310.692297962377
4570.861615897064
1920.7355280592897
1213.59892465794
1.947964105022344
-322.04381557168267
61.125423969984794
222.32488390323303
865.3372132591726
814.7282571495218
274.0828689215397
-8.78721486844631
-7.7732510214682975
-543.7826125087638
-750.5421959236517
-672.9147311806877
123.04878537448462
744.3665601482683
1444.9183065875152
306.9552190632003
-261.0871400003764
-1475.9835186134871
141.81354349901181
3088.8457372006933
359.57698750090833
2594.8732654306245
8233.80982003704
18741.735390757352
27725.723203211746
57232.32030160542
-222429.71
-1.2286823588562252
-10.461589933592002
18.255607703019088
-287.3977078101634
-308.84308440597056
47.80656773996973
17.564103940635384
160.50850396073062
2076.8361703094283
37.3351075965181
-0.02438314359892141
181.07233512832045
-1.6171119466001591
-10.186938506741523
17.958404445642916
292.0372270079672
111.43614638753225
374.35417676078845
86.13299189839735
-898.8807253820387
-109.40660683376872
-98.81862506492087
9.575137281173648
46.264378147287196
167.69886817272695
1.7568175692153736
-15.366850512647199
104.96036330925233
2516.6139248531
1715.6921710611489
1551.564716461677
387.71694298259376
1003.2468391281495
1566.274243231045
697.4531630802285
1.230904098733777
-467.68964826461735
-136.34618055119847
-88.0341180754104
-13.060139579351091
-102.93488930545763
82.76749996276108
-1015.3945539527144
-918.4451077459772
-9.394996571844404
-979.9403886631029
-2795.0263303866773
-407.78384912201943
-24.10976934268001
-190.69678154843663
36.97845518816307
-2150.02689924025
-1756.5559289678913
-12.131971161730364
-942.4301103791718
146.2596981025943
-693.5493594668574
-1625.7047942474871
-412.9049536492405
-114.1677833254128
-742.505557566271
-2187.5191423189135
106.81871253810996
389.6446169211421
0.3641542492826377
523.4576606381045
2660.058221321775
3702.5565608237885
6471.427604374634
6510.994328530423
5507.352082218427
3284.6965186389943
2536.1426858241475
2781.037893844688
4959.350945091809
2955.523061454886
2410.807622515972
5436.7766003521465
5444.411485056991
4876.45514270576
3612.027536969349
4993.597856995475
4560.91625978477
3344.2941883236936
6417.029392257532
6603.390541535337
8902.986527790703
10289.189657453113
12241.112336957603
49082.92267738086
-246438.96000000002
238.83854414299424
35.71770165737906
0.01666491725353198
-29.983233293992097
-1.7263721389160724
-89.16215932140221
-49.2686264685872
-82.55135225289783
-240.2651895632422
-261.16844786328005
-322.1622617771605
-482.0812296558063
-618.6988001068156
-771.6512804999313
-1132.0358167775976
-1354.5501525468783
-1594.8830513525759
-1745.0852577851847
-59.362476036290715
304.23951034544126
31.70029045002732
-182.1122954797995
-274.02284985204665
-2240.3459173562856
-251.72925801246552
53.22607619534659
140.07173996541388
374.12041662618856
406.4635301837935
244.8642848032673
183.27707006333634
127.71618073997224
54.14261793535117
11.25787668618835
48.76203174513949
1.2931906284554022
4.802675302818273
-0.8602351356783628
0.00025958117739899994
44.35300673702682
220.71728926587403
125.93788102684772
99.98139913639994
61.70584660098773
9.317647399371051
3.818747674199737
65.1123735965098
4.320102992792773
-0.5653074002131909
-1.3865604822835536
-46.4078484152344
0.01976786641861147
-72.57057400588639
-9.73927258047437
-34.129094623494076
-21.611183766405162
0.3201091850193129
10.159852318686887
-126.78342379060399
-80.15620374716914
-155.36200820370834
-85.095175870204
-0.460638715830748
-23.503242414806245
-6.219360576306193
-174.10138168743242
-71.57290520287219
1054.7741425845752
165.7962822867705
-111.69204473286852
119.54994404767181
139.5736583183022
447.75566801826255
65.26398779370929
-6.566884286084872
-45.284934396086314
-261.9685109001866
-322.19802672989306
-516.0431824716217
1.0586669226860566
1336.2008595781579
1079.462994808851
468.7691233168447
1176.0854182749893
958.7385359124376
203.56893725444638
74.4225461522235
16.376870316414823
4.944015177236479
57.986439337277034
-134.8287317544193
-1062.260358806927
-711.7528505120837
-1025.7079041102852
-164.43737433421035
-11.715782182189109
-290.1082314070126
-87.30242229367664
0.35732401366884614
214.21713428454905
38.99624129902871
35.63851380969526
-0.17066353154908775
-5.63187481026762
-58.95854449472934
656.9059445885184
7.49692643027285
-183.08741898456242
-1150.8540191122506
-844.8348950533452
-1073.720630062664
-315.54450621745866
218.69516166532537
1218.8922337265865
2325.3297422544406
1605.9820918951816
1103.1721768546054
890.4036010450682
885.7784766383231
471.78238203466753
45.655071598707224
19.20909583604111
1.3511752521950692e-06
-35.44293940899986
-81.77524049612035
-365.82348143250135
-568.9157612185883
-1600.328640991938
-1710.2436361278012
-262.86413441928937
-435.06715112442413
-1144.9745234711554
-1712.3956002395275
25.318432042596154
1628.8064449190729
392.73379715160564
9.92740264558867
-323.4310244848891
-3474.2427842262623
142.35454584609317
2186.1755016244165
1287.542545491764
591.035410301138
991.290455479915
891.3064587672384
1256.6300921426623
2455.4375579231773
1006.6421496091045
1730.7556058507116
1463.917513576535
580.3026754840615
395.4454291859644
59.083419107174585
43.950771257851876
-3.352931726474593
5.7461394488813164
74.89748864797596
0.22984463012428372
-0.016656709179311283
-46.48195712978753
163.70099227632022
23.925034850979117
1.6566247373289558
9.154235903072175
-2.1742904846653257
21.880677064588404
1064.8672094918356
62.824291896781325
-266.92914377534754
-583.0742044990636
-1634.4134737245467
-3410.3785607420054
-4785.224779018987
-5400.750570926031
-1146.410283205866
-2354.6212941917765
207.67805374809166
11.520569020109852
-296.6622084963092
-1180.9920961373518
-2013.0711913452872
0.4564148544663994
-444.5338839849883
-223.34454682222594
-60.881853494362545
-488.85512202481937
-714.5242819014354
-913.1394156831365
-394.23556766670856
-394.43764054401
-120.10263821648914
130.41150460987512
2765.8262885818285
1560.1436398731435
1544.8242124814108
611.9418082537838
-115.69341341177076
-171.04899354283796
76.19317531555905
2579.25102490325
1078.63225223767
48.509894031373136
0.008458165106687624
-11.255983517579
-100.66820357688928
71.61600866602366
11.213737146461801
-6.035397895523795
-452.445832425906
-1870.4667983338768
-675.9039425245974
-181.0808359268347
564.9124537779128
126.76442395184617
-1361.5284231603916
-1639.4212682878979
-210.5126536417653
-181.5830989465886
-472.6079156065759
-454.8250597461987
-109.52793745812363
77.0907802256486
-22.703577434346716
-101.25185206012964
-102.7457373531714
406.1433514985016
34.694186031699715
270.9605676226948
1436.876211122607
-6.134768347208363
522.629670336556
1320.1923056170672
2171.3674865042613
4559.8455767555115
1941.0925625893765
670.7128324387785
226.19045013895897
31.217388697269648
4.783887056600853
0.003723525005111395
74.61111540680153
252.46913207851335
145.81990262574772
36.32466882620663
24.9785027149363
-10.952796548765857
-238.9673034194941
-108.878834913458
-232.95122639668423
-659.7961668131741
-632.3206960496428
-20.705283052090312
17.903441529208916
0.37453750840116573
-50.5291504439804
-553.1935902106895
-4143.910485461123
-1805.1795374560384
0.5108941948025215
79.281616264697
44.49088195140155
16.37922017394428
18.73172306254419
-6.484619737423239
-10.945834331080578
-63.36238146376027
-172.7655518169138
-212.33383189478425
-279.4987046121034
-508.82282117343004
-64.35244788690362
12.494514386522466
71.17576376650777
19.868483209036153
0.0045065093671225916
-45.81491195183241
-32.957241659315294
-41.873301518929125
-131.51356461337406
-337.64168538554924
20.656912835274916
1003.694507107016
564.987165473184
128.39943448329637
1022.088948552902
-42.245301835360074
-0.26989542053289545
407.5807158979332
41.32947817920162
-3.4928185716152256
-377.76869521935794
-162.73915665677333
-1863.3303353992328
-3737.2297617938993
-428.5379929088625
136.8220389240568
271.8690021480075
206.23368009746935
273.9235555798346
18.832117454142526
164.08071953756976
344.407420603141
287.4079908115778
146.74412550818994
120.97914832601403
116.16145777318067
16.11872399723772
2.7639041381118234
-4.229673113715128
-88.17868801342429
-273.52287362673206
-90.94127886307251
-105.71954516273627
-199.0255398381489
-212.7620774276118
9.020204357793848
300.9486160030797
193.37184082340957
617.5501375062963
702.4875356073535
341.4352658471215
69.06931317477276
77.53536233167551
11.973216541505968
-27.61005451008311
-0.2550916506546572
-9.572286257784963
-51.25021259676143
-234.79208170042577
-292.58778601372705
-717.5360851933275
-648.7568281489861
-801.7932546696776
-469.99279925577025
-103.25009898400808
5812.9513395692975
861.854241613361
9.72011080770712
-98.72107827467212
-619.4551859440337
-268.0027809304407
-37.321181589265564
1060.432404922166
1093.404900953405
726.0455225896753
577.5087367009405
793.0018192066068
456.16614194735337
364.09221433194625
971.7589799340789
535.3876253477401
158.2872687502766
85.3068030730739
187.2553757925385
41.235976956160926
47.56768637348756
15.386059863277387
8.704305068947095
-16.359583134970467
-40.234258167587285
-13.14276511194478
-27.104078251634704
-119.17480947651218
-384.7884362811796
-590.3182800778181
-1590.0119696843808
-1631.8514846299508
-649.8182206991762
-592.8505475223391
-184.742456645679
-258.61882879626916
-355.25735046872535
-200.40259427290292
-206.3250482535896
-72.57834814044263
382.6483072315614
-3.6716293231209343
-203.30224583669207
-932.6800017321513
-84.8482714617718
-40.984453459248805
-115.51695986928252
-93.41927364405518
-21.926619566602827
-49.38576467373917
-146.28211062538995
-334.55896396977715
-440.6951606405351
-515.1848187814696
-147.62133769252364
0.005015066550394957
-2.265985252191569
-10.629089880337254
-237.7434377994252
-432.5838033778407
-313.40538497097464
-417.01467156421586
-881.8473504759279
-29.01426395623998
469.8139117812161
42.27358037558642
266.774504843504
-13.117505347330898
109.1922054149328
645.3793169294559
3267.89797905027
746.9469159353242
529.7589404080176
203.7328872608851
914.3844889452093
-33.255292290020776
-0.469479373892091
-201.92713265975448
1252.4685102256249
-6.414607533810901
-187.82078605512703
-0.030667030453723945
-4.66546817444535
3.6327493906428328
-2.3883647972976147
-28.922296881490546
-0.07070711596623136
-937.6530041549831
-1104.3673623083093
-221.9003180780726
-404.91192894941906
3.6573908583136685
-168.21262096626415
-180.90178518007147
-81.62226275437847
-168.9739834613656
3.6332129700041516
-1737.1627080596222
-90.95478741169862
-939.7050386048965
-1905.2191392833354
-2478.6714104724506
-551.4020803241438
1696.546684732844
2333.263486296211
2524.412472154918
2307.540459368361
1492.119169938876
1874.0668292839512
2144.957709338999
1453.8779750120962
1511.9014316813505
1307.5671539457928
1081.532496346711
1202.00881486584
766.9270274368697
849.1632826304253
627.8958333760968
363.36448351501116
528.045496116901
278.2315347307651
303.6754453753894
268.6115775189784
235.71094527838054
85.35910869644032
139.63793503722403
207.22261850098573
39.200671990447475
20.07256681882069
66.5353114272321
8.867910720675638
23.267115848762202
18.987528965525556
-0.15969857476827476
0.5180583960741816
0.3409510624277855
-0.03445545326129726
4.18334824491017
-6.803171914010012
0.0515777925293071
-0.42354632638068446
-1.0737001514839797
-24.605929462228342
-0.06438400176718284
-2.4783306286476234
-19.600879316767568
0.002422965381440434
-2.359718741699485
-31.533436845814137
-5.642166894379061
-22.95094921871279
-1.2129969062350314
-39.617449611466
-51.00930767847473
-7.515707804619821
-6.527120272630802
-2.3283837857939487
-47.888876346133536
2.7408390140362977
7.818759341062471
-45.68295969118626
-1.7994004565305035
-13.111300778448545
3.460551835903199
0.03721958433830159
-7.8739243015316855
-0.024421994758317443
-36.374599929254614
-1.3277261303933514
-17.509176925263734
-16.208156655854527
-4.740481585178992
-35.61271065806504
-31.087559923575647
1.1370425412146832
-44.444800099836016
9.583541051538047
-6.698270295760836e-05
-0.00046551802518539814
26.217944328716104
-1.2221416414621498
8.63200773348277
0.0010071986841569379
4.422325451057439
-0.4492388960746283
-2.9999869361834124
9.136934959026885
0.7956890211720915
-2.453420211525825
-8.66952714126809
-27.3068368919406
-16.696908833069386
-18.745415170336578
-1.179137966492364
0.3515237140952486
-69.38741511812837
-16.68269290285294
-26.379145375606434
-9.777573304470994
-6.170369866090537
28.674759523169715
109.04046946109351
98.91404126598155
172.4099626164757
78.93679151800185
83.70100596389653
85.73480875660606
167.50896789263132
105.24058163363111
27.317574410757985
44.83025795071729
7.9978507272582915
4.204624274226479
5.659966208189732e-09
18.696631833127284
-0.17678053476740324
10.390450667699728
14.535903514645966
-0.30867309888592726
3.344667566632566
4.52096239820553
-0.13227761908274424
1.8403475637616442
-30.942727399689005
-4.095285116448557
2.089028147018271
-47.812979690315615
-12.156990724796298
-51.91706210131361
-16.343805004857966
-70.77921353123325
-34.44680345322076
-188.32079164738005
-68.03516783305561
-114.09855924213866
-203.95828529743306
-225.4786534124188
-301.37804023666126
-138.40882070165804
-94.03191664661888
-55.874134536585274
-46.334017424010874
60.442902472906454
304.6786421079162
12.769132178234225
3.20905898292973
-8.081073344199687
11.17392785641714
82.42943754191032
-37.9587078977286
-5.094053313030297
19.043392883011855
97.35928173261502
100.90094929270882
0.004054089124462939
-211.0908463506145
-77.74495693639659
-26.496614437922354
-172.29449329649026
-280.64081377120965
-571.562940182043
8.821923463267742
-91.77053585180657
35.395264657647004
155.6882075288931
1913.3951467716333
5696.084698964793
2785.126034055916
1377.4876757726618
2320.7866349315045
2058.840728293363
1138.85770055221
75.46025363987397
772.3064155492086
1214.6043500823175
621.0111107747691
6458.3322628056785
12176.983426843937
15939.951262066157
16338.85417689037
39116.47030096131
-228464.18999999994
-268.9387225275535
-1202.1332494211333
-1003.0445410255678
-791.0905277548126
33.290210954358756
56.4542574771903
-216.2167876587531
-437.86969950964453
359.0711276460341
637.7975413546528
861.8419243876729
464.52770422241133
64.780742667059
505.37097099982014
1781.1290764093974
396.87357948847364
2056.240142895116
190.05489984181406
77.97924580032506
48.697985058049206
-139.80932660176046
0.8921034727207877
-264.0821671233796
-370.54596291675784
1.1456443218062424
51.03780628525836
38.92771675005418
882.1827563510453
396.03550992024316
-54.872073756766085
391.5609958077321
36.05322652661384
-120.98335214221159
107.32196985177515
-919.4911713930428
-37.01290536014306
1113.37821920682
8.03917953414393
-476.8104939592281
-1682.523687717181
-72.16227322693464
-1592.176664381373
-1558.242820648244
-0.7388039732741976
1232.1933368864509
35.97978924010194
-35.223705242646105
-1276.38801962812
-3016.02266078458
-269.51018325244746
-0.19984353867962187
105.5477729894667
-1191.4293519208097
-2200.5332156051763
4184.733229018877
3045.5229911018696
3123.5614346672273
2708.8083253359764
3047.819475606458
4325.069602484759
3950.814641702147
3220.7022671012314
1822.5461853867653
736.647720833151
663.1882603878119
596.8386531190471
381.28976809442594
405.8101539673992
267.2345225077754
146.8847911514692
0.00828145661109755
-30.98815617207762
-19.003894403672813
769.2518982539691
285.67687590767093
-145.56506493521374
-4.65631339347153
-343.68683116728585
-1100.7314711775375
-2348.4387412431342
-2579.353098900107
-1498.9729315609268
-1370.367498637503
-289.7928183774404
-358.55140413629397
-770.1907605851476
-933.4610965308802
-1274.8693447524508
-1251.1096459189594
-1407.4952419266579
-2369.812271615673
-1733.6676003261084
-956.1268159015043
243.33481403564605
1128.8172171595359
353.1786734103859
181.34925001636066
20.69150492246343
42.63851686551087
27.98925668578395
-90.3349692730251
58.88298680273313
35.385818741698785
-0.09730288596397407
993.2041838002987
1325.1364724649652
110.82842285492544
-1.0519625520996874
-146.36836650433793
-288.1641636505285
-768.8687718328498
-656.961399010314
-944.6046773439352
-1703.51213165339
7.685648820146291
157.8654359287795
209.71975494727403
1156.9058494898445
464.77797879743
681.1119430862791
230.8632144521353
-243.72421237123478
-110.24073208568277
-994.2217007324532
-187.29632699531751
-21.78597172399126
-288.62853523539076
-1897.3432346519864
40.105055777470994
315.0281803958643
-4.24621486872671
-0.06061216826353198
10.219604956334866
-310.76625106807666
-1877.98272526683
-10.658781231737414
78.93051399929212
-307.09158257582715
-1683.9117528562201
-328.34292927156156
-632.8723996999752
-1932.258782597078
-505.1634515958827
4695.891286319694
5251.631565005096
4599.118101419122
3780.230478921736
3243.097968821816
2339.4664562051353
2283.599036217305
1917.6266940279622
1590.9204960651698
1150.0157786227567
1143.841656334293
889.1469772186663
637.2117482824069
666.1360332162179
265.3652894183097
362.9109890507433
78.09943487250203
78.64604144072186
6.214312150522307
8.600227532782572
1.3878996937449801
3.6636063233395477
-56.47919599418414
-129.85573822055625
-202.632859222188
-361.0740360548707
-442.4645571203988
-751.4380084321247
-1008.594731708829
-1393.7330377580215
-1389.9507979722978
-491.2840606183011
-163.86810244378313
-366.2240143197443
-728.9292862245658
-685.9427149624362
-786.8004672111975
-1577.1792833362456
-1292.1352160804515
-648.575117753837
300.024533751464
654.5080760348628
50.79415465479246
-13.880095387957837
-530.2949354765148
-1465.153732798104
-1954.2501326743431
-87.80088955432282
2538.845207708205
3179.4781811947832
2626.624458575009
1239.909443333994
733.3081705718007
1047.0061282456224
3386.5326816524457
2105.741605089811
871.3826805034239
1010.5931562400626
1056.103126803397
1479.9158401418351
1792.534745754288
2253.6829794015157
1550.521004760276
719.4446453505032
296.3548326963806
152.2758607433403
-0.9573246019494206
-1.56812324867066
-138.3469453639781
-601.1447566046406
-735.7531612211022
-1367.2359769006898
-3061.4580905371704
-1758.0664201296784
-121.55250451214346
-0.06665764769982432
-35.007622203553154
-75.19162778160083
-40.373826576986175
-149.8410218661764
-221.4006383537938
-319.50840324991134
-402.5681615784745
-569.2670782781919
-737.828548559372
-1469.9199002868022
-1874.1652711427187
-3290.186742468461
-2185.7182615435468
-335.53388338639166
-151.15905252517905
-265.01831323141346
-252.0721236956818
-557.1812197093542
-805.8693511791046
-538.252906654854
-5.448786887425608
595.1726742804381
67.51849142738563
743.4034949495484
1536.4981246366904
783.1740328694115
98.66465806202618
889.6732581444531
185.36459205506955
-282.2694934235252
-1047.0948066669812
-2512.4787526995633
-2684.765650009914
-3125.0968047205633
-3747.5448329427736
-13.093714661069907
135.81104702739026
190.32943651940388
51.746134253238345
15.926112884318552
1.5794873025046023
751.8183980120966
1341.0031603334105
1034.1317973950268
2212.60286638222
1143.5882578645003
2855.9817721054324
2277.9740692987234
2842.1161093361807
2233.1532158719833
3250.6382893151767
4602.814585263111
2618.2573871747745
4320.743953851862
4304.634658260418
6537.781986400944
5328.912813806281
4936.907350340569
5701.752741321037
4297.456799914713
9259.233780364055
12581.352676261056
22974.216148796993
23252.70369946187
32003.48451750823
33979.67939815413
53168.39417334265
79021.78908893745
121484.25944941209
183769.6126386427
254314.16376114005
387153.02492321946
391857.5451124644
424730.9957532183
462748.09634948825
548048.3371591244
657767.4691305154
750822.8599707178
853309.774312141
980048.5428258566
1281970.3794519925
2166342.5362631455
3436595.127830293
-2273370.33
-2234123.67
-1169623.88
-840851.28
-682952.01
-482378.19000000006
-385612.55000000005
-308903.68
-328651.29
-336762.06
-343573.75
-334990.13
-375003.62
-283799.44
-242367.31
-273478.74
-244903.42
-221577.6
-218182.33999999997
-194237.09000000005
-195183.64
-192283.27000000002
-157854.06000000003
-139527.45
-118334.10999999999
-122006.07
-130819.94
-102354.16
-92480.90000000002
-91963.43
-81181.33000000002
-101502.55
-80067.42000000001
-73701.81999999999
-64586.02
-62450.1
-25224.839999999997
-33850.81
-23313.169999999995
-4523.31
0
0
0
0
0
0
0
0
0
0
0
0
0
0
0
0
0
0
0
0
0
0
0
0
0
0
0
0
0
0
0
0
0
0
0
0
0
0
0
0
0
0
0
0
0
0
0
0
0
0
0
0
0
0
0
0
0
0
0
0
0
0
0
0
0
0
0
0
0
0
0
0
0
0
0
0
0
0
0
0
0
0
0
0
0
0
0
0
0
0
0
0
0
0
0
0
0
0
0
0
0
0
0
0
0
0
0
0
0
0
0
0
0
0
0
0
0
0
0
0
0
0
0
0
0
0
0
0
0
0
0
0
0
0
0
0
0
0
0
0
0
0
0
0
0
0
0
