589.2199999999999
48.75766364249834
7333.578684302389
2905.512060311304
2056.7274262812093
2227.2333745313103
919.077671652963
1979.3359629551937
1245.0215595064378
1490.2809166208385
219.32922146580546
176.22826227352044
163.6842833417721
-201.55228758911633
-96.67632595032026
-213.69504029397223
-67.49872954199294
517.187985127786
1029.2836702284144
3.3173364018625406
437.54718147387644
671.4807640829791
638.325617729491
1810.6260522809534
481.7637772962331
104.59515670005473
-7.245270364944688e-07
507.295088942658
402.4400273647598
69.94348334523335
-32.2046430322863
-260.44743755144214
-283.1095137174459
-442.34366062715355
-1236.7360863830797
-709.7553422613082
-9.44940146766098
-62.619337338874644
-0.3845391621664921
-6.715319274603214
1741.6488514640928
1185.8331898783313
355.3222693096194
343.7962813471085
374.22470827181746
-27.338064024710306
-617.6876513920427
27.142288407460974
292.8306199713599
70.57694738484159
-83.41231660281322
-253.03752815178103
-276.73177937783726
-535.86323096827
-407.931527331977
-734.3861243987989
-326.23039143357107
302.174436406938
504.00249293359883
-1.6573212621461684
-196.97883130673057
-1202.8391676742253
-336.52179393853964
-547.2790077284395
-136.08943796162555
-16.125239272853964
14.2337668253353
20.65901712886253
-198.66145519551227
-486.93893632934527
-213.47908156538455
4021.9923834469955
730.1871023909325
489.6135997116799
1546.5435124641676
645.45903421732
536.5313679246127
214.7902802859536
129.8469932379922
-1.5041952933960192
-25.54052174077015
250.47022381765703
7204.118846621016
4054.611746768389
2591.312424189855
1393.8341720052135
713.6992674692142
373.0236543887246
180.72253489389016
102.81819877625709
586.980229233103
557.1946710414919
71.5908900704317
214.04989152278583
-0.11909303938950025
6.230178699366444
-24.8150447013212
-103.82843206909678
-155.26344613908384
-385.4204757571487
-812.880044721078
-1053.7255933839165
-1916.9823179301022
-1701.6363613661576
-1242.1071197200279
-1283.6100352179456
235.29838908293934
406.63323913630285
235.47183410459616
893.1968058595071
95.0307039506432
-23.24495842690415
-266.84556588387295
-612.4803417799593
-2080.9645356983337
-1922.592222313657
-1293.2415176305956
-186.54399150661027
-6.4836318366369134
-549.2076133537729
-1922.4000520799566
-178.10953744648884
20.431837634165362
1016.6543383207088
3806.574603526912
3696.349114434516
2182.738821101696
3691.9890853263596
2215.4139023409025
1193.5302079069684
857.1217018962209
758.9700616687633
250.2222637771817
162.0261894274717
373.0684648366195
68.17731600146453
230.22229004880313
46.198699351421375
-0.6103382367906487
18.699745078373233
105.72279515728586
43.74783148308833
273.6803175872767
231.0090797900856
76.44438657028039
28.257640392766085
-0.1096886880140244
38.74472899919881
-0.428296350399326
0.912860040010109
-50.08011526639675
-63.28405776519096
-207.84148432168075
-674.0626130988643
-1289.661100079736
-1275.8787590180634
-1065.236711108395
-1028.693862450079
-2486.394576918048
-2862.1199800880945
-4430.687490783916
-1607.9598491088418
-1117.4828994157906
-460.5947507868413
-341.86128092471046
-241.93847892949702
0.08386703160445362
1619.1693363830796
1839.325509956339
928.069562357391
112.65360812351203
-17.853607647206115
-427.4317791542562
-377.38959799067027
1292.1044876709943
192.63863082578052
-280.05725332372583
-665.7460327428012
209.35449327797096
448.6074557453994
81.25625512195549
-9.744064899543268
-18.251086731677564
-23.704106877104138
49.48878739627823
89.54921938566557
-38.02977731660822
-446.20781525042764
-1552.0297645022122
483.7943045879714
1744.728048466505
1241.1136055040913
777.6873849163293
1195.286971229553
2140.8170837296016
1513.9477802593183
1223.3315163569875
339.5543676520576
275.0678162599153
20.57602406820621
106.36035755561551
183.60944082004224
109.06457805875681
86.64550944707301
80.32692408135921
243.87155312710934
34.60550712594251
63.46477176489061
0.2462757035175528
89.19052885056982
80.77220475691794
253.362905766576
211.05685902414183
479.78662140821365
463.86673974367204
64.86117752715015
49.51152909582864
4.482502174399221
-4.469563486414102
-75.33842790485491
-109.09831035157484
-486.8808969600973
-110.72358253425227
-104.38840526277099
-48.34432441683629
-107.08918088564825
-5.039620308383232
-22.009040442617227
-28.103392469218207
1.4013965752836768
-7.743246202755111
1.430240756039816
-3.933612777148651
26.20233448194616
46.14481556022291
0.8869802415739294
210.99149921654046
61.2261466875919
36.17895591418144
-0.03917484731608943
8.733639792143451
-42.498226425542356
-52.19534352783427
-464.1627211831558
-40.415434044377136
-145.31196985350255
-126.79515942772807
-145.6050417578356
-159.39497323154717
-181.28618652285448
-332.4696140967825
-101.26148033689799
-279.00089817904365
-262.0827629122665
-153.9599550590957
-229.49386498474786
-219.63031108203666
-326.1758907700253
-332.6300054879106
-666.2789627476278
-494.3760700449699
-1055.2542667614844
-1070.5972987676957
-254.94068342182857
-862.0115400892962
-1847.7278781890823
-1208.8302173248303
62.05678283037208
2630.0413528987824
1935.2024767364437
462.54301283322405
154.46804410638472
3.9574222113153983
-9.77947662534321
-468.3544524397985
-1146.662674564426
-1764.4340638379017
-83.00452732575148
2.719016102783516
22.633146386960995
-4.742209861131258
-21.37858468539204
-261.9109705585034
156.65461727202586
859.2653146238565
695.6237665123055
1160.9520659693849
1348.2571969758787
1556.6689634226054
838.4084047041864
812.035913835352
925.9890821542173
511.8594359036549
561.9152399121969
911.26394688869
1930.098736719484
298.7455891851504
236.93430578048861
408.7203579928528
41.66592373167922
0.017399996484940502
0.010162630812449086
-17.19469832025437
-57.11935280574425
8.580391296881277
-85.34054379159912
-85.8836761385418
-81.66381334639004
-118.69316474240047
-70.62666640610708
-305.14410676891515
-633.021330452176
-123.14240380662187
-168.04223638807053
0.1552360768774875
239.74448630798557
84.00102626299682
-119.52218564208832
-586.8079017443681
-409.5283396202187
-331.1874600501501
-552.8648180570914
-545.7533098819379
-855.893870706177
-842.0062782253069
-1095.2309980833943
-1244.8668872964056
-1845.556062807653
-2078.8662882108347
-2425.864125991244
-2721.980212899795
-3610.101332838027
-4762.855912341044
-2923.2559432988787
1249.5766126581607
769.1812473803702
437.8361818285192
-17.347025215572696
-627.0370510575315
12.593378373765567
878.5055389339833
286.237741770913
52.37564328906574
1044.5636050986238
194.53503458535047
-80.79558638216253
195.86761428282765
1707.2662789165104
254.52830425372179
-7.608528679582443
-270.6724313813335
-231.4956288127014
14.801451087019128
727.1501067277035
928.855879326921
18.645031642808355
152.1695670131827
435.5572735826131
86.34846714011033
-11.298671388199338
-19.270771724899724
-206.11480777499864
-283.73787112236533
-291.70686948376374
-105.41188653727488
-289.7844949340012
-1208.452660357397
-1334.7914666839279
-5.339738761116892
162.50735451947043
1014.5253795677376
1837.5849747946588
1219.371434189873
777.747492223212
246.62901202394045
10.328718643166967
-19.96684089892561
-24.35877987649829
6.711449388516238
-30.062870907936883
-175.91634863841418
-266.96375101369244
487.2437115415422
412.64998283338525
84.17993413999693
-18.365034315144385
-247.25439116460132
-367.4313140247375
-329.5388916206098
-1017.0276248430387
2.0901418682899426
635.35607952931
91.6775415773129
-47.499204945566454
-476.51396533698517
-698.748850577408
-3208.7869225411696
-272.59631775592436
1910.884501980712
182.44084429039543
-2.585140643795494
0.026313204237142368
-929.7650727763785
-410.04935207575437
-23.31396292642475
-9.432448663318677
-475.993320843354
-873.813748756341
-456.17913558900256
-354.788199534759
-173.22041425653546
110.0178115156081
80.54449657555273
-3.3409013428734577
-232.23293948945425
-621.4236730089234
-539.3694270254912
41.55099904273739
2995.7038416186006
4215.888266024932
2547.7919515649073
1725.6226748494332
721.3991243280252
580.9462688979879
407.5249058652664
776.777764492719
1177.5336099065541
913.9823630283871
1274.4081789062052
710.176368839366
713.2035293477259
791.5027864618237
783.289823561507
291.006472313975
430.7015786887661
173.22843506736348
192.4843295594343
128.37956012707946
39.228201731971566
77.48968768840626
37.20162895445102
41.33191650594899
0.751257906508318
-23.08473645447694
1.2949486414274733
26.111526260991074
107.02894456693815
70.85990760695613
0.0031653166001139772
4.11963349633011
-32.741475013398485
-47.44102312059235
-117.7433588162157
-239.3208658143625
-457.8206050668274
-20.96759145140006
66.22688455028924
9.492031072787924
-5.872171115008085
-7.618591524923389
22.85484799960306
-20.40226619254202
-2.881813539285444
-15.494293133558372
-41.926866539710936
-9.889739387403775
-385.95041369332404
-389.4460708508809
-558.9960604163257
-651.4061376812099
-627.7742650882301
-197.50757567096872
-304.56138248162523
-1193.3621250812603
-612.4625698706608
-539.790740223464
-1458.3456150454242
-908.0367737995174
-28.31313991336292
37.154511145696006
61.16610204192153
325.7390969225387
2931.4047099485697
5016.695001758861
2317.872517967502
2321.558211687463
1142.1785777104833
795.353019311859
310.8252129498645
192.1080369616113
512.5241690932976
11.312810678423066
339.0424992348786
572.7033134588248
1508.0983600867326
-32316.38
832.8062120815972
185.77935589893588
357.84474967734616
39.40840249259146
-1.110542588399207
-54.71774299080062
-141.24819306272204
-498.12654507243514
-694.5397051275177
-676.8428964912539
-691.8909104563427
-783.5162156500367
-1277.582687693991
-1141.0889742490992
1.5285422287555677
-44.28278206614777
-162.05519334234415
-390.3785403152147
-123.75744939981496
-270.25091541797815
-661.7874188267949
-815.1815745791691
-1581.3903746538713
-1604.4470508109634
-238.9229317830071
168.5422036474258
104.3024306165448
1695.1857940207929
678.651023170487
244.9588142962271
-0.7629409629233694
-21.397903559775024
136.82404419238532
1004.2663051124215
219.67247784102767
-24.49666814278789
91.99517981414309
14.041853973604498
-38.91394163903931
-265.89222188751194
2.4664514865423035
-78.99309070157081
-356.6336500809882
0.1816760755881596
371.26224561586787
70.77952898686058
74.57488920565231
1306.372800200947
861.8088735471492
232.5246967762817
20.276839772015204
-27.406255762244253
-111.0573852570189
-289.40822768747455
-525.5028045325773
-16.578615811137965
-150.16477082958986
-1240.0145642918733
-241.8302747395873
-296.867074081785
-88.18843863339119
75.09136355760364
31.198275315118877
27.829526040911272
-73.94869058275998
-3.8081178852175555
4.491710732907862
296.21169887029237
-2.589262201136722
-25.02834417181696
-86.48696201631832
-131.95063346363173
-579.4445358281015
-1118.1250403549627
-1249.3886879142021
1186.3377875633341
1271.7052944329143
158.9864320000459
0.8359338415400409
-378.3880657922574
-611.0607827828932
-27.27546085995819
-79.68842347275309
-593.8878394523556
-1189.8025443273473
0.01086887887924541
20.711000642838798
-122.487655327115
-154.51178651878712
358.6518708772894
169.20412870267592
191.9529346781309
95.68777481219443
-33.98474574148374
73.88660903822749
-27.392187341207922
-10.769977371381795
258.6335982266783
724.2729931002606
188.63738192509322
26.960329685305272
3.31208734358581
-16.236019836488737
-371.09727849146657
-874.4875955639258
1843.6922805273555
1199.8686469534362
286.21359461341456
295.76806866683853
68.70947572873474
-14.244607179676658
-189.71091356908533
-790.8494627570234
-993.6720384485694
-921.9267463308229
-222.33191370294514
-30.138901439027208
57.28803206772477
-1.5877394922663004
-315.81042152434367
-281.36893793314863
35.74628225789553
53.949062531582555
0.24504661712439363
465.352577929994
111.69669171741405
206.92136534115045
912.6274293233878
806.2027684074383
242.91798319343934
97.53926931491341
-0.2730130518302072
-346.8427345072405
0
0
20.47527606183041
-831.5916375828153
-1532.957292796958
-22.334315545397068
2119.4517861043387
1197.7386569443456
487.6442497774296
299.5055895556943
286.7198442372545
584.0623089013425
191.94573105556063
40.08627063475617
0.007998874664711107
-7.67082426811603
97.42226287061487
-187.74698103641538
-100.6675699929165
-172.45505724937348
-436.1915419724934
-1084.5190186348636
-1850.3579843141547
-377.55087748324104
-62.31155413820406
-117.71140226804906
-1.1247555513193275
-159.58481240996898
-1686.179462553576
-3.371514971351645
830.7399981397787
796.0432494382231
1002.9892229198831
1820.2831472907844
1263.4950233429581
505.2646111856118
552.6398452237895
141.33713809715158
12.668251512226636
7.704360668830088
174.34829531296407
95.34656127760428
6.558798772191586
26.468499438131474
4.094106563470659
39.51062741599024
71.96316236249652
147.46854783333387
139.96830822313737
157.51296323891023
217.59695219784257
31.717199260884538
-1.3501025489777518
86.12185877528461
279.80921587899013
470.87576840848305
439.0808913286936
327.70984703338195
146.54530168520293
148.50142457281225
17.727804226120536
75.24587959942667
20.477977229324146
-0.12936948194064213
106.79878733051501
16.945132082953048
3.209569089185882
1.1810909444016369
0.7807466404720536
-0.6595158902387288
-42.16727271365307
-12.452634152650848
-23.88542649920388
-43.29924014237257
-33.099874314524975
-135.24251948863517
-65.59221267685766
-110.40488976594645
-127.2529039419243
-276.64033919835265
-250.83134473130121
-173.2937964896312
-159.38145603073207
-136.33604143299277
-0.8944136501199478
16.105145453613616
29.206162764806017
98.10265243575515
19.4305630556901
56.84723397811352
13.15183859141641
13.182813283318534
-33.68779411106037
-2.200685234623484
-18.304448019947564
-43.62758739545338
-19.59696077432196
-45.316329263721315
-18.02177174186343
13.910368078743737
543.3229806098291
489.6630146838888
302.5632189160317
115.99266107549131
-1.7922633827640564
-0.7219140087651262
-10.569311946736699
-7.835632711669159
-80.20238166489388
-200.06316819199807
-312.23041122363094
-656.3621647138118
-340.2102130324758
-314.00860171927866
-141.84388557760076
-253.37485158266267
-274.3647775791943
-718.0440438618939
-952.4239367459088
-584.2350273869952
-1175.601420074628
-486.24253175088154
24.16925636829037
-122.93659475732078
24.497014301475716
1299.535693938111
2040.3864951473263
3735.146132641953
2067.6300647642915
1276.4029520012045
472.7662223024097
1160.5214803693534
553.8124994507938
405.3926666240868
200.8700282913865
133.0350408996291
131.17630923701614
122.84559574441823
74.17274069773947
55.93521175010639
48.28440958642191
37.339180070995894
-0.00012526584068355093
-2.5350400241593802
-1.1797399597393412
-10.547084493063561
-127.11951819314432
-110.63148715878586
-6.326275838078413
-26.74642235677417
-131.29023347249446
-211.43274148121563
-598.1381298759522
-192.59413277358823
-123.32166093118201
-299.41437359235533
-312.4471645810388
-442.8857900098179
-105.20430377973781
-104.78531840002611
-63.20215683961339
-79.53348174919198
-104.28286503331839
-235.76798796868107
-335.74501988002623
-728.1781547224701
-617.4245430857014
-342.6822640814647
-405.28762434112053
-247.26805680146043
-352.570464015851
-898.7595822017778
-1278.446397677305
-1563.5981980787938
-2666.6497877888587
-2299.5081858199387
-755.8711241549712
29.500685328004586
959.0439970065922
1046.8111230475124
224.40021120384785
31.865389342599176
-64.09435548878679
-152.68587585579272
1827.531858515078
2032.3495958860083
1142.6545223273042
653.9752613140723
226.19949341937047
80.98234849269937
48.802882526007714
2.6823628072242367
-57.1779046265259
-81.06642652608396
-404.8706916158104
-871.1693612082229
-147.49033686262013
-225.91171427789888
-26.152274869477957
0.9065289164462731
304.57725347948866
3752.269792704453
1627.511300313548
601.6847139357079
475.26818996816445
184.1713136414557
4.544545267028575
-7.673040181263666
-88.12895578011423
-27.24251209214913
71.10188037040106
88.28917764984126
2.91573171087573
-0.0027163476199742248
-4.7128147036231125
-4.192855722886923
-174.0609509430488
-420.8847799584709
-651.7595504934898
-1576.9895719500428
-1345.1601637904578
-750.0642960663645
-323.77846996061453
-307.0697211492558
-96.41084762337987
-263.7147530016163
-1105.3191092243667
-9.421691073222016
727.5962123697911
474.7457670254658
238.00465042921226
-211.87664175942672
-341.98875179143647
-527.9400541591223
13.600734809393598
130.5251498183451
10.463401979519508
-7.372377366322465
265.66630581167016
528.1103019619437
2.1963258880926877
-12.073218527906105
-62.72746161750373
-78.46042956489109
163.97284183474972
369.4569545320239
1429.8271094610839
2050.633269364441
1435.1581926318777
1165.4346222620786
580.4088719887718
436.1779904032087
293.3163762849605
159.14764227498767
43.62926554836132
34.04772546040386
11.177422563988362
0.1857387775419219
4.405526907056007
-56.199855119918766
-39.62044066028835
-378.63488987423307
-147.00894917502038
-1.6698768012169867
4.184837612812668
-62.79606985432859
0.8226384876182387
-37.79061649815587
-0.01962369161069424
-24.52613226324131
-65.59845103329279
-53.550720916235235
0.5632403356358533
-0.26420107785119185
-23.600144897519215
-110.04975067603331
-162.03240800264433
-467.233959003814
-533.4122475543295
-1043.7025232529536
-1396.6388472173644
-648.5637130359446
-584.836830300248
-634.3460195737459
9.68590478812736
522.6105518787251
505.780755914751
358.00173495000547
1174.5806238302002
-775.7975300970468
-462.5071791701673
-182.78638936117352
0.6575845184879572
-9.088933663561933
-429.51601647349963
-222.970263211174
-200.98477622941618
-638.2507793049516
-1147.9763995495964
-3131.447703478726
-1354.9902701919737
39.82388777318537
577.6467848561238
583.4469293841491
104.35461066956975
-200.0068280946603
-167.6517337047154
-97.924379779841
-0.006999922338142924
244.81356185234787
-5.82242664924668
0.0484190170916992
69.53655289055888
64.42673077963337
15.781053615480205
-14.361751774615035
-361.6459258293954
-21.527909104146275
1259.116834968359
588.8577588391246
187.35026938652723
95.07630377920421
-1.8307342018609971
-8.84460052194553
373.76904386575427
277.5889963214279
135.2780886906958
233.1565008203551
402.1782461587629
-35.77607674506497
0.9114819969504353
-11.915219830006956
-260.1991498894083
-193.2751206738102
-52.320362965111286
0.04712443302203491
-198.58915748537243
-1060.0411874004758
-2238.1284305504632
-2968.82719436443
-163.6485620262146
772.2768310436836
-36.071147259661814
94.3424359034484
23.200833333931854
1927.259419009698
865.6894294296867
25.710161724032
-30.826100530333886
113.27712916548259
-4.5787516459423525
16.821921465427977
-0.06125530269125239
-10.432831154137268
-8.908270776344231
-1102.4005527286827
-24.030609740208384
2662.8624594259
1172.6051961843177
713.3820842116039
516.7408405419702
219.76770335161933
344.2099208038115
104.75487207375912
119.85423748106598
74.09476619856835
-0.6564115886399595
-78.75441827181736
-479.40649990363835
-610.6103775104546
-456.255941254818
-638.9208888141933
-1110.431523354167
-1410.5706806833393
-7.116245970956706
12.963685035980717
-104.03914981888072
-345.71314789364203
521.6942860583256
235.03981528489163
20.6544380666035
-30.43682004795022
-134.62697160457049
21.64315669154812
125.97548474368799
-376.5694256194597
-361.4245088902212
60.31574884062306
151.69863874940629
430.604713770917
0.4052619541874104
197.6347376115006
206.86723251277505
-111.7756572424581
-42.07148815585826
-3.3325674106114165
-3.8059321378614537
-29.426188907562974
-160.10028234636664
-87.22225196487818
-44.61626838763089
-146.89089832201353
-18.111315797280994
272.28434496392487
-3.046953830210805
-1078.307284013121
-131.87836234420564
-0.044172108630813854
-547.7960013380339
-88.68555919394265
-89.41200820601361
-208.0787466501931
53.29221658273472
308.1740849283964
124.34599739799157
-183.4487196114115
-843.8360626762011
-1383.9523773056635
-851.5389325163751
2246.6853038918152
3574.847813693771
3026.5779020188834
2339.749834078333
1371.8844070304974
804.0758185703426
413.32864991434815
245.42714220629787
50.03730243832307
-61.784843527564725
-9.22542428309648
-20.70783341489543
619.9784602538551
2309.3988414452633
1491.0131596104395
718.5163825029085
802.5888382462963
400.85616288268307
401.1529802891475
130.76199939789365
80.22253448663157
53.00336279080004
15.128607134020507
-0.9935844974860465
-11.6480257531474
-41.12612264617075
-62.21485781560859
-42.451047352465245
-279.4751712715373
-251.10422171009168
-217.60638435818953
-558.4268355261925
-454.6893871200004
-886.4265882739725
-1102.2994518061957
-1809.8037577731002
-2352.5984197605726
-1811.9350529563403
-2040.706694277104
-313.47413569483956
360.4685446733821
423.65114038916187
31.393063710590248
-14.167268084358598
-507.4011167515361
-172.54482404792165
582.3051531083723
-22.501410581323345
-267.797393124436
1498.5231014694766
40.09740539222132
-56.28976035459973
0.09956492364689368
7.288656724690536
123.557015340724
334.79018168783847
49.837788446572375
517.7450308689529
350.50012570300476
-4.528458360090788
-111.43612918154193
-1190.591989965862
-968.6610465123438
69.9059547686109
-1335.9223555583085
-395.42697953863296
-779.2807003605088
-41.06099658259417
60.56781852128074
370.37818761376724
375.1278280051611
102.01310382736403
163.51029453878508
-30.361225683386266
533.404744203886
214.41894055095312
885.9546623841221
451.43529149868897
-0.07118317806678069
-501.962883558053
569.514625849828
430.0432117319897
1440.1469536098143
963.1669978763778
10.416089220737106
6.938359659896847
669.7381354359429
3607.5029330196717
3073.0039311640317
752.2141104575724
502.97977057782236
508.0510085726789
2782.7398221994213
695.222000883195
2565.894115348674
1041.3251628950877
1143.436281759492
2291.6813692345336
617.6584206336197
5210.121410165434
10768.18058771269
102386.70023270065
-245427.62
364.2762000918354
362.7249122112511
36.73317630428237
0.0037763556967902985
0.6355857134749073
109.76089474565201
230.10002871003732
-54.89991295676699
-580.973281841926
291.65173893629697
326.0435941099714
740.3794109936368
1.5488324164845704
-52.77223987693456
-215.48458443396683
-26.155946579597387
-233.5622054120667
-4.894435281657276
-227.70310915787476
-480.03746921644927
-695.475039756507
-1299.9509467227706
-1.6265781266625
-93.04131741754153
4.797767655455982
303.128042084429
1090.6442685968761
369.71740500592375
424.12330055351697
287.83002136263894
5.993247023561703
-764.1187450936674
-1680.375671491478
0.5223727870297589
-29.9531574864681
-44.183195257911024
-48.914856206561296
-844.929324470112
-719.5053385709175
-23.159092582716365
-1189.8570003434531
370.1932585325922
2006.717268742793
136.73119754877516
23.830147466036998
1168.962553334563
992.2971857409318
315.7793808843711
-5.0736564703964575
-452.8761169324131
-19.144307412685695
1155.6334871973136
1124.3821578583988
634.4483973792203
772.2899082791585
2732.2262082973384
1589.4512880408258
1019.9087771334902
542.9243249686685
426.56753855725907
520.2042832045274
376.82526740415744
247.3751725699559
294.6707731695667
129.77269543144072
379.8006947805279
233.2830549920791
76.42983049206275
-19.24320245608288
-25.03924842283751
-18.276210667017196
-140.5907640559695
-7.365806720632536
-2.462838470413598
-132.11241739475958
-422.16529052608183
-67.40826918516848
-67.09510176890406
-39.03700834274004
-61.238480548865354
-238.03962446321506
-363.04373736794037
-191.85725175926558
-375.14370712036794
-1059.2263050859235
-1212.022976985197
-636.623906274556
8.391776663295733
131.48220659220001
140.7283542338866
435.62212701880935
682.1247470957059
443.18945044684114
228.38916372977715
206.8557472888754
20.08950564848062
53.2197447973408
-6.472895489124301
-38.68351157028529
-121.43929101115697
-93.82984959332008
39.26118593337754
-0.49775867590802303
146.9820226361022
273.5807504271395
311.46668509328686
5.783718571469736
79.24571576507965
52.78013783663255
96.87729341226364
33.53741911525547
3.943678692360684
-0.6446469884761665
-59.31259541013799
-110.1709874974316
-167.42409037345635
-237.7848549126972
-171.33582064974766
-106.28318526009474
-159.48462656062026
-557.4095488088485
-722.8981284056459
-1639.1588775568337
-2420.850878636189
-1415.9207306231679
99.3353056778472
-344.30183954122685
-55.72520322308854
-127.63257015954095
339.87076303280384
32.840765917458505
-28.740018014264876
-276.3205656739052
-566.1342264619705
-96.25790512724609
10.073986839665368
63.70534091091563
-1.690136592147573
-153.10622363419492
-1186.3286585289238
-577.853699963612
-298.7321736691224
-351.54732487121055
35.14583671297983
98.85895186139112
5.086137246565034
385.10257308789556
1186.1571663031302
350.8205655244643
27.61420014139582
-1.8089480748544207
-0.049964174626071056
-47.35677647559294
-484.641907965929
-1461.0521101599297
-674.9469575423033
-18.59768022667538
-31.723649278788113
74.99654528827074
0.9031396216660649
-184.08455921008365
-762.2969677165512
-882.5291223386782
-586.6619514053042
-155.34801105284308
112.63724741116525
-89.27233611555138
19.885225366081812
563.390820131016
236.82989054920995
712.6053339060834
94.53878248939392
2329.8756844307786
428.54262363556705
-19.81848017635729
90.79806387756626
-610.8137412066444
-686.961879845031
-18.670159528986424
-5.049777881040934
55.695017394578024
-11.524176901641107
227.001524206537
-9.23593210388701
-292.910720026118
-154.6255806024601
-115.0230267373351
172.7425552402509
941.9510232545656
17.867088338512133
-162.89354297210303
-67.66125351562633
97.86921504094738
0.41323087619800336
0.06878818266514444
643.9339430927278
17.10899576441841
154.87906491793476
-81.5759772652164
-115.08310826406581
-33.29285357197099
-458.68798391294575
-284.29782720545313
-4.650716609311186
0.6055749757030641
5.537947025080259
-74.47979028991443
-18.999707679138805
441.4748012015775
985.3887224800118
650.1885523953549
696.2212498635012
6.786651146446299
9.124913889760945
812.9957801016469
658.7215088988505
529.4115946041607
284.8315993744287
252.44223008602953
129.28597532560323
71.84950925776215
-14.240312152718856
-20.656095758006963
-194.5191151026932
-433.8791911903495
-751.4706978718305
-938.3224914180058
-1100.747931977388
-92.44612282799741
-171.964610668452
-9.279285821915348
876.6126573203209
41.52718923528741
24.01345127113425
78.2430276879525
-190.2768649727335
0.0004445329558945715
-267.973044345854
666.4222746239435
772.7902765688966
51.40596909269986
-60.838099703428874
-4.614651299155425
59.236247504990274
-0.8276001360008156
-6.9459612063396365
-344.79067824182107
23.62404300711488
11.5823558817955
1.2513474376642175
141.95889463683727
575.1501336545165
446.4041886630041
853.0292428439402
1501.4289882017247
1244.939741857432
778.9806856519201
460.018207491994
318.6899605956339
218.634913055345
158.3425751665925
90.18505282008724
53.69734696911602
0.08122835169266562
-98.68544877469074
-430.03061704544325
-241.38100673902105
-165.0764315959492
-413.7404176289592
-778.2817383839164
-1284.6464464978371
-2323.7547661959707
-3253.758417009123
-3666.0390106576438
-1386.0567395356884
-3.605942403783108
-788.1847593403808
-2414.5778668506814
-95.96580409828715
40.084716532954275
262.31303332128573
51.04671929846182
-135.7764330249468
-216.60322224768248
-17.243452315096423
646.6093843837069
1246.6609554158508
482.36797194524024
0.14286486568941037
-399.3642190144348
-1.1244048204848143
82.02281811238493
-178.66621034794412
-127.67932760563957
-221.2154042724044
-248.84357481227914
-78.52515016636995
0.09600709759304274
-67.28012450385785
1.1637645005715618
-2.3019224410164734
482.3772439741115
2114.5298437675647
1483.3214136493975
142.0400127178885
28.346883991437394
-22.30796751897267
134.00820147986835
122.99390624806102
-45.330284441628805
-263.22368142593257
54.36375245254287
635.5171633067513
0.0693380015769751
-1058.707292122543
-74.75384935125885
89.60656058814973
544.0631574015588
34.95575563493054
-284.9128072809363
896.0809345458083
280.6132841953637
319.829399785173
112.09165178279402
-23.600425869429486
31.70679775174706
87.87800626795969
81.75202772761224
-25.685299341012847
429.2725272512814
162.9912553904275
15.544700444868687
-162.0713887951179
-124.3584447814637
-295.59929055421264
-1246.7077826291081
-314.9538768300109
61.901480235629144
-109.60528844257396
-508.95408164590094
-71.72417564429566
-0.05062989287846851
-746.8859914269084
-5.838051878116008
0.267714157106246
-892.5734666562391
-1156.6564161227298
47.880043352824984
22.68315159786362
-508.16743030916894
-518.1037238104624
19.751224792732184
-21.602282675560794
-84.29841275365533
306.36618393785716
0.3059493496525253
464.0785022130601
397.8746365963458
1994.883436052004
1140.3054784407832
235.76640040960547
22.87133682992082
-35.21017866139144
-12.314403036568125
279.8081219119198
-32.61600398343751
62.173722056333055
1351.182677111091
710.8432230047938
3.870299613763879
-237.56155771878898
-212.17331200248816
-325.59011497967396
-177.035112443426
-329.76333552793557
-135.88925772483748
-8.063948098109496
-145.85294302947028
0.5850542995808548
316.76019795035296
-146.18010661938007
124.18484831322516
-23.747207025193198
-578.4760150816522
-2301.0820289094763
-2590.6304226851184
-464.77338553851837
59.869547673471686
130.5791241016608
-14.687732757582555
-246.54915819840087
28.94885967757197
337.322771638041
113.39257920786577
-65.39011915017745
-2.022872979057503
289.95319165053735
391.62145664331325
555.2044247801487
642.2064631764067
586.0427905836615
852.2584958397663
34.35420054471154
55.77512561345887
445.91859705737943
1205.4623355324425
1335.4203559550244
1000.8228850338041
777.8654522595449
343.6059290051255
278.9936245029452
244.95584719939745
132.82311124054175
25.061973867088902
10.031466749730658
-5.33233099662698
-84.00298873396606
-232.7484444683481
-47.070236684848425
-17.40108607170464
77.75114461367467
2.5344916264873123
-0.2081142521737894
-21.352377411941717
-145.10044408757742
-122.68246247928687
-0.025161830772282623
119.20264875418246
-6.692238967822696
-596.3418257008088
-740.4361089260797
244.31462007190134
261.0622724358813
-11.592910516247295
-135.59520124632795
-139.06633244902676
-418.4107226393468
-761.7160077571921
-1173.183882229984
-261.9710344950914
-1015.2384103628756
-360.9462262221756
269.04978955501264
9.746597050070363
-600.0909690424107
467.4759461504011
315.32953780899675
22.287138163994854
228.0856695347756
-832.7489018170842
-231.25353257547548
-731.7538080673577
-450.8422095513669
132.95226888728027
-35.91250283866979
-216.65971919029516
57.700074881394016
479.37496817621627
795.7317984793276
-11.914910605272075
-153.26871061138726
-1214.313633876231
391.84744848083733
1421.3383841324949
212.56669880869327
-93.03486833020628
5.691669293782455
-52.20328766119694
-0.5916033606805248
-33.286486753695065
78.3627150325596
180.36543456709947
782.3308377092233
461.4942911156214
15.167217520107195
43.91748629836931
0.42356824904356516
54.13230579501618
1.561845965274308
-22.6964399011513
-456.1731347016706
-1107.4310451139881
-3438.9842155788538
-305.7341999358981
-0.06886252680424296
159.287465067681
151.40042305870958
268.16546859991917
208.3012004339436
7.851257506477641
560.8057740622991
359.5180768760301
37.218378530812636
-2.625981238844606
389.2797762786643
288.60092995217747
107.41514239064409
355.30812927387075
108.84619201831907
16.105794104364886
0.00837362406848649
-51.021902300547104
-264.03582286729005
-374.31001446534367
1018.5459976371653
45.828009735701656
-62.911022538351176
-49.33450839397479
-105.17332678578477
-170.43952002421833
-626.3940319865907
17.18807389554952
36.464345713128324
-126.32270934852528
-419.4030683195422
-1270.8371655880871
-273.8432979535074
248.11220290905695
924.6453651176075
-21.066698733544797
-0.6821299204644553
14.996494479363397
0.042181217704815
-114.01937390467054
-151.02239991059616
-13.750128316828569
-1295.5809104120099
-1196.9966762288393
-347.2182953094949
-31.37918046754645
37.01241115425857
226.4806376882349
50.116184521088115
-384.7131960536143
-1200.2307957394614
-49.300779506198666
22.687491029320622
-144.35424031448537
44.05596083952684
230.0540679016857
404.0052462399918
-52.36186292675543
6.6120135818844785
230.92273196411995
3.8876277404532744
0.12165401718030816
2273.4431243900226
562.4472357706849
1031.9167347839834
9.412255890818042
-1052.7958569492798
228.86595787565358
1083.588497540301
667.7820761351977
235.22033981083857
151.65553419181927
15.474702981857261
41.65539307351365
11.286836319744312
-447.4199938675073
-1135.1280902984968
-2720.425543968161
-3023.7896424673436
-2747.6837548259637
-166.29836784124967
-233.32999494533652
-188.11905572428765
-440.24912588198515
34.89466088100917
2014.4322264404939
2195.1411833425973
681.8921392680461
47.64591774617628
75.62761897623517
496.200273053886
581.5653684119127
607.5884054566264
569.5080587104977
375.17964508332966
16.89342446959544
-133.39281953011368
-393.5914387262048
-0.23750933875803645
27.684413770285552
54.140931741128696
28.04753597497997
252.58705370661272
90.37008883602894
3.417111258339238
-342.1178582645607
-416.818143055238
23.762430166382252
83.38708926234773
580.1644652175673
88.25993584207211
0.00020784965988124995
-83.3563827534158
-297.5353865661729
-872.6894984440362
-1554.6051430649943
228.45004566334012
3423.0474329258254
2696.8345567691817
1849.6652577745867
1820.1718200741238
1975.2419107861156
1271.7671129712096
814.4343431315465
785.0145522006501
555.7993737128622
491.34571217871445
311.19170408365306
305.1899308969864
213.61254104210565
35.486762505818696
144.9138067035488
107.98348886693924
127.43602794681067
153.05970643948427
110.94749146523293
17.645598966423144
29.189185595774013
9.295413134050062
34.15836453801997
2.426166263502548
-0.9296440973847867
-21.21793009213154
-86.47154815068542
2.1760937084984056
2.3530177844930784
-6.499694271843515
-45.993454453092994
-85.93820153562697
-124.99133071494288
-34.02853542475476
1.8907073928681075
-54.99539035239323
-129.84449440626472
-321.72503243863986
-347.0992750308865
-400.4322064285924
-1066.3740546692734
-1291.0947583684429
-1216.5067685145107
-1237.101943242742
-954.8673673259491
-612.3421012584772
-692.1696765995466
-492.4465459748462
-139.20935354628455
-48.42188272362253
-460.52438304237955
-508.5562659757701
-698.706146087028
-994.8737444123885
-1122.8375474299824
-1145.0511443546293
-373.8030065524923
-394.2564919281277
-1125.8242293598123
-1636.3416923600298
-2303.9075653065047
-3641.6835509423104
-2841.8504125695968
163.17370324029233
532.094357929825
1605.8165787986504
711.8314539832392
0.039627597099000045
749.5266848044831
366.9774880963484
-1.5946199863289132
-327.7054139726821
96.19839368862282
158.27499195372533
-23.23592897670781
-697.3280461195178
-853.2782455421658
-97.32546717690505
12.259708575190977
-1.7174926702048845
438.4595786269639
91.78336170145619
42.83065864845361
19.182985812574362
-368.7803194972555
130.10288747589
492.67997054236434
174.4574046575829
1097.6088329352526
33.8963451321899
-411.90402366002905
178.3081410475688
363.2210808240087
178.2693392281134
81.33420693616664
-226.39582330078292
-148.49919331137875
71.59740521205634
-132.71741560782718
154.64141885119614
141.74248126497136
114.76116197714431
120.66262355980146
406.1066647203761
34.82125445148377
11.465103730928663
-99.84240567429038
-21.577978741100157
59.24468853935545
71.49654824962418
-571.3145485011112
887.1676568877126
2236.2381820105215
500.5980956865846
211.41900164772818
1.500482692225286
-284.73908229214214
-297.3490589321276
-627.7875887351009
-1268.3170067488727
-690.4418516614895
-56.00557178539875
-354.1823444064716
-285.71754527762903
0.4391458991061741
0.34711713370105857
-241.7083651681189
19.77387791518457
-133.35641087243062
-49.4117641970066
96.71364127567112
-1.7375667494088205
-1.1652294497676003
37.004461259979
277.4218675746819
17.506336542988524
54.46848266157051
-383.9996632886475
-147.2882479896737
-5.578611558128646
-1.6826670293252566
115.93022121498855
148.81066223692733
-6.024777922561276
65.4426588684008
-874.5394603636092
8.378941362828263
-1.2738496603550624
-147.18230507148849
-127.94503792422816
-9.022655749376991
298.22701181726126
343.44398719608955
105.35157889220072
-35.50069011502797
3.484492475232908
-128.48454098978897
-207.32481157542435
-676.5309546027707
-94.85189794933501
148.8339769315528
-204.52802486184729
1.301817633524017
49.45607381536767
47.03406377367399
25.981851269969535
37.28190596734929
35.57031283299381
-503.09921006778865
121.26524977329294
150.0865821329479
133.51074337589756
449.4704883594436
1231.473523903802
1517.1523846236541
2117.560252486527
1101.7464843218972
654.4444497940278
521.0690915529241
240.24975219075623
76.72969458646143
-52.700233703430406
-55.15540650328515
-607.81437077386
-887.270913860068
-1903.124424746341
-1118.9995878978045
-789.9285658475545
-1850.0147231308774
-1358.0120072956593
-2075.4155959053573
-4232.653743244603
28.523833730646558
1532.938739952988
998.2284621984976
445.9437831550925
217.20980311426257
447.6020937885926
83.56489918418698
-262.73196754022075
95.40819142300208
251.1584898586427
32.61748605412137
10.71485814927896
-211.1696092416108
-1.0138106533588567
-1.8177149384685691
-72.61998234484435
41.48366548820209
-168.33964650395598
-16.010866959955685
-142.08495555511587
24.20647535264326
-328.8464807268103
-490.4664666235187
-1.290808763520248
-145.21686657989312
-18.63819167288498
-6.618107978317612
246.41643601133734
-171.21213291219155
160.2945741874524
1051.8655223821938
-0.414403075424091
39.11810459647753
-2.8923352976234096
38.139119256720335
129.98535044003825
10.298012603226402
181.34733096501262
-4.868508796829126
15.27526663203205
616.0852990389429
-179.64075326404577
-1422.3335720952507
64.72396395219297
-0.4818146774873711
0.06339500849628438
-238.21980537646732
-229.40333193414455
408.9403788756387
1400.4143179999705
225.1615288527006
45.67884038813316
396.7594242328568
-26.951357019220975
-64.76534644577211
-55.71060465499212
10.129028095197615
69.87227583030173
18.684201897696386
-24.24334767259917
2.2696270768039373
438.19340342160956
-21.21762103921987
0.028475527109375273
44.786756387918416
-0.8704291122367052
64.82705163648771
18.17608287592775
137.09887058655175
705.4584079957397
23.880297318639236
-94.40845273693546
-276.1343392528337
362.5201356739759
687.0266224595457
4.195839711172065
-291.7672709587098
-1116.850568039689
-38.90984130972144
146.20581718684014
984.5353239826827
205.02616447259533
-171.90297723621956
-8.953547317252282
32.703799640176975
236.68562212293514
44.24492016366425
22.677723597754234
341.7415383768026
243.47092468791448
128.70986326761926
-56.65926597123054
-265.62745927859436
-842.5124672158546
-824.2084625769614
-946.424433595791
-294.9715283257761
-14.606082142083839
17.45238067964612
487.0203196062966
1472.572426810118
3457.7294040337074
815.5253535398525
199.51907644669063
-34.756021802478955
-268.3426290931725
-11.609097636931287
-29.439973459145552
-177.56465800418778
-696.9695454805847
-1987.2925025387128
-2398.848003399461
-15.106909044300997
244.02830223669346
-51.56268093724472
-3.653692498963937
-37.706886281606295
-58.1157186881895
-64.92236300124429
-246.92699594326845
-83.31809211473744
-261.3386968853842
158.87298440028147
-44.25204502508505
142.86045844634322
-100.47783963134704
-303.78000268067444
61.788403379791006
-1104.366364789568
-198.4542438772797
222.62364780826152
9.661020850431065
-820.4284877879354
-1709.6987477894772
23.415614371563763
0.908039891692222
-100.83292490438038
39.198470965790925
1031.0307259479443
687.1593458951834
165.71919920714345
-2.9847359173965335
-511.9510273863096
-906.8899323542114
191.51598086568774
41.84271613689512
160.01526545705354
277.98930743966895
578.3781744324299
289.5777833150663
269.9438018208475
1020.5591522243539
193.98816483347778
-223.44046628531436
1991.2755657148978
1291.2640667686476
358.80032752700714
360.7875163821322
43.68997230395034
-46.56382035789638
-476.751290194333
-859.236811319207
32.593644704859614
3009.069801969555
1750.2429135544191
1207.901449344329
603.4617615116888
444.84925495694455
116.10366363234422
92.6031836671674
16.90530893079975
23.896391693092006
5.12349224367237
-62.46108289745482
-258.1889460647033
-210.59588380018707
-601.7136784066306
-1016.7413594811841
0.49992712262754535
262.0129741889125
592.286791213992
22.527719526963182
-255.72374939637677
28.023488180622056
-201.71834542324873
-1206.4833143599283
-198.33289473122608
20.043908718113727
-1.2422631117667526
-21.701957963369416
-297.73342351626906
42.41439243585568
846.7167370515185
417.5726857602884
197.4602884886076
1.721501947736046
-20.893370881965083
-129.6214133243514
-584.8087978693372
-796.1086338561395
-36.77833906186759
193.55934646110939
32.589719638474826
-10.569028131307645
1196.2896335194812
2415.419247621393
2017.6259518402267
1270.2582260040194
827.7174158485644
457.2675589748753
270.3404580900547
168.84168632762177
99.29475810795431
-0.1436069412648593
-22.84365660069299
-46.792801471716125
5.977711081989394
-4.202546476135498
-1.1885450023893869
-99.42167040370941
-356.6122360766899
-530.4576926639602
-1208.357089617943
-330.95162957415766
57.642434191724675
886.7599108043823
637.3277551065556
677.861809433168
429.12138814555374
147.54272868246113
79.78223098459705
52.59054049988933
-0.8592581471871904
-0.014148315982448121
-1.8315903345939368
-14.66274161518649
6.0577772051034255
-0.0028774608797079854
-0.0514528724163487
-53.488405809116074
-101.66126435814893
-232.81224259431463
-324.32915895367256
-385.47088558683674
-497.7701784779757
-430.8935909642185
-631.3998854852246
-715.4185949247028
-489.8260433094378
-126.33864919177064
-0.011266488472765054
-171.88580185947643
-594.2699015189014
-547.0960874001031
-719.1605752715072
-829.5278264643769
-1540.5843162172264
110.32424904124161
735.7474174504741
364.0789506499514
561.306593786332
3.861036093099415
0.11441273799687691
-71.55716226585831
-149.61879794670733
-967.6129216992912
-1534.3849044292238
45.269942246766455
210.82404301618314
-338.67066119025225
-380.5971285220232
227.96533093630697
326.3210127562458
89.66145270200397
1.2791238730003376
-0.00023420454435427607
-55.94766324211933
-81.33892254987057
-57.44720213895809
-321.8571693972226
-613.461090603955
-720.3692048998203
-825.2433158773183
-425.84542274119093
-787.1960796972259
-1376.8791152343197
-2159.8229561277267
67.23375523187676
185.74208521035348
223.39938365168126
305.0099509867792
-44.48764189856336
-161.312711796684
-17.896116120148555
-657.4299037877142
-22.6584777709787
-90.74472515251048
229.76456552170893
37.0161093432956
-85.045414568927
11.203310000281533
77.47551516340717
77.4227059568977
11.772702619901823
27.62164338531808
231.17297199033615
554.2107360841883
51.781928610129455
15.995531803234144
-13.019757189987871
-313.71461141491795
-158.4739679189928
382.85968839894133
-2.630856039348209
4.1979441266229
194.74842102312354
674.4375546180529
171.81015939276728
211.0861841725398
-1.2334282787250692
499.83035873718813
5.189829251803526
-242.73151827525527
-603.501896595401
0.2426234544501371
-2.7027223588200804
49.916153066081826
575.1075509007875
149.5903766444203
-56.36995346691461
-364.34544337116125
548.9301378940338
677.267794543653
-32.51641904912515
-750.7181955078304
214.98015046551248
0.017617014919594533
-105.40869806958425
193.96882485586568
87.06798416214203
-355.1841796680476
-28.155989861882937
1275.9739467598758
305.9867649338872
122.78194634498776
-52.41749087698345
-422.59981332207934
-276.28011322948043
-0.21821047751505754
-306.9713206078816
-987.1222767682862
1209.507642642759
577.7840300944131
-17.6619519644624
1288.7991443539688
5681.5073661901215
11547.529355659703
19238.3313341663
35008.191961879755
47361.957174928124
58490.73945086918
58748.2099634373
83027.16462427998
81174.24036534307
73386.2911038161
65714.29802568688
67898.6029864908
62144.844070265375
84756.17487305107
88783.92812499731
82674.56495967237
101731.74010936562
101140.60223411082
167673.4307318163
266553.7884684187
280893.8555029068
267508.17670862563
259357.95401453844
373911.50124947267
495825.03900347295
519953.7032887727
532406.15657692
575042.3881781477
686193.3214113226
720830.9722065853
638559.7407447514
613672.885422211
607259.9667391746
591226.3927891833
606667.4724475599
713525.7695702064
911436.5982038273
1747923.1422278504
2142560.788744308
-2218765.0300000003
-1716236.2799999998
-1427065.52
-1249889.62
-1082817.0899999999
-1099655.5599999998
-544204.5
-674941.9299999999
-626356.41
-434839.81999999995
-412352.7699999999
-319167.78
-276554.33999999997
-298340.43000000005
-254135.88000000003
-226375.67
-241171.44999999998
-242677.83999999997
-184588.42999999996
-231327.08000000002
-203513.68999999997
-167986.41000000003
-164334.53
-188180.78
-138660.1
-137109.12
-78611.94000000002
-87857.54999999999
-79322.24
-85740.48
-78863.64
-60648.729999999996
-51864.460000000014
-42076.25
-37291.81
-43027.17
-20668.15
-8800.869999999999
-5689.77
-2047.46
