83112.87
-67501.08
25852.238113719308
21747.08938472277
156549.18304038854
-226637.38
12352.120348015447
2643.0432626113943
862.3682674690748
771.1149197711641
-232.80190680452102
-2.941787131519927
260.99817118743914
598.39370353254
638.3867045082077
1212.2007083444082
256.0795895051739
0.4723811422165486
3.458323130391664
385.94497423695896
466.90755730814146
95.97566521250596
-1.2520225426514557
-14.106245503047605
2369.2975526788623
532.837786658071
-2.4615310946090445
-24.033769195469752
-392.72686946338206
1.6017589593002657
-58.39752921257806
4.417719757327223
392.51393452055055
176.54974290270007
-260.33393935808624
-391.42196064971597
-41.12031611965926
15.375683987168484
-198.38751346116857
-70.71525115981072
-1643.5621598001408
-710.6171731299016
-67.83455233882836
815.9439003142245
1688.8739609046354
55.84309824800236
33.141902634316374
336.9800869199649
358.8209778416378
1775.6397002797394
1198.623270541605
2292.3297064871203
1930.9129908731816
652.083421730671
121.42233434556297
6.843722020874961
-15.934251474408587
50.90664619996916
0.9329443719425478
76.31637823919215
0.07370028087414549
92.61340379045848
0.015555324134974504
-46.48138206028241
-1093.0163503646395
-674.3171041666974
-496.4916578042794
7.747248661963651
3145.0304498353903
1165.1274830865436
837.040538235884
1298.1210413475605
992.8463757183533
985.6742150472625
1170.6668198611756
487.90219431937555
5.6345272473451296
180.48647810859555
2311.89457857142
1725.0330977717538
1078.4589846568563
564.4226646121047
146.94352407227228
70.22024506475366
280.07106141337687
3.449083823675871
-103.82634776969257
-177.66576556157352
-448.25542713818345
-612.59353860702
-940.6724540886515
-1329.0874218142612
-466.96475811594206
-1360.8091676556728
-1095.2303398715585
-1257.103604475286
-741.9289502395596
-556.260389223791
-610.485268894601
-1240.0327583081116
-1511.5881092231054
-995.3738911849978
-2578.1125797080936
-4060.8558912533176
-5748.242410355726
-2722.2652461888906
979.8677516287041
993.3981107833456
893.6099610934784
0.11765775093873815
-562.7949116252696
-295.87539244138617
208.21124553341812
14.131561745914123
-28.77424791046569
1477.6102516655237
3956.4552794635074
2349.509782468964
6143.2547905887095
1532.977835882389
743.2620840929302
721.6697582782189
92.73846740547495
45.00398874580442
-11.85581004384353
-25.140828490642093
-95.0342241325749
-83.97347333623087
-15.67972646090158
-40.19553911395029
-495.2627508383049
-1013.7799044447647
-2620.905235773673
-1181.0939882789169
-1924.9355397214154
-3474.7231863948496
-2009.4252387416514
-4602.186147146025
-632.6392042308823
247.72478124969484
357.86062239676323
-89.90896535754871
-315.22633643698873
417.8695306565845
475.3524234390967
-419.70288159417805
274.42373372424635
-259.1370048825281
-1229.0158256679
3158.2706932269557
1342.9398797841895
251.9964328979297
-237.1514778624342
-852.2368929283039
-776.4470969820271
591.4972880765696
742.9917365348542
208.4860340788777
-47.66593068782525
-14.575537553970827
-21.534192707586705
31.548344032986826
32.393827368414165
-186.78871752364986
0.35033253577927875
-213.51780944876538
-4.575861040083687
2762.8654834951467
1525.8626796226836
784.3346132497771
697.0864584387929
809.1921756544128
629.3098572688989
282.00047920124047
332.3913098728416
-140.0501672355351
-220.57178863643912
31.23373092393084
206.50973325260105
62.854681183118345
6.12117583362768
-70.61093389401402
0.1106484010047075
492.08653729864545
19.61795955908687
36.16507763996267
12.685949110729691
8.720264019073996
-103.58649070655233
-287.95233820935255
14.46526713477634
-0.3187804121075827
-161.51732648171347
-281.4530699837825
-471.4060160889201
-1765.3558857032276
-1874.7811576172153
-961.0936938538721
-710.8151370692349
-241.08154174917715
422.1910620732762
535.6245459266163
6.781145434079893
-53.10564962805038
-508.9631441328147
-1234.9706143011715
-1315.1669525946822
-19.320352871951684
-45.73858324309368
-55.828192569400315
-254.1991491352345
371.33918208688635
192.35275040224286
-176.11444522998715
23.27638026676225
966.640074885189
2361.4079603705727
63.28995728925262
-277.10203412908385
-859.841439637963
-2698.2677297339023
-573.8685431700118
625.268653894237
364.3798937038468
189.52773438067464
34.87646036067564
0.014715112933088935
-56.30996129971231
131.0502883127304
412.3574157381432
264.7516680663948
1092.6562129631352
7119.2623698861225
3163.615360291057
1704.2852893957956
648.2642233416677
460.038013052455
119.53674591899235
-2.965052548712797
-100.05529933342014
-55.69506603498071
1.7605548089308363
-20.011921303527203
-226.76953769610037
-182.66495851123702
-319.45220692783147
-459.34351969582605
-847.8334111137982
-1624.9722082692954
-461.4852030154171
-0.7553784742262395
113.49277714903491
-139.94338490922814
0.3037278567256808
16.912200123701673
744.0163345774758
823.8929744232512
94.02203683255345
-139.00688998516586
-1157.5036336392723
-2061.0700453736235
-2.755584201476598
237.98263153601187
-211.1281704161099
359.7216529894688
484.5320082209503
82.04594214156388
-335.28766560890404
-547.1529123133386
-1654.6122151212771
-7.522729694513589
-486.27289859137966
-882.389877748389
-2323.5194275117337
-2739.24711647081
-339.59748418853405
-675.1726178825857
-505.53488877164426
-84.11250392739994
394.5871426638946
1005.5100612893812
297.8358465749775
421.8641539194401
-371.05499441412223
-6.8664533397677125
-27.787027313887698
-77.15556693193443
-7.880111060809619
-8.091636653646693
-46.477580820345466
-54.13899804775433
-13.379374608523733
227.29218909948975
168.54651186489014
-3.926749921629504
422.9375552995098
367.8312027803072
-50.5818162783341
-1366.2182338236091
9.961316601581995
72.97861432671931
-1052.186818519373
-1570.9016102837109
100.97463990243871
616.6257452395758
193.62889117748108
353.2457532952757
574.4202716378466
7.119850407492378
-783.3706930399003
-534.4437046893624
214.37788119269976
234.2235078278131
-713.8239861347738
-1154.5004540613788
-457.34473776299103
5.722254598125854
2408.393884855279
5748.168920880809
1309.806050002565
3345.431555216552
3243.364381423474
927.2184867948381
272.131395951554
90.68315008644535
0.014073225476937493
60.80586203295243
23.853349198980236
-19.9996368258333
-218.5458653504988
-280.7327735466049
0.025744360902259865
722.8157250314557
348.76782187396765
-255.56319878236127
-214.32073481707963
-465.8375749831348
-540.6374125910783
-2082.1961370300724
-2187.5772611020284
-146.5371995422128
-128.9123827319524
311.7200679149295
-109.10473765523888
246.26503702806352
59.799722620850666
-492.7122659500288
-1315.2775493275483
719.8560476691339
35.883038413528816
-801.3452944077129
-40.13040903774857
873.1264686849943
1253.9253798599127
1400.1904393567734
184.55154316166596
1252.306299186391
182.45394011483427
-530.2006696662086
-1508.4534969990955
-2685.756984760481
-3227.2118499640746
988.7727657142532
204.40518264458686
-214.81156612570945
-2511.144236195051
-986.0682415073192
532.9034114106987
2028.075038169714
739.7449082951534
1194.4072503811758
-26.07038222239401
-724.6325712007249
-0.16592504719007584
79.0979680124928
17.752567176758063
-221.30679878563242
-712.09880955464
-996.8845821009679
-18.786273934656233
-81.17366371340184
-46.532898078217414
-404.1134842113482
833.8822870957249
3786.4251544265976
2444.9713948383755
425.82486953620133
-55.87053827287711
-1965.711135644939
-3.829709780097344
169.79619058166136
65.45878066892931
-38.591008561889275
-1028.6385788341731
-628.1861115622693
1025.9744964610372
25.620665067943158
0.3633315010981927
-496.2858153167472
-71.43250123649989
-277.8148601046653
403.4255183246851
70.01448718568807
38.23252305245322
-27.278908107309807
-263.2465935582742
108.84284446738774
1812.4409446945085
667.6275283972848
2184.3482426870864
248.77624245795977
278.48150145656234
103.09768436156745
111.52008091677043
-213.8892168656597
-1299.038855385439
-916.9858649077638
3285.1593085988206
5168.885873561339
2842.8458451873653
1285.3886184268858
654.8385174389765
466.4394717823812
317.4724338878126
633.8917793847594
1587.7010053582642
432.8216203624356
138.90861680490679
103.57174811331066
4.425137563024336
3.2651254360780926
-7.263289944615984
-80.12721862611028
-239.9151277761292
-346.1081654052297
-388.9454058316203
-525.6623697126643
-1439.9850466226198
-4437.77916941193
-3593.278552161315
-204.65217858749978
-623.8509424885373
-1126.8391352771996
-1722.0138432938702
-241.68565859835246
2961.6016415404074
1988.1617427707506
245.20059519407005
172.6237379881391
68.91883851905503
16.497630163112724
-1.3175989160590196
-96.01715381581901
-413.01406232111066
-632.0540928744001
-750.5081006016496
-468.9742872376463
482.0713027937534
1581.3984620523022
262.32677979464086
23.609417930963772
-12.101085094067216
843.559799960281
1730.9307850142816
486.98815725424095
80.7647750173339
238.05590152325726
3.6913583628597673
156.4741088349424
294.3775541726478
387.8257840599299
235.1364539107617
65.20031276231657
309.4480213364574
270.7548381620744
36.12408282693202
-49.771926163855895
-143.30789445088854
25.31426664878152
-142.53131047671127
-1553.4432760837594
-86.91793107596234
76.54215269964304
-13.21154592114246
-45.227950580383755
-131.4078125662775
-1068.5964133839766
236.51481525927258
1701.1943951933652
535.3864509461654
596.999735802226
502.82807173298045
0.4242885094907599
53.654256729385175
-25.295593105935446
-29.018045267858525
-164.1673915847566
-258.3941436942935
-292.2337235579593
-263.5086239841083
-190.2829559723432
-320.74809185064953
-366.05056757259695
-1291.884482877072
-849.965075616649
-2227.4877819107774
-3252.1380295254994
-4333.171123734097
205.5780228556849
1473.5480769659791
1444.0388827949291
242.0881320521053
21.55632420978718
83.6983211867945
2475.698198494762
3458.718654368523
819.2599974540163
210.56196257066478
-1.4280589805744563
-123.67252215779315
-413.37688690155744
-1035.3020449492524
-1102.327424330623
-1739.592710833002
-2380.954125476788
-3174.45918661049
-2779.4046272072333
-2834.9734612710895
-6618.8905506922365
-3489.8903895313038
1504.6175822781738
1539.2584535413532
1127.9201704418929
1913.2635631957398
1021.4506004026475
734.309381107444
345.7222078700303
11.557750386963537
-291.78505716549506
-114.76771149687961
-308.52758839785866
-3497.783498594471
-4044.6594848127334
159.77105327292304
31.24498427548055
610.8608298797669
57.49086810855652
-1282.915279834838
-678.7531418794663
4056.406409191211
5676.972080092215
2119.8615804675524
711.4996067448899
220.28787028938058
-0.9717833011109148
30.961978293051992
-44.98516533405617
-216.3652977121038
-401.17345412268804
-1029.7083539363753
174.9206850685241
-27.218736488406336
-2.8518229335411815
-463.39277690010755
-2583.840868732463
-3442.4816947730014
-321.577512841651
2865.1011113699387
764.7657581041012
195.22076656864652
-148.24967572552265
-287.66590811561593
-183.08148504952786
-13.855547999298437
-482.0032061624278
-848.2506462909905
-1383.8439721350817
58.334069702982234
451.0851477756447
157.8530276983423
1224.7603257918624
779.7846892748234
64.84421806998195
372.07242162960915
31.335282203801082
-0.9922175886293327
-33.726665938214154
-623.320564724499
729.2482117923797
-273.9896250458954
-1615.0858412362277
-527.4697865884186
518.8447780078433
201.21610058323205
671.8269274831287
-56.14016575946401
-219.73306199413298
-374.2303363230422
-632.8167931667355
0.35667075138013526
-31.052591411143425
-0.3851407497129683
72.90607877299398
720.3175077404707
2876.740657247389
510.092803516076
143.3857887218919
-9.419427746797616
10.346966130812907
42.794867162717686
51.45977106253078
-402.49371010572014
-717.0141020637677
-0.0561390606368658
325.17035598385337
50.65673458466034
-643.4915194297082
-211.4419470117398
336.7926757693506
-367.2676989582464
-28.64081578602042
765.4751203504002
1556.1851553712627
456.2111838559263
573.6475495350265
580.3641910057964
81.53279351715476
0.4811404782920583
-1.3484694461780857
-75.75828575429898
-482.40737395610176
-348.30408097634745
-820.5060273225741
-329.01797692800017
-642.33668296123
-296.60820786227714
10.692817862352571
-920.9399091535519
28.949308975377257
564.3671818869292
1374.5672515049707
415.64110580551744
-106.83384194216349
-500.6613067188752
0.788772622450459
-72.31763677991748
-328.95571791573275
-130.07954969278586
-12.681974438186948
51.49880110841769
-33.972651872515904
-86.67313358076902
-38.84369334802952
-45.695394130461764
-12.57351557125341
93.25286118828086
-11.693591354429081
91.36103189173231
790.2720042634166
2339.417317812654
5202.501155298624
6721.404298886997
15532.409760877585
-41109.86
34.36236028919442
-315.18267602192594
-125.75169676226201
703.4277160091924
716.646536672699
123.09128826505383
-87.64918367248377
-786.3269947961139
-1116.3643758099506
-2758.1766260413538
-2242.416576033477
0.4340435621038402
175.49725952702676
-11.073823950324158
-3.635211641572073
304.3761500851617
1743.3314206472196
808.934649303871
241.54295508058556
317.49232470994906
131.95065315752703
17.525869233139872
99.21762894397084
-23.30013720113941
19.20721368008727
-95.45334178654893
-774.9301921102247
-147.36446495684766
19.586859777585456
-147.837976232018
-479.7006022083004
-655.6684965536845
0.48710609031256225
472.28865903485496
559.1378912925567
19.976281214326555
-106.10323759105313
-1524.5579650111727
-1150.1816455876003
-363.56757893140076
84.4738661928889
411.78317354910246
-477.14465630818603
-3227.5379977612365
-174.25474161821518
-271.7914293553989
973.7322416593106
277.32735304451717
-251.28140433001812
-435.01549930494593
-445.2632373541144
1763.898444403274
223.97143432495744
-17.857792193562453
-531.0813351569129
83.19734052917045
4333.789772646929
2916.770520865595
2479.5910031607928
1603.373984475705
2434.2582267615735
1822.807661620349
1008.7195794689194
747.7697377947727
539.8973628830954
443.1159410090094
185.87906859476783
372.52442949408135
338.4388582889419
130.2270377220735
38.22834982851103
14.299185526792154
5.32772937117707
48.22763615494934
112.39850951469485
157.50049818582164
204.70615731135942
66.76050163558632
23.110850043006966
283.2584995646522
135.23059286868704
89.75887937152241
149.64502861016024
1496.7687669902862
466.9851435474053
168.38036751357185
-44.864916865454404
-356.24026643736806
-155.98776216457998
-70.20854323780166
-221.9952606861071
-663.688318439228
-1826.04897980389
-2032.1172902092524
-1614.434058120442
-1014.6806318772851
-1896.045375555335
-2656.215535400395
-2186.1856002641125
287.8996110100654
254.6570059469954
1.0080092609543791
-0.19960519728260023
-1.7535035972785884
-3.191398677828027
-84.02429414176696
-200.2803976125387
-334.4174221243967
-592.4875004433118
-823.1429776591095
-1625.3889962658845
-301.16158168935965
-346.67696242211713
-490.39861881872946
-226.7354292923153
-600.6253076923682
-85.59369777514505
7104.259945068777
6540.8788281145335
9757.30622791425
5859.442048837791
2859.0770264262956
2566.1435456175673
1923.566835911693
1074.5821961664742
504.74886297999285
160.0588209400476
1.882078607446346
-52.23484293709531
-196.48333293580345
-449.22927417444373
-753.7825476796431
-896.6893728702538
-48.172794560774584
-39.333241120535874
-594.4131624694533
-937.5019869478166
-1186.6095548645042
-426.0867599063225
-483.970689355745
-395.6593677843814
-541.9148649800559
-843.3010955378111
-806.9750849422794
-234.21361894268298
-164.99846253390626
-378.83740164797814
-1570.764017813224
-2426.3814142080664
-2426.6197274526166
-1559.7318382636977
-227.87665607774784
-129.1097921772371
-389.0099110005624
-2237.490414346179
-1573.326306142806
-29.494426932439392
638.7661448100358
1392.2346039054764
1316.6422548713394
128.08651220544095
-216.4636017478574
93.28605230788035
1344.364445503933
883.833450643157
-13.455845359231674
-536.2332653611304
-2194.97352866087
-0.8099518228991172
2814.480297270158
3333.4531082054928
1397.0976706008055
330.6384686999655
3.270694336887155
-320.23836530625874
-1473.7322118133739
-1417.6309444417684
445.957416947239
2345.004997133499
1150.7209476859732
756.4681413274161
145.15507943251973
0.6775473587084702
-0.0618383088233458
-513.5506338697035
-594.9592365325159
-828.7874284616603
16.806114034912166
680.2505335358155
909.488652733991
31.62589699336514
117.9798638131547
-28.793533011996658
12.039728789480467
400.2234404097036
290.0661157850485
907.3661010754253
877.5667356359646
1101.1768364574439
976.738022513123
1756.3260906001194
1479.0043176366833
956.6564391448476
1040.1956900941766
851.7204579585376
132.6513312152524
-0.5007428894447753
72.30326826363137
98.40376770487312
18.611682813572266
-0.07619483351638576
-61.96853098000058
-13.051372508755726
2.065079006121895
5.452543105986075
42.70994897965272
-141.68303857184372
-6.461052866035963
-40.77181409459296
-5.389310400606665
-56.342323040590706
-44.111573686924984
-81.52432219927293
-134.00120382643286
-97.48736160726581
-77.96444853337529
-403.83570743100375
-457.222739126017
-603.6537433802378
-776.5481679535906
-180.5818304399057
-174.25551768089818
-115.72977205173744
-61.57137847595515
-19.50590090332495
-102.49167206752493
-377.1014834087502
-956.5358051509816
-926.8033728862749
0.01305194960690341
-528.150257257072
-242.8769575879495
340.76265217267
84.76729039268791
-4.883879907328515
-833.9730583987016
-932.3688321086007
-1360.1016733018932
-193.94026288347698
-509.1532540294446
-517.175096671295
-834.4002193612977
-1463.1079059245333
-395.93911017169376
2.9354228220485776
388.0445719609149
375.2951326578044
1161.1497171396827
856.4759380069165
528.6814052685785
259.7696945896018
147.1352253277567
69.33183672796538
2256.61421069682
3455.609533221312
1540.108608026906
647.4133751466351
578.8174856513791
669.7935633299039
212.38953918997652
41.79148825186168
-98.47030963234329
-84.99126886308078
-107.66608344304473
-677.6824460118766
-818.4481342071022
-981.5092198272202
-104.77134143669056
41.542805275087915
65.3271870133091
-4.9890509814933
216.481593115894
65.1536163291944
-1.5934210779416575
-183.12553925639034
-98.7768265499578
-634.5708782800835
-2274.4204472149613
-5970.243194962739
-799.0183003009886
2479.902288371278
2962.247331480594
2047.363101301808
448.2465482225722
569.6279985109511
54.25775969455845
61.938957474767754
597.5483745270949
963.2184058937124
1643.475479902825
2916.851881637055
1237.2336716310087
1087.6743416846698
481.5276182843523
533.4874873860326
89.13747125773926
61.31815182857835
40.51653803312101
-0.32838381475407186
-8.747200172801122
-1.6704705528671964
-20.52797776898611
-172.87526262091555
-58.90593496108704
-111.84739009656467
-173.82154284481214
-917.0777569018442
-2142.901300968918
-277.37086075509626
90.91131436576754
2382.543354205507
1123.9445610842236
368.98008028617437
624.6109771255775
499.31773038627546
649.5341500592403
275.3490367252922
119.95756527148717
4.010029732382533
-9.370897979468282
-120.2429005240592
-136.1255986679261
-126.08967715032804
-54.46145436981385
-168.81481565901498
-75.35822132839397
-76.75294973995688
-252.64645100282632
-393.65175599811414
-172.5361716456928
5.790856997682446
493.62769954788234
121.36921218501924
432.6591152977832
425.7980925897208
422.89318962643347
82.67541045053113
46.60891478859906
0.8504937721974446
3.2794568954519367
-8.479651053231022
12.595446798230961
-0.028593636538676644
7.372899258648561
6.901085272860469
-18.20449692824186
1.6494774872183
-0.06807667428620232
-2.457163702301024
-15.398616675413882
14.687300668182468
-7.857620409875772
-8.98719344230426
-14.503601915169076
-93.39595476140678
-187.77501195080538
-178.28146526987229
-278.1744522098639
-499.9226078637848
-564.9646335893208
-672.0978000358755
-510.6243015936096
-2084.389106103066
-2247.7697532514853
-477.65019139673484
-55.970707294198796
-150.54886096826402
-26.55099757796596
-303.1511115908303
-493.54588417098626
-1041.6712780075363
-1841.8527427833326
-3425.0246667910415
-2392.6317750172966
52.62981803756963
82.10070236233042
-139.2456251517212
-549.5391079180193
-1588.4144235207589
-1715.7402660463422
-1857.2034542885212
-564.949176316531
1579.0417198849818
4202.702299768845
42.74287351030629
-1.3660916545704531
-302.2833766334585
1912.4024298942054
1283.2405122651198
769.8101408083613
117.87682476100903
-0.2579247088493895
-11.600523004098513
-2.590002390316263
8.076491903306845
22.847116523318448
-78.65624150009934
-18.28806302293906
135.4873708689492
1078.032255870799
507.08438314741136
-109.79437331166581
-1083.1075949551637
-112.61275473183692
-359.5139054969541
-1461.400727717683
0.6779980052410548
14.80722421194418
738.4265942096558
815.0654386674564
56.03473077571118
-22.092934903762526
-6.172687824266279
-114.08830934363345
-970.9463988838581
-3526.621713795561
550.2629045767917
4805.450818165389
3117.8723242252577
1884.9271610546034
1212.247862120187
804.5004915033956
413.52290503742984
72.38992658059851
27.383192856801383
-21.868726581314476
-125.3643051028847
-211.33772502345965
-146.42242083356393
87.72653863052626
919.7492790307749
18.18895438095645
127.85840654752451
847.3379167232181
118.41338666150989
-6.332373569835194
-769.0313876997934
-961.5870684584263
-916.91953931238
15.51251259615574
202.56128965357766
744.5281267540427
178.03258246876248
120.43591930762665
14.977501252643687
33.05719099870158
-10.640830471392558
-142.72026471062696
-749.214144204867
-863.7922279881489
-1434.8462966594425
-975.5257182237532
1048.9788027126667
2221.2570987726513
241.603952305063
-302.5349101956848
-1387.4340910543533
1267.8844583540474
2390.6031409521347
987.3181014617551
778.0106035731208
1014.4049859782058
660.328167036897
52.75578933562533
267.9082205026241
87.41738690355156
15.16631015902489
4.7305229446519075
0.9805233978365167
0.7117746434589843
-18.60779499463163
-13.103791037094766
-265.04124767235965
-10.342411676722683
11.435670373556725
587.0549092456191
938.6722623278338
515.2330109460376
-8.955695623196977
4.231719254152411
1.3557799397036092
-0.02965561135644869
-78.61829182976562
50.3778669704778
535.1320603578336
572.245824642646
409.22847397705965
321.0844791754636
53.54218972688513
22.756699937786465
-43.65444562858323
-13.032084475470679
6.259984773794867
0.7179599907614554
-13.66785111867251
-337.59801575629
-123.62866984296049
-117.0187436403374
-234.7656031328517
-235.87157243875623
-473.05574621537124
-215.01957656013928
-519.8260605153816
-453.84120857613914
-373.3861758158804
-66.9937943963817
-502.38469789496924
-756.1272758584864
-740.2107461018923
-1213.2508202377683
-2374.716005939584
-2891.278467686745
-2074.7370237890336
-1108.436225964658
-418.2312343438741
-890.3453279023084
-932.6514774855649
-559.1704004304071
-148.4602590210322
-68.36053636117404
-552.962721792423
91.97830620575662
1243.068823004271
4780.619593863594
7744.594204099123
4740.922992850502
2642.891822897364
1540.806925321464
757.6610407503604
471.40278154007336
279.52047893809697
453.8956093112348
307.29688602807647
36.225219133967734
64.73920709360728
-0.009214577847228055
7.3417217623209945
-30.939714545020625
-305.6855320915273
-415.6076551842647
-292.0262082034344
345.31476365999293
258.650769189725
1.4844671474086322
38.056337513825206
13.270954150964243
7.421883307515625
-0.04269720330658341
0.15327374423248993
-73.33064433207751
-12.53307848443846
-144.46102723948306
-36.98940592141627
-350.1080860750678
-435.7636712996186
-809.76722519642
-1521.5674306669564
-2589.527816150925
-2789.8765055573604
946.1561151005817
370.2006315631076
-3.9966335637551835
910.5525177235108
291.608538867081
-1.1854184644947954
45.41023175207411
-86.48734374821187
-329.82182825507937
-267.0139684666277
-349.4602533000363
-1356.3521527162598
-156.03088453855648
-927.8346333960367
-3112.0898628974123
-1221.014309731937
0.3832893357969295
2017.3314726471888
1565.501529316097
1204.6394942105403
290.5365267576609
-9.16515382045364
-69.92027239812558
-1130.382975164437
-2863.1490998058025
-3435.4562410624276
-647.5513588967707
57.56957912127971
1993.4203451446665
2113.11854266424
655.5928045204721
559.5561564931887
702.3156364828412
619.9097419716389
723.346280874209
740.6089851479732
265.4637398519128
160.4766642720735
61.75096495934186
91.50161466192662
28.02563774661901
33.66376692614319
0.4823374107083021
-22.366612213687525
-33.181367992374945
-15.473518953299708
44.22900175790449
122.55432855189403
81.44085757693318
767.4237835859783
875.9518712025324
596.2648765511933
175.1017958041408
33.031407713245734
103.04884235793045
-1.175449366768212
-1.3872721769583074
-104.63497981394725
-630.5572658084435
-2194.779868045511
-2932.1068347487203
-558.5596010153237
-5.593165465093891
-22.64329722971109
175.19492741598722
109.70399524265153
-1.5444102750975133
10.789163708952982
321.7975163505406
17.141901783934685
-13.316377906673097
-73.88744933388068
-57.03001086144924
-176.05144621096832
-14.615686541687595
-14.301340122584602
285.36832635430994
3160.4686383634844
1696.0602563055327
795.012375878737
622.3398406530198
367.07379404060987
424.5569480097183
373.1996341873637
652.1762380103519
126.6211889581433
136.9459840587251
202.52246967772834
111.53547419624893
128.25643070903067
5.29447193308844
2.362550186115482
-21.132462584788417
25.316209833180118
6.109436199082279
-2.231493160307511
1.685241261254716
1.4093334651535008
0.16083689699701278
62.94278009477439
0.0029729437765256897
6.7615226276856735
-88.18125418980313
-221.76714657099578
-169.8405108457302
-490.7410183069064
-531.7742780605895
-337.25472140711184
-386.50902319152226
-335.633177748515
-541.0529715075695
-693.2993823422985
-586.2826470338118
-196.94719141084198
-294.65492824157417
-1122.543901583506
-1405.553717080799
-26.47454213502296
-1.2172220411742574
80.60517144589065
-62.38170382934905
13.197159400315693
-75.38161830171902
30.923563820232502
-82.01423300104204
-118.01926045740305
-30.43336651312734
-60.77568779631007
-830.824956581243
95.26041029670479
4346.038211061259
2458.948361295152
1076.918401229685
946.7571331518905
-0.8354214261774495
-39.34565953653928
-19.889662553899967
-108.25788807213698
-121.76049979445716
-42.229943862327424
0.3973123936621609
-10.961131910091392
-163.8553597216051
-378.6938232132886
-634.0347888572417
-608.9466296352198
-1068.5592535587991
-2546.2820745858908
-3036.3598643971563
-619.6594280958877
0.021730217006593534
194.80341760910665
746.3508560467384
113.65575318449582
2.8361774170193104
-340.72400384510104
-566.9342346720501
970.2698694110801
3088.783171595686
790.5845477428103
10.334635803534624
-54.522732896775985
-710.79649065939
-1839.18601128848
-1164.635708991964
1406.2001442396768
46.145900268171715
88.6375744795461
223.26649265503676
298.7700638999589
673.9339991325377
588.8361369529134
841.5601724261894
783.3080328746198
1058.0868543946756
515.7411332922385
657.9314084893302
51.2767622391987
6.991575450204009
1.2584110787949916
-16.63050683637277
-39.52565345768535
-223.47948950719092
-76.44940401556536
-73.325505128971
-205.19599172380543
-443.3873085842782
-821.8987255053983
-602.2639973965141
-61.133568298142784
-118.82513703515745
-122.68615382241312
-639.597300267844
-686.5805346551953
-15.7517836415828
-47.6359538584143
-20.016540441463725
-260.23735082182094
-165.03900998554553
-245.1108780841832
-1192.4960776644293
-32.64922587458496
264.7656268043126
44.535764968112645
-11.636354217831753
-100.5830005746224
-304.0892182244008
-603.393835879014
-1081.9024344928273
-493.67785387071376
-197.91815444340364
42.927699428875314
212.6363492104898
55.42807090835968
-55.15598938964362
-40.03211687372426
57.03008400118176
1388.825987593739
4962.401257007282
3933.5596318780904
4291.241258779044
2442.2840178727583
1222.076707035093
248.09140593925335
26.22887861042521
-63.28684979904617
-0.054240983645204806
-297.6166891224774
644.8552055917208
2612.356841498721
1352.5359420289333
392.3319862555844
1.7165956346741735
1.5970722404381537
-95.37934441458621
-133.06557256332633
-633.8132039103257
-1045.0493182734804
-1672.8950621215786
-2255.7102363031045
-3612.1325815442615
-2652.1879058792165
-6554.11280715204
-1465.629854075597
-13.970177805493485
49.65073286310169
12.835163302391301
471.5240500522475
1412.537397907378
952.2047807900544
599.2827210497444
54.01377143267479
-119.95019151947415
-1157.552380995067
-80.5149809042075
313.76842476640934
508.7366150756308
331.19777331497556
243.1659613733326
9.451932453618554
-0.41439797409819074
-46.40426083193263
-188.76185154365993
-838.0061853758546
-2452.4531424557536
-949.7639673635027
-975.5906548764287
-542.7723709031875
277.75579387052994
3835.51213026363
97.89062667615059
-149.50917005816197
337.89890308117515
895.4644734590663
1102.378030504023
-5.670336585708957
-576.4391911147753
-193.3098854155255
582.3874495161817
449.12102438100084
35.71604378320859
-77.24676461949139
-578.4960673956888
-565.0024319199297
197.7736083594819
445.95247268451106
199.5326021537283
1360.349119027026
4479.2927703203495
2844.482249111501
1472.7957222499329
827.8445063663256
1075.0207276650165
601.005950134637
390.96172664942003
169.29195864217343
298.5249997464906
275.3096284420967
164.41952117815262
105.15828201461191
106.11446023001895
103.79804460157784
313.57943891849453
10.223557971753234
-9.32001967018596
15.829506236678194
0.011446053864688308
-13.686806821490377
-40.80354267650749
-13.355359254579266
-122.86462581009278
-399.8572531301721
-65.24699937726382
-234.97350522772433
-184.278154267211
-265.7214445385636
-2.349245390286622
-123.10670165161514
-338.6766557690253
-681.4298920173842
-744.5763001464964
-1226.0432004231527
-843.2151331332195
-1368.5727805740505
-1995.3078334482047
-2458.7389306774003
-2326.5479578768604
-585.6965460393118
39.95024992433864
2328.373778685167
977.945073262271
4677.225128975295
3339.0040797142974
2121.019828338497
476.148363830789
239.68861884610672
75.81180385487957
415.4729150370935
494.3711516244377
14.347195929482503
5.058928847868659
-56.28661849763792
-43.46724456390495
-5.172410957338284
-25.86241738182801
10.552989908884907
-3.788801653135015
15.042455552037023
31.461992851008503
55.284916311163045
68.7793078697803
155.90790534223
316.0835276419486
167.59810593135106
91.82452978767253
103.82682711931677
22.564294076302325
-0.6423360453789134
-46.245099471553104
-167.52316079383672
-156.82836015150622
-214.66144989959326
-109.8181255201826
-76.84614279195522
13.992485058453417
-22.440649052785094
0.41600182082556925
14.36383969981382
-12.650829792992091
-1.019148582551666
23.614594767035932
-3.7066859723468855
-40.76068839195344
9.029458745974239
39.75199266754369
6.23201061133568
-118.86662463865213
-471.1686071642945
-631.7532924092161
-402.1402488534196
-670.4739307363106
-478.3708054315085
-660.9890419466429
-1042.8900963544775
-649.7589845956641
-513.3235905648896
-875.6325996319147
-1336.1300581860248
-562.3578432629206
-411.48631479154426
-470.0631751881694
-941.8628200558954
-1066.239987974775
-1376.8458418284595
-1405.946311814488
-1334.561399197202
-384.0385797497705
287.9298441211404
750.664444512852
2564.861266807176
167.0983666346437
-181.57730349049478
16.915378562476466
635.8878851080092
2618.474305314551
1143.1102057183411
125.15133659471056
3.2529434202077567
-7.398264859553208
1.2806416703773529
13.431293370367403
-29.300716837142325
-81.55231738883039
-659.8825864049767
-267.43419013407413
-731.0021307351449
-595.020584402956
-1201.7664907239073
-1414.6681320354442
50.02551852109748
2465.744856810636
11467.704587906177
5459.524438738741
4470.680226220086
3205.799049780553
2013.964408995087
1038.8889129136671
179.4426394481655
0.7638055772326557
-115.19064656466098
-447.79620956454903
-212.5612118088933
-109.56012845421277
-145.1408163200637
215.42309035097048
30.28109299561376
29.600741343461507
-11.03037426193281
-39.793866665114294
-31.13536084306949
-220.69710087899722
-217.37072732234193
-702.907414842871
-115.66182193452853
-129.20852452545404
-796.6954347069939
-578.8210851177937
-719.4476129056068
-2878.587455597628
-7451.238378697985
-5006.621580365583
-2719.588156083798
-289.1473507608853
3.2052579762859605
177.0474767080662
1574.154405900903
785.4833506837642
1212.7146248249683
-341.7438565210016
-3257.02839093288
-237.58194062899
1347.0719014054985
1950.555131033495
1076.6991150565946
564.0187725669971
3618.9963400131446
7145.431205406603
10513.623505896663
16413.711065125084
30626.842321229615
57022.10454675085
48825.05988779372
63760.830604013514
46506.06063794193
56737.51500361414
84631.64292261825
71485.71966041959
115588.59695025458
158407.59079792764
219563.58369626975
153890.9250874687
130385.51076671184
112520.15505333194
131034.3281338461
128174.85340426202
175661.41073367992
222384.3416745332
179981.04606826656
208637.38483717106
184597.6067290554
205220.18147227552
224730.98260947663
243390.38123325258
274410.7929372985
331127.89554990514
590336.4911364978
747329.2664070542
787679.2664741497
666780.9565427789
701753.622338357
1941901.4487945682
2464071.262986676
2589510.350387133
3448061.152726125
3611618.2460799785
-3559182.4800000004
-2463308.58
-2785792.23
-3514932.5500000003
-1678332.03
-950692.7999999999
-677108.1699999999
-614790.34
-444644.19999999995
-530759.09
-527495.46
-461003.50000000006
-459952.20000000007
-311491.59
-357265.35
-303514.72
-242020.86000000002
-228891.16
-186614.66000000003
-205391.24000000002
-229635.46
-185150.17000000004
-214485.68000000002
-189210.06
-176242.48999999996
-151175.77
-138542.16
-114115.27000000002
-130440.29000000001
-86825.34000000001
-78359.52
-70604.16
-59488.78
-49161.76
-36425.119999999995
-48682.2
-31385.39
-37000.57
-11355.92
-10335.88
0
0
0
0
0
0
0
0
0
0
0
0
0
0
0
0
0
0
0
0
0
0
0
0
0
0
0
0
0
0
0
0
0
0
0
0
0
0
0
0
0
0
0
0
0
0
0
0
0
0
0
0
0
0
0
0
0
0
0
0
0
0
0
0
0
0
0
0
0
0
0
0
0
0
0
0
0
0
0
0
0
0
0
0
0
0
0
0
0
0
0
0
0
0
0
0
0
0
0
0
0
0
0
0
0
0
0
0
0
0
0
0
0
0
0
0
0
0
0
0
0
0
0
