676.58
101.78631057365645
10488.680645644235
4840.902362275339
2258.483710479254
2308.208333657088
1071.2330428495811
3202.014240916135
1813.6313441516472
1411.1734532622095
270.9046801965859
14.15709365898524
10.087315637007425
-834.025821156696
-704.759901965734
-1313.1981689588756
-493.6813937640536
176.13500651864632
1139.274106623586
913.383588602898
1670.1331576854548
1332.8292178346774
1453.80298391149
2857.849901427751
942.5225855238049
169.19754533313557
1.5308227936910679
426.48861435341695
663.6358487028539
291.0816159144515
-0.838587991385529
-293.5383185665279
-684.6533328954883
-1431.4044333932718
-2320.2698669198753
-501.553639372088
507.5879389157503
244.02978899215367
251.26392189790013
238.64863941092344
4165.250676969756
1486.98057183683
445.6255646332746
150.09779543076797
513.153538227715
-17.275809243310626
-674.4060961047711
-28.606812803128012
26.175648770622942
12.412961618503923
-227.2375006070855
-278.04266093054184
-292.201127093938
-351.91464565125784
-388.2380525472461
-1360.0937845258695
-1028.3834809838493
236.41440574838384
197.13755174352355
-11.29659184767671
-381.43453019764513
-1807.6063713975586
-1089.4913995132074
-1227.4481967250204
-311.6461002351525
-240.9365158356345
0.20182345909311958
-1.5123861003263013
-597.6240848507452
-1936.253206776081
-1974.0774157252215
532.1676060683887
-11.35525129663826
-256.0649569870535
644.2660660326432
1442.5571166617526
1012.7024799857072
752.0506832346316
525.789942302071
215.07576174283068
88.4983840285768
242.85782679851988
2806.1685282695335
2567.562965446814
2167.496002494683
1698.4810673369675
1438.5205335480034
860.2084902236372
607.586491331857
385.4109785250189
263.7419289864334
332.78679718482306
98.05032679193064
131.45429712136573
-0.29851005293167115
-0.20772503941812978
-41.54769854622449
-152.94532130120743
-141.59680600921877
-145.74781478828103
-479.1708037332563
-589.3435770504743
-522.2248319375835
-481.42885522068576
-455.92437508008027
-76.88227341268188
825.9525598041591
773.8262521495462
580.8895006432765
1814.551794640002
216.6073760544614
-1.1674923504702286
-207.52177315279997
-488.7332838701869
-2074.7382125095787
-2468.4383156880685
-1979.905361043136
-934.8594537864863
-311.433681184526
-510.0984311505902
-888.834035267424
-44.318770929998216
105.78880620643437
682.8112029132346
2173.6221089326673
2600.9889177642317
1692.7659007495292
2178.149757277897
1635.6896209440386
1465.7881459391028
1062.5302596545837
1268.5316113129877
513.5148573705021
847.5782132423192
633.328817477291
387.9342570833555
293.03708578764304
231.7752187014496
26.93705812290922
116.38676641214543
140.7312333858059
123.65503870394514
66.81479628180048
10.896673214932544
-22.795800368640176
-12.182048533474005
-175.76003491430953
-93.26937331163987
-190.38546758539684
-297.3457799007464
-390.48215449797715
-441.510879944621
-542.4578237394503
-550.839829675497
-851.1342600140223
-968.5649320848456
-1002.9301600882491
-1272.7234068404082
-1886.502431121448
-1704.9234064166326
-1317.4222431189744
-523.640736130556
-420.7974645771886
-303.7937723621191
-202.53582872809332
-55.292125014600444
41.11019537736554
2747.5007444326693
2456.8329162459804
1778.7942942736008
25.57272238774194
-486.7344963134562
-1319.507237389558
-2023.121365297564
-2.738684264104231
-170.768217860947
-1233.8615942253177
-3075.361140226553
-233.08085288185544
-47.57536385271088
-2.06043655332742
-19.718133361403524
-20.96341672526014
-198.17945519273346
-15.293625141746524
21.505009557763685
31.31200369789296
0.37016875665143967
-9.43602961895601
11.306361598508076
288.0217326411421
522.5292759652602
793.6396782617007
611.9881493559778
433.97548720269845
652.0248141471654
1081.966744988834
732.0999553464045
489.34965495595
334.57679981387867
560.1154697387467
461.58930659169323
326.21764848607927
362.80639127175425
217.36531505935778
261.1619292948818
139.73918571707992
219.67647841486811
57.175695129252546
230.33673592968188
97.42805072886273
34.99006495234015
23.260349456500492
84.5119642053193
91.42163927601588
30.604169268620446
20.065787952153325
27.08724407341067
25.088763975700147
23.984843087396314
28.266911929041804
-7.631944754862824
13.791516125077635
9.831763687882566
8.97316424763038
-1.656230962945113
1.211839351039513
0.21113530509310455
-10.118058971009358
6.183264648320919
-24.60986587773601
-0.004942877157225991
-5.414762494298257
1.2288629177977823e-05
-15.928354020862358
-59.25878796674668
14.247275625375451
-60.571343117123135
-0.46693624548022833
-42.92947812573225
1.1186447826176127
-36.02508885262694
-59.27761814640268
-95.35720667551254
-3.9834471524022144
-41.44798999165958
-38.086048992547205
-33.54789707452875
-46.87236021857916
-87.36561418247959
-177.219798344024
-34.70839047973958
-173.45952990700974
-103.06372940080848
-178.9789007350119
-203.12804924587
-236.21375688304477
-345.0720233612062
-223.39049510600435
-533.8694715962229
-168.8367931418844
-295.3451311840428
-169.48628228019584
-27.930941567224913
-201.82624635733578
-207.73045964682362
-23.958361146080854
294.51850520123264
3123.847296194846
2106.808927724776
517.2930518495539
217.19052644145776
79.52080633876606
-3.9741051413581996
-313.96711283019874
-852.2072433943276
-1239.96571988541
6.864746638640141
-97.65268334253845
-2.152911805836061
-105.36932089685114
-363.63282009235525
-885.421596937956
-41.480781419052775
746.4781980379778
949.9476987718432
1041.2885944497361
786.6454935526606
1402.850667720851
774.945226019772
785.0835143789152
546.701765837584
418.01486561506454
361.18248286227174
405.7826476153136
595.6601877113017
149.12389801725965
345.242592183447
298.4798569393819
172.40172792614095
110.37463509673249
161.72696673232502
73.87566520801917
1.5134246285265676
68.48792059443895
-1.1447016901456544
-21.723682576579815
-5.559144598338401
-27.859264085474507
-15.284760849895758
-258.47649836946283
-434.8710116866148
-220.63227102037345
-419.68286907487686
-203.91842471062753
-7.593143145119017
-78.92134718454014
-422.6074049808782
-827.7678809667079
-616.6603727144108
-574.5755239491875
-521.8762762251283
-682.7268229664287
-996.5078963117166
-1003.3608371155474
-1327.2005787488672
-1237.7586687915013
-2077.3003606577186
-1804.237305141583
-2259.9064751257247
-2295.8274543164684
-2667.8530710745326
-3359.976925833528
-1336.017718077258
3053.410618917477
1594.2404327247496
1907.8123863192222
483.3606470650304
-43.27093959691895
0.32939807667752247
2233.844437984156
1765.1011849506517
1840.9694568575983
2529.2437380501
882.4815521511639
247.99272433990592
492.70516745259454
2740.9489274247458
528.9244577937038
15.870494330123869
-246.7563386675299
-134.4612069401775
-0.05666341038351591
390.634831266493
793.0451650495021
13.99124216503603
71.39630882957476
440.55646500279227
110.33408395998009
0.23170702327738588
-2.4865794550043363
-201.91486241765034
-743.2250562204636
-953.9489960494042
-237.21319184178162
-544.5750021647059
-2102.920214944803
-1326.1173195863494
-28.272899727341322
14.578200861664124
436.07228641668013
566.9837727645954
399.34942208924576
299.4607770375341
149.34000234735356
4.252882090570858
-4.579964387374367
-31.806755432010753
-0.8402798367072203
-99.26708347199771
-77.10830397731885
-98.77997005579013
635.6987717393044
399.1197114575566
11.477957037255079
-44.01553487984801
-206.34597614870395
-362.0314294132309
-573.2586281250146
-1649.059818914477
6.365889416161412
1257.622054759932
184.8658942634204
33.635277067024326
-320.05749912509117
-850.9382602778296
-3598.330416848249
-1382.1180399276352
77.51237630143919
-55.269075865676
-191.79415894881896
-259.0582017256921
-1746.9756777659227
-789.8186362542972
-50.29579721082721
-0.2561667863381489
-83.43675439778923
-67.56283785662522
-131.1340107928648
-93.32166464961443
-3.3250324755280682
1038.039834685892
368.4221316624696
39.966383309353176
-216.09356920397454
-1099.7366641198032
-1130.9218082997752
15.881754879970444
2612.7174307443206
6529.770440755543
4447.725477141317
2834.42816030763
1639.0907006082996
1607.1108702420638
1371.2959154142102
634.9655066707021
1271.7953687907657
812.8852275811968
1218.685043289535
703.0741919560194
611.7052341990757
406.38763809592535
416.46953307745486
315.3540726660211
384.79529379670447
176.1741514174168
181.99531784947163
29.63129758667945
23.152412825902104
6.96393572098733
-13.364560373689546
-20.653580789562124
-70.00167076350772
-489.532090041388
-29.244774155026988
32.88368444535848
16.569097284370446
7.651294108884649
-6.575020078052781
-15.767784583648528
-64.90556528375114
-157.3619071936263
-536.5217151743956
-412.08145245027015
-859.6794276830227
-328.6845859848747
34.80166312418787
60.69792882278041
-3.8805587005293356
-8.359538001447746
0.6995322613897808
-11.406974717957759
96.38467898830203
-4.666956136239234
-2.7954403344100376
-89.10609406614678
-119.11985301318468
-501.4962004834635
-615.6368958460721
-1106.1335971595008
-1811.181108952587
-1438.4995354200273
-1882.6426789664092
-2776.704817446998
-2154.553533644228
-1294.4721360562585
-4109.862151105668
-4540.314179473384
-993.7794913509575
-21.927153331736914
164.70313510116335
690.2026064971891
959.9221923878764
1918.8876974317227
2155.273514632723
1076.043046979615
1300.0686716677915
1126.4499290017447
759.3930616454065
582.1812361060264
495.971839657401
390.35329307182474
450.3631205633823
494.4390922829502
710.4928228186077
-27269.31
574.9832481252555
73.42402817533399
62.499164139525696
0.528034191686441
6.171126992575892
-8.035969569724763
-5.072903199339375
-63.055882008739346
-190.47227388823114
-39.99113930972294
-243.29616710105728
-244.83980324701946
-395.9198016383823
-83.92856564417971
32.77339285205466
-25.01764909825529
-17.550483269195695
-27.485206092084752
1.794419057587358
-92.62074665068276
-311.40665362480297
-392.7859972996196
-558.4087212265559
-299.7221248154018
358.02156746547894
2274.0869614613725
2122.523342450495
3433.1203569837517
1363.3574905211253
1245.3968475539666
328.21439700173727
236.22640825570878
164.41210063535408
762.793373616843
242.30094035662228
2.553034453038895
245.64899009793496
140.69372667900228
41.8224669591731
16.87613472324501
130.51798736722483
7.990735797231915
-13.147228147490768
3.251076096277954
50.12745085843986
-85.867067602905
-192.25422275327549
192.72614694000765
192.9722087514227
38.02028229284747
-0.8965576830585582
-40.998790070744775
-99.32198242105912
-159.96076510086195
-525.0959975929242
-166.2622456298066
-371.21906024913403
-985.392719539795
-371.3730716451463
-149.59070554450219
-78.3552823263073
-1.7422768405436546
-63.03822287252232
-155.42782316763345
-369.5409533906349
-267.713929920424
-208.46448851791465
-22.101821812087596
-239.60731521954474
-530.5550970470106
-384.17770011415234
-313.2054141249796
-823.7278038830516
-1283.505579968954
-966.1682837066362
1418.228238204955
1261.8195950238157
350.87957831209934
55.50525352346937
-197.79957614247536
-551.7342754339419
-11.905313857831603
219.79141655635593
-316.57317663854735
-1502.4517490191565
-271.9349578568508
0.8372095646263404
-84.23081360219365
49.87558606396773
1411.6537391395098
789.2133565192188
1088.8207098195417
250.93006348878143
-463.6266169908772
-153.04977288164747
-390.3310963423961
-101.43937069427935
145.90590117976444
255.87477436582768
165.24085903468762
3.632153990943503
-19.17519380624396
-59.742067020020194
-396.95938811732424
-1573.6688731222564
-1.3168338584611508
95.78555050033489
1.6375546254187192
-2.1998565726915222
-3.0582985540031284
-12.1696356919653
-85.09920058938643
-282.4965603174744
-452.53998907648764
-682.672251057651
-25.934689062625747
467.65467785062856
666.5588510811152
181.16544361045678
25.61253760345065
605.7846694264448
1537.0155300726844
733.9285415119547
-30.451005610757164
12.958213150059462
-19.944584869320234
-12.191174495162317
391.19749963401654
300.763429711854
95.53172667265251
9.736606239895373
-14.230902734410341
-193.45848357201282
0
0
-40.062671653418896
-1284.303573017199
-3480.623405626403
-694.8840300447472
1559.545031642074
927.2740236626403
567.2346297200891
391.805555293618
129.72853929685837
161.26573142442493
156.6439431778551
170.4205814459029
74.0007300126358
1.6787191025559711
-22.516518323785785
-272.74118562778955
-60.15999416138262
-55.94815648447351
-167.19848328201533
-394.1982429215201
-799.1659653534348
-448.25917956809604
-317.82382701345654
-831.4018232520291
-666.0063066324616
-432.4829106155539
-1575.8305396517335
-339.55947918069097
224.9781266813971
444.2086269660083
565.5703631516342
747.4066239649221
494.64918098841713
511.6420749668333
583.9586813938333
373.40074231132564
127.5046343674495
139.6683569542589
315.5201958167464
250.0892989742822
275.78278113700236
213.43201835218437
157.88945889619484
308.72210783129435
114.73848572783346
135.16023364988206
54.12056121095318
123.11793669379618
86.06938558566085
27.655388090988758
56.60091173631879
37.722176412935234
48.422561274568935
74.49978380259923
83.5052765728014
91.82135443663897
76.77171825294504
25.329698377212342
35.229568463432145
18.48902723032407
2.5224681432220306
4.470345179889197
41.335372969718776
1.2186029078219511
3.5974595532490388
0.002381908641039694
-10.866077277690598
-0.431986764274315
-6.553210260980947
-0.5914825333616972
-4.417650474135769
0.7997776420327716
-2.645518824251694
-0.9256105730562445
-4.756756029437552
0.11931027046720113
-18.235449467537027
-42.617396275484296
-0.9623381038921595
-12.871903331745315
-13.23603902062911
-17.277314926447097
-0.5187498953572629
-8.516461827370666
3.54343975537199
4.38576665725502
0.02813847780006061
4.75375479819066
-8.282488196385195
-0.23148341761780372
-2.9809212033425263
-9.362017109660485
-18.06670777691534
-9.94626981043013
-23.073353892041446
-41.67473171973559
-23.69769223617356
-10.303695128117527
6.00602364750766
-11.572858405083403
-0.15752021141553335
-17.61689028598066
-12.374037788870142
-77.74032277367786
-46.16322841536054
-42.7939859950569
-155.68053411581647
-110.50804563481196
-174.00766034022203
-160.72736816656317
-149.9234201589009
-257.68537373876677
-174.76419328358273
-270.50728026419074
-222.29545188006452
-390.9168225439461
-591.4885447003378
-558.9665231596653
-314.768797329861
-135.96583950342915
2.5376646019861964
-31.111990754889256
111.88681196151572
1061.4955702738002
1256.7319675556719
1552.1877418076926
1312.634920492748
1115.717970284014
808.1809678210172
835.6865710999617
579.2093062328968
612.9235493532722
436.6029677344436
386.29663610397847
224.3219775287308
360.32908015075924
269.6164206703702
188.8133434164971
233.01831721379148
104.16428009522419
105.06195624668618
23.066469095785404
7.688627729956586
6.950777191109984
-23.778588276513865
-0.2865203217952226
-17.02346338265364
-86.72504541511717
-105.78413648269361
-99.89505982511001
-196.94681710960828
-64.59907078753123
-98.39605778238987
-127.43887383535093
-268.2835187014521
-243.0450174781556
-313.4008216646538
-438.21717105274445
-500.84714724658954
-714.0107589350345
-749.7272296623543
-858.9071606111279
-1067.9027112481078
-1076.4800343456932
-1315.7149346029378
-1015.9672561026005
-885.2360963839061
-910.466991568931
-1156.6050932663413
-1273.995170326672
-1193.5851219657259
-1160.9030953036477
-2074.8734117598106
-2116.030539494476
-1229.386595472311
-421.79090497820823
822.1743700974175
1656.2171457046104
161.497729754626
162.33746652140962
226.86073707797223
414.3921207055811
4682.086690039623
3355.5302339450327
1865.3080558960448
1050.4505983368872
462.20970665180334
197.28393979930496
424.9594903499433
163.3588844447013
-3.3343039895774207
-73.23513632509224
-245.7328693927135
-143.32099413902768
184.00178409413695
-39.52080526184386
108.45628986974629
-209.7286919227817
-63.19109390671923
4221.72611666381
2984.796284202779
1574.648654228149
1684.130158701105
1406.6127561757337
671.1534657700164
131.02491047303323
113.86330579094172
881.014573105931
599.6648009594528
136.5457405461637
19.588895873311767
-0.0008316028160106243
-98.47228860948971
-290.91466554376217
-628.1164852585978
-1569.6749997733584
-2738.7555532176975
-4796.863749412641
-2157.7449833700703
-2728.1390373094
-1672.0694884316367
-1892.3636569308449
-1701.2300725182006
-3015.027564501917
-6415.5455076163635
-1729.0583799879619
1180.1760922205458
1524.0763894862775
695.8265446351662
-18.654190783784298
-108.3574159520092
-0.43674717503405974
972.2934291706738
245.48288609414743
-458.1263580104932
-1231.0539677539698
22.08857649254209
140.14705608279638
0.4491314350033408
-201.65548503198102
-30.175276768596
0.11471169910592949
302.9026198732938
869.1779395127307
1793.5588541329034
2063.245037916532
1626.4585898090086
1263.2600612478002
1069.0908215958061
584.1840429543078
367.0813345620584
406.0950548795024
198.87421495789903
102.06317941721042
162.03687950783356
100.05698234039627
102.65048265074529
32.17393697539174
1.6754368130282216
-21.988557476997304
-8.233027739369785
0.08430834727079013
3.152856145701183
-8.784411965134128
-15.047399066957485
-67.74845007296321
-57.123659459750954
-101.6547816029909
-156.57716834784952
-195.1460357940287
-246.00548574072698
-314.64463835000015
-405.6156630818875
-592.4189978860544
-745.1765358764167
-1114.3755030861162
-1149.070654366569
-1277.3665979135324
-1148.0987543196482
-1156.6664487392427
-814.040058880664
-320.33561330185455
3133.60083891711
3464.712708811281
3308.492799905998
2074.1433425012992
1231.4119297903537
-1089.2165879721395
-1337.9405230707328
-43.97626659532286
-15.690743608138812
-470.396123802648
-1314.7859727869875
-323.3820561325767
-602.669637609919
-1250.1836220734033
-719.1430616081584
-973.9591332860388
-467.6570076847436
216.73103894710903
1454.4486384254321
2260.4254187431634
536.032304561243
-20.67162843889118
0.11344272945436241
56.38129210406882
167.84386657060642
967.5188197414826
32.50137230895098
30.860075992485427
433.0848223540702
-15.441375780572312
-39.1994172219213
-394.94842635200587
-1041.3459272812038
-67.38937509834872
1351.5278173030738
713.5002064993215
231.89016277983458
114.9526741737203
-0.2968549955815535
-10.686721505691963
118.43660648362086
210.13037517852518
88.80034054820796
13.974475029686586
37.05090186735341
-123.56030100441419
-17.57825193392039
-39.28537688915337
-91.79738151912076
-62.44780399667747
58.598716177250324
43.93179103397747
-60.09847727096145
-562.5798180765728
-1255.2586122047246
-1174.8952555385283
59.838741426988655
1312.0869643982046
-7.052040477597671
254.6253143537915
385.06337347409703
3222.3358130020547
1767.4161243797219
36.942815518083435
-60.18641567691419
32.151929032677515
28.40447630497502
-245.5145196177381
-853.5922495314463
-863.9967979573689
-408.3110224579468
-3338.8003861384686
-1013.0062288464019
1556.078314974607
1337.0331256642569
1416.8571454382738
850.1563999118503
472.06029995062187
315.64467753819434
197.74334869098666
110.05537697057323
2.869248295343724
-89.29789337245816
-162.7492452402058
-537.6246813476229
-819.7922948215821
-529.4879884258222
-555.2885877340005
-734.6005283955616
-2165.959876292396
-183.46180362924244
48.213645768150144
-387.4816340817323
-181.23243316050082
1222.524896508106
782.7891505187146
396.00065900685775
6.219475792282989
-68.52696417416452
47.34440646557677
615.9753446468603
-236.78546154356025
-403.36940810199474
79.91620522317864
62.97236065477151
855.2617518069856
124.42843208122085
696.7673970831315
422.8245291655785
-102.63646582415541
51.33354787270841
270.6828773945114
51.46540338319926
-1.227996708969678
-61.39423436818409
0.5767437770277777
60.00803709479376
-62.907791853029245
-142.42086958645604
121.60423501010345
-235.88639072827533
-2287.719267687189
-1490.0750101953934
-648.0216480786812
-1194.487589206887
-391.04153593336173
-771.3589626580371
-2264.555819462381
-1169.9729113941428
-436.4251223310369
-74.6657057963639
-492.213161534826
-1432.4948894784281
-2449.0260630122207
-1439.2743663709512
575.640859919464
2102.1334563499518
2244.6915983876916
2083.295334955902
1536.331713779659
1389.5730439365193
760.9136349677692
547.9500213510556
200.64573502169463
47.37681178567675
48.98523230174763
175.27545799488047
799.375658554077
1677.781131698112
960.3617658411194
618.5481767246454
670.925748010867
318.55387543725476
361.8370352836333
139.80692049509983
55.18385902563268
16.31971577394509
9.28191363158737
-1.3084758590934613
-64.21839926960085
-160.43056686412626
-177.92788265367892
-303.1966111755111
-473.93383042789924
-579.1950332802021
-592.7796256779765
-1111.8713142677636
-1114.8492864508496
-1464.3045965371373
-1550.2694906433305
-1887.4389935542197
-1711.241007383187
-1430.0462644357
-614.1899732073101
-0.042046515644136806
1630.8667792242545
1332.9331633255622
573.1512169523968
21.59790756922848
-535.9075329523439
-429.884997556865
1708.914680079925
141.12706223597237
-111.08978758632291
2383.642259054469
411.6395847781153
28.755577991522856
91.86006745924342
583.5759204356077
973.7645801432635
1092.3254678491292
751.5188656257533
1820.8086203236337
1527.4023574025769
293.4673671075573
33.265009732586584
-381.30153795369927
-196.31813239138262
88.4966448528022
-271.78815287940677
-355.3871527477671
-533.8206584116733
-323.143607424954
17.917325752935184
464.5558445360365
790.8396244183747
58.521127608985864
44.244972876417535
-215.44738092784897
128.39967333702327
146.006892436342
4051.407215991932
1061.2626004866493
184.71215896985106
-13.381462676614701
1955.011888188791
394.77948046993805
1375.3825124094174
907.4837542578783
104.3222164534703
118.21820257869742
2279.3349751196574
5655.338480574713
2851.1972945203693
1744.8891800742092
290.28280353960173
442.4191598030017
2007.204263202118
17.10864492172916
749.8304191794114
65.44715800542787
-1.9461238911175716
-2.0736189347445975
236.71640079098762
3245.043884459449
7686.471032429614
78066.01937045058
-238364.69000000003
1642.772404273086
1092.1740254100928
90.25761577495518
2.5135163247306607
-0.1883952526928273
100.15121277912525
246.7148964331635
-18.973036271543666
-255.41613823310036
300.6027074499032
45.507858266967254
531.8994990309116
10.38774917507952
-150.7531604885028
-890.9238338881387
-208.64176365891595
-362.69071863276315
-326.526615900809
-447.0006696107352
-199.31308227423276
-958.0801878098166
-2013.9516413020006
1.6710777508565822
-2.8623392899773004
94.30832378170119
533.9110501849542
1738.9976392633828
525.5507311426959
553.6310868851341
56.08586229038364
-11.70112188067647
-948.3757003729963
-2662.7524743652775
-132.8471449961768
-162.3619464627111
-107.57141722778273
-88.69643862796272
-899.5039389225755
-1857.4941245271307
-548.6475261582145
-3180.1001685288284
-2.4427601091496225
1659.0859982280458
14.976729923912288
-5.169409924979881
627.5935983684158
760.5121362599718
148.31496747512196
6.889272631908348
-320.7564239583299
-0.13452140803231288
1496.9999197041254
2127.023328240395
2439.1560654397927
2401.264904515199
2956.005139594343
2335.5944183233614
2002.7685584619862
1260.452496735469
899.3105050274742
814.7728859653309
611.3965939273487
359.20852889025275
441.1531915341599
309.61963247744495
928.970394582664
463.93971122270636
190.07118454882533
0.8365614767976187
32.92239466350546
57.019008410348476
-2.4801486284887613
0.9207367290846271
-15.900447394623631
-88.22497569393559
-199.6551823530409
-126.98083339892696
-102.21420712327958
-206.44321488125456
-294.02752869246694
-885.7674071976697
-897.4138060060227
-831.5484914012814
-881.7894438217327
-1708.5827431743319
-1093.3771068439871
-367.9727036075432
0.24722879186419391
212.13168788545735
284.6237334980584
487.3068909037446
816.6067239256336
504.85391294108723
280.76997852522504
353.1613647049193
64.54582705786926
87.39137959527855
0.3936686262225573
-4.151691446929462
-5.080860884024327
0.8956570490671985
48.92601108705884
-12.829646655389636
-0.5223791653742041
0.10928449574297514
9.486241486246898
-3.8417690502896757
-0.09365217486480502
-28.0527778459913
-35.58525493642494
-64.51483298981975
-91.96693516525269
-134.69841003977308
-244.63100524180862
-355.7622155830437
-587.6178782645276
-526.5426747570759
-860.4628153563738
-1082.4077155088905
-1272.326271729276
-1823.784476925357
-2017.4019611164201
-2856.618341225477
-3467.9667991438973
-1712.7444488842666
-85.75182117464298
-434.6282132789503
-4.037427287747533
-0.15245459701458394
914.6666504057611
135.19271686728553
-4.420866389708938
-111.60635718103389
-176.3932338654036
154.79155640361702
1098.400299532292
744.2662920562088
664.7192019132668
70.46785103010023
-665.8718229597073
-1050.0907071692209
-605.4326793670646
-637.2443660651494
-10.058975955143614
9.268414918036214
93.84036763358985
2173.1349447007797
3913.417664389021
1447.2626927171375
458.0438211108236
75.87396272239246
2.720683284714281
-185.34263735780576
-965.7556893231509
-1768.6757832893
97.03867900937212
627.49416537246
17.867905471871303
157.73894401469252
112.51782323958345
-192.37959681616044
-705.1274151885577
-829.2923018552704
-760.4971495890412
-625.4843518711439
417.45525173830356
-94.49545393529245
9.325598438656131
175.2595745899469
-48.66626268194598
270.89885172933884
126.62032155945711
2656.4953266621515
621.2232851251918
-90.87079034767943
-7.791162576865682
-486.20311819782324
-754.0167588581508
-0.31018609181929135
-0.6990893968970163
766.848745675184
807.3221070382176
477.6011654860834
-48.134808089807954
-202.29594312903873
-539.0053390985199
-234.43308993654261
90.77763518284068
758.5618531270449
0.06842627302270408
-170.14478961691827
1.0210197953272084
89.9772025250574
-26.027684113453578
-3.488486825461202
833.7423928946495
3.9644667344825972
106.34842848300798
-106.21871303389977
-62.78351440133499
-1.5714401556965227
-623.3600508572538
-1005.3033136651998
-1156.629969611201
-104.34341601103323
-165.22274488048797
-45.612624189100586
164.97219123355006
1615.026217876028
1488.814778823487
766.1257619957561
549.8076335013959
88.10612881263523
343.8056209384333
1725.8334522947969
967.7416654532141
828.9114304284897
452.3876359960868
411.8248714493411
121.25699132888727
22.247837623298544
-14.0760869651663
-192.7766039498547
-278.5052173226191
-305.4996246951375
-590.6151796918699
-1541.7234401923006
-2931.777903008313
-0.8442150132104967
-81.39254854979912
-17.341057509118112
647.1546487048948
40.718965147264946
13.124603662772868
6.588700001517843
-258.74790008043163
-2.370620757511519
-565.5104723991565
549.3168667976154
856.8254858895708
140.24340389355325
-25.185291344820982
11.150737545470957
69.30347171689945
-4.204148190928466
-95.95955171090085
-1696.006358253561
-639.6157474696693
-28.011297378404347
-0.4322583165637318
13.967521720272721
414.0932793615143
707.917749836804
856.3617743736252
1421.92220245317
1096.243407907947
786.6319198481884
744.7993396330069
385.808011309372
257.06760310657097
126.92871829241987
33.47949870151855
2.856461123466635
-11.711180940064484
-73.87034113880995
-183.22240667750168
-201.29373025146666
-127.80133110193009
-402.81208816705373
-647.5696397517968
-1268.7643195010314
-1886.4102696257446
-2567.357198056002
-2024.6320146029898
-791.674801680667
-109.65168533375422
-889.0291395939365
-1850.7646483771364
-444.9451275258517
1.4872968185509476
604.4547487284087
99.25155156632218
-121.00737024039982
-303.5248983813043
-65.71387326536302
1194.1721016927936
2567.5329614433485
797.6071308193673
19.12812130239032
-258.5908445073052
178.83689723692854
543.4556972154829
-38.25981786997759
14.193749758899418
22.438251881701635
164.1853494555603
-50.84173928811465
-1.3141612504216775
-98.97154459315496
-69.80463651426967
-292.1300408797201
117.84597814885257
2336.098409870451
1868.815698308561
296.9973199349795
205.50360444281355
-1.596756053288796
26.872151488521283
-0.6015417621227672
-323.37558213668757
-915.305448249447
-77.15285011485747
255.99053335536004
-71.08042262328476
-1803.4389911727617
-574.8001108588323
252.17764841425924
731.3165969096618
64.97746224141291
-452.2142894607296
1656.558381242604
454.1310472150162
696.2175363780359
246.4195975322072
-12.64580760848967
34.11423642332497
175.45045151012732
46.554738684546834
-1.2770712530248196
1539.7107654205292
429.5748206516872
138.7007472579009
-213.12188837262224
-11.219840758197945
-96.54629245114731
-1555.0707485529426
-799.732598778796
-44.657408568199806
-276.02792740828164
-1028.9689950559264
-387.97377240918394
-103.31195510940054
-1871.6212203997156
27.524893566099497
114.03237646790056
-501.38534916846913
-632.3252534069907
184.48901847388532
49.69658486550413
-540.5202344724369
-1317.6140075643966
-814.4380615481114
-216.69771718500056
-341.6874873645843
155.36855065473728
7.49793740949858
1295.2014973786627
1549.080987045802
3597.7650001070897
1670.0594439883096
459.0515038498812
121.6063945750029
-0.047959384113253754
142.91320161783037
890.3666556778617
1.5305516151683038
897.7207403707039
1792.420116573543
869.0470046905726
1.006478194576041
-374.53559707140516
-259.6952990579051
-797.348285466564
-257.47899458642286
-871.1175396584551
-217.25536261170012
-70.97471919384246
-917.0186234747208
-837.1283759215362
-2.077344955202956
-987.3074847122953
141.74865414184634
-60.020922209014344
-592.5674619580903
-2424.2467024737375
-3494.5757088831415
-859.6280535210738
457.3238474833463
172.52502823331733
-64.30948500656825
-262.86505203414146
40.5226727733508
245.04034184295972
0.2752873591791917
-336.70366400978156
65.91012439889025
1077.9428550542618
71.31080327185006
52.69765548884067
183.60542011973934
13.49976698703931
105.26728696972093
-324.5388213209068
-275.257957604026
255.45619409615642
1157.100098541273
1255.308688623386
1185.1396772686132
667.3354117560942
429.99842421734274
225.0078730054883
109.00086237279643
19.55254388233152
-12.0485302019861
-54.19257137160117
-173.1311494841338
-315.0770451588909
-646.1302190569327
-20.1404089288459
274.30789144646275
808.0214879855657
267.513940023524
94.30780460549411
1.5454729243671699
-19.617846322909436
-15.511213932767678
157.729526080035
998.9834731174988
73.28018264192124
-309.1498105532618
-215.7424755406808
1033.3763101774418
751.5979627178085
26.21404816737623
36.67411542671735
42.00213424593599
-247.40677266556625
-483.28722792371394
-743.3479531137685
-258.50306480155535
-752.8160288352335
-1399.9411075641042
8.544151580529054
-167.71271681706082
-1541.646867237057
617.4271429038802
456.5941326532303
14.308821220644294
4.672715237328775
-2231.24698095644
-1739.0459105726395
-1899.2895826509289
-448.5931970772922
552.2147445334593
398.2737340146334
246.62846484281744
1549.4787263196545
1568.77173191989
1493.7192719280777
16.227399400941355
-28.46122272224935
-887.4256853493894
182.04125766516054
1335.6457306283974
135.44195309651613
-236.01271165568284
-282.7257914946661
-434.3369994981213
-8.429700890775479
20.237251966458953
271.2741608823706
20.83860792786234
710.5084119935623
469.3114577538648
102.15716322999799
223.96623295320066
92.95135061879972
70.39010731477302
32.871996613085756
-87.07621293888909
-440.40503098528296
-1314.9301804714844
-3471.524196962231
-1041.7274197232605
-8.272490462471037
120.98190654580299
121.67549394341732
244.7504039493227
101.97436001399677
1.664984074797078
195.64750988399362
32.40839175859569
28.852544775604866
15.942236757550724
1238.0416108473714
933.3370993077331
951.188814991677
1109.9084156293463
188.25889209595937
2.1147833983342634
-79.75535926045274
-199.2569817658238
-975.2428885215952
-628.692645381717
994.481143010277
-0.031521356871191106
-107.6527751494636
-71.57446631442166
-40.468294091274615
-119.11306205942071
-399.98784561531795
376.254998706197
347.0549521280935
67.39495439366047
-143.72627296575558
-1955.1342655573437
-1646.9280493796114
28.416823831418988
1403.7594479815336
-2.2442665507133412
13.181632578479489
216.18465105636218
85.06973836788586
-0.2229464739542285
-68.83254172340087
-341.03556261585135
-2800.7370143817543
-2120.6814205473247
-996.5303610804605
-47.840495003279464
99.89998361382604
788.6239447161917
77.07433112169787
-153.0433509633547
-1445.1500583308875
-83.7192036288173
38.11132587660667
-5.055559309317145
111.67539704787463
413.8992882983458
288.9833985055723
-351.3484777895902
-1640.4295831257004
-563.7865803148354
-81.0317081973385
-0.7689506482424959
4205.644846890351
1284.2212706036723
2802.3621848813095
175.4105669549486
-244.41538850246627
568.7754056286308
1232.7043726128672
1059.6788927071807
500.1603632923873
289.05952471636056
79.6848505192821
-2.7782550042908314
-78.59448550001348
-1210.0380330952985
-2947.2964099363708
-4011.2660558331045
-3515.8495351031543
-4800.412495754622
-473.2233756908995
-482.9802274702389
-18.774364079128333
62.81039927756491
157.57879714803892
2948.5306760691037
2553.977853923105
1483.6213319348572
221.9074481501188
64.84584146988493
638.4240527990897
607.1513286016034
525.505017450666
517.0002315890251
171.75553659866253
35.657694554684724
-40.01365657686605
-562.3453091085064
-22.84437380541118
8.563311885564952
10.212481496505209
0.2718822299473735
198.63366404296218
56.547772635668935
0.1068579097498633
-274.6308944575122
-356.68259844441496
-9.153571980051806
-11.900516832669094
65.87178195255328
-17.390919777184497
-26.363532619141967
-77.7333278468964
-477.7462667994222
-1495.0435492646152
-3041.375938404315
-870.9061579895354
541.7575885538242
1207.0878618243596
1154.5369636335272
1167.328652754425
1134.1838807691547
937.3321311459863
804.6413436677772
791.5228340946899
562.0209920918678
332.5842789736955
383.71036819378116
381.45448308844084
413.31072344108895
310.6903544691485
321.5969083655281
195.58659504691263
303.949166734639
258.68522698966433
122.07134594189915
118.69566917555056
105.76918095677847
58.24515754299505
129.83756865889137
16.97762549812094
-0.0008073021081447859
3.2182171461636653
-10.146802097566871
0.4621749315370175
6.030867275573411
-0.29925730107067405
-51.69268728096001
-10.935521572742925
-48.76295028643911
-50.25014226780527
-26.830467591654614
-83.202661329567
-7.718457274128163
-193.39657016492666
-317.60965482548784
-295.02234354942965
-662.9267135636276
-695.2054108386249
-748.5235372090785
-625.0584677753801
-587.7426299632187
-732.9480457619037
-871.8508812175533
-515.2003940752496
-343.42871705868026
-528.6572636898121
-740.0050349461571
-1080.5955576048796
-1125.111799891432
-1169.6035767833955
-1232.8707904356895
-1369.9785990084492
-1040.5323759892985
-1090.5875239110885
-1741.503143105012
-2036.2813658693144
-2397.6466915448946
-2557.6886155261427
-1299.6798688363028
214.59110061286114
1493.6636172709236
3251.9480426717446
1287.5335800616122
114.06051043284394
1649.1557305660826
690.5010143539291
417.12536127767964
1.761975563516369
296.818578001562
277.3793807715022
-6.634995154033705
-300.66598208049555
-468.10321939561516
58.588769890801885
-173.15795372195652
-470.6551416415649
-0.04591249673754673
0.6232916488416214
130.44164358838862
489.81224259750115
30.657874327903066
365.7864159780059
266.89187391972195
149.5404184348146
848.741978284449
82.85215544342661
-317.17427949303146
628.6185218568494
497.49879657750427
27.429376922193015
-7.777180829764392
-625.6199960677341
-348.1543979701686
502.06543072667876
24.05092003537743
858.4900803796852
412.61145277299397
538.0195801864038
511.12787887387617
28.45237400636991
-77.54269830561269
-604.0849267218412
-273.5355530264495
-193.01333231613305
13.293845322526463
5.594580732426655
-180.19838933922995
1195.304197633647
2266.7140212668064
469.48683664560093
100.1496871575447
-34.86458196126572
-685.4045604214648
-576.8889263385939
-972.5622367284068
-1904.883989423777
-1329.1765676371647
-94.32528454459155
-595.0275722791878
-109.85346709423273
350.466121581883
148.1127261460289
-446.83760643055683
-5.737468814604682
-111.02836715222259
-196.75868212798383
83.75754362595507
9.073326076612006e-05
-1.7078598566685457
253.36509480265684
579.8153052190332
218.70940388821907
182.76311730030918
-642.0385546619282
-473.2927922605122
-62.752220510958225
117.92146515760483
1083.0917833975875
1151.606668647973
332.15764060429876
869.6743251783773
-83.35298547250532
6.891034659898218
-134.7327617464609
-168.76750932012186
-112.87223043040893
3.60524398062553
884.684874464951
44.0974296604478
-1.7063188661027235
-119.55318469027935
-0.031036401688087828
-869.7358025323318
-2603.7306714285287
-5345.782270770033
-395.40027499532954
714.9871927910447
-317.58027577698783
-329.83586750179916
-134.10087314301921
119.7641982144367
51.34599269024236
325.87410404673403
524.3937897949969
-448.09435530005317
-138.64648721066416
-403.00800541573875
-446.35080796607724
55.918962405483825
375.0091580746313
772.0635409657897
654.4936943828975
1024.4766539103034
739.5334545756655
709.8660257071899
547.0734404118393
205.89217169494202
8.119711269524224
3.485785228197419
-155.79855378065983
-399.75629639273643
-973.2888201947169
-1094.5575202081436
-1008.8931944143226
-1590.731835829026
-1658.2348565859606
-2765.6194263093
-3711.163057240034
283.64044228152716
3422.8286097123428
3119.8286475782534
2556.881064621179
1666.7280567443477
1514.7371152971969
712.1151378387129
-3.4784899270277054
993.3561666899632
305.75174360372273
0.552640575122025
-165.72169781733817
-671.7398209439447
-340.51310073214256
-239.77409263853488
-453.0570185483984
2.6797329877956346
-562.7358112536488
4.447797678141981
-52.26479729737768
-10.368986845952907
-458.21847505826133
-954.514863037855
-244.14666453218254
-528.354597698678
-70.57932239164272
19.66293113909594
232.32198553054656
-61.20772872992768
227.61682439134015
1065.5116115457895
11.927669837457737
92.66231673121857
53.88082840114276
268.7465309397795
783.132658699639
115.94994245715957
227.76724156097384
-94.09738365833775
-0.5253190445681427
333.36366731732244
-206.49449531569923
-2263.300525854896
-51.71391927701727
-69.12940305822951
-292.74695532591704
-492.57500288945243
-255.6093533876873
814.3054630486466
1832.8296468784924
604.5484309787375
792.6591219297417
814.6422956255713
0.021244127043789085
18.785755092734306
108.48222883105919
458.23557699825716
178.456869026664
0.12738813591448855
-353.1096715449012
-149.16819461873536
334.53534913236024
0.13119354936754368
-9.798893238003532e-05
3.7075270973874805
-41.889497777190925
-5.4937585454612785
-182.31427628892482
1.6414022661898242
295.0533752214267
17.982949575354837
-89.80473027173517
-275.59160115760255
583.9403180444698
932.302888192241
156.2735140857073
-46.92257002320001
-727.3666538933728
-9.827322767543643
978.3604955033189
3701.939499469789
1328.7704059529801
-10.708989317209069
137.22624723357114
1085.5689157759648
567.5375649202857
353.2788282168515
76.17842799770514
7.420196846346412
3.68506198497496
0.055424503369279024
-293.14272227044717
-610.8977798292866
-1119.0097864276777
-1539.737413661264
-1890.162804828145
-1625.4801951437298
-299.11921057106133
-1.1072699380355764
646.6080020035153
1742.5108495417662
2663.1588862301014
497.2925888057604
54.941496345420724
-46.905101730267006
-199.79392714142128
-203.42106817932827
-143.5478908918946
-444.1093108334912
-1036.1283934579158
-1899.0746868687606
-1869.2025110046063
92.05698560566394
33.064378851598256
68.67501950562111
458.7241975950514
29.612951621378777
38.57058473995835
0.1460385551977234
-1.4108322489770897
-88.44780424247244
-1357.0240457531847
116.83130823811032
-185.16112913826584
282.91267147975475
-69.0193711730918
-437.27090626838515
8.617799380575109
-1069.6528518817004
-1159.3355353062777
101.68300246898649
3.9131168431222263
-657.1182903539495
-2657.7916994990364
-966.6073095779757
-461.8312321485927
-598.8167428492027
-312.69188006676916
1835.5279528942767
1337.473110403695
445.3985971116426
20.916837008232434
-445.0840193092713
-1164.955856704433
296.3455772457669
204.67127821151672
110.58680080058996
102.29144112842722
231.01963488562865
112.35259835546329
265.9307149691275
2670.557462393991
1205.5112602555716
486.356894831348
2852.5897634079365
1424.6363304634228
673.9410693708093
360.3711313452288
-0.00011867994196607779
-432.29676115595385
-1932.659273819023
-2967.5507706442127
-156.76925600253128
3492.1583862821385
1933.3787028552476
1376.210754106946
807.9667774032857
584.0032257070458
348.4848927196057
212.3853405579998
11.94094094261367
29.61692142031142
28.245829148529694
-6.400169877288187
-77.00198717090035
-131.13334404495896
-462.37597778495865
-775.9115933402011
17.707915325138995
287.95681331171204
312.6920036351393
16.158784776971647
-502.100127581542
-30.36440014605597
-744.4235424860888
-3287.265956112964
-1819.726839842116
3.41739570615547
17.539253993119228
-9.969462220111089
-459.9147975642213
-0.001480032968240591
880.6661171324861
693.1058719666778
510.32757859670977
96.8259720941987
4.5529866141517
-68.32441592572272
-473.31468903172293
-1214.3540085209702
-9.447418351024321
512.8386598767729
311.9019980177472
125.07807689623102
2265.8982086513565
3168.8209984413543
2664.5784107973236
1620.03511004052
933.2574572146057
529.4447863450904
347.0659172672905
101.65369901560071
-0.4920558185472471
-339.328063451867
-767.9153292684804
-494.37037153503877
54.029455589220646
5.956053588246402
-2.605101038594258
-73.09848917538903
-201.9852273941912
-381.5449039052786
-1146.9641637463872
-606.6827724812432
-3.8118615583097255
1242.9632983159586
1161.7580729302178
1019.5417983210774
622.0847753522456
349.52313172290866
127.02604537303878
24.974130744411518
5.709080401767341
-2.6522411585794523
-3.7826832052569572
-86.41542566202826
-15.986786839671232
-33.13856138629974
-57.476268433842534
-100.18318638256432
-254.58442182418412
-251.19649889248672
-417.0383821890282
-539.3096479065446
-669.1301202993694
-683.4405748176835
-770.3253559410334
-950.0153639258333
-1056.3173698926953
-489.4233058744588
-470.66954894383304
-705.1613755246303
-995.721917445773
-731.4059331312897
-277.41434699962167
-453.33154183295653
-1795.184327165173
75.13394642957628
221.98234911393644
499.48055056022133
727.3155175294577
22.59438899422247
1.4802538916618373
-0.0006802746687943895
-10.084863131467415
-384.2830084985456
-748.1043923463449
107.65510609221715
611.411590619658
-66.09428632542308
-127.84791576129462
830.7347403244687
871.4676482116064
329.61543833122414
125.85399007895089
460.7744651289225
170.77119372701495
175.27826399803547
56.79117922282869
-412.0951646496644
-498.0256628514095
-1017.9608882349471
-1765.6869919828073
-1785.6397361313436
-2143.164976389783
-2659.2221737799055
-3198.3989686633086
618.1625901062233
710.9933629083137
447.08551754514366
272.79447016279323
-163.45234435144408
-831.4704258743029
-248.82391045315796
-2037.3538400791426
7.476646519860525
52.53371900475726
168.43580357613712
166.17748430947694
-161.8789232040354
21.452305941446827
1030.7671326219722
667.5175081153375
74.30900230885177
31.415667397374783
280.9271450415855
429.6703237030881
13.01980615946732
-0.14351987628527993
-130.92830619648257
-742.5092809277278
-52.01256164663991
1060.4928386224033
5.59764871128693
100.08288224449306
295.6078248046615
445.9631801685781
202.29731876233268
433.5429839035305
0.8907619801298758
357.85963300160324
0.008901613797168924
-845.2287502659651
-1079.2789309381333
-120.27539419936176
-70.35931215698335
-163.4788026012676
398.02890909014184
315.7615353635855
-23.770816393519496
-622.1530243926003
274.0290785953042
726.6033298812964
-0.08948974962139049
-643.2618476147176
1230.2289943218295
390.9165135811753
25.068105387819884
582.2698207855535
320.05965704401683
-182.1392852319542
303.810308311733
1644.850993126828
368.10513509733335
9.601310788788982
-119.67628045748391
-508.2367377346384
-235.96418611530342
134.68468247823807
-123.59723551220245
-589.3093689350986
2236.204993587523
665.5724642224212
-70.12846414097166
1136.4290184553763
4644.1139352522205
11801.886685481662
20722.879794929282
17083.44792365466
27230.33478154314
50931.107464863395
46368.921244890895
80537.97004819594
97794.51711176858
105271.61664304961
119789.71964840032
138982.58097229083
128830.1765715636
155185.68904522352
163383.99250754854
204822.45590054372
213690.32156617916
259959.768710426
381521.6562353574
398051.7123879788
367863.8156736236
316023.5132987365
384398.0031006591
485953.6207203082
684805.0490244511
821306.2251943082
783638.8907056653
795970.5133477128
986006.492395726
1129826.8434798103
948415.7299172492
873781.6716518175
866853.2878545447
886119.9547122397
923079.0396533133
1020798.2367629326
1365382.9255781106
2380677.642048762
2523418.881304806
-2850379.9799999995
-2348643.6
-1786298.6700000002
-1532811.8699999999
-1408042.0
-1616348.8099999998
-910328.0500000003
-1176630.07
-1044550.3099999999
-578058.0199999999
-537115.0800000001
-418977.5900000001
-385998.27999999997
-447418.5
-379521.4800000001
-388769.02
-407796.56000000006
-401356.25999999983
-307918.09
-358083.44000000006
-333830.31
-302457.45
-296555.35
-279264.99
-196649.36
-174164.06
-136367.58
-142163.19999999998
-111503.98999999999
-121439.49
-121476.95999999999
-100007.01
-94424.12
-73056.36
-65365.78
-46803.01
-37369.65
-15624.23
-6863.51
-1611.9
