15332.159999999996
8957.304296742084
6609.388107210292
6245.091858226966
3125.692410918359
2568.1237826134075
1738.6769849116306
1549.1471221059626
812.3062728834377
786.6217874177381
673.3517373055557
280.01341725284567
376.96686861751687
473.83793173444906
221.6426088664419
164.1334218648346
34.22361953587951
48.07504984507473
-0.07687913592622375
-27.98455334378403
-37.42893622911804
-152.12790101137568
-118.95824023743428
-496.0649411772758
-461.71335081246036
-442.89118202946383
-606.1290664917469
-33.21751524704221
34.60223628841211
579.0959448988488
627.671147377415
260.33645489773403
0.001558569145593016
-27.053330842824487
-127.33917839338478
336.72549612487086
1005.5560084567846
631.4859681669864
538.1027633939856
107.28726147835343
-27.007411473882186
-234.12136497550392
-0.05503259724356598
3.809306653243074
137.88733741657742
70.77867978570151
96.33411635149957
38.94118414263726
2.2558052255312786
-6.212533466812833
-39.99661575348975
0.7439718554716015
-59.47205415812242
-321.27484402123537
-240.71615568541222
-356.8009363298397
-423.6961942721812
-527.2178163493477
-386.79749325737373
-96.02560709551014
-132.20142081471346
-350.36417265364946
-253.70485699972707
-56.74965891959296
81.83853169648026
333.7637912009102
97.41405718483456
639.998505254681
3156.3562661851847
1688.974429361839
1213.7333662625294
445.58168355787575
134.2495453523074
30.96313908923858
-18.35098164197421
-231.89963016065212
-903.1722379094481
-494.7231940257813
-184.18093108865415
-267.71008008597914
212.19136046831784
-10.868662438854521
-770.5790893297863
-524.3889488151805
524.9102297128902
1070.0729764955631
238.77678478037825
-0.8062836074552912
1921.8561148195954
1287.0448648257252
893.078801861968
1105.8248605055965
901.9564879457932
459.177572428651
220.63757194477577
71.12379302504212
328.8456084120884
406.66567857418636
116.16565052297464
40.78876823248119
47.39771237873418
-0.9795934170437232
2.253773811055032
169.35141559333945
-91.03272670649181
-100.08850013443337
-6.025866775245235
-1.5240413608354884
-64.44411595463818
-11.923659517001475
-27.94878220634405
-42.22097893675083
-90.65905440223383
-151.799830264601
-198.55993180717405
-526.2980506410483
-364.3202269834107
-236.08410387904445
-509.4234134832143
-793.8115725934679
-1590.3872942068306
-1954.97975143102
-1717.869714636971
-1564.9579643097122
-2000.1199443068201
-2014.9190761364623
-2125.5357375778876
-2148.823139503755
-1924.1931859784108
-981.3398934518957
-872.9801287777902
2705.6435506806265
1189.663483850227
-383.99074389910106
14.64898522979237
3761.7700213250628
922.4977624984781
22.98297340054641
-162.9715491231872
-699.3043561460178
-667.9369097725094
-851.429424183457
-396.8377316952341
-24.363495903951467
23.541846664732297
90.3369387980348
143.7127224504112
3.715550303295732
55.550013462294515
48.48069257332302
120.56972248566903
26.038989911227787
58.89225145267081
126.42845305335739
135.03627395721952
108.26683190386031
1274.7104277683206
364.68280594960606
88.34276511603187
2.263474803402129
31.808846579152885
68.82927846503082
-2.4458085394664955
39.0863638057162
202.80410837594127
63.28536074931259
71.64712604312494
-0.08976165030332309
0.5654926525368841
-7.743916110388154
-20.635058362483722
-13.365727775319977
767.6743211995682
1183.8428226831409
665.1446996114037
338.58024888504065
379.08605484168925
241.44316863006628
3.338128981267052
69.15128278744538
-10.172683646130508
-7.353871895359348
-109.9838202216768
-100.16273874344577
-152.20154259583182
-184.74890686054428
-344.874054358169
-514.2615738688856
-772.914478900731
-709.6125228365092
-1025.9587596143963
-1233.7201692412364
-1813.303004589876
-2090.940012856604
-1762.9612955595417
-2108.5212770329185
-1435.4691027672666
889.4171882885987
50.823343599356605
304.3684505387392
326.15688190404023
1530.055782244899
504.80132897094984
3055.585216829517
1964.2562840595158
492.6328487029917
128.7815067133937
83.75289705231863
-17.428918300925805
-809.5825538043484
-3010.829562735927
-217.1100294876561
-857.7418060278249
-498.0125554782794
-1.3965742071083878
3409.380431560345
8182.079136853246
3975.212246963555
2232.532473004393
1163.6482728589594
928.7397078944616
482.7141108192292
497.91103548792114
27.07555410943867
-10.895756158993398
-126.22641846628608
-222.41857492927176
-111.6660863324404
-170.20785370515452
-368.04844358566834
-539.3530167701103
-1287.7822313770378
-2221.8275133022235
-1855.3442939000356
-1053.407473572362
-232.7324786110109
-746.2915813281871
-1382.5239383891826
44.13385021185118
698.3291709524229
3748.917833411961
2360.8919354347763
1487.0908059882674
952.2240568169591
613.807244684572
514.7489225082439
198.42138439076774
132.1525421461372
22.12770995343738
0.07214391080248983
-1.7118535280625662
-93.35273101764724
-70.88379586700445
-15.529327192100332
-2.199976658237686
-27.86622582107384
602.4921774631428
216.4275127075007
60.74258958811939
3.579420950689011
-18.793610227963054
0.03983407784733497
1305.8541962938082
155.79306424080096
-170.86992133858783
-1156.611459083797
-1554.5660411895983
-1416.141217424497
-1347.2658637738475
-3.5196158509969493
-5.4301000243926385
-14.146996185582339
-79.54990183200152
-650.2481024123225
-1572.5423286762898
-375.0222576860392
0.12112403591212217
-10.7496052519874
-25.689294499170366
-104.018524021475
-309.8841257420365
-727.6727395097979
-466.92730795227664
897.0069616841045
886.5193078891555
582.9895255373601
651.5565948298391
214.2353570861886
80.05302970732868
13.817356280047948
-9.927281638061263
-153.95617174132613
-448.42332348576224
-14.643399150103813
10.31680387065878
-41.99628565476557
1.4039382008757422
-97.4601299649915
-64.65857539819906
-114.78728948364358
-359.9620796696139
-610.8963309451201
-396.51549022674
-15.305739044600815
74.93078457597724
293.40781913526854
878.3104090642315
1344.7335213161336
908.089692875536
721.0708235976799
519.7617347753569
143.49275928717952
93.63229704470587
62.06997712600409
9.68700291385777
1.5922679728537625
-2.276246636918315
-179.28658088036644
-186.4416900221188
-249.6797952254307
-139.46435529240208
-5.70396249108606
-2.31968306882857
52.01360188771321
801.6562863524764
261.02263817556434
257.56037668798115
242.41227430764465
59.19175498292137
117.0320171421152
28.68396859288144
12.505780087725421
-0.4456061014326005
-125.35571992698316
-115.19317827938613
-188.289893134777
-187.5746363920534
-273.7549907351253
-318.25341364517203
-376.88114830360826
-612.9769006708744
-694.6297332765882
-728.7506836947618
-824.9632373564565
-1129.9343781330315
-695.4196001325279
-448.43072493023533
-620.9973796260267
-1384.9526945012767
-1701.1529771783694
-1457.7363429332618
-87.72587374393594
337.53364988895703
417.38889218372276
509.3806343329263
182.2151508400838
567.651340724242
319.1699818306781
2401.7983414169553
2086.7626161769613
314.8547617042586
-254.5916217211932
-677.7048535876014
-107.9388930977117
226.3606193718375
-21.33347710128683
6.059946350980313
844.3467680402994
3652.0715920081657
5459.5494291131645
2436.0153902298184
1187.110643487318
622.5433220387335
213.20062510790808
119.2330702845706
-17.897417312343567
-268.3376227268893
-526.059553014182
-1485.2492855274836
-1852.266787177341
-271.05071041498957
-438.25484634395974
-611.4610295934422
-815.1094704468308
-2060.6935276545228
-2860.5014638272705
-448.1761447827448
-19.953900984555382
-46.62640681196797
-106.51925902166683
-1.8762814928191098
422.335123603327
742.9402338666689
471.6903561398823
372.4953119816046
134.74407746860982
98.79251689199813
1.3132233287253476
-13.615457960987701
-119.53609286272841
-171.61509314560925
-158.0831288694225
-131.96543240847222
8.25380565986146
54.96271986028195
47.456136772204005
1600.155461437233
688.8681243252472
4.550311832435797
-513.1450759833306
-327.47745388308704
-133.09184958459872
-341.1627608290445
-42.547211701284205
55.885750627689134
61.096099253965875
1291.0008379148433
1161.2109156796323
778.6722501949072
-26.75624392345938
-695.0806672487082
-565.4531431511075
-1702.2494881132877
-1595.4788332129
-547.7348949426471
73.33345099962236
955.6774445746375
1480.336757867175
1503.6798790206572
1036.7905042070925
531.4036259731772
207.6826435160071
7.050396839875273
-117.6133568803931
-51.4377070992324
-77.12195392808613
89.57348628565171
115.17956904810715
203.58626374234132
62.29649070256316
8.906355873194713
6.106955299614829
-3.0732986472650596
-184.44236704302696
-140.4147688927702
-123.20694535794782
-111.17993636990312
-120.56035668530753
-28.431043756981726
-19.148785503718727
0.9867194017802774
-65.8184775519956
-138.89122978611638
-1.3169906273468828
2.583312524492888
147.47137198254495
53.36828447378161
367.78181738743956
638.0350683628728
466.18400441852407
840.7715987361187
530.7208196869731
570.5432265369309
439.9244756372341
539.136083781698
303.27529368259286
313.6959906307185
319.15635854239133
13.574656243306784
52.088859616408
17.510022584813747
-0.26193443352197315
-27.118313402660377
-6.45331727287471
-81.26994493050539
-100.89498761625752
-79.40893798850789
-23.67605721869287
-48.75407505921015
-6.513733912097015
-15.73495343237472
-47.69938729032651
-15.39990166105849
-21.25787200500698
-35.24331344566842
-14.491963980115866
-0.02996681358775688
-2.314134512795502
-0.5839615877156736
-10.561823758907249
-0.1864776401116564
-0.5439869575386365
0.0032582236588467777
3.9668702593312706e-05
4.5058064005007985
-39.97913887232217
-95.5585870902342
-61.886252463969505
-12.20296496542775
-0.9712554705062719
-8.232566235346487
0.0008604714587127187
-3.7835266751772343
-6.815707012482101
-0.18038673045764259
-15.036043903439237
27.02234568648057
-26.109009431087927
21.581247228220846
5.553130850625711
39.29595809355409
16.53443834296364
45.438025898808945
5.51123772711912
25.559234315356907
6.519852644812463
88.86903444187075
3.820355787041649
0.5952083281057267
5.992604710614355
0.3792499868368747
0.7566341161358449
-13.827188209315935
11.296829459812397
-31.108952655959495
-20.079363671243932
0.23147889420533052
-11.791007311239039
-14.162336617791631
-9.95531634661917
-19.643874990777057
2.37416660041408
-0.5536138326626435
-56.827264924444144
-121.0593303932926
-63.548208099623004
-74.18309201344225
-220.37873142773498
-82.90157859055368
-160.47803049702907
-286.5613356406188
-287.2762056602122
-656.8652104045043
-306.63357166775677
-533.2091733304221
-586.9266742361912
-374.12435176485417
-605.4605433890198
-647.4903287974794
-724.411979771999
-994.4737369489699
-638.1521691352232
-297.9884094274181
13.62273325408589
491.9570235877176
4028.642068531399
2988.326721146413
945.9660768811623
-25.633437664615396
351.8611797659952
68.49596443562251
-134.74640908673655
-820.0392341868562
-98.35946675564439
727.5970101740666
599.1635377384858
356.7334321733207
561.9086938400711
677.6544243931188
483.86221578637117
315.20375033970254
383.1183466816318
244.33637993958672
54.719207903909144
92.86442632276527
18.7114997327633
30.427563001874915
-16.135035354879168
-0.40165076506460295
-5.458854734470113
-37.13835687995158
-40.448723787413755
-57.67027622704623
2.4143659715368715
-49.54234896709501
-25.418168288114813
-88.71541383678536
-111.91501784846399
-265.88283051517664
-182.25660374720533
-386.2149820886764
-271.8652677624905
-221.38632049780625
-738.6120057317146
-623.6112732913163
-432.1055640916156
-714.6548461067921
-698.294385398624
-434.1461061647518
-418.4783829736647
-154.67717535689144
-137.99985743932976
-57.158807889669866
-122.41824122362175
-171.14472237927492
-11.568456848557325
-5.618713608197515
-88.22262592756377
-236.50093571838315
-71.58304446350579
-559.340504911127
-379.4628725147988
-437.63689265632115
656.3291433507179
0.052363493437984326
125.11959540356598
48.83628865532021
64.71315968507362
-3.637952266657609e-05
-185.3349135357866
538.3457281373757
-22.443579711131914
-76.56598281241659
56.28363268533749
181.00111990384718
-71.78481252432942
208.17106125928777
-191.21684585923563
-415.43968390766577
143.51167359521187
398.30502768747397
-20.715776237652335
99.2417179420441
597.6543670000307
365.44849659864406
337.40231817088386
-2.001709986019352
-134.40916751314617
499.80880445202587
816.3924995971522
643.4540743854199
247.71565201719068
411.9566608732689
58.60554471510948
-19.66499842163406
-370.5612243999283
-387.14930175691046
-396.9340951680968
-206.70226585369403
-252.48828744121477
-70.39075676931311
-321.2163687552328
-344.71945334906684
-225.16382498712233
14.077039120767958
93.56768875308791
621.0375008062873
251.5026700427254
-46.669736483552235
-513.8727034783606
-1564.6393754773826
-2234.522884570065
-1831.2752076945044
51.96975198741084
-116.30519192744
-869.9377161065296
837.1723112800014
1380.5841864532372
127.22974937060948
-208.66656667812745
676.062740190828
2247.858649884334
149.32933354594618
2.9352366647598602
367.59366592350426
2943.688637634574
2764.7953017842115
2157.613848300638
1270.8825923527615
780.9140405125183
37.40150966681248
0.00429566323327447
-148.74527859466244
-519.60166668188
-2021.3227135733468
197.62539248703416
21.936854124188113
-704.6507881659354
-14.1047378919794
926.0934656544531
2.709137146117506
-905.6223039927308
-3179.721906735973
-3.3019179086835235
396.00719500686915
-0.000993909225696086
-499.3971458779253
-507.02005011379254
202.9610162267412
-348.1263773587179
23.471053461917176
-30.896670567962783
-132.19920700320682
1832.5100171995018
3170.0376704721566
1888.056342097314
971.0497236124165
390.5448542708433
455.87867457478364
53.00374037351275
-54.34141273727253
-214.2598217597849
-602.6519684355236
-1114.856818706486
-2023.877778338226
-4612.442737526335
-870.6830791817371
-261.8260051012897
-168.54358690118028
815.2792577176677
5005.243461709276
1587.2684387119607
413.10529049141724
-19.22758743930794
-145.05856257652732
-696.0670025693918
-1285.6770087576663
-75.14155879585564
-148.93075152617172
-2012.1783560514177
-1560.402420947632
224.75912245924764
401.07799616048027
389.16114253286366
428.29263355112073
241.86497782312392
-155.36313538933214
-1365.9696777228746
-1447.2918253186988
-1779.8177812381778
-38.578506539933805
-0.8996336516589428
1857.1034449418134
794.3520310138761
76.49950284495453
-135.29979766959676
-979.0158633141625
-1098.7866134840406
-92.1454031353762
-848.681753994762
-2882.3333009532944
-479.3548567053781
-435.4808676547319
-1363.531965338616
-547.904073538222
-301.8525581227075
-13.15480330799794
1157.3506938338437
2728.14804997024
2973.3697886771915
2957.152366505804
2212.924419803939
2454.1126971433905
1815.8398625756301
1760.803853046254
1987.607573928242
1446.1190971683416
1295.0840877896608
1229.945988975155
763.7333819106441
593.1704415518744
426.92236965997375
406.8276851575275
145.8423497112703
110.04663593641979
42.74357315701748
61.767667334460675
51.321818984140066
46.969122106498126
-5.722832547430887
-11.697290035549953
-34.16986185784103
-107.61503896687944
-144.15492890017055
-279.91625469570073
-230.34320191040652
-398.17643840427866
-744.0611479431307
-624.6511022409708
-958.7865374495353
-1230.8653011676213
-1569.96586208191
-1621.3252767785707
-1479.6898213064155
-945.8303405495753
-950.121455063022
-209.05947695819543
167.02763990574434
960.9045835490697
5.0932517321523125
-178.46854139172183
-82.97342423198936
490.5821281179771
573.2329636512818
-6.022698714937853
10.900772576578325
733.1784639619566
643.8863786636924
116.19007118914155
42.21984935485182
-248.4848528381199
-589.4595186656795
-956.1231046204159
-1181.2711680132147
-1204.216796439705
387.6418697958094
12.212461262781243
-0.07312763860053914
283.9097624795564
-110.86250214686979
-1461.897068705579
-2415.728473494344
-1455.0318205853157
-0.006355573961026734
1250.6145022992696
1676.6089946440993
1443.861247740578
1445.7376644165508
486.79029809688336
372.904994845467
315.7275620693347
335.10732523899105
81.08965530769225
239.96205348046055
855.8421739279655
2114.034664171737
1031.1485702513514
438.1692208707074
508.75018419419143
109.82167196258989
6.378805545171028
4.427245924792617
-14.379043404210682
-51.90135303701325
-101.21294642491407
-229.0225968060113
-154.40135909194353
-44.599367611219485
0.8244709880696037
-0.6205099356996044
-206.7642542180124
-345.05635188820986
-1083.2796878914653
-709.0405680455412
-1567.4367376583587
-902.3598488252194
2955.4012279074673
349.0627576744285
-153.37240080304034
-61.54599276755093
-468.0329560128829
47.23643815499748
208.29886190059585
127.99657830893928
58.3818406537389
0.0443983669597192
2.442043122572144
-31.37463775798888
8.170652570343224
53.46902450390814
182.18996417943305
1599.883765946855
867.0532245571133
261.45251267836136
207.45457828881788
158.85087156101753
832.409117117413
900.9918286062848
-156.0775115882232
-502.5884943969758
-34.30686510336578
-0.9759662210167067
-1.1515417753225305
-80.47985504920803
-53.84239723182801
57.23333911950842
73.23368795618444
93.606141499052
26.956967559559644
4.671225126662001
64.65908889891362
0.054056603537893023
0.19925522377902563
-16.921128317007597
0.39101492042825264
13.618975692338772
17.440218177200318
83.95651246447888
5.472722532756106
92.31910524686117
17.54814502701613
84.36157607159312
31.05785164368989
11.097794460735182
50.68450496649331
-4.965336117911194
12.170453909107039
33.74347631328265
11.684348180893556
-9.461382761345655
-2.3749463167688525
59.06832279853057
42.55090471005457
1.871332815563285
87.73523834189444
7.16419937549353
24.384329978003713
4.123592508138822
25.04637675321364
30.86092912949536
5.034931612806245
1.9424531449660443
87.98700462997203
0.16713439289377602
0.6387920630215664
42.804521956350044
27.005403816247686
13.795983929108287
17.768392927355126
59.21709707078861
65.81630681249234
58.799035157792844
32.88360612446613
-0.04824146386618495
2.3422411600271
-32.642556177311704
-7.138085411726561
-9.932691527094171
-50.83992015853336
-2.5118688366738384
-23.354375977842853
-66.26636039006371
-32.65218725752466
-209.447204954755
-138.64493730806365
-277.9649902552835
-261.99506078630685
-531.5466421820188
-496.08843499034396
-578.987628595509
-509.73331174204316
-800.3487526993862
-639.9456371236254
-832.2003168059241
-1328.5145729315068
-1229.5128557677785
-1238.268327345233
-751.7439894320229
68.38857459277277
3370.4357077149857
624.7252530820227
62.261822262713395
-8.328471499555551
-159.97898799531123
-1337.1723584362503
-3082.940036713955
-4226.557057606196
-811.3563858496668
-706.431454730434
590.0939913284703
-58.676755098746675
-3120.947485384284
261.87904956614415
5177.8879226066565
1441.2414341375597
666.2468024740895
123.4675840637941
-193.35794308531055
-2335.0413366624393
-1836.691224316935
-93.01021661519358
-2413.023246366945
31.199342267666978
629.0708944902123
375.93662659180455
439.7909760605103
2253.965706773618
1649.9574243496354
1022.16095185226
614.995077847279
583.051692151098
-14.882369099298181
1.1509082227299696
1556.5103608424115
25.15154871727362
-5.446104599188413
-24.033107266599316
75.91640828342543
-465.4210155783931
-589.9456245554168
-0.37239668483294047
2281.2859528060776
1281.3140059337416
400.58730387515993
82.20138613894734
-90.18135447227515
-1.5232645495765815
4.38344047090017
283.38045012455893
154.84069141025486
28.144569744847743
-40.18568919722721
-88.35256343436923
-227.49637332652813
1649.9699898770577
688.0579584958246
-13.05615936410123
-1128.6068858202625
114.49092736641542
88.78834836238596
12.023813224982174
-0.5996706951178297
-172.18055968403442
-1291.9431311819956
-1736.1910640128451
-3287.173754126102
-5282.142263797836
-2960.735467620316
13.084092524630087
-14.577464310800451
39.148900821929956
89.59419914734866
-119.41176425523608
2.940351104736396
11.239913013124445
13.624930376332536
17.85077016364226
-378.03089745269756
-3166.512720514467
-3129.8866541489024
-470.0624867152434
-4.563198535268469
-32.84622038029772
-22.840828975957113
531.5724438469564
2268.821405812044
593.9566709441924
54.8866441123027
4899.895292310893
1013.7865275565291
76.06604047860588
-15.490521521348274
-15.56022189559215
-463.7098500000483
-1819.4928564455097
-973.1443453909984
-1748.5910214836945
-151.27142443288542
3194.398485924333
4047.868326039864
3272.673902518524
2587.685115781963
2607.00329494165
1469.3577485909332
1058.6077870841407
1064.0230612285634
592.2752737536789
355.0153076210479
213.86953405584586
208.20276858531759
78.83009361466216
9.336633340019084
12.27108998115611
-12.842349765887235
-93.42565008424755
-386.8703624042072
-451.7754734839524
-768.108958573388
-1015.7169748570509
-1358.7102325432097
-1348.5596401946132
-1759.9889411970712
-2196.6396142065496
-2891.5146755057203
-2295.524863341266
-1550.7136392652133
-1634.9966743714792
-108.75723024820653
5158.423656023636
2522.9548062544477
782.8304072313972
388.85376025754306
123.70434715397693
-0.13438429496135354
-57.188888235546855
-126.46890131952256
-280.760295646881
-822.5412983289095
-1078.6873645948037
-79.30379010464009
-590.3740896910078
-858.7331555176693
-284.5036464061975
-8.38649579408527
-1062.107019599018
-2285.924898258856
-27.015614787373405
-795.5575519294614
924.4032746670372
2437.230104987193
2259.3149487188916
1605.573166779202
973.1081761890412
193.9671604987451
339.0756463719596
3989.739914427243
1342.271074824485
94.92934306887093
38.939067319220456
-2.4497957986542813
575.9795418130153
138.20980909523664
-89.01149351097565
-94.85389752546965
-284.9077572614663
575.4584564051802
423.086246860281
-2.857068624747761
-19.929858163318528
-831.5243759510881
-1979.1762782990863
-4877.875481703313
-5074.485628992933
-90.2219765170179
434.76965147934663
644.8458227440489
194.55749238413475
977.4039651351246
181.98792500374378
-54.93145343968489
-170.87607797968684
-215.21236465957026
12.120085463370287
-0.71688027309678
-17.75707556801472
-72.86147686996941
-44.2469076830228
-16.122691892302498
-8.494370005305539
63.42066788093954
181.37116161729207
476.6720235557596
38.36831441863524
-45.88620956528494
-131.40740779539402
-1353.2027880065784
-3951.990649271779
-3871.906868622201
-2421.9532803929205
-793.9932839090259
411.08274883531885
1590.7855490754791
2135.571958424
3176.0745957454155
3191.438576788225
2736.3755232953954
3203.4557583627306
4876.418787764309
3183.450937532514
1806.8231991853736
1457.6989571488346
623.3595509572876
562.6402710023385
290.1424698121036
24.1686927173011
1.0270268983438329
311.88114505480246
297.39900414982014
358.51650321846085
237.24140431001655
121.42129468620922
89.26936284074958
174.46720961498045
46.148162049576406
122.81109248074657
-32.60863796319239
-76.10393991817492
-375.9660665170953
-226.35665022921202
-740.4136089089104
-1473.3675466503619
-1659.0863778899773
-2527.410713229726
-6052.322096342665
-2612.3766080514247
-2139.765405523515
-2545.724700552213
-3483.4987414058123
-5262.647946930746
-3943.141679682245
-1232.3797393945106
-53.21353597321322
0.19846776333452268
215.5573695955605
593.5861895648222
162.69217200371781
365.7870745410828
374.1131514694785
533.2680574952972
68.7417940458261
-13.66938034709766
8.716481211088478
824.8185744019161
8391.317028605863
4543.066445330924
3097.227469573339
1893.0717641651388
997.6688423833485
639.9746043405186
1219.473380655959
589.7124696100615
353.63336270962725
558.7338421540364
129.60103540922324
-48.05491448205545
-991.5083230139805
-1813.1042771863395
-4064.149501110243
-8467.230000040967
-2550.609473237356
-721.0611183243385
-48.69539667066293
91.07634437302377
-39.8468103805984
84.34850912525573
165.4517314094265
-41.96626426733775
-480.482833972051
-1658.5164795102457
-4158.26368299016
-1679.3088351099427
-403.97787872341024
-495.4170471061612
-991.7459989422795
-257.47794251400285
304.23745028369626
2828.9418073602083
1749.6797866304637
2912.1431126930393
1656.1521114637717
1621.281587737979
1048.0868396892295
1283.3349373645856
1054.6522878933097
923.9284229194232
888.0226073792685
280.5625187391308
216.33466376439347
144.94976196415982
37.25970766709111
85.88479737305079
139.26146238611628
1348.6845247526446
797.9303481592173
439.3911125612325
94.1777199100699
2.312923739374589
-2.7111109770226935
-63.0428085861097
-174.25638763767606
-396.1971859241268
-1023.7618662490494
-1506.185878613423
-364.6245256664196
-15.528899112163868
-691.0692856468485
-2637.4210063909554
-1226.471571426785
-769.2381297446012
-490.03706071222393
-476.59386920332787
14.222365396421003
162.39830295009855
330.44370555031196
922.819847477407
899.2185481592863
485.19683053899007
244.7403515375521
241.98531750839663
270.19908858160323
141.1331900797118
342.3024212654785
659.4709557884707
420.81167037091444
334.62425574648887
54.23059046173267
42.37833787907976
40.793566800814425
168.81326069274056
41.65113233418907
61.93658587754269
100.61627870672413
125.26481483396451
48.93330997809487
78.26364235362306
87.00861735790372
-10.512676204289244
18.073809549521513
-9.800893161547986
-30.107956806638942
-1.213316526253942
-67.14452171032356
-234.7748904057246
-452.92277607691733
-344.8681456041237
-375.5410552512552
-653.0146707878137
-896.3493779586165
-838.2507106463847
-1390.2979903090609
-1947.748041219034
-1949.195430499964
-2588.899807595758
-694.4853788321285
138.51075890248498
313.2173693704485
255.3144288896105
247.89013273190795
92.34194871109507
21.587281236457727
2.8701317269586264
-40.152201661794564
-86.22568482946495
-115.71978971137204
-39.88907051387722
117.72724718538522
608.45056778589
284.38838773665634
135.5903428679763
131.6675179477839
0.8394868919323326
18.583340040158994
51.593424806570596
62.355415081719634
223.28708946387303
477.0571547704061
308.6569627791278
82.74757804420577
31.69242876877754
0.39247149429065287
-7.938258653514698
-14.52619262836786
-85.16595746135275
-70.61327103333477
-12.61736100243092
57.32183059621184
45.869559123266534
42.177494337441374
0.2917208339266701
-1.164087009444316
219.28208966770796
349.56409737906387
2.275342301353895
-181.1496881674858
-542.3386010077816
-157.38709592969272
-343.45422472621135
-870.4377498278927
-1784.577454971223
-2630.83278282609
-1134.9857257432122
1653.1408071150165
1512.6546935505053
2645.2271501515215
743.3242854919507
110.10667606359232
8.369235159277716
-128.22215231333956
-347.57109942643547
-1153.8885783199287
-2693.229762685264
-5707.944577683193
-8150.269426233495
-1371.1421261877515
-280.29235532119185
522.780918556261
1660.9110598527288
1300.124183489707
442.52364696276976
42.77001324088904
-192.76331138140247
-908.209925905905
-280.95733407327873
-10.391418958609053
435.1743965220118
511.43935258059076
22.365216224566602
546.5289616615034
1571.5365743666325
1147.0257644413064
706.4982572921592
398.35126330678884
225.04008675042198
140.21679558728613
39.31051668643201
0.2458181107270144
0.12169375840964608
-50.70467935811417
-189.9786644299628
-261.6638019793885
-282.44383963945614
-721.4118973802547
-1557.500623311898
-1411.800276785777
-1667.7105304262736
-2184.2104228754647
-2255.305804169777
-1.4250779355502812
5148.6500032066615
1482.3142215842086
525.362349334153
75.60827086414041
-0.16110075163177512
158.95989968043574
2831.2350739007743
1074.084923966026
536.1539983918924
-157.8225883926175
50.07494099614391
906.2150540386526
2750.21976600658
1817.6484967065962
6667.919846977638
2769.0633855544775
3860.80884440806
4010.6119804461227
8203.505780438067
24900.090569008236
38315.8572896801
44205.360768379236
101464.50136969346
-367717.46
1052.3023202980344
-104.94741578129427
-1521.331052058451
-2454.3175901490335
-680.4779355510092
-122.51087178900443
-1151.5017557995673
-1502.9562354064778
-1982.3128367923302
-1581.113285237689
602.5450899145198
3235.638810207037
3390.629009084164
2549.5405584213904
2533.86546970167
2499.1005330951975
1917.9931711028494
1814.6614431517007
1304.2529679001968
1365.6017375601846
981.9513674433554
913.3985368837099
783.9178032942335
710.064400957702
472.7125454166973
507.2935787585778
381.19820354463695
287.353797012055
200.93201428886255
75.32365268206041
146.62905238733538
33.25528183808921
5.225953144726433
12.255854441447713
0.018661579815332806
-0.36809931604623725
-25.650178685896613
-10.274310316608082
-123.72782193356203
-58.42142585121593
-150.26599691659067
-204.28898105327517
-261.53620117225205
-484.9433681906605
-710.3826198188399
-682.6462099600383
-1028.8978622316295
-1422.2393284727082
-1737.0606293168098
-889.61878031627
-617.575453155141
-340.336661668624
-297.9451798215946
-588.9117485523955
-123.33612245155835
-75.22017863322384
161.1836279891242
2041.4252769989835
1196.8169845205696
314.9922856643924
210.76071489227914
534.5220088852915
87.41659558975341
4.818307360153135
-140.78141541749758
-313.70788518220905
-44.322765939072994
110.07625211088732
1492.098749907625
1691.220919105801
702.2068035213356
814.6324094382683
3238.72264076201
2176.5031550439544
1280.988318075561
897.9593346025335
574.8349430855837
394.68488280608824
96.24971404093505
104.85381452367957
9.47172585667404
-2.101604852058637
-104.5066731798553
-76.8593538256295
-411.24083852108333
-428.7698700504996
-675.1061591821789
-981.0752094821792
-1372.762172003415
-985.6472859800216
-1705.0501942429055
-1659.10510924022
-356.1023754323264
-296.4980969732272
-27.917647121789816
-130.12915260486733
-200.4765422399254
-190.3235575833147
-499.15180572032057
-409.3454033943095
-130.43197727168302
1375.8539976297081
2117.106512256713
1835.3882539649344
161.87885156750102
-55.76692290171083
-395.0100574504642
-719.8178348461738
-159.10477346688833
188.3463192687222
370.89502215320044
-17.501822919859496
-223.03819499793659
33.91616703704275
409.7537522608337
433.88233386064456
462.96462416164127
238.26922547480794
20.878211782372393
15.995913907812586
-53.03604179919493
-176.4433371333171
-351.70830220734234
-607.43303990117
2732.6712516648568
3052.9305123170157
2098.9948819673345
1461.4235134313687
2106.9827086131722
1438.980624915309
1082.0958032437447
454.5856589293821
535.1049829604559
295.376284312234
66.9513767601323
-3.5079693153515192
-139.8463775985499
-422.16042889786434
-460.78725472238165
-772.0915489794527
-963.2752738451353
-1070.7443661597242
-2186.698946720756
-5074.461943772862
-1949.5689600899257
-2414.128424654101
-3290.980178796912
-2674.77063368506
-247.0623284465513
9.747603323490472
-509.57750025268103
-187.08774214300362
8.62458045566409
636.1115650892741
709.2648301692624
-116.02589529251344
-508.2291630193086
-1132.3978161114646
-481.9142241581978
-347.0803048574296
3.309845096340924
84.07868713237995
342.41505244720787
521.1614836493548
443.35789875298724
162.40877858268158
101.73305207916829
144.60802717336088
83.2352128400323
26.63687402901077
6.0631180975327466
22.68067152793889
1138.7530941009913
1737.0713916117015
1123.6980121827414
406.8536442412426
265.17931376431915
19.93192424328708
22.58515488313478
2.964840954471104
-9.262701115865625
-8.271559596481383
-12.38981667992622
-143.03654822859562
-62.53544118809873
-342.7020977377714
-1346.5260196288868
-1428.1938925826346
-1756.936124733013
-1749.2028318791329
-1569.0495552295895
-2513.0981824120217
260.97811317220163
-76.63469946441548
-1400.9413584310719
-3188.8354742910233
-3890.311057605637
240.79102250906698
-194.32640767376915
1307.2604655511916
2050.4336012237127
0.7632446078769324
-632.7464068160441
-222.54696300375065
-632.7227481229373
0
-14893.99
-303.40918506690264
-148.21942241256437
-1474.6973517393042
-1715.1552917506733
2253.936773010272
412.81612748590413
356.1961255958518
4.834921623181436
1033.150298115618
416.11740644576383
-136.67368468189864
-419.537670564465
568.6481954858036
436.44578766394704
3230.248007398197
1412.4234185448029
-95.06965869915814
-3062.6231772629408
116.48411798275387
833.2486020619176
500.1376778391588
-12.55455469924844
577.8191227760916
4610.239685452166
5528.949601622863
2337.6119544048306
1167.1280173369364
249.24036709487135
-27.02900231527602
-216.56707075328657
-489.42928243260747
-2630.1755308961447
-536.9657112625057
-293.9013321242396
-748.3919370555393
71.80712576739765
210.03949937656134
0.04821571046322949
51.714963644342966
435.29801225076176
2320.0951698941544
648.4143972807552
15.667145656491403
-203.66903404090823
-815.1720003823425
-700.9052166778054
-23.63591993674588
2.438942845534296
-349.36743597935225
-1261.4621960876034
-465.437291699574
-57.41592524007418
-489.6906736909506
-1464.8294968867117
-1356.431365036366
-270.19673030998337
-1252.6574738962024
-18.405959307353633
493.9018717802765
3947.010551098527
3236.1669313546067
963.6469601050777
631.8993647862867
-7.91196969485047
-2222.206289158115
-302.7715072099115
3146.732468987002
2272.0923937692905
1225.6554994186083
668.9078176375291
441.73461317058855
2.88505958998943
-114.50330327079962
-831.2203494815942
-1701.1989943057226
143.4036945378869
237.98386917840384
446.6762050270239
259.54276335352654
2.539933312565351
-150.82419847638926
-667.7843930895219
-385.960049631251
-27.306146899337314
1035.1949296564364
112.65686338143334
81.41661426513605
-0.686385293658623
-202.06769277110064
-1130.8220233682346
-113.4090314048332
308.1203807027334
1394.139030075696
600.757368576431
135.03835049743083
76.85483711066092
3.502554748302754
-89.73259924084522
-64.4381594925895
-605.9324984148896
-472.68178408183235
-1193.2433919939463
-2989.084902374302
71.29264570519643
33.85443750709716
-85.37391650667149
-214.73036623919376
-393.30162828488153
-90.93774202191602
565.1665791294267
1259.605498038065
1094.3611368428956
-86.804480422512
-23.797036542465882
56.200328679795604
-619.0724216856166
-573.2706782788572
-196.3825916455666
-200.71427800671924
220.82877153389893
-111.8200681813182
359.5628300836702
807.7771055381286
429.0200161150424
75.07755351643306
-34.739551103207944
-53.374417437342174
-15.845450556455681
85.46831737595758
1269.6685867747758
3982.9938202672256
2074.7098704129385
681.4439243577881
240.1647270448887
180.8560061481594
-46.83867062480792
-357.00180246356706
-1483.4961959469158
-2121.9836022779346
-2799.769465950597
-656.9647355939628
-13.923802626567117
-563.203488750448
-1287.6629986259354
-5.238732538724033
21.58205328516645
-222.16063304060478
-918.2775302530856
-588.8748165216043
-29.422930568473113
51.111285513924656
-3.2154422442847266
-96.70800437763536
-0.05095547839624015
285.26140715275903
-1.1072070191632284
-99.67146504190168
-57.27379912553422
0.04147368351677378
39.84540422931024
-65.35416606118571
-6.29865223476738
-225.87689039760767
-330.69438745795907
-576.7836136026203
-2619.9459286800134
-2107.255462319854
-735.0069447992839
850.8777596893689
1535.60821825085
1884.5824726065323
470.63102634496005
-22.159658461029878
4498.452409713506
5821.007157333619
4409.427667653414
4346.652534856394
3441.3359404433277
2459.0469697583667
3027.6751525674954
1609.0831418328466
1551.8395374304084
1503.2906293238505
1044.4905153533184
1467.2046381986358
967.9045761128975
737.5693112314423
784.5656544898085
840.8848397394014
994.633397285229
833.5250526097411
384.8564511157176
547.2671122217421
1035.160499547556
501.3838103828919
281.15137319407677
38.229700671487514
153.28334285951777
187.09086768644994
12.344564400309991
-0.05337978064253469
-129.07001959388447
-982.6301151091382
-1269.7552270050714
-2415.7922645329604
-3804.2977376661456
-5818.510785986663
-979.7817226419087
-567.8055047755519
-546.3973875035872
-187.19883740810394
-387.439147628304
-511.87687062371856
-181.71151097428935
-427.7025166414099
-286.41080974488557
-270.7946551958829
-465.1696986262455
-270.6234731294502
-531.8094468237747
-684.6573823695161
-756.3010114403066
-1473.9549488474383
-1057.314850806654
-1856.5577413558844
-2383.4468004633113
-2672.8855698483912
-40.79615382285894
372.12669858348977
82.34762653869954
40.41088668156526
98.89048351905403
699.3995099157484
799.7078542130246
447.58516701406256
654.1222981526772
431.4919483375041
259.6570870002738
61.68206939217109
117.5631804365461
40.94034172959091
20.627327575850728
-3.3891660278000204
-376.11817176321983
-1356.0972862085919
-172.19070690832635
-117.95765952424682
863.8290846662403
730.6385527578755
616.0151316763743
120.60779625679679
8.683633352887703
-118.52716685331046
-674.2679256292447
-689.5304650691585
-1.340395052501102
-26.30254913837234
-80.70668271744577
-37.703993266055605
151.66505914657134
204.86036841406008
96.88173931969203
106.31090961236575
69.00785261709294
183.58376560016805
67.17523517719182
78.2917798080382
78.4640850963985
27.453320240169898
89.21024462490216
59.495914387881555
33.72799116381901
22.64085293114878
22.33706941073679
19.35202254447252
102.94338475194348
82.2664783054208
9.987559304072686
154.89855470297962
34.47754776142455
95.96979501381442
36.18176555205572
159.13935328787983
34.72201303297065
51.40601345260233
75.29600436571567
148.29946796519872
147.0335853721814
78.31516068951711
82.61613290652538
57.0513480100702
-20.40207376644031
-88.00467013106763
-404.0147322088761
-964.67369962926
-1262.642913186086
-875.3916722590801
-369.732346083112
-248.3333700431675
-151.7846599866389
-34.666437281588294
-69.40977391614655
-9.321757886222636
-10.02495184174494
-11.752876707042914
-22.69083269089634
23.259271725028928
-3.7119059592657146
-3.5889869775497063
0.6441762194451158
4.759000184411512
7.924089810520405
3.603701671459291
11.981897591577917
15.655544319724012
19.73290097218423
54.0954738670485
78.51151308390608
35.40113616742118
215.32619542092777
129.57427869042638
198.0499000703613
89.3249451051779
426.4756463148392
163.9210586012244
188.67935802094
388.7921990019784
132.30642112959455
36.09616642986366
-0.00017101603568991128
-6.863838894145106
-28.106327299445823
-268.0506834981113
-153.1500028282479
-135.18347683687037
-302.5654373913608
-97.39164479968716
-292.09989199289345
-259.8133590203618
-109.58197147752938
-74.93067744223535
-200.16130571137097
-112.97988590225597
-23.01199603126743
-61.33466156436173
-38.25050966302825
-47.526970864768344
-65.68104744085161
-12.188042868800661
-3.573823062556312
-29.752542091389927
-24.10053158109914
-12.09896021825581
-18.991068100241932
-8.1946494287239
-1.8071483256561909
-13.90916286774926
-40.326024352722214
-92.08748780024108
0.34715132143713395
-24.368706957080796
-98.13825661141102
-18.248771243405237
-37.72680195804451
-56.46734277217108
-94.50802281956334
-2.0326941351047254
21.527491811072387
1.099491525423725
22.660848464939527
27.390329946054614
10.579639483016043
-4.4743508506607075
-8.77024684192595
-3.22284769426257
-3.667990209203902
-41.421942489033874
-59.07553461220592
-93.41315220967098
-120.80590073314258
-278.5565891194226
-192.1452698853472
-361.3793334351441
-452.13424618349666
-407.9881938346289
-483.2476861885604
-454.9222710549117
-654.3977382576445
-489.6634793682594
-205.61081072919205
1382.1382056215973
1119.3371989089937
646.1125569213625
222.6595308964907
10.216585321334453
-213.2664436565563
-405.2661226425636
-474.3715562605224
-520.0949816050788
-458.59601361487006
-636.1763986356618
-348.3998951968796
-83.26885383798762
-829.2387727119658
273.9872731492881
354.43818400833857
1139.2500105116117
879.1082163490441
1442.4270104986888
980.6132328301219
57.17776531307285
6.424959380254665
2818.56532402737
1150.580444821771
1475.2556423031165
342.00119828065704
-150.32427007926634
-964.247675869594
-3012.8349693049586
486.7653411662649
420.5571758332482
658.5561778394836
84.72874712827446
-317.48278078608803
-2094.3280256192634
-3219.968178122711
-1224.977010277652
-1307.1656779868963
-224.29159582585723
188.61152510666798
90.27698890789014
1931.282750716504
530.3440306827813
1019.9656593409875
527.9632108519135
511.2992275426972
857.3738914714527
-2.074457099406054
-160.87853689734038
-999.4134610559406
-2615.174474492188
-629.1794592363315
-1006.6610691295829
102.12583751103811
851.3705396627525
1283.580485450343
1549.0848089339834
1224.847815652639
749.9695992605164
705.9109493099634
572.3797132797997
255.09151309508914
216.8592321412671
311.90272528834714
100.96934579156793
159.49847096691107
167.01842377744865
19.064397344300986
47.20840770727524
112.94283515468086
3.647179215195668
1.527338607763168
7.747364875839613
-2.3326277471976997
-4.669082467348537
-0.07495325703988276
-7.012391200691735
-0.6319462227527195
-16.098638869650546
-0.11007169175628043
-0.006838400618446219
-20.963295337348008
45.211882682287516
-10.503975712569536
-4.686110212581758
-0.017474288654082903
15.024029577073929
-15.794165685111205
-1.8494980930142382
15.110864952198451
-0.39552574961327674
24.403003640907354
-0.9186260408990562
-6.750062231863103
1.4129060457709914
1.2657947797094034
-0.871712706730375
-0.8755721515295193
-12.564210715580973
-4.807527183431747
8.433552062835147
2.599123395483054
2.2556623113180225
-0.20878784082820037
-0.06364634406483963
9.697318628641975
4.940629069489825
-34.81539446274771
0.08472662420491098
-19.934937198381157
-32.70510426255959
-44.39134465637904
-23.441448234938505
-18.310444596424936
-9.671999062860653
-21.176572468232976
-24.842910997265918
-69.19178454293244
-123.88890774125164
-66.59372472667356
-186.36172983970144
-96.60776620698277
-237.33537536806932
-198.22356755772796
-307.0101202213384
-352.46733368988305
-171.71147600166856
-169.8144534592273
-209.56063901661258
-170.50226198481778
-165.94671868375565
-142.89660572075428
-14.985057091398978
147.5071490072379
962.4563121395887
1315.8176479599626
822.1460889145824
832.126705498194
764.0828847928396
396.12339871189266
171.98762758772602
-1.2191829110600187
-37.09104137057318
-60.501870290259404
-170.82735685639804
-729.9133820847695
-549.5772709219135
-1448.714260406718
-1315.110891174025
-538.4683621431202
-30.23988531809475
12.511002874070236
158.94327515559462
130.11674150595502
164.3657180616737
155.2016740253764
160.37272789645712
114.3558654640232
140.03857745629875
55.39388470717764
56.31837506866483
55.52983848855261
37.142092093963896
49.76354274469261
40.04498577178742
92.30548076463853
51.965919651864944
48.358697467251645
14.741024373623285
93.37179224432627
43.89225042836991
26.539032105156817
22.92103147802669
36.37431141691496
30.725732225349358
8.881901382648907
30.809111576133418
41.82272987450401
17.431789387207452
6.387864832486106
26.677688847502292
-9.658679372579211
0.7839757600270857
-3.2487845153849393
-6.91066256612241
-28.306723390089328
-32.831723505526
-5.496105860955931
-24.389329632785838
-2.326706713085142
-20.654902865798444
-19.849903579903554
-26.910581594625953
-9.864319996479754
-5.911984409980537
-16.106449496862464
2.3300714608167234e-05
0.0687676045761045
-6.89973136196948
-28.862995802132765
-1.7887850681291768
-11.525451038410996
-6.5196638313712
-1.360716284051378
1.356475940709618
0.8860980700112129
-13.905913789506016
18.668140256801596
-2.200235496919714
8.797853325729243
97.68929177901062
5.035732731249594
4.8175685754388855
45.38423524698646
26.102038561853988
51.276090980660854
-1.6197288004124721
69.58289711951473
-0.9470983839118686
20.404298614668384
6.8301958738816255
2.9128277372778566
0.008104145843063128
-2.849058326698298
0.29051185231558485
3.6256262014236977
6.012098877342499
-0.7528353152565699
1.2875981576687052
0.9252324592640087
1.5655103314396068
-0.2787531929935306
0.31129889339295774
-0.7743335456485616
34.908133546194065
-1.2412348273043834
2.530015376994837
-0.8646714855076156
-0.08897803036823651
-2.4279249853223397
-3.6789241462010738
-6.537079979919224
-27.362258042367422
-69.54579563177657
-75.74077989337664
-162.86044948740314
-54.18934630717837
-164.29824178106688
-63.93493204351452
-79.83048293686781
-144.03324622548587
-60.33151354141692
-97.34929588134175
-20.741090894576786
-212.62868535733872
-51.056994602026755
-267.97875953701447
-404.36752866157366
-613.1214605484315
-1044.3169516115279
-1124.2850617636198
-1020.9161022158497
-1371.9142567428328
-1122.7426635750448
-1146.381461305402
-1288.52318889529
-210.00206408576304
1902.0290404490154
1203.083632637402
24.052424275625732
-179.66746920824448
31.12554519220172
149.3787780452077
158.46751820630843
0.4519031933937978
-150.22641531752672
-17.22257756247938
48.985042146598374
25.15515210351161
9.388444750447402
-23.37356258650102
-0.3173620584275757
747.0436419184919
1627.630193101716
526.9542406192287
160.94587399871702
13.335513033396536
-9.206678508141282
-110.68085438599256
-281.1413768107724
76.41796144248309
264.88866319779555
724.3122859388016
41.66502173525279
-28.603374043285406
-25.36805978701344
-140.53996685847733
-93.88620647544639
-937.8155477043143
-409.86307223832404
-39.564406416141345
98.74667042440142
-2.42883382416925
-50.8108179280799
425.2019452906143
522.1163776538647
-66.31447824770203
-11.712705889464292
30.088289110838875
-15.586871245069364
-221.03990504179453
-492.5523547763594
199.51932291900124
1124.1331821513224
1087.8146716226352
942.7713936998857
909.3461409487863
432.53389933041484
176.47219016960486
252.38987838984207
-0.00014361947120887348
-2.152486762210117
-145.93885860070682
-401.206468287529
-1044.216392208124
-1.2613715796441798
19.725489006133035
-93.17754813368914
-920.91755457707
-187.10085219303818
-258.16915290043374
-739.6414468060881
-670.1709543170633
137.94626975849042
539.4264455720313
306.0025872777893
393.36467730196165
314.5464944739292
245.97572590143213
262.62891640111883
102.0057507419047
111.59127527747954
55.65823506172245
19.141518946395067
7.990398341354782
60.67236678287794
27.94793452903871
2.7834879358458826
64.30526976438291
116.87372932375212
280.26396081807513
189.25565825345956
68.54718698455021
76.04842169071286
194.54324700848701
143.76274848746675
28.657634026921396
44.47196315932082
77.49158924880888
24.751109299455898
102.6675602519675
54.76571160164295
5.564997409862727
43.89390006430827
11.588128540711525
24.607640895303188
7.993718009703301
23.814678310145595
18.45952645722577
12.935709534379853
14.84607164606799
4.29813074653893
-13.755243339772043
-15.802698679425536
-19.969301727901414
-73.83989391698961
-110.31199794710591
-168.66519126023508
-399.0001601587021
-458.03207187546366
-745.4706223375476
-802.4523505761745
-514.780856546074
-432.83718400479756
-315.13498232732024
-224.21240196449233
-291.1508570565923
-197.50494867313625
-206.72635227756732
-265.2962441565885
-199.0842110594732
-174.27292537098504
-123.44255091789954
-260.44590935667884
-110.24592254858543
10.08823117609106
25.00844921797915
16.249058896848517
4.416186937059267
-0.2327915510944251
0.4699976277374371
23.703199159297224
29.027425941471105
0.9129648436092273
36.23704363782844
60.88791696470923
256.59140162153346
479.3711470111226
3020.1355426970295
3309.8349028965645
463.3017442959364
47.40144686521695
-39.467241988128826
1725.1329297769798
1198.7683063076672
578.7283726759429
537.9912520012077
384.5800838178809
235.5125379027455
69.7564205790926
56.66021426762475
2.854412248692988
-38.56555903680895
-83.35155225954882
-175.89173721480032
-263.4531133979858
-588.8130995234908
-554.233786398438
-1102.2012709643207
-1103.8697954357174
-696.1932849052987
-511.81311501937995
-480.6158137804699
-355.4920651850553
-441.2426956679822
-368.1963426878964
-868.0952667925249
-639.0845308087426
-1818.4409375142532
-2398.9753128886955
-818.2582677947144
61.278020522756464
57.9992226968266
116.15325957573714
590.81046845692
1651.286831294311
356.5476342477034
1.3397617678870253
-286.9222590145185
-1107.7613766408256
-592.7820118931435
769.5450791619323
91.00170993719384
-133.7527241359233
-278.3703838592585
-148.32143928131487
-0.5929136395282217
2649.369026865608
695.8320727812695
986.0961283559493
684.0516153377404
117.12216301267588
-298.92702933990995
-1039.5641043351043
-1090.6132418797088
-1029.1949080275695
-53.67961676233537
52.40698041889239
1724.523757807346
1131.311616609506
716.6788449615925
176.95237511447382
-0.029058146429618306
-0.8684331654930907
-211.15250385898077
-1161.5401933630758
-2971.7519336259475
-5974.608496273653
197.4191413092886
1316.2953374489052
974.9534101647969
351.2738366134106
89.0527332806451
459.16504306795804
196.38658834270043
18.964687099614814
188.3223313379495
331.9656847807595
268.17002068192517
189.03423657018178
202.58835439644963
162.2769345436509
52.23908167062015
-0.07361438110284724
0.07948925699276141
-0.03947736729573342
-61.63124269189175
-158.22473797043548
-58.166418490610226
-142.89088239133596
-284.95565064270045
-791.6112198196339
-1192.8553516590614
-1011.7367432837706
-1389.4115064779296
-1325.492056171423
-2735.574232625294
-4121.698818366527
-1855.284380002667
-128.75680965964733
60.2354022643519
138.49033732723393
1146.0719808234392
126.37098464562045
384.2384724535092
316.9107206103244
-41.67409296456319
60.28106926963568
506.15587456071995
-60.23582395929451
-479.72008815735103
-964.4073743358491
-32.556955633247384
680.5719343386705
359.50996478991567
-183.98232254004046
-14.000996396687915
2480.602148103774
1205.6395343366858
380.1492286156978
-118.02703529711562
-2679.478770555779
-431.12619808154045
46.13346937540019
47.60617923435644
98.34826825359715
-524.2476856100611
-271.793647421621
-260.95336896200024
443.7591996642774
253.70347721412983
681.8634703854009
-40.93697166556041
-38.445536270076545
148.2968140588344
-271.69354796370095
-253.27018993593094
-110.40987899509375
-17.64680271864129
-149.0745170764701
-479.506388543464
456.52533628405536
113.34103170364352
166.75741392625352
279.74675095522065
408.2162120298738
637.7593993917973
-14.699947839286413
-289.19075936905745
-1425.0668717864678
-1387.3217712534065
800.9910058444835
360.4752609166323
76.87000502597594
3173.5751540906504
642.1193558622949
-89.38598037496449
-11.95898891745491
610.0269073601635
1274.2995315214898
44.65645983955266
-181.42325881134127
-1556.5023354654063
-74.38526675949994
679.1559779380867
1730.566530626109
750.9261624528864
111.9216876486068
-784.4215382096697
302.9383268972599
10.30303819747501
-1439.469007706055
-82.91380494377569
-9.808793848923798
1158.168392836545
-0.2690775668627482
-279.0558370289133
-1581.280747527739
1220.0354108012505
155.0239567768631
52.19796160987335
372.1088983381295
-79.84918343934793
37.79257004450727
1131.6314288770668
502.30048693303513
7.422329325624279
-735.5081130491328
-388.6818755918887
-463.3530536437596
319.5022072267967
-4.584860005941486
-1226.9015053150981
-687.9420082044752
1150.3760468414687
1.7322143786415176
-290.35625119065094
-598.4308803204717
-1473.269058742809
-41.54278468054734
72.82414170368344
-61.838391361980634
-1.9132613045041376
-979.81815537222
-2495.1759011786976
-19.410293015354554
-727.6620799790445
-32.81327132378993
807.8341596276634
-513.7014386131528
187.512710939052
130.09380630797784
174.51079720402802
329.4064657839617
61.220237233986694
-58.69015274329385
15.082073061998324
33.667220110446664
-108.69136381654724
-1863.6994600157138
-953.1385219773226
752.3702885211712
3526.9161474142247
729.6770785546706
-6.938921296892467
-380.60404426111097
1164.2768872037589
1958.6324657743244
1261.1308740519653
634.1078560277725
337.2598326617972
173.88698280173182
27.45408557644614
0.021587465572991453
72.47929348551372
321.5686143708521
833.0674053192545
1248.966108019184
1948.1599809133859
877.7138595616832
629.4409758859641
249.89147038637427
177.35739329133258
3.6192994030137093
-40.47198591206635
-334.5400248769024
-577.5836271383351
-697.6815809298694
-1184.5378691443477
-1262.4000244817637
-2644.136991289025
-6637.021002557569
313.47311230818514
3737.659610099284
2499.042042036982
942.2158222016724
57.80420758498027
1718.388937964516
1412.7838149881952
752.8320148310406
8.357208902242169
0.12565856270927586
-72.67653420908437
-632.6710784777222
-899.4138376850954
-1502.9282443644138
-710.001366210724
259.8550851108282
1222.8888634369866
10.713042356091442
-487.76199892654665
-1359.6523548609057
-3973.3603753401794
-4254.322873658775
-2434.9735832700326
-1773.4929633942984
-1874.407983480054
-533.202293008962
-164.78807955303375
14.530073058892729
859.6545732039611
2406.7451578007503
3020.4322144620337
3196.7629584704428
3249.120623951927
836.327018487563
72.14947695095208
305.76652753972206
188.0194378638664
373.5676020972169
160.59194522707116
8.433893597283774
198.03496351625708
0.009920684954488787
625.9520815086241
430.46682410374206
67.97875838384707
-0.08519831838845195
-109.57122888324272
-458.2607592493178
-871.5124380806375
-1869.4705031189117
-331.0739036989829
-536.1320300297032
-428.72141978698244
121.06866042467875
278.1373037623059
134.58453957358486
346.6473353491449
397.3514351205807
504.16293690804554
386.1113698579825
201.07877351704204
263.7576452256901
9.59084722608059
261.58412414057085
213.28970164317997
104.47007128669743
137.0747638750605
36.49427593010002
82.84355551639408
158.75809295387432
45.786281414407995
44.95995753229995
28.343658453784467
12.193913175175942
-1.111153264715602
-7.240189086202283
8.958681454618123
81.29048910504368
304.0507868887544
352.1125822792409
197.1405589442166
74.1364937899364
59.58829898626767
2.678656089534595
-1.9157583722176015
0.1276471130990286
-0.4527909550062975
-24.46223052282593
-194.0760494836563
-16.81835998834395
-88.68117781215443
-145.19223689506572
-52.92342394351225
-359.91490691358507
-12.641676413482099
28.863212799719673
164.43176169178687
10.054888077977141
-50.84868345388129
-164.57281029879582
-311.1506452230489
-578.1205620512549
-593.9180433448381
-919.747701307746
-822.3571534683022
-361.3972332056392
-1697.5001428297253
0
-853.269168198543
-1509.8479063407963
-2115.4584212253317
-3507.149861261674
-1736.099750082379
-55.448048019917934
781.2894775805497
7485.669770090255
2922.1710644804953
1023.8470929022089
3.517387795501808
162.5324532708672
135.33159530317403
-54.512087988774596
-145.49143022904624
8.262332487612156
2.977599762866567
-1004.9963559077714
-2643.6712354301562
3274.8441735437505
3425.2457576593506
1946.029664604926
2038.5926497877826
1963.2329640355554
1363.0011563207124
613.8054315375009
283.4390898937973
524.284269889348
239.86258583975828
202.69422761918995
157.68477772948893
94.39080196431152
3.7133207899685896
25.109405451622212
18.978170859932117
6.301309107293765
107.2067405245848
32.902202122767335
2.347023348383889
-6.181441357123094
6.376370600128878
-2.245584322176815
3.3199043081396096
12.862668459237401
7.266385401096813
2.6034203289114135
4.575243600596862
35.16034339979835
38.21677849859999
23.44049249545076
22.127472872089058
12.635716347651197
51.050504375040106
36.17606870907066
0.6103028384089084
102.77307070181766
-1.191562879240225
-54.56284756037347
-128.8459510399898
-169.82932546826143
-67.82168627844798
-54.52824463081574
-114.05704062307016
0.030104320096204958
-64.22673324715262
-37.752159795063115
-36.8536985069903
-98.80250421023787
-4.007903627017837
-33.00797107030919
-57.695819692527024
-49.86299927791663
-1.9803643593758757
-5.71973763559434
-0.4327446415441474
22.255466667929305
18.688840064540845
36.809059161922264
100.43953532098901
209.08543759240868
1.9015551379376765
307.4077436952396
83.27630361564573
30.61623958888999
108.33493792944216
326.2549628395701
166.00295910474134
89.38505392082521
67.52022997777567
363.53036378434285
20.564645916604142
81.51235152587287
9.736153075146664
75.80932420597583
37.31682967467782
127.40879299058777
-0.43599507384894753
86.08504065102967
-0.807104848986518
62.39990404765729
19.57394044558233
0.48827491329026096
-65.51570783639778
-0.8362181961320874
9.511020994504197
-0.5854917749117192
-1.8669387723838797
-132.6723052739016
-779.065856299645
-1550.1553860626445
-2019.4378743331981
-1185.5929560064492
-974.8732019797999
-1069.3248539087429
-1140.2677511729878
-719.7553492913822
-945.9194001555672
-395.44731347646234
-693.8668536409114
-480.25136231026227
-690.095020125547
-713.1765511037117
-1841.0561639993593
-1332.8521551173037
-2183.672625435427
-2624.543530349189
-1639.868156196872
741.145609855242
4043.797717200642
1298.0556750745914
362.11378051480807
19.527596335543123
-170.46758762152137
-289.6596094186416
-2185.768492494808
-4163.159198144886
-5597.491037363673
-2246.2734498098876
-135.1768947386983
981.9868256506985
28.25605465078405
363.8092700426731
61.64718300787824
80.40146192262485
31.029028997472974
-6.066160854695879
-53.978772686169094
-394.3075021539036
-839.465645616234
-2213.5687381572266
-1498.7121449021765
232.60569621726978
4716.067747470876
1944.3981540181485
250.36866483794532
27.061294825193745
-381.65252988370673
-2795.2502957759107
-1628.699175801784
0.5932879552944302
2450.245440633417
2076.7822240554033
1525.3974169604903
6.649334021580131
-765.3523380129451
-557.6779403858972
301.3312543003143
6733.342670623922
5504.167432317788
2671.7770344673995
889.5293164575065
262.0372014033145
0.011862518539276227
22.835595556883337
-82.82129290173013
-464.74173771182376
-1550.29604039929
-1120.8338582265542
-885.2692155867084
-239.82129058832723
-452.9798311752779
850.7596907225071
378.32331157042154
-5.214958375761996
-601.5275339028492
-2603.2853034786435
219.65803910685764
221.1550030773871
319.07998767623997
486.90082013550847
1.4028989087329309
-341.0363249144307
-477.9183483516963
76.42497567491387
-279.91563364825583
-320.5852837851201
-440.15560055614947
-2286.777639601227
-7062.388974164476
-2825.607352377414
-479.12019109462733
1545.7690700492371
5131.846554677203
1004.8714762768466
75.6002866696142
-636.3927492184368
118.09146326365145
455.0220671589665
2292.320087789384
3407.3201321249107
506.4706708985716
15.988901987429536
-358.884621195431
-1331.937877903723
-565.2145010111865
325.30139299399775
1433.5514455993125
1334.105545693365
714.5720055614697
319.6149589421068
82.6024220477976
-1.0941128783773832
-53.64775317268686
-240.33925388337127
-673.607600046555
-1077.7204695811633
236.72937852045834
538.2017265471516
-62.524568561605335
-373.2932416217914
-2120.1219204670097
1478.701385723164
1900.9373883978765
23.539708196864648
-99.55942898099349
-630.7798666476917
-0.039758508243598153
1009.7228429083211
15.100779822908807
-164.27793956259916
-1217.8957854697385
-4243.552885345192
523.484378405351
223.81511601145172
-22.081799608308412
-290.05724911644927
-160.31237355818945
24.269979093579494
-103.16142902075835
-296.3801313474273
-45.26505894917637
-75.92830103760375
2092.1286777902988
2015.4955467656016
-0.529059422552508
-712.9301462853518
-24.762043079462224
-51.07106443334821
-172.23412002523887
147.66631909927418
-98.64413566571285
-431.4721153674012
-72.17444554586581
-992.8823128900847
-638.8043525897934
797.210647463955
1883.7348403470744
125.6581856078142
-6.545481974270309
552.8907773021074
-0.76268388837449
-1378.6972010193367
-1681.3024168126094
63.478205909149736
306.8844510135304
-138.33487104537306
-759.825869876576
-6.960506064500007
-860.0296601625444
-3704.0775829421914
-2522.6814535049352
-1299.501460072996
1952.6407247720267
3441.4366262318254
2847.6546887576937
2528.0778194951245
2797.059819580213
2096.1500718105867
1400.7220250557032
1179.6264554531037
664.5359114983507
578.1992082912708
429.4272641032839
217.0427729696326
206.40688315986392
87.26166267304224
8.345370724339862
-0.015814223456635138
-30.855932894507866
-145.14329089213695
-142.07726612699867
-413.2293121773426
-474.1669319970948
-396.43756269821677
8.927543566712236
99.25436458405999
-9.279811347231481
-170.25857829820262
-478.65621924861625
-945.8717856508222
-940.6997933921293
-896.0007993941866
-1158.7229250987848
-1509.595097163001
-25.641065083837187
52.84470387841142
610.8696070360805
431.91341230196446
1355.5982828228298
1568.9546806059939
693.8210647775015
568.6860662218064
167.86952079211093
33.3295793235029
3.4877024233320286
0.660187414824996
-33.79072328294734
-154.02656498914178
-436.8915062667849
36.923875729941756
-106.75746451238388
-1366.846554875096
-3221.9332523479607
-1109.4286193455614
-885.1301894621316
2044.300249763321
1206.4993908094968
189.60934126045683
0.8989631839320116
2908.0849254559275
762.2473847945757
257.0018805611051
79.61404346049233
-1.4874645692708923
-565.0068243779349
-113.30463480477137
665.5329357783073
-7.144974019125816
-193.11100440282826
-10.650152187619334
211.2425251819148
2.7030857336168985
34.68709486107015
-115.38678262033129
-741.1010604207573
1166.5307905696086
358.2487853070024
611.0674792209427
742.9929317516961
1745.9536309907382
561.3552063084063
5.182971458900035
-124.26782096346105
-637.3579656280407
-1943.4873185313713
-1472.742946195263
119.18025645827956
-136.73131521950296
-38.557758774301206
-435.78136134129454
-64.41155967652065
1677.933874122807
373.510185667753
4.685715553743189
-158.11320125146938
-1136.8424217277707
-2130.1107131428485
-3640.518326388228
-46.059542675473324
-293.0511583622521
-667.0578018180107
-62.14110825598199
41.355382668517635
-1151.279726827082
-1584.216514208214
-511.54118178853685
593.8878714177584
781.7722613370162
1733.718357018945
1717.3335176690687
1032.790417333982
438.4020060926504
444.9727404861303
2132.4541144639215
3645.381321386397
1719.0568325381514
1052.085169983405
806.6006115955199
230.92384527263326
158.81939511267285
-0.9093525780058941
-256.4141433649812
-594.1565109638425
-821.0842446229606
-1100.7111125425242
-1140.256671827479
-1295.879689721122
-1146.9766262282606
-3267.2396417858004
-983.9460621919097
28.056855020387673
1337.4039939123127
39.56077888592406
-1009.173248966606
-356.25709899934355
-98.92539216583702
72.25632204090576
1694.0920412846792
3329.16322559191
2301.6481877862434
1451.4613362394502
738.3098877332453
379.1816875541982
179.85963714494926
7.713611195182692
-25.280649032258054
-6.581761272768482
-301.7363421854808
-215.4124690619373
-251.54148000148882
-398.2463321806399
-1383.014690951561
-2360.3536059909384
-3464.0971705497905
-318.3031882754575
-225.01657175624018
221.3433940529447
3.883136122689989
217.77735177287659
-12.275043439598303
-49.34075816208696
-506.02537292413035
-115.94741630873138
-0.8968438411892177
177.54121957315436
-581.4993012905462
1624.1429369759876
2015.4989290379904
1078.5261360435827
55.69637259058172
-153.23702886013655
160.90342578057508
-45.63578719843201
-946.4593537504522
-171.34171143288634
42.40085802666662
-412.8990112018588
-1834.1459140611244
-221.70620814531796
741.0013592732216
1062.921130907055
176.15310511981042
107.22249885403696
138.04771780216984
28.63864153050565
610.5786998444187
2495.2931075643255
1033.1913224589202
243.9166143952416
6.837043895342276
-199.46731477170218
-279.64739003222684
-843.5153491120284
-1527.3929620882318
-3622.3242803841204
-133.979362337851
-710.5682849723644
-2495.1292367084675
-655.9205011769161
583.8559682179325
158.27642746725712
-0.9560570235304112
-308.0364619141226
-2526.270762915703
-162.92173987616843
128.71203352835582
2.244129311838723
85.48893278243938
174.78130717397815
802.4040133024739
3219.067093859265
3264.2540639232575
2703.42397192114
2511.695638649651
2267.3621742893447
3187.0584815637076
1794.213204953327
1206.649706235091
906.8917752250527
303.9147091713572
265.6893218161893
280.62403455905076
97.80672171143034
35.87366645200819
22.719471626107225
14.06292025630621
-3.526002313492242
-52.702752360525736
-16.412754135263725
-62.963738102859466
-148.4255796714126
-226.439520778332
-425.6083977098712
-482.4640400312702
-858.9324767778878
-1128.944870692405
-1639.524614206784
-2131.9339754441444
-2429.2136958325636
-3530.0974036244743
-1060.6048144874878
294.8335540953568
87.53814550751011
-110.69728829136636
-120.29501982276034
-420.2109589790569
-1608.3428467423635
-3336.897840791494
-4549.736699467416
-1234.686790086509
128.70527158766737
-288.8931544888111
-998.3741189169288
-1782.7200576832477
14.972029492164381
1496.5958172889027
2473.345042269611
2007.8110381801225
708.5476078319123
225.75615396081943
0.07578069275818552
-370.4125227906217
-1539.0824453673977
-647.671891258432
-18.132058522479895
-123.36164754112733
-760.3270060363809
-1726.467536220362
1101.3280481750498
3328.4185170866695
-116.36928983869404
-48.389249040710084
-100.65855910638851
2512.940554786064
410.6447265628651
-864.6822147190292
-46.175683011471726
193.34515235512967
51.10970090098549
-95.21119347142039
-1960.4292762000712
597.1763347940612
79.72708295411022
962.8490343118497
571.2116710685073
146.67063586317147
189.13917795809948
2080.8246465596576
334.01393574257827
-161.62049383456525
-2330.851862283107
-631.9366361634785
76.55193750376507
3.2075522353332353
-38.38980170509093
-680.7414125805149
-3196.2414524308906
-3311.449612766796
-180.95889215915219
3788.5745362134367
3.1483946909990186
1059.145127958974
1573.240885740911
775.5002794155926
3543.3020309837275
2822.3383816098485
2080.357965770536
1422.0227271848935
1015.5582477423666
536.8183943939355
197.00142923554893
100.40764919829168
-9.45660323537966
-16.88463341934003
-125.9079580341816
-253.63980320342466
-81.83961752574808
0.06475592025038202
-791.4428363671154
245.85577782123153
7260.056792921388
4585.9509921352055
2087.667098054743
533.8629622221308
64.21278798710121
10.93964528965272
369.91528761774975
394.4710958960572
58.56745679833507
-1041.5749767256275
-624.759471927959
-429.7571242110949
-1214.4459316787731
-681.9859182975035
-268.0358516857128
-162.20869840054246
-543.4480969819929
-790.2833617341489
-1531.0941256813226
-2016.2105083979018
-1141.546409773985
-31.39476231864645
372.25934585340605
1452.0868219617653
826.9691353607275
683.7041788445284
610.0211078531332
309.369441261267
183.83403204648613
77.12989837026907
71.11086773030576
62.72762966075318
309.86359919469135
200.0135969469832
60.53231053218039
4.728708203539151
-4.81676570626368
-107.8595032296797
-126.3044549468327
-33.662395575318754
-155.41931158648157
-215.8258384893751
-59.55242760642782
79.04583491277819
-9.537332931155124
-28.66824117253769
-389.1240935578052
-1151.977296793209
-915.030973032294
-300.9246399470825
11.127768029950248
0.06319404974097977
-1.7028239219532688
-91.36239164168326
-54.55868287288801
0.09837149868510546
-29.988009693004443
-213.0986044465347
-454.864997577914
-583.2859803766069
-949.8070028099858
-1584.5455184630546
-1580.4242579668085
-1663.9323842581725
-1157.4030295551286
2350.313259034947
2236.676140252388
263.56137880099834
1222.4022456346738
3250.1907067221896
1639.736936453054
1094.1503038690785
610.7866201463785
35.43186583641767
-2.9670077044155656
70.09597121724521
122.07734631439502
46.13389386652602
-104.42085089788591
-2.2667866957094316
-2.1944858435729677
-328.8648131201952
-1433.3837496321898
-3332.9633581413586
-8926.582767617117
-915.4288898103894
-902.1595453296283
210.31354358080515
796.2938986961135
2353.0459159811453
1518.4428809584088
899.88997432938
361.6327396304121
931.6737160337984
1398.2935810760011
9.115338064899777
-112.70653356406248
132.97924342610597
-49.497593391809815
-2279.125031754488
-518.6486078274011
1327.6275923209005
1952.8268174284594
1176.908060067105
577.5828367435784
353.09583265329525
277.54551812758393
0.23647189222987747
-16.064906165613454
-229.86244945338612
-233.0243497633135
-378.7499636816399
-1038.5899640052949
-1810.83883830409
-881.6510496542795
-899.1159952802036
-798.0543499698414
-1077.3172074187933
-2162.264113545808
-3552.2177110504886
-3592.5034245629718
142.76764965972086
-8.643068627262831
-150.8206903026731
10.314841932116899
0.1203160977787553
79.39555594714183
476.80815952025876
2077.1774826720753
951.5452131598565
3.99886662545787
-103.61522815957696
-1135.7142422789225
-1595.576871345173
-480.8516192938244
-835.7841306394794
3879.3830294004374
503.8592365785831
-167.72316983183083
-93.84468153045826
13.368732655262344
-189.2070056471842
-4.4837029007543325
0.43116110590308276
-189.43278200240084
-350.0196684651036
-196.93101393337457
-0.0018700387183859454
745.7358761160032
351.4887741957
201.03572690622232
236.56406321487142
-0.13513299723668543
-192.43923854545955
-183.0296901925624
15.850596279235472
952.3723057249763
948.7513936413436
770.3117375193165
729.4027841127499
122.88690804471781
-155.06608443814463
-217.64548309620412
-53.370304876073945
65.91881158784253
99.55078348594051
6.244916055205641
130.69150669561225
1347.943667403983
2009.9725853075263
213.32156424534944
0.9155780091643142
-1082.6194941675071
-159.92733252447977
1673.2802622963125
164.13778639302032
-334.94014585631015
-604.8706618325127
-17.466273152052366
-232.74498295689327
-281.86808940944684
-745.0944024963202
561.5786785181616
351.351416089769
491.66000007435946
156.57987937136002
155.7792906294289
0.4369331655659553
14.5933287722548
3.389987030543419
22.746013336557468
2040.2270386387215
2.0341118993630056
-88.50513028387421
-801.4293540373326
-5119.000688908645
-991.6820539657657
4101.845266165675
4144.820828409147
29418.339527612872
-77528.73
3534.831813086758
1979.8159054177222
482.0690481095232
648.1903238416148
1404.5800578156097
842.8712250963304
577.0326756965625
479.04473764398546
97.19143230049589
10.820360033181753
-398.94924187725667
-431.6668655154391
-842.924401594003
-1473.0383321933652
-2032.4849587219592
14.402080779829161
-0.8110828594110485
-35.96026943247178
34.14540723601393
327.1437806732682
88.38784127073254
-109.81023140792409
-936.5122683937417
-2788.5364715050323
-5608.492303380584
-3107.91736210171
-26.941840666579456
101.60965371742854
6.440272751932909
9.109990154104423
-1.5224058195236378
-254.24160789505066
-901.7520173440956
-2510.79866583473
43.489641416312836
254.97508814024224
-143.09909939801764
-639.1282502103963
-288.43505939481474
39.13001305993426
647.0092484432985
3723.813398376692
3878.9766978682997
4324.702668832273
3852.388273223407
2609.7464869557525
2366.7378544298326
1521.3990172568672
1341.8005931294956
1002.5513354924443
944.5779583980337
534.5640163132148
227.42651701117202
286.0445357551956
103.37946652305972
13.472714663856898
-42.646965204693856
-103.06096232877769
-227.99139914952553
-238.70592618209147
-418.6774165861617
-944.7543652135101
-1316.2103181903672
-2810.593380627284
-3970.209126507143
-29.379690278710406
508.2671660486545
809.7601318702589
1250.4073338916576
975.1372404738222
1603.5811423060659
1998.077745689107
2705.870506532343
1806.3738805851128
514.9566106457626
142.1745791299669
-5.109825742276334
0.10106416302230463
259.7035617905822
386.5628582480131
198.28387607918785
47.52979257071887
9.69523010370532
4.053110226681447
38.542841364255764
-1.4207295155120574
-0.47532505064759223
-9.17948696665719
-8.526644005374033
-69.15202546001719
3185.0604390623766
22832.283524094095
33092.648016478255
39537.785875331465
61380.588612110274
83661.97333124328
102785.77811132137
132894.1955907591
154516.0904027035
194295.40674712326
207527.72121255455
214137.84574818006
244047.21578128258
286393.85410220484
316969.55318119784
360038.0605676663
364617.87775598967
393173.50400673156
457638.18466604385
493863.463615698
483542.86925626535
549419.7964847201
564485.8058248679
543955.2430719181
565044.5109207224
578059.1883990297
613105.1287253124
635341.6709522301
684580.1058455515
702781.7234249789
732548.1797085726
804307.0250217485
852617.6532075661
923210.4526244655
1060892.8872696967
1055512.5680015874
1173421.53973713
1213629.6401775125
1410673.5108874568
2227470.3193091564
-2274908.61
-1575571.7300000004
-1260516.67
-1202951.8199999998
-1362311.67
-1394490.9500000002
-1150370.8699999999
-1150885.97
-1095828.95
-1227149.5600000003
-967208.1000000001
-1005510.3499999999
-879885.48
-963578.9999999998
-997542.8800000002
-875259.07
-594940.99
-503127.95
-381536.92000000004
-273437.25
-189418.96000000002
-152880.74000000002
-112382.10999999999
-118348.79
-99676.76999999999
-86409.22
-75593.88
-45669.72
-45190.229999999996
-53105.439999999995
-39144.3
-42912.740000000005
-58545.119999999995
-48782.299999999996
-42431.21
-41360.20999999999
-35207.17
-27889.25
-16144.86
-7901.24
0
0
0
0
0
0
0
0
0
0
0
0
0
0
0
0
0
0
0
0
0
0
0
0
0
0
0
0
0
0
0
0
0
0
0
0
0
0
0
0
0
0
0
0
0
0
0
0
0
0
0
0
0
0
0
0
0
0
0
0
0
0
0
0
0
0
0
0
