266022.3300000001
-108449.66
92787.74966697088
117523.14726738626
-303098.04000000004
-71495.48
16926.470957292087
2474.2250292315075
938.9372514964264
900.8266632933198
-283.60077501512757
-15.048124413256062
376.00344019271074
493.242004487904
475.4906156799348
1283.0870142452252
189.121881398911
-13.645815975497168
0.18917900657421877
400.699170137924
364.92524296931424
107.31176304720461
4.8619149810972875
-23.91746445247299
2362.9573729203967
487.1986575019665
-2.0352068860129795
-37.81004571390547
-525.6784293583717
20.92377257311965
-95.63505610582939
4.54757400093826
429.09839700083955
242.29062361340746
-322.16132264686985
-400.1382473743581
-30.357000017408822
21.28590961059731
-236.2138476565939
-48.38117351659201
-1757.2363253223132
-615.792934458499
-57.264289023671346
1005.1036140140313
1779.119112327992
25.04875841368519
11.713826601802019
322.4382232776839
335.50268615476114
1826.7329393830746
1146.467317285274
2529.6017170413706
1982.6717106768465
536.8947876795972
115.77432328127256
37.52512998014679
-22.06912003695536
39.62212790812928
1.75136516677872
93.22415035146938
0.11433016735026008
86.1489136905755
27.876160900893247
-46.03277818289951
-1252.8903740149276
-844.5911122225198
-518.6531693073342
0.2860146133397742
3592.443810392595
1095.8276050067223
945.6457083727493
1173.4286100678587
1112.4105656295642
846.3358942550041
1382.2783937988224
320.4917564541876
-1.5604118205753783
107.86093321191149
2595.5217231308116
1539.1664330641818
895.3256054089538
619.4196703865102
135.62442428262005
34.46777812286438
302.2286906889385
5.895586792611359
-107.5462861803207
-218.38431086229417
-367.5122963033091
-382.2818493553103
-805.0740328082808
-1620.1111711878975
-282.47600030941487
-1022.222976617524
-1091.6431835907592
-1360.5169716179325
-560.7688478390419
-537.0228580345758
-577.8537503388673
-1161.8229014933281
-1555.9702441676147
-983.3589283911597
-2771.532977788219
-4183.191735547114
-5920.113017952883
-3116.7672386868444
1113.3485327164776
943.820479443442
1004.1042497742783
-2.1031203297810914
-600.5982378577967
-366.22691845452783
179.3136173450386
4.747248884511911
-52.205838899855095
1373.3264979909018
4225.269716629682
2020.722094897203
6568.083494113991
1416.9264794203077
609.4014292129232
699.166275499931
55.63636265303825
10.389727218843177
-17.899241509458857
-12.052537076840837
-107.86406211362575
-66.19819940572137
-3.646364118584521
-22.64287238670265
-487.8602651396795
-782.5445514241785
-2594.3881627444325
-1159.2999928164863
-1712.3632553491725
-3297.481525751061
-1742.099701378619
-4577.552106906828
-721.7657808633509
341.6566787092951
418.7174987069799
-58.319805690602585
-366.1143237564511
360.10242358171115
547.375521572468
-525.3431257874724
388.35957761705805
-303.0231283110977
-1527.7084152335667
3486.431378526121
1504.1609051060884
246.76792726025053
-286.32320003961433
-875.0857669472284
-890.0397929434096
718.2083846521477
704.9886699903631
196.4199446509038
-67.11646406196192
-28.497277705388885
-58.96726797862318
41.66939115514563
47.50601793944671
-199.06801464436177
4.892687235868
-205.77536607113885
-44.71749172321227
2971.1513271629933
1276.4033523579274
745.8680343996025
672.7585940959023
832.2091034125808
579.2660371652371
360.0917934389214
343.86524134585244
-111.81792940259409
-286.51181491664266
45.76611046149144
214.45763618141467
90.07085536108886
-0.4552375186678069
-119.27685635929117
0.02234755935803103
602.4435855066944
57.198694701323426
21.229757759516097
43.01301209818004
5.0392334445412255
-140.99830076216227
-397.2980270777589
65.51629212498455
1.1330297893689067
-187.95067649787856
-301.49075043771654
-538.9847962078329
-1416.6157739666962
-2197.4202753685495
-933.35875254951
-490.5033139576079
-316.95086944546415
453.56921686744465
757.6047783667161
2.638950262122454
-17.172949598416817
-532.2598049151893
-1302.90716816891
-1421.1029837474362
-19.068933549380066
-47.039490807667924
-121.49925151507232
-249.2566385842481
495.22787904398
223.93407656493758
-232.54984315648903
13.597952175392654
1092.9708378009746
2903.517462559702
82.65106259393627
-353.0878117495359
-783.3744216567625
-2836.1055884419056
-584.9998259932514
619.2531960906178
347.5723383750504
190.10347264757382
41.91752673158475
-0.7261199165025054
-42.1525950252533
162.5496927090336
487.2781129828062
149.16258342163215
930.919795166074
7652.597323640309
3266.8977641638894
1574.4664770058996
648.9587336128307
360.8720370869985
118.93217031439143
-11.666620580052689
-96.67411335223665
-62.690375195293214
3.541707320470187
-12.021417694710602
-241.01253672203256
-285.5391258172358
-232.21526892634625
-515.5054128333152
-1031.405550881037
-1673.9358186123475
-578.9883676232892
2.9070256031723565
206.01437459454215
-124.92736666962149
-0.44457565725462056
2.065602789491137
831.1328775387866
1009.3829623136697
97.8578843738156
-110.20720672361668
-1365.5687781682223
-2315.075961948487
0.7491202531303922
273.81487733849923
-307.00099470084996
448.18622115093274
536.3843899614853
68.58339763570848
-215.23143157193329
-462.5772303377595
-1755.9751540485106
-0.3454227959003823
-503.28938425331376
-848.4820337327525
-2371.603378503034
-2758.091801106595
-310.78612205212136
-569.3594714359374
-463.60566675186453
-159.770201570547
357.04518095868104
971.8205348028981
278.11205086300663
529.000689973949
-578.3523611111851
-7.646321877232995
-17.428621468750624
-101.48215033381526
-12.812970681594745
-24.60191742389662
-57.292624908822646
-40.960470368962035
-4.238535910927514
209.0434469605426
188.2168518558051
-14.01616343028859
402.46640991319373
442.2222221481469
-57.00442915795021
-1316.4406254387704
20.062197345400797
76.42757230208414
-1187.6544202528528
-1520.4412472686895
116.88078811936491
631.4010568328235
242.66462625275602
355.3204732253596
699.9431905450696
13.118033921093083
-689.2475050299915
-625.7339898458821
250.555240941083
297.92101077062034
-769.8243383934256
-1199.607207136742
-474.7410899978174
3.8201633425023944
2286.266470911623
6039.722346852911
1155.5443544995296
3655.663100262691
3314.419873295753
935.5210959614736
263.05152090587757
50.349454656755555
0.8600273554057404
18.993872139634
16.84153243567798
-27.524314506426244
-304.79968108380393
-255.7266545933774
1.9615599558005947
660.3025272853779
533.3695351962192
-346.73816521765843
-282.759938895169
-535.6751334291487
-569.3125369584612
-2092.593137241494
-2383.5061595303623
-219.7885809967131
-192.71703439989125
353.384116557517
-94.29411478201207
381.89883033491674
61.8221300011046
-454.36699440238374
-1632.5691757541817
1004.7001476056878
45.41238713288257
-1010.4310773638415
-36.64138013038343
873.5758784229326
1084.383766725074
1477.7717317107113
169.86795553905122
1337.8612097539785
188.0041871710332
-452.09180170568266
-1840.2379936962502
-2706.9155947401973
-3435.3737186166013
1252.0285795002483
232.498154273342
-236.07036080601787
-2638.45658829697
-874.813161236737
586.2994492867226
2081.263896823768
651.2456870949932
1349.9342968822118
-33.69442009366372
-942.1664438118564
5.0527740775952426
88.94897601739017
42.52324588572977
-234.46403624102115
-656.7347869654104
-960.0670276471444
-11.177699576450713
-116.79328820931366
-38.94009793186541
-479.46491380972486
576.8881778921436
4419.906692138672
2432.812115097485
405.2022912754684
-42.54483182925446
-2457.187807817643
-9.98841389876862
202.19842737854418
82.067608337494
-13.436409554471856
-1262.696512660555
-517.8741186994946
1390.0122117883907
79.32135447965473
2.0856420273102727
-598.6715034867469
-62.90190885961702
-445.1339760261927
492.3714735342815
86.55275325910614
30.866769583611244
-15.78078146693172
-385.0629037461194
102.73911180529981
1879.6477460410322
571.6961530720652
2131.7804542943645
191.234787111353
313.0163086343648
59.33084569350654
85.95077431161556
-211.8915295504002
-1692.7116161675176
-1038.9622976090145
3472.6139517133174
4793.500828818573
2687.0215882628045
1299.1211705178055
606.1307892443091
416.91833212762117
237.77314574165143
679.2046044976812
1895.5047467527431
460.88057324308363
177.0423256884689
105.74216866446643
9.71478179446518
2.311970877195252
0.14153900319669488
-72.00533611326026
-350.5489769359298
-371.16438262357246
-307.56237023162987
-369.5989442000458
-1227.7276051632746
-4623.799599622288
-3481.0336707685237
-165.84571390683044
-588.0712473045714
-1040.80685778838
-1807.9857718866836
-295.93807813134225
3383.924831983134
1937.7355910913038
243.71600787599363
147.3483691292272
80.44760291132249
21.367539449171986
-0.21867238621493396
-50.173541597282004
-402.5013866720675
-617.961129466838
-901.0408854979873
-606.3533955519856
755.0902176149561
1872.1773746690274
195.1721309627837
28.8343196096646
-65.89982510857467
1140.3652921050527
2021.0929779101286
480.9091068064648
24.188109125969227
258.53554266843713
0.00629603266066012
172.78630081742924
366.3587385865358
559.1783350849421
131.56375873156043
91.53460094944892
213.93106380597746
351.5080814165895
9.439627692039338
-32.697410919093635
-201.32380498588304
14.59684442132867
-250.18939286550795
-1587.8292754822478
-54.348860055808544
42.125559047438685
-10.128146425918596
-49.57689160676391
-111.77948744112551
-967.5404845801658
287.4701736867437
1560.9535072289013
820.0422345156026
792.5554167657491
485.1353756300527
-1.077521901376906
48.094965060710315
-38.17904685145108
-80.81144218604652
-75.2304178389954
-191.78683822750813
-259.84866930451284
-284.73435637733724
-204.07038564961292
-362.0759734580847
-446.2195945192119
-1418.5999854987463
-806.0157652644992
-2211.771579867097
-2958.2215534914117
-5218.085864227057
291.90896155901777
1777.4198975689346
1427.0824008742925
225.50043309374144
34.41533673842725
12.524554717049726
2656.7568238407075
3363.4283442821506
733.0771669957124
246.02130803559277
-2.2619832565708347
-43.566245432624925
-377.01767758811053
-1193.5337316575833
-1137.7163542663939
-1837.1621537591104
-2304.1570021421303
-3152.678059752163
-3000.045213638464
-2493.694345532371
-7148.970874112572
-3687.3794895165306
1485.95148238487
1525.1542707924064
1080.8174897310748
2020.6744571990498
940.0266829281063
681.6136586263824
311.4665684297795
32.27670122531477
-291.5244921294162
-143.5199097459636
-298.9687158740248
-3593.2878006696083
-4405.321402971607
272.0387955396663
7.886279479318438
737.8193720594978
110.77945808712491
-1468.2942009406079
-812.6495889824781
4370.557904142069
5912.21496547195
1890.172331637133
594.2791899076457
149.48256569998068
2.479734714888303
35.601429561891294
-60.39193331542455
-202.31438449827954
-304.4466686309585
-1134.1189972495936
234.19458377077925
-11.478085901300085
0.3204754190533839
-353.2563938288697
-2611.6247353631406
-3308.4195510613854
-335.22136637101335
2942.3069706375804
768.4245885801733
295.17151031213257
-142.72659664666935
-341.3311432529095
-279.44474199228114
-2.4384239239467957
-485.48191153080325
-628.6951360784378
-1601.4718852092547
59.199349084643174
524.715807715051
124.095088839017
1104.16402308186
739.2663111374146
80.622836211809
419.23590969865165
47.6797643341941
-13.657795101748453
-71.9945136998028
-817.2445564154654
860.0204383995889
-422.0454408205663
-1649.1616771166564
-476.2426491808653
608.3514698463005
209.8138100539977
760.5313714368159
-28.597500192345468
-239.42530042134922
-352.1455736672381
-546.5048937066247
-0.05767922355843138
-34.84686757484185
-5.642732554025226
38.4573264191728
576.2828587245392
3168.534649037494
452.58950501529034
132.4695643025121
-47.05841711769226
0.862471090204536
13.697340742645961
99.76400260010352
-494.42858726016897
-802.3665608495153
-0.16398837420298892
393.696266258214
53.56793709846692
-755.9662109605679
-270.28648852582376
591.5604478751682
-588.7979916547943
-7.598911812676494
868.9354532337705
1831.867913996933
409.13843078002816
447.0995071536324
648.2158201808093
108.23943397587341
-5.786471333308247
5.311795101429458
-54.07544623500586
-322.7057552570965
-319.5245391896911
-983.6769962796299
-249.4153924654446
-690.3407566745501
-336.2869467380252
50.416474988234654
-900.0525757458361
30.212370552543284
441.8858270799091
1623.3184882706723
428.062126343389
-145.05814113995342
-674.4929227164015
2.5519360574820182
-36.15913284904103
-397.4358041764965
-139.23665887118042
0.5913462571407355
30.560681043503536
-15.343814241583413
-36.28402873949141
-11.06210837565421
-31.803087296167238
-32.56353322724641
226.06110149761201
-29.733926882148772
131.40067681849746
677.5263342655264
2414.2816630202706
5208.2598632674035
6257.372531873889
19562.654428599766
-45070.63
40.35457630427997
-636.574933175647
-296.45787123739757
678.4982946363357
842.1771915515919
153.3474201475973
-86.63621572299577
-889.6412122445399
-1166.7593568407888
-2977.380915666136
-2297.0329208714056
-0.0641050166088807
237.13618502005494
-0.5763578510743673
-6.167458855762916
212.5285084815544
2065.0380196809624
835.7823372261632
259.2664029693496
268.0028738297534
74.0400126645596
16.932422255806436
96.90038049626857
-31.580665705057587
32.691200783833466
-133.9757773789624
-864.7266123995296
-108.57021301616926
18.214492783858326
-134.31243836202015
-581.555241132412
-781.6717631007605
0.2985020926347982
567.5961374642611
665.802332747064
14.695449247348924
-70.57605694800588
-1591.7826921639248
-1030.6540014252641
-313.32297160114035
85.75410551419814
602.0252097135112
-409.46982387171624
-3648.970857909132
-215.5042192264168
-360.63801049103387
1382.1024238959635
468.136444807064
-282.0231598964118
-329.4714926303346
-549.8927048372009
1946.56359498631
296.88988614199747
-14.955415406974412
-611.0201661947492
32.07882186163614
4324.125066004584
2770.213691341908
2726.4256643739413
1510.7180631521708
2639.2747389262736
1961.4816296744725
1206.973676904152
679.5107941994672
624.6933727591414
355.0761481719406
120.20560200658969
423.23144678368374
567.082420154526
89.74556308099764
24.088264563711952
4.361189829399139
-15.826499917396731
26.026686543157382
251.4158924832282
167.33431217804517
191.66467938867672
14.7418709155768
30.364772410342027
274.24664185894557
162.20271783003193
77.00448187125511
118.28255786766505
1574.6372123660676
589.9648658463792
102.92855071432982
-47.99360009898302
-156.83253013677842
-201.96216242254715
-63.15584584337881
-291.2387966963624
-709.7589839345466
-1793.1413292681918
-2335.2905292866008
-1391.185010416558
-1189.9754303237164
-2130.8735676681163
-3043.108021697486
-2473.4463589233546
550.1896726960312
201.6789067234118
33.8523324552747
6.737689277240479
0.30529223001554706
-2.9917113143242657
-24.58209820835225
-195.24197375568934
-421.4058622859104
-515.4920117396787
-949.764701141556
-1763.1931878898745
-231.35688405912407
-245.54047544190897
-431.2365869191292
-290.44581995455275
-835.894997240003
-119.67009775317143
7509.213510758893
6618.71097903919
9887.601440800163
5580.704814535415
2516.0051879679895
2537.750096894142
1741.5369916143375
1121.5262765198036
400.4265433678675
139.37400929392012
0.06022431478509469
-89.42697959508284
-174.6273898836696
-392.19843372529516
-745.3772022035026
-1006.2484421567628
-62.273346811871995
-23.369869886464176
-346.1090827214051
-1130.8390679187958
-1318.5837570650933
-363.46536814667763
-506.51699089246347
-332.90255301258765
-531.1628881805415
-722.9525523505915
-837.0712709635983
-299.1419278229101
-83.9611262530868
-381.9772968091563
-1573.5637182454768
-2357.0990408995804
-2494.6720799271498
-1572.347972026328
-105.38164301005759
-93.23490708409251
-410.6127386536296
-2592.3486428481315
-1639.7303324854443
-10.881891322866824
475.28524287504143
1371.0965060991593
1431.1210395570831
89.05023003333643
-283.5025775654286
133.92407772848696
1536.31120082165
1115.7267171805443
-14.393475425442098
-578.433935350201
-2416.6411232424443
6.234805031056132
2972.3659142534802
3677.585316820871
1217.8108333868342
242.5212937929748
4.551798167176301
-351.07182636231954
-1870.4610342445058
-1582.321507182402
462.1802376715301
2845.6339906011663
1298.5467021853083
572.1319765109622
168.57992547873172
2.198087871775587
-1.6644151312714481
-674.4967538458424
-608.6592913264489
-1058.5184917671036
30.273113452693657
604.7416658150719
1106.2192732873668
14.904552618020604
78.306407840136
-46.33057059076155
0.09995746900554697
444.06994708849817
412.3500602911211
958.647105622292
709.8460193607921
1221.1068517099197
759.6466817782583
1780.980740700111
1415.734914076378
1016.7406807738167
1048.0431809644408
998.6011163484467
138.0163477098658
-7.559637018880739
104.89901602369304
133.82795641863655
20.069832742132192
-6.3306286810223344
-50.38175939293323
-29.738790502516753
9.400056893169765
32.21318676011072
100.08848910448465
-147.50875148517738
-29.537732598419538
-30.968620480577382
1.1393087317758335
-42.17785333413482
-13.336251527431063
-151.66745507960758
-168.92152794592624
-140.668740815412
-69.85723913535537
-383.63074028242437
-529.9425111179153
-602.6393950798529
-958.4737802109521
-163.88746988308756
-213.4680533367736
-97.65109800589977
-14.58972711176929
-17.85948519198508
-64.1095403292181
-400.5057974111113
-985.0360119448998
-975.3417635327974
0.07595696140114575
-556.7164172051109
-277.15009902630925
487.6586856722651
151.31226799820783
-17.75006189851891
-809.8106030505226
-907.9703050797199
-1335.5576257025891
-164.88118405668826
-390.5465631503262
-361.1219539968107
-761.8903098258276
-1554.8972434935104
-454.8238114665105
0.9342584596864216
293.85329741358635
365.2964217469077
1121.670117020227
958.3039414963807
453.3536309381791
184.72570434357988
144.2909986447267
24.86334174529481
2368.7322931375384
3475.5167168076277
1226.0488259562233
622.816428361907
472.4730291651674
812.4021048974562
210.94617778238853
33.66788121409324
-144.5592409853966
-52.30654778090082
-109.43221174333526
-791.8723205224683
-757.0511902627895
-954.3213986815775
-73.0028726360232
67.47614784956323
118.62993468833153
-11.277089633351792
328.40541954391455
51.98325944128561
-4.962341525190755
-219.1009220777462
-51.47998653920599
-627.8166386789483
-2385.63845653915
-6323.783732544665
-872.6781806381443
3025.9675291640524
3118.9737917485995
2064.590142439369
426.03503612795083
452.6412730035016
21.60549203607229
96.33613663606144
564.7889383790229
1079.5948859259663
1731.9433004738094
3126.343146379935
1204.9475014383024
1042.3072853805832
380.78030845501144
458.4157328864128
114.4188074689294
50.247386601484834
70.4727099002915
-0.029821966898008173
-43.54087794629147
-7.446945240849298
-17.72301508778936
-267.96956219292747
-151.45094870935384
-70.44947232375043
-106.13825109587984
-1176.8154427502957
-2565.6270080809454
-172.02687421738045
75.79541324242524
2129.0112236460736
1138.500976988753
443.5949828322148
774.3745131435654
577.0263633427953
797.1793032242925
254.4298578429461
199.51433328071357
9.051317160000025
-21.881225138244364
-57.76336471670363
-84.04019562580672
-140.18238784730215
-104.16883539338355
-92.64183388874743
-85.3811847765403
-43.697986303406076
-343.3690953099956
-336.33001868195447
-181.6467746753596
0.004182628991296863
482.61099651448023
211.86017249323933
213.90898415493578
585.2355174520893
479.72061873980897
68.05741323697919
8.527720827663185
-0.7442291751873363
3.1534930665936685
-1.514702865310313
23.462962512563635
-4.029260079747951
5.901937646314292
17.30814723641774
-32.23795710494572
0.13650263016751304
-10.508907507819984
-3.0317940497171545
-17.900039129881282
17.39490265574835
-36.0197475269667
-2.6456790800723216
-3.969562515281062
-113.46089539147292
-180.9952734219949
-145.93082355644265
-323.2823847117175
-482.3799195731288
-529.1657747188545
-709.6149837871772
-585.5723196243528
-1981.0189908060756
-2117.8135157300685
-481.9235203805912
-39.0808838666859
-96.36893042446728
-44.29557721007906
-297.64323371068974
-337.86852537739094
-923.4447541681361
-2074.9483112355447
-3751.734710446496
-2433.9558631904792
97.5828983271098
86.25302877690686
-114.75433262440559
-631.5941019305088
-1569.3050195465257
-1541.628256850484
-2259.2038720532937
-421.08299248574025
1970.890955096701
4713.892972221424
0.3321031353926035
-6.047692320510075
-538.8200555183549
2276.308096999501
1109.5682053048954
697.0671464407994
113.10929847808367
-3.799108772977036
-7.077054893993439
-14.921692190802283
88.35824948556021
33.89030274418411
-102.54767821305066
-44.82175308971358
73.46565311431104
1354.2742320660773
583.3425635018186
-100.62069970078103
-1480.1988480045773
-96.6611764655833
-394.2072148933556
-1687.603449892294
38.95046074283391
6.7535382480167385
850.1019914676924
745.9537486759085
40.459772292903864
-12.008938390857399
-14.59817159940106
-156.12812574350613
-1061.4258100632023
-4157.376865811755
732.9884100641119
4968.256992193224
3580.935662974646
1714.9503138419063
1367.9270760441314
668.6588927931373
551.5922757011605
83.10922255170834
6.5821740496612176
-6.1278235476206735
-191.39017877943814
-174.09016008130436
-142.63796574150552
30.082753290871786
1294.7199366344012
55.40444838008907
124.08616310274488
1283.464535186933
61.51566104915398
-34.68054428652151
-870.668360053307
-992.7033653990836
-871.0886027561276
54.51508200891945
119.62626769250392
886.9257003947081
295.23207186853256
55.58748625263247
6.743208806150337
19.96177495720599
0.037621028440247756
-204.0124338344434
-488.0004422360081
-692.8079131142038
-1542.96557817444
-1673.1954482578997
994.5719750058104
2322.0185793382634
350.43206164368996
-387.2755476573634
-1614.5823747867535
1240.660588743714
2406.7482430877553
936.7486986004587
811.1345115720666
1178.7679406932282
951.2701796369449
56.77712011178736
326.69799643002113
42.62293377363267
42.41999468290094
21.05868033206127
-0.042556816893115704
-1.1589191138981267
-0.891892259314375
-1.0288761676250122
-270.64587406889814
-9.933173669747053
12.594595340803341
490.2160850385858
929.0381047131747
450.7110994954394
0.03090583117832483
-1.1571148935428808
14.092188125541991
7.050990203040056
-207.1657255231148
105.16846939798994
289.9264949869121
658.8326250026554
426.9136859767922
207.3869027553933
14.92785407854713
87.44729242095352
-173.9163025068463
-13.598485232581071
-0.3074935549585586
9.082816080265111
-2.4078449595961064
-289.9767107576475
-44.09284887165352
-176.1771734048907
-120.31487596755207
-199.48600084792645
-484.683235985722
-262.92936511206597
-575.5082891973647
-538.6080610489316
-278.6895875887517
-36.01300873947621
-346.6913256016561
-775.0971641752552
-871.5852105854196
-1008.9713502966214
-2629.398853356307
-2831.523062171025
-2178.7925095949804
-1076.8681068847197
-521.0912138745257
-999.7992117377321
-893.0672711091819
-635.0819462096053
-89.26808010684792
-93.35887782713415
-606.4945548603328
109.76442733528673
1270.1218779026385
4896.9769576179515
8736.267385718163
5186.701109987621
2626.9943485516696
1212.6956357641675
563.5515206296839
353.95039028330126
341.30582388681313
512.7853358580246
272.14520170710813
-11.568651185944745
35.650273007290465
1.1494105778592285
5.704087257122634
-31.160154026370794
-290.01383465762655
-382.61933348390494
-375.51770714279576
280.87090704950924
333.94490831137296
-1.4214278328563001
41.12181322584955
6.239817823122946
6.276837582382695
0.36462384621851773
-2.1176265153990936
-103.06246140606368
-1.6909015045306615
-141.0185641023823
-12.648028694295451
-173.25430699846274
-295.31691691857066
-972.6161443106862
-1563.7542592498849
-2522.2370807608913
-3156.90414393868
1124.7570823099898
277.56718752421625
-2.7750645968133525
1079.832275233191
381.16894724040543
4.253671337657907
68.38063887645004
-97.01879118413038
-443.69880876779337
-184.63400725879265
-387.66419494127655
-1508.0639146274978
-124.22910045880434
-1025.7337448897274
-3435.9871934782873
-1243.6966537242536
-0.6959879958149299
2401.4320140198824
1614.151539311857
1402.4295387648142
219.78217474992746
0.0806309954748046
-49.39132694772671
-937.188688444262
-3110.2059600755456
-4096.08129428497
-587.3507715344457
84.01830387592715
2296.8846669299737
2931.5005112585404
558.2860395341821
523.0082640488401
944.8242410104185
641.6844855897635
704.6048156433429
684.0007472906
154.72254768710894
99.6979256222222
44.96593264373643
146.06514395579572
0.43760326337417255
3.6568994147853546
-0.016387530400066325
-1.2309458052365252
-31.915966750394148
-14.753473470907224
62.44334730934514
124.62995408423058
62.75900043190862
601.9767967796994
1019.2746323887588
721.4387772639279
79.5810929944114
92.38168215125741
71.08511766579005
-6.699549095643018
-5.900493997658851
-161.586967170707
-668.2369693862024
-2421.761174686406
-2974.2809012803255
-481.9235184431801
-6.5624656691787395
-57.85657273453306
194.0670039343071
247.49146428716386
-0.16285044351493816
1.13735415014272
342.11247349413657
5.66752418158145
-7.787460861265317
-153.5429096422419
-76.33680151664947
-207.48196756416596
-30.380123947905737
-16.413748208793216
370.6910676125191
3798.1923717648365
1658.8818261603324
785.2476867999037
818.8312416310836
279.23423730280615
488.46648110720116
379.6979885601386
666.6668400042036
161.54076750782605
43.89903401190119
246.2994783583469
125.99662801132817
119.11537516188658
0.02959988926765525
13.415623456823294
-19.605118214096954
13.428506893395905
42.60626462525735
-11.782128689267514
-7.10827286815355
0.13947340689823728
25.171337233826566
72.40446909645851
-2.1376859354696176
6.3558601092775
-100.51210743471133
-174.5221169742636
-123.43057829082208
-725.3331877698581
-658.6737920069949
-336.4062503310345
-378.9834476660765
-370.462423611811
-437.4674441339072
-566.9616496585627
-535.2271887187487
-167.09984453195955
-263.09958993985157
-1011.8543596290358
-1831.195514608226
-70.28809574630404
1.9401421422074374
65.67584953311473
-46.82935351094779
14.648241387782301
-71.20253362495774
32.996755511017994
-27.215919438545768
-125.13002003796534
-83.4390948873367
-105.46587820599773
-659.351564254297
35.94573930410836
4908.6756950684785
2768.096483812018
1319.702025856865
715.4846422164649
-6.461962538820064
-87.26953266129635
-17.292422755356178
-220.3478339145078
-90.45218611938319
-11.402645432357177
1.6116935700773687
-1.7061450908433502
-168.8786019674634
-363.83611994169723
-480.2926787512531
-610.0097684348029
-1063.453785514311
-2417.9979724801574
-3783.2663296981586
-604.7848241996342
0.009388762094218305
123.49460161778411
906.43896514894
160.76720956494844
2.98801011265807
-397.37988699442803
-820.0692621303376
901.775831560787
3493.8879424415354
881.9093873203987
3.0945183530410727
-98.78580647315931
-824.5826873124855
-2000.4131096275628
-1402.5776920396656
1593.1275776487482
37.50339997200048
47.51608675081913
366.2558350050387
266.8013852751309
839.7594946458727
696.8979705302808
820.4145041487191
616.2371771011677
1257.228708054831
424.82792063762804
660.5449063768809
45.29286384398168
17.684617304646828
1.189805098129401
-31.127498210648017
-54.34883765316216
-281.9283280969808
-89.71021078653851
-28.27523852532662
-193.71312609331363
-408.9482643783542
-740.4113922389465
-787.8915043145414
-13.716304199919971
-63.83456164629029
-114.62262615185236
-676.9111185457339
-774.1926038192274
-42.69041570917267
-49.19667924846989
-3.1912292907614725
-228.58084768584703
-164.87832335329335
-253.64099919369283
-1025.9821468267196
-18.18446851958616
475.5145348269606
107.25723012130177
-36.760214958022814
-110.54516290599867
-303.6489498835512
-631.4859309218293
-1228.291938981223
-603.61174805527
-247.0974347240965
165.83370123121065
91.64702515982286
27.72599014521563
-50.74808670545203
-111.73716593752621
41.95239945148961
1373.292722766761
4627.291203147663
4330.498594861794
4549.093004925296
2834.7762831609184
1041.8711246353828
236.23748342554097
14.941755536492028
-88.39645751958003
-0.02288068158067603
-297.6101095874565
597.8475239107629
3300.8696081503394
1284.4281664114037
457.42172178421663
0.20710287309508538
-7.486661760655506
-49.2270890333941
-192.67267947423232
-459.7831164485588
-1020.520880224127
-1731.4277454076716
-2296.5979823991256
-4157.901844490731
-2616.1285897330363
-6996.0647483906705
-1387.6452047310388
-21.536868872413052
52.160227857100445
2.838804409637822
788.6418792307066
1410.8810698794134
915.6461861989768
655.8298305297557
86.58998513890458
-111.0114034514474
-1167.50054075578
-139.82364082736896
317.27401503506144
534.2765864768012
348.65990510261116
203.22427085227278
2.7149389604332743
-0.00821287457952194
-29.125908843387503
-130.89778888484088
-1392.32261743447
-2482.523481746365
-848.7666871849118
-1154.1720646572035
-619.3939342940363
178.97796316679154
4569.214629260645
143.02397389540442
-254.43001839262672
491.348026813119
784.0351465812332
1107.4879691779847
-0.1067143260443435
-618.9508390709924
-151.15437451863207
718.3303848363084
499.4069679547831
52.43247909111953
-162.221808871259
-462.07337010132335
-548.3233540657614
319.40962462101515
364.6120405162226
135.45908732972532
1385.8348182585635
4531.243866808249
3051.5175863156323
1582.058546139057
1057.2026651576487
804.2570206972641
701.5210538029482
198.4169499946238
90.1011760891462
430.3311852702951
212.51800638439954
337.89546950826895
70.84058168343677
62.639444989642634
102.51551276474464
293.744165624109
23.66753818900177
0.9290561516327841
18.892023300778348
1.6041180742962768
-0.7956802113244522
-39.56994805767913
-10.565733830265506
-167.19305286470188
-360.5443052046397
-60.87886685820718
-193.82743257953675
-126.18297655672794
-359.50129664416716
0.00946727993676895
-262.2239051456104
-271.3191026586674
-782.7538090967371
-811.0640564899011
-1236.7941723192753
-733.61703879727
-1091.2123185249404
-1922.9609862183327
-2386.334118192545
-2916.722967802378
-560.3574067031319
33.3672309823196
2602.3139568774486
880.6236007542686
4932.422638183486
3393.020124963455
2340.5140329087353
407.48150287235535
230.59589282641213
88.60053620135551
196.59564818471804
323.55567120809076
13.890004494093585
7.347893619302552
-66.34300864083926
-23.60652090355417
-11.515177035709952
-18.582526769417903
0.37732755888881164
-17.962738550921216
16.200540148791735
46.59463199367568
20.146626531484767
62.34841873882772
126.73693960882791
299.3584787254524
162.52124487156914
168.04886580311444
143.4388787229475
26.05350245121213
0.12965869315958278
-31.626175171390337
-315.72894935511977
-101.25544276405428
-154.819897457097
-259.1524234781945
-95.2930956460707
10.005682106841938
-13.635897311165742
16.844486968509145
12.074810980547827
-2.2101404819502872
-0.8864597578427177
11.4797154326968
-2.576692291004299
-58.736110221728964
-0.11306710560717001
63.94644497938046
17.961828109921782
-31.82006171992149
-458.4568808448676
-610.7360732396687
-470.0573816328869
-539.3221586170907
-488.1244978865833
-640.7341261085435
-1216.6425920654704
-610.8107473380549
-593.1767247548698
-857.5744571678897
-1442.6961523885689
-381.8090949890547
-426.39342009710504
-531.0654521455945
-1080.8333819343832
-1065.6125509675994
-1438.3817482796446
-1446.1424005550246
-1234.28942037798
-386.8730122058485
220.16998551637937
707.2164645682092
2582.610719199186
144.138452549435
-357.41133473141485
4.999074961422942
671.986588036131
2876.3468667344664
1255.0933928125828
184.4102408703078
30.42902447494724
-16.16122802064606
0.750853648322944
15.92734320141004
-14.942249028496729
-124.50639511186216
-680.5987195522816
-181.54603443573012
-822.7873410979003
-644.0005345608935
-1266.8612342704214
-1555.697973664103
67.84194730802238
2575.784253123536
11752.026716130547
5691.809681297885
4589.0326022921045
2735.735558002467
2180.458531490937
950.2016023596234
217.49067173251058
-5.711443845422441
-186.96077977519118
-570.0170444667549
-173.84735619606695
-101.31235410126435
-135.1673822631673
226.00377156722945
39.20246696944927
39.07067177162681
-24.712348873298303
-11.522175272119846
-69.82002325897153
-180.52859407604575
-244.6096110577885
-803.6198129175782
-145.22135591904313
-75.11636804895367
-719.1439403665348
-748.2610076905274
-609.6366302994159
-3075.9892863855043
-7973.186493021488
-5362.705481391236
-2757.2367317762373
-351.0677029400219
36.92037785011571
143.59716683250534
1597.1880159079187
685.3058076417615
1515.0833164228304
-492.22679141887863
-3639.3461757942823
-303.17405372323304
1768.5957396307826
2009.882407499205
1149.7531436657307
479.0858972056777
1776.7193138205098
7015.118456871378
10640.358060932333
12966.748131753873
32395.596524727513
43582.614086235706
36801.61575432591
61368.56110943755
57503.7276230087
60000.95917333216
62793.32394546345
76529.6776612867
116623.67303181377
137962.3060331574
237133.9240626447
157139.88695045994
116784.28926455264
119203.24826845928
142777.97344840175
128653.20375824758
165956.21499699034
224113.58072635264
162496.5530316779
208184.38399308166
180181.4764384059
197014.09192829285
228402.46247706423
217265.38148354713
227869.86145695657
311372.56328320294
612084.5035899366
740837.2792509703
761109.440134544
657448.1549704315
722005.5449717907
2053029.2828572209
2529043.527214884
2633340.416448457
3610646.8357580835
3989264.5403918703
-3807537.1500000004
-2536859.48
-2979734.66
-3755627.5400000005
-1627650.98
-950918.38
-690590.95
-656064.56
-452018.58999999997
-533846.0199999999
-500523.67
-459749.36999999994
-451266.61999999994
-325377.51
-342787.26
-284126.69999999995
-221607.42
-198999.42
-191660.37999999998
-199013.86
-202758.78999999998
-193947.5
-194691.16
-180783.21000000002
-174106.57
-142761.05
-150746.55000000002
-106666.29999999997
-135006.87999999998
-88095.9
-82386.04
-79116.17000000001
-57172.770000000004
-39369.02
-37064.66
-38730.67
-34355.79
-23682.25
-18078.91
-10890.0
0
0
0
0
0
0
0
0
0
0
0
0
0
0
0
0
0
0
0
0
0
0
0
0
0
0
0
0
0
0
0
0
0
0
0
0
0
0
0
0
0
0
0
0
0
0
0
0
0
0
0
0
0
0
0
0
0
0
0
0
0
0
0
0
0
0
0
0
0
0
0
0
0
0
0
0
0
0
0
0
0
0
0
0
0
0
0
0
0
0
0
0
0
0
0
0
0
0
0
0
0
0
0
0
0
0
0
0
0
0
0
0
0
0
0
0
0
0
0
0
0
0
0
