8244.52
3107.680977170391
2069.082462001211
1311.3947396059984
1559.954632783723
568.2212449636716
105.67533932915379
812.7886479839021
5452.578596519341
981.4994333026083
469.93232544899934
447.5432452536436
262.5965566266392
4672.337255796354
2436.9178423773133
484.83044235434437
-27.17939997021599
-1121.7148440741921
-103.49290591513821
-301.0851769400325
287.8488005310578
1038.4911527510196
1782.3020137281342
376.59064157536454
10.934634497757159
-470.537144156033
14.947429209268336
304.1787874749918
120.9214020059213
-2.4448230405587363
-61.30996310426838
-717.6787926286252
5.266717597974429
7851.10024365239
4772.886629942801
4229.698757136521
2575.176282899358
1179.7899171217764
2216.599591974153
2487.8470440857527
2160.6077910028444
1342.024372039419
1179.3886280379857
1200.753635971831
929.5188590243065
1024.8504317639065
689.4561636917354
829.4954093314557
277.0893878620443
10.622127574848822
-20.982190078929364
-83.98720051420258
-9.359757986719941
-370.2887748132139
-341.60711159441087
-576.3433825694179
-1141.7488847863717
-426.81619368316933
-170.39006347095602
-825.4046851292228
-1514.0473922741885
-1584.6327819543342
-3007.8858553068476
-4414.524461969061
-5897.275407050669
-8909.220974446218
-6144.536403965384
-4981.477461837334
-7827.614125027403
-10264.300967627485
-2026.7756254737506
-1.737168788786122
290.08419229557217
756.5095556333479
5608.674013045303
9281.036386528836
10465.785917933023
7080.587980727304
2676.0272959827753
2505.4596673409783
1155.1290837025322
915.4905966532688
461.49794428954226
176.8573626802331
283.8942417780936
104.81277327772024
68.35839403805302
44.90631774787995
64.20093978542884
-0.07650089947659945
-8.681673872674732
-11.532709230513774
-26.120497940760117
-90.94453485814795
-80.45187968409631
-60.72334631676576
-150.7660325159551
-213.81656526012551
-340.0150225058059
-420.3096201201666
-676.1365412564724
-810.4138456260723
-978.3265517602829
-1415.2904985738176
-1187.15909827021
-1220.8000349441522
-1650.5050868037074
-1643.280389350577
-1735.4524137837889
-2117.6597634381806
-2247.1324533647835
-2123.770084436487
-2372.1296753910888
-2586.7462097115113
-2195.2041260984597
-484.11404341731645
964.339759512282
1728.687147744861
956.3909222584496
990.049780443021
2042.9868898586647
51.820609730271485
1.5795857310257349
1753.4741325943955
4775.590822957945
2317.354317072051
1107.7109020294793
51.80399331488094
-101.28371270718216
-376.64290245502
-25.42076296981568
-4.762499965349752
-309.4207803853975
-300.0687961875524
-552.7534348767371
-1281.5681402851278
-1549.9035160540727
2471.0617400271567
2401.415737199293
1348.5070565575347
838.9251948516229
472.4932493844939
232.3998192208384
95.83824629411198
-96.81604102971441
-482.5996221053208
-1064.4801878013695
-517.4994829821551
-88.49517992085642
-43.33538393451079
-160.279587712278
20.58641980708373
69.93454162381038
87.12701333488978
166.42426309504117
72.7457769009559
213.54731138557278
66.06319095013045
141.9205616761401
388.55148103082036
146.51240639879842
69.81226093269392
-118.2536257505448
-105.61040805735792
-299.9780561141874
-102.84991184556739
-132.85121992731632
-424.16947984877083
-554.1813471564495
-718.372447916814
-789.6004072908935
-1366.8076454324037
-568.587728089897
-431.89086528239795
-76.57339032074282
293.75738762314285
210.55780820352902
176.85204004678178
0.07626952210788288
-61.74698868624448
-306.06149497059835
-720.0613193787974
-1002.4431480371234
1.7600238867086038
1423.216852562859
121.99198360097816
-82.3661891019999
-1564.317763825452
-17.39354979415829
1419.5379195182904
72.23507946407409
-550.7790916473004
-660.9813124059084
-1829.9067532586155
-927.6039742008908
399.57539934650254
326.8312123536457
82.52751648324477
22.13451702505941
-0.5902362719928456
1692.7761484785524
37.219137723244074
269.8696919441152
-1.2858915560692725
735.9551188689321
43.195973319843425
33.88687226061745
8.11450977458448
-250.93175722926756
1076.1180498930528
3368.3853809103375
516.3843607975588
276.30758444293457
132.28993706626298
12.313660510189461
-3.0599164806681967
-368.86661637716713
-19.540345983200798
833.4591517565431
30.064950186267467
-3.5806198868961427
-119.87586603538152
-348.01774298084456
-1782.704877950029
23.153804919256483
265.03191064461816
176.25384210017424
52.388752426742386
11.959354777537893
-16.705786523347328
-216.07097128808834
-599.8699455033413
-103.19582158680089
2706.6567085267325
2742.332266705104
2248.454176814627
1314.9298714432439
784.8091779051024
419.82162228335454
292.1125144680838
129.09444186707415
107.25556800954928
91.17574534797049
2.463537891486692
-16.087362219617454
0.5497357963602714
-28.16326053900453
-99.74836886942734
-126.44414475831744
-69.60728434525079
-95.92616684322739
-373.4251125546501
-541.4697131971718
-909.0953251056096
-1659.7352872339166
-307.72372553965283
35.567874388880995
64.8404541887955
36.65986640641848
948.5194254976147
5898.919508577106
4104.9428323420225
2880.9208995404883
1544.4441497085886
578.8106430187316
227.4300826564559
16.29210240080141
14.74192843457839
-43.21321097982112
-120.42265129062146
-27.793411242298188
-258.56575193020797
-97.17524121024499
-559.6988107456999
-719.1378704117539
-729.9847138664383
-88.2887597574213
-38.327120230595774
-196.55341040663234
-338.52144967946316
-192.8259688321351
-205.56156536550992
-302.8320732124748
-612.0860291162674
-937.6457047221422
-1348.246114112564
-1341.569876326231
-1459.7627508877254
-3012.574936525187
-1459.3868271562128
-1526.5139622910283
-1826.5175412308902
-1309.1978082218398
-216.97341658324225
1767.1064040797514
345.8107861806138
415.22534208811396
826.1912836689464
-0.19244980942770137
-580.3511569190443
1443.0742956958225
3191.3833710807603
2346.0099925994355
1217.1669299155387
1277.4648284468717
677.8507631236405
482.63296855620507
199.08859148039014
89.05496854595555
3.4387865097258596
69.25510678777225
-0.2978070658023886
-169.9632650004572
-618.2691550537764
-194.45187963715244
-1749.237001123821
-2247.143301857746
-869.1508684706323
-481.3507201774847
-292.53467722092114
-549.252485954427
-453.95406166251314
-169.39435732138037
1169.0817556992579
291.3807631636749
118.06238197775178
443.5943063784722
1909.9012244098028
203.54723294987872
413.4072950633207
52.44794234476656
-126.66529870639727
-777.5972666517193
-2.0201905029741978
2933.7370431880877
1580.8609242698383
585.876616531638
79.29213823127105
-8.624782059577923
-7.222574406538056
3.570760019703344
209.44760745084898
-13.390222274764655
-646.5743793801671
-1284.4141362996902
-1962.4442053596604
2281.95379944066
661.4535521530247
26.11459112238414
-151.10692971963306
48.34635376145468
1.328872694410316
21.46771584104937
99.15090112158884
-1.4491956786321025
-18.75955349157118
-99.07233090966014
-691.1363642319907
-1531.4245749474312
-850.938411410865
-1876.2098612405223
-1723.2527864564659
-2009.3419355315282
319.21876647106717
159.46300457821502
0.007341502475171169
-4.499722283344364
775.4944351164252
406.78134940595726
14.900417034816009
-126.20735093881962
-7.208500105196675
-536.6832846558801
-1497.0705834823314
138.8135862700521
-119.55699691746413
1760.2390353713079
1836.3143677063495
14.182265025145854
-231.1146861456725
-2740.8299434107557
2955.6457586070537
4465.911796763663
2795.700054389803
2793.2115365024483
1645.3117698845153
1749.0793006798249
1196.6977845114397
489.3415353590373
717.7532695637515
485.9026167606244
384.93621026605774
650.2207163788132
170.79912787337557
337.214226110083
326.7693905625015
76.06437601818237
3.4458621978405137
-28937.579999999994
-64.66113442116281
-1002.1388127087878
-824.8869610604926
-1270.5002256434632
-2258.2535176855445
-3055.0608525292855
-1334.5394424135898
-1306.3493421662065
-3791.122115778408
-174.84876856123583
-113.5575995714642
-1196.2870348553479
-384.42608347442
-349.9022448648943
-1089.086608391664
-919.4318944872168
367.6751376058535
2388.3316462886405
663.8637824208623
136.05181140259955
157.99700303229002
169.24089127385216
37.77104262388346
-0.0010399483666549895
-228.9138121236722
-560.7852033213773
-1371.5532007031125
-0.0031211262856516925
18.843704829065434
61.72927351273448
274.08479503970216
985.552654061908
-0.7673571790324403
-541.6248964995995
-2394.6448417476563
-551.2504355597152
-1003.1378702071838
-1245.4503494712858
-1719.7476282552489
-2922.526382238438
-1696.2597497982367
-113.38207689105165
-69.64656090334182
-424.35768951785684
249.6395189121875
728.9173061492944
650.8969730510793
968.9040836440677
1508.6089927652592
1107.0570084465828
1820.1141308937758
1702.5869832538913
2786.1326247418606
2637.999016110386
2029.9204669097344
2021.0261893916747
1367.079235373818
850.2176063216789
846.3671408139734
1030.0481032287921
886.6472919453886
692.8358731528697
893.1307788698862
532.2634072992997
483.867319010591
248.5038573220449
315.30361539166506
167.75161245563692
389.8269413958643
83.59386312374345
191.33332156415383
37.96587007105225
224.10155413986612
103.97404741817918
32.62044020080057
90.5202441585695
20.428427132433473
1.057084768164599
-31.733118532866808
-48.50380581382696
-19.57636780483862
-36.04531393262877
-277.5758330957118
-390.40700372254844
-372.6344476653287
-398.1288773429222
-557.204337436754
-437.73319292452925
-263.75080446150474
-290.6958665905946
-483.9408735619465
-316.9631142487965
-406.6994728434738
-347.5851118678788
-490.1203264385126
-310.72033505727086
-236.08158474307663
-252.80048643334516
-321.8924750934356
-147.85913009722384
118.74354715134562
93.91457703970391
211.47169644911332
56.68629917596719
13.758993555846397
17.7564767248671
110.14024381171197
199.18155458784935
150.54461926043467
477.0688527290177
411.27207832632837
584.7605862252843
783.3672442686282
419.34235662059774
281.48160071092695
60.33999312708867
46.371899795432626
0.05210424104010562
-12.204027260326306
-185.3683575656946
452.27603783138386
107.55860176703158
13.672782612500884
0.0031720503231935167
-10.16593409986552
-103.94578591134021
-68.41253851700276
-153.65766080183107
-124.83019536051461
-196.91080853616543
-364.81816450982365
-396.8961737517369
-961.1730460386738
-931.3140433072283
-1180.9677096702853
-1276.9653203399769
-2687.319088175824
-5365.223876355031
35.538484597576876
113.21590843446192
-0.4410655732687942
-47.28243426167092
-37.89565005307587
629.0094140087327
-1.2450867645436083
-465.18115731546385
-19.281326103800446
37.82437229231309
41.41876553174989
-108.2004435723605
-444.584642647811
-678.7770283230382
4355.918204658179
2249.126897448375
506.43892885964794
5.280576162077245
-154.3036058269306
-87.38528885004727
88.78899382791839
171.52774473574414
-41.28495305190646
883.09416026526
1421.7497047157103
1603.7436124056471
698.3330711837709
326.7114446845179
38.553675281476295
-7.071108309539159
-121.39844077828369
-296.15811122658056
-371.907744010002
-1542.8950256959738
-3000.4971261445357
-4787.05155253599
-859.635190187781
95.70185199372494
2582.0105907137167
6027.026483901222
2486.4481415840637
914.0535230078117
786.5412358001852
336.1505094371531
0.5101524930886332
-112.19257730701422
-420.030395541569
-337.8808859530688
-272.4315423914017
-70.91367364466777
-439.4057823133413
-1089.4562423622576
-1189.5368389791324
-916.3342402252554
-1004.0314814773202
-1852.4698522316635
-2880.551456917282
-905.3848145156148
-36.16334712901998
962.885734636769
2697.3266548992233
3158.6542721703654
976.7250014179481
162.6004307772234
-255.93916239294683
384.8646853757798
453.8420598729389
225.94645445805116
13.062947633730937
33.45466274651445
74.32044054078585
-188.47180870029277
-160.75583864928154
-720.8291655868907
-371.3871240423332
-347.91016453440795
-911.6069613139557
-2651.608071610578
-2320.233072656476
-1904.158584283415
-2721.280956402695
-450.44114501115797
127.98473637957052
2164.3210032726965
2858.444446156089
-13.076030623462444
840.0276545410268
2563.1001096719842
1417.1173224804968
331.3265273563876
277.86661953413716
45.578180630364564
-4.785624118408423
-20.639335232348703
-181.22896124885904
-124.9232280648158
236.26553870622854
-306.7065527456181
-1378.0026985932845
-1520.7826311598535
-564.4225997044929
251.85774459090538
243.5011032461741
631.2684324559298
3882.7879263888863
2560.417905289474
1434.5238473313939
729.4689764685933
539.8688638741386
137.8518950980949
111.53109293440968
43.738349539136145
26.786284574605823
-4.422005053843616
-114.91573253123532
-541.1484269369824
-1169.699095476798
-1744.1100248692594
-1334.2340494916448
-145.6836124589749
-528.9803466302444
-1399.3892656080425
-0.4719975952785273
4585.159486904306
2009.5532943953158
1303.3369643885412
501.3415178964449
396.4746103060612
1650.2106813802995
1477.93390942999
393.9644795113803
279.9643842369431
97.69513034093205
-15.067593003616814
-46.25813201985639
-223.0125216726088
-246.20485412451086
-77.14062857888514
14.690437225043702
149.3823686545544
15.405373923498068
-12.070411693465301
-114.62601116383786
-203.4326965149765
-553.1870912177612
-1307.085381916167
-2418.9606802610588
-4850.256966526767
-7676.919155540047
-5950.516923852229
-398.75289968122104
511.51516714899884
3193.6254915585996
1698.6771487994997
297.2390948420968
0.018715751165842214
-72.85360257995187
-833.7633145101433
-1452.4746411138524
-2472.9920661442943
-2876.9729059812134
-3997.235297703114
-297.2268468488744
36.10464651375635
1591.7909651675104
348.04696904376533
-4.7825337961925225
16.928821338009076
180.4602899694686
-29.65006699474692
-41.145672485471465
-738.7424375213415
-905.7567361354085
-1095.2002058213707
-2699.732841813934
-1109.2657307522036
1045.7291533552946
3267.444539596193
2166.606122643013
1255.2523326468881
1013.9335652255912
24.02297754104402
56.475797104319376
507.9854309820666
3067.421245091351
2103.3798985359663
2411.9538877585633
1639.32207116411
1393.9754757401017
1239.675335272772
936.5740243031507
1653.890432683884
1655.2132485791672
1199.3675740123256
728.2146496668385
762.7023084635533
780.1511726814915
36.29980329545052
19.800927809119933
1.4118502148462069
19.878368158100038
-0.4261000560847811
-29.975261158747976
-56.61314347649373
-75.71354094219714
-422.23010426350544
-513.7015878494083
-794.0555427571481
-813.9965368188255
-1295.3293711768738
-1076.035623601795
-1266.5341931910343
-1771.3212713318865
-1727.544287084934
-3229.570542781579
-3496.413181229193
-4509.0498738903225
-3118.1550341435263
-1107.652691319451
283.0171956149219
3077.020931393213
814.4897119495678
-42.47864204263489
-3.9663269867536353
7.637189936453402
5.473559746671111
-177.32776812885174
-1044.3207786879216
3061.0684238658273
4076.8556374285454
901.5022120055379
20.971828019312905
-93.33275870345005
-1058.5499674339148
-2350.3685806219983
-117.02998000515942
3067.1744845203452
4921.861956144228
3126.804234995906
1802.664761248281
761.0316580158249
353.16519131084203
33.63880197706702
-102.35073695688394
-82.2432864309235
-230.27801023580562
-96.09372411235704
-234.28849505262116
-754.9307433703925
-38.77879622510908
-162.23716634895936
-469.9796243024357
-1002.8851847998719
-1109.3964796501693
-1795.7347300436097
-711.153564750271
-441.02938754786726
-896.11820623313
-1879.7541138187635
-309.28163000698726
-44.879536261532294
-99.52710901104575
-361.6587384138679
-582.5692204792979
-657.0349888961955
-259.92786678445077
3553.5317580496003
3280.9513317966694
332.8822021396754
1.0980484771698498
-3.696485192224706
308.1081666661013
3.3641525703678883
-430.54607676639205
859.9776464520097
2518.4148977490695
634.7794428056964
24.868190624883724
1230.0682972943318
1861.3731452341115
4523.654506853423
2868.559539679672
1428.1728706531103
841.6378418207503
137.53049154029023
32.00892820912916
5.533506685498614
61.831671752533346
220.46887103436188
914.9694038347152
352.94560067986674
119.66433668562756
-116.88411713715115
-74.7555482862384
-311.2026616183832
-617.6040350858015
-1729.3931725613077
-2586.3248901239713
-2256.5082399324347
-1487.8387484298614
-1258.574991290766
-1495.4192349121618
-4469.314275075387
1342.2951194420398
1222.0406475494565
217.03953201964492
211.61641251272744
10.160688910780966
-22.578378566687682
-413.3898225957055
-1872.109178331249
-3987.5853923842637
-4863.54828648326
-19.770824062919043
669.5509019176036
804.9104130016528
1695.8720808652495
1486.608050630629
524.3132181900912
172.2383715615892
1.5681715026710585
-781.0119374445968
-498.3772019126362
-110.16498413445012
-194.25205182993724
-393.1754183375681
-435.30195434457926
-90.01501859414236
6.733844327825735
2117.024682587771
599.8033769594083
9.645265873481693
-153.84954337636108
-724.0569650592779
-1655.527436219632
-2629.205258242239
-410.2206316715127
10.476562686265522
-93.70224757407442
279.9173342123404
193.96030974108984
-49.199787794222495
-979.7126844176481
-2110.455250621252
-32.77178807368647
966.7022563724398
1492.5985374742459
168.64179149034453
-104.66253249995937
1447.3782676406736
2039.4941567800895
1530.1841645608044
1331.9750381300548
800.4779018462591
240.33505364460424
664.661724144366
765.9993247188356
360.0410780890949
168.746170134843
31.67191501767578
1.6150155405276294
-50.51630944757396
-78.57956595242527
-65.36573601161408
-296.2025771547077
-389.6079946535641
-527.9958087913209
-520.5613029721187
-1890.517080961899
-2054.3463417858047
-2915.7929675213027
-4607.266256359268
-3258.967333806858
952.973925244557
501.4858797795562
4.29739339086432
1690.5245009757064
488.09216193665554
-43.232618907927915
6.108797412034479
520.2314922858524
172.34660860626553
-234.64343795066418
-184.64812613265678
-34.621768137658954
-1072.1204735189965
-1198.0354152629427
92.24933059914471
34.32465854602693
6.719264418642899
-327.4418902908491
37.44300910752835
735.5552097508496
-0.006482748347910337
-367.4701658973184
-4212.583769119247
-1142.290486026828
-557.9531067524193
412.80733668541916
1012.518652870453
834.0627012304438
966.2834663836613
808.5031428468803
1749.8907992663019
237.967388884279
443.2523865383039
631.2455593999247
838.3345197060395
371.1275489739598
223.3202265919734
263.73994560858483
4.018986574915053
-14.069814765710555
-72.5017003082829
-143.62253331344908
-525.2127176090501
-1573.6503944695032
-898.6749019045253
-2751.972458935704
-2094.30737385156
-1210.75947295869
1027.2879673376653
5242.676650572982
1356.7080261321034
501.8576280861214
1061.6320077615928
237.69448933364237
76.75932750254012
-74.91121756785823
-553.3673358963472
-2348.9146458690466
-1724.3498058117675
-18.589775986063255
-243.253752152145
-1413.1065837781175
-1944.8761132944173
2864.693152634508
1753.4396770303035
279.93777805285214
3509.9631890664396
7138.742747177273
2248.258580900382
825.5654905213822
94.47468278996672
7.66590370713555
-252.935259540705
-1669.7444862812831
-2772.6568071694455
3182.2944909543144
1891.9754907415004
304.6962378627025
-25.970912275338424
-588.0162439493234
-1302.382251166738
-1637.0070387600488
-3098.821644278339
2117.2061005636774
2544.7615794609537
318.1551038674259
32.18420468894762
-17.09823724278033
-929.1981855067049
-3074.5106364360145
-1196.3032938589402
-1667.6193742710968
556.5139176007754
213.6067189337814
0.01775776626700836
-644.7734593812559
-1252.4244672936456
-1394.2754022631593
-14.501355384605956
440.42192924678113
341.3022601734758
164.2690498277721
7.211728914172756
-87.31254457471647
-42.99427800960241
132.57513381523208
484.4562083357945
1.73589643027245
-210.65193083451845
-571.2449928308724
-319.6476154281638
82.2141443148378
2679.8927664665243
631.1730083499933
-152.7231512128473
121.34094707029725
-366.843243527744
-1091.87067132804
-2379.5340146576827
-137.19723192816042
-2.5621085146963636
-0.9691327608712293
16.816314159384465
9.42443328387398
1036.6715214047815
1251.633998901892
1915.9630312342151
82.04736077419088
-153.230459488848
-725.3376135998624
-300.9700912420775
-238.44181877178752
-20.946817681292856
-431.9607663604999
1.2630846931754323
-159.95698135872016
-5.414065439818614
367.5988245653351
598.1258155194852
-144.1563083435964
-1304.171786414735
-737.9551725499844
-299.990739602214
-127.6057582931705
-164.4655635339322
64.08327951465897
26.637823849754838
102.94222141468754
-59.20033003739608
-109.3975145499321
-179.05244755038993
-188.7629653540094
-40.70208595728136
-9.057599505711355
480.61558022404995
134.87038962073683
51.453107935765445
-658.0589844671612
-1408.1812676830373
830.4587186088506
273.1939026483614
217.9314569509924
-854.1838125726355
-1174.906527656516
-1216.1447471359002
-1.1628798174940866
2639.3768307665196
2791.8486423356426
1999.1709937783032
1690.692701228824
1124.7518040729133
505.23740264204014
340.1042648214727
60.20616061920863
-3.2407778009802923
-21.365224242565255
153.2774829104447
312.5058344299114
356.6917805311492
190.23658540638894
95.60838976236685
14.829022272824368
-9.727332591229175
-25.089127452973564
-142.9527012926763
-294.83881403487254
-409.72173388008014
-682.0783454463613
-336.80526391948797
52.35762306118043
1184.9070667851788
474.56920927153675
1138.6972705866121
2890.092459806515
488.2048249027227
1024.8415560879744
434.3236113569383
-85.61830376446616
-5.658739664084047
-474.7913052640621
-2363.279117986437
-1372.905074190591
46.386288968344815
708.1846421582413
390.7899850149588
323.09979721617077
168.56577483605608
52.73230534005811
7.240698575017842
-23.115855255794475
-78.20781045416169
-240.10183052189697
-150.02978760775707
-371.9069579692989
-456.6013518973501
-734.0851516489633
-1073.614595128343
-653.3476557830161
-38.813428735153586
-4.054944796878026
33.84973644616012
214.6269095988141
667.5715600862516
-0.37105755519200595
-1393.924145949234
-877.9777710293874
56.12607131611605
4136.556885339191
1976.1504975457565
739.7344567490973
686.1404086091626
240.18091872718648
108.8583939566938
8.940351070786324
72.69179640529872
-2.6370181482238957
-61.207696847630935
-403.57060965137055
-914.5386397209626
-397.25817350658133
0.30965695812932
-20.986393399184593
-235.9149963364618
-1552.7161193184684
-4214.032042269737
-362.8352449321112
-251.04825416824053
-1.0179876826927805
19.65930868432849
653.7678376644943
998.7041836759859
276.84029977514257
184.7436817878293
0.02563695901206746
-253.2199871306624
-2.3138853077357453
167.17075479840395
27.75938389618434
287.5545678579681
64.00644613821564
58.3836058215741
-0.0024710001087769576
96.5451096967128
313.4694656773502
1546.8878446673252
1036.1719595198488
418.79279643136135
57.9870567367473
-501.6899803319941
-839.7013878942873
22.11383844146834
-54.39729347534847
37.95226687073326
-53.8799833382235
-1231.8177140322298
-1172.3819676402823
-1500.9707234964794
-893.9311760815106
-58.06919921469262
605.9690449874357
171.78737548920935
449.1625153833872
366.3831692036631
-3.0485041778619846
-406.5743733089323
-710.493766110445
-2628.7282581536506
-104.81559673552718
5212.451189461931
3188.0283859872156
914.5546321591739
1461.9055962662928
86.84431201899082
-0.019776472782625586
-335.84872027975007
-1852.3485856186367
-2979.098853787551
-9.90276531137845
105.22712979023382
953.0651474238989
766.438297697348
1028.9748287020543
709.669986205197
200.50787729279244
159.94420191917982
-18.540920851517278
-13.08213379219288
-125.5422517820879
-707.9845300240002
-2315.0619962207184
-2838.0129652092382
-3073.9910871943403
-155.74685603434676
3746.3159976867723
2541.0157084160564
3669.6915178421496
7065.690274177174
6707.266849758266
9082.69293637929
41571.55149967834
46494.89846177065
46848.801252531965
40923.023438204385
45499.44075566137
41008.77540273995
38637.15490748139
44554.495834825895
37800.34885229702
37521.73229071832
25229.92080494089
21347.75471241167
10447.613114550468
12628.03485207984
30939.953569530142
22102.76160454211
17428.514493004724
69254.37183426137
130096.18087142926
-346971.5
191942.5847217573
239493.96523082035
186896.73618269915
342724.1977296659
-319393.21
-129102.43
-67014.98
-21090.510000000002
-79957.29000000001
-45511.17999999999
-125812.28
-95593.37
-103875.65
-25398.459999999995
-84363.02000000002
-82946.65000000001
-73863.76999999999
-63875.42
-66893.06999999999
-87112.79000000001
-140121.22000000003
-130930.09
60490.11521153752
67739.45849045222
-209927.44999999998
4183.347789401452
2507.8294867778213
2579.043818252224
2262.140309142186
2882.153762128218
1064.5409809510381
1429.418063218063
1801.2085493317975
3749.8700083423923
2762.3389555819235
1949.5559568940373
1307.2647138116997
1410.4418249562218
874.0576181487409
1228.3767345629701
49.1688533896871
247.5226267102032
105.78716640189339
167.14751971399056
244.70060660086386
-0.05706987380493114
-1513.7065973700014
-2822.1188055958814
967.1716441562739
15581.635684876153
-115435.06000000003
2079.6924451852815
1121.7610718665755
2032.290112981544
1938.7086316159928
1169.3748425529366
354.70824590788
145.9738218746238
200.05551750724229
-15.645922108149945
-122.15679047428797
-180.5363468428147
-40.65720146893277
611.422225647623
561.9059981542753
316.9322930987032
139.10435460937333
190.31669644743894
78.71068044394487
61.03575201754279
21.83147584368305
0.3411274166653385
-25.86146400431405
-65.05664357455342
-19.74770626970959
-163.72101497400084
-337.0547032552955
-380.7943166876515
-169.37319693381528
-403.1703027764612
-273.7502077060113
445.9502011790479
53.66995848202468
-1108.5320626721784
-23.448510599524184
376.9979640645572
269.64318088436556
-9.003096065588801
0.08274154367222472
-4.956468551657663
-156.47981852851328
-21.972035350442454
27.138479685038746
-0.7485377635413328
-6.152037705301583
-20.55464493628226
-9.205261814255145
-5.2568734444659375
-120.28577616990657
-73.53882924140851
-239.00435973848153
-239.42768394164622
-201.48668294539027
315.5388483888741
1083.7240572699766
340.92539583329653
22.607585380215525
-20.880259350447997
-1.701555185359103
-72.70695176202871
-149.47750609906737
-15.281469570866832
496.2864752117316
846.9731953379019
1046.3327396719149
415.1436556610473
597.8407424920063
309.9403065874427
126.32768308614574
115.83375263535845
404.9815931677423
238.39584207737033
136.1613751386425
27.38387052010677
30.378658347597064
-0.0001559178514446524
-14.63099783087474
0.01370159598404688
-115.38387947833286
-20.65562281062887
4.79688488260908
-2.2470456649164903
-4.330292382087334
-59.53299736753673
-122.97103594121963
-153.6498090271273
-157.31194522310463
-159.33245274622954
-406.8257255369356
-290.0827389784866
-456.12979694463985
-576.5422077090207
-677.8306701541743
-294.4702407625596
-580.6902040034616
-856.9669852554827
-1109.1344774122201
-1552.9746949511182
-2077.078821445466
-2220.3996315778577
-2915.470465971465
-2896.4974969064433
-2280.495554663712
-1893.7613080280826
-581.5686047760397
-561.9553351521357
-232.4199972395682
71.65606619094913
514.2918932837787
1849.3132800061762
349.84444968865574
220.0861276875597
17.94965203028214
143.19304782964997
204.77597339235854
1341.35527128495
231.88246455067699
-57.449235793779756
-248.18558887252004
-58.7787193604321
347.68578621201334
133.5546646276921
165.63659731094447
78.97798019768203
5.938730175791846
2.9809591185139177
-759.7623592403331
249.201941016123
2181.8755850148254
1089.8982355793607
4.501284845743094
-472.2235299068741
6.324946806307061
1011.9405341790459
1332.829759633586
328.7386761018166
24.183736494281096
-60.751672188412705
777.9643434145542
1058.8883604544712
835.3442795913603
572.7579109587448
297.0013158160971
209.3938756027612
191.29981647375897
2718.528559736087
1771.9506571264278
909.6176947063437
404.02560968545333
88.30378604450537
4.151214997013415
-19.039534642062243
-283.8091572936499
-672.4865948489748
-1233.3706186999466
-576.9320754126325
-3887.789478972737
-2403.96688810406
-3848.905673752919
-910.6269556901215
-244.09448252682392
-124.64251877978593
-779.4604013662525
-4.42205920820253
-85.5153616063627
520.118972314598
-1.2762740540091366
-27.277968458081233
94.97314815403669
777.7384886897048
217.4855649236696
-35.0901298234175
-266.20956962117293
-1494.0220424173444
-2297.283497609659
97.73420599515845
3029.9864407318382
4652.506073642599
4422.023943197634
2646.541105799939
3613.538239096498
2874.760850898566
2014.5291135952625
837.9971150779305
311.3723130932066
501.76430862351765
652.3338313618993
1126.8677290746753
649.9838362364637
545.6333980612724
430.93768360964185
163.48187896224906
234.7310354572594
193.9873690717086
5.176402627625864
8.00661817281092
-428.63064169688363
-1171.1034842251352
-961.03890659867
-512.2082803330018
-179.8576471220889
-259.4325127477546
-484.1801686990542
-1671.2655788427235
-4059.661415869972
-1137.4227491885144
18.346428378912425
147.3869612693921
237.39668920792477
2.401660954750276
5.136339536227859
19.688083718896866
33.613217869247045
73.92967179406875
43.644923999694626
52.43284946792328
63.06667871192613
40.61317825758832
20.757289623889715
3.7231999735594563
16.468390679534583
-1.816656468410255
25.77336209132283
-25.132840385294408
-2.634459703081852
-2.513998894672539
-8.801757036085297
-30.896914229167805
6.202638096843188
-3.045519135931743
50.95253665904814
11.996201940242148
12.621318519261482
10.619385428351478
-42.264814192471974
-4.3080019625077774
-52.8646484214185
-0.7379110332596998
-184.6597701120274
-152.3948382282777
-128.196886446127
-404.92319316845317
-112.64820611249462
-232.60656207834882
-401.09101800481733
-347.5764947623217
-451.01972657923267
-658.6258267716537
-435.6851657205061
-582.5553196426764
-636.735599484255
-1058.983320385286
-1196.2479614358488
-1508.7472411157182
-2027.2837135576615
-1570.7802936578655
-954.1860734504646
113.74843429185104
7414.8326096040855
4809.539839537071
1434.007727656001
304.2148919197996
100.0522593471575
-34.762070165772215
-103.05459292032738
-142.18953254790893
-557.9897273544811
-1498.1036717265067
-1609.987223463822
35.15874392873329
651.1402628369457
70.1676087609674
-75.41823590287187
-37.29914131793235
411.3152513918993
-79.91969234834455
19.86580817280303
1378.7049898452933
712.4532137389145
2945.0432164657086
3133.71990410108
2259.4070715055
1309.6501152034587
788.8640413345347
964.2417821037021
676.6937023133739
620.3865339132071
422.8431062420765
562.0530539289389
718.0570043353403
642.7030344347231
671.7661262996166
964.529157943465
701.1765680340451
429.6769458096178
355.78563978164266
276.2551399028369
238.4037168041699
216.92767085872111
13.757360156465827
-39.96370741920676
-203.13668107039098
-89.50928046411482
-147.55146226181887
-810.0007842057144
-800.5892930311148
-1144.8564589478447
-1515.1348736248383
-2265.487422472657
-2518.757562607121
-3479.068276379503
-3234.768277594802
-3865.523339957514
-9548.404387085791
-4028.7732260691073
1599.9106303442902
4060.0032963586937
3011.318117998754
2266.0759995485714
1296.142293622273
1015.0225461033411
695.6251755347735
381.26158289772593
161.2636136679208
21.895508125259497
-3.388841711266616
-221.5773134774557
-969.1150430449219
-490.9448699522938
-217.4534642520134
-223.15510909622057
-251.72956190557557
-526.6905737699781
-964.4712993242287
-1063.2833140619873
-2074.1694818114966
-1945.2380437554327
-443.34798923791084
-195.02184558004257
-23.38634408073824
-7.955543527347145
-33.962970236470596
-30.82939428271104
-194.6744728438898
-15.020115591511173
612.0492945674528
-19.47990668009654
-9.261892340576525
-29.292232130163974
-12.251585773073034
1.6960114915265745
59.090681763500974
1064.4416868129008
2268.458608260551
2305.7949054093046
2416.693360894635
1920.964799907339
1609.668194688471
1385.7466004874839
854.7356509880456
1134.1851858531877
166.79428447298287
69.13827858667578
244.72541794047297
-20.474953201388026
83.80427856414704
20.503294658255875
106.26628082069234
35.59539495166847
-1.2033958316248916
-0.11709221205634482
22.864286513122554
-27.962919804106683
-0.003994996576995082
-10.172004876485957
-27.539157250070776
-26.753295947932564
-24.81937297842719
-53.269021111012364
-60.635797923616465
-1.4984026471218788
-68.77340675936159
-3.796741669777078
-106.37902162929655
-40.295209909072405
-63.57092122593955
-61.4948229709646
-32.587496477972515
0.07286088857239942
-89.40760700929118
-1.636611846611974
7.648887931722015
-5.130079820111995
-14.804429142889003
11.878066360188948
6.746882194193297
8.412620679086668
28.12529856079746
6.41467482377304
181.54858091209593
8.377696934041804
13.399850855640432
75.06342494897305
27.994709337380044
200.2495059064475
46.76266031751431
53.30004843294589
63.12796784497999
125.17606345166865
32.71581576131408
110.8221443745489
90.67168408437813
66.71714884160478
159.41541832277238
22.882919399667287
52.62788664387333
-11.190244752797401
0.01724109197499716
-252.8567226784163
-685.1618040444321
-754.1404254464372
-998.8555024012663
-1352.2242262744246
-1412.028123081038
-1605.2778346871467
-1849.0151793508053
-2094.1195413723954
-2440.2650268265834
-1833.6057562275796
-2469.5172856689956
-2461.5721002167056
-2257.8058246305104
-0.8917113534042617
552.6295003128961
5872.235136077261
6407.074487751623
6964.098663844471
3075.6161543384565
1505.1436374055377
342.7126545801101
53.74637589174667
-19.206344667635292
-33.649608537635146
90.97198426775398
94.3148826813295
1.8476376162259798
-58.86327455623545
-153.97531350336646
-94.30773328719702
-355.2524496014553
-465.0763312533651
-1040.1050942197912
-1315.3307616030272
-1855.2923238453873
-2026.8555564040175
-3486.5411313666164
-5567.889822339417
-7628.32791825381
-5307.370361183453
573.8755854963204
6252.366425820502
2851.083569357816
1323.357832654069
1669.3093037208455
1107.9057792470426
576.5289478001387
123.98783337605154
-2.5476732591797773
1.2323162304134367
-269.8423157428271
-215.8316109649694
-255.19011797146996
-1346.6066641123916
-4053.708025813025
-3644.7659204266047
-880.2123346267678
-236.78065637253584
81.2717985624189
240.3118917115492
3115.0017979064796
1698.834979651852
890.6419003112444
158.81127054164074
3.9006802517198413
-8.560286315355835
-93.97579094556394
-49.98496625101988
-834.5905543410199
70.71610721078616
-61.5715724555593
-48.41715071704807
35.60024237197422
620.7996384368145
253.8848523848178
-81.01002591768159
-433.3448225906794
1209.6791239504255
362.92538438518085
312.4165928068238
224.63952662857588
1258.6198228338037
792.6746322152568
328.7682673833278
128.05483260360114
23.26572023947514
-489.3599772262178
-255.72018377556554
34.76722013608704
-0.1670174032134554
-94.62335736601344
-429.060446287372
-280.88768407807294
-1326.4174326534906
-1238.3987056482147
-1022.3046734830707
-1467.8648914695755
747.3913122513152
2972.7572155895177
1451.6312199806662
206.8168291256122
-32.81478731627424
-408.97289955377363
-454.75260992736355
-436.1591542970769
-1005.2609308428945
-277.1657998440613
-91.9725018967497
-338.3854500812258
-34.93942354850843
-6.247707597735182
-13.732211700921951
-4.953223485690016
1881.2709246413715
1188.139914137488
419.711596236078
123.27542156391112
-30.386472926900225
-230.61437257179747
-1021.9507783436015
-1926.288751855787
-124.49870870653
262.5424392955299
69.84801531358971
22.89004719272601
-25.593460587900957
-174.4556931197935
-624.8449745360662
-363.40289705375017
747.7238179266513
562.1680132547242
-71.8520763788331
106.6870055247945
2271.7915516773296
640.2067581469366
32.53140438956656
-82.78716001478887
1710.2466217214167
169.54973910118431
-553.3281825355069
-630.6173397260873
-76.93008301619935
2237.5352926972146
1219.960794209312
241.82549849529136
108.78755701775472
-2.0876251837045743
-104.57946384064653
-278.3067777068163
-149.346974600911
644.778926435421
14.706956221068321
-195.487730081478
-1509.9780326201608
-988.6478258929212
-70.0322872136132
-0.0007977971117942503
-8.795021551334246
-6.575356214441453
292.12049717946877
-135.17400492134652
-869.1987644936671
-2569.5409964949595
-2090.909174197811
-364.6860786106742
134.60505286317013
5641.104142569611
5714.06465419895
3226.609075709471
1564.6973880752257
1401.4942705099058
500.6899683928461
95.12469952777393
-47.085180163855014
9.230868436080431
-3.560049559792275
-93.74888208738241
-458.0120207164133
-1077.5518223118124
-1844.88173906719
-4245.59345880636
-443.69611100859584
-503.886594977049
-61.18190398769296
-432.17510180176873
-787.7756360287145
-2129.902769266134
-22.908298641531182
57.5130059329139
317.6039893648514
5.78325744774647
-192.7157729827704
-228.6829924949879
-554.4788464320662
-43.5754990165549
-2.899942892972484
498.98897807524725
889.9614862196395
1066.0626552394117
3938.7763206530735
2933.1930501265983
804.3610478564893
-45.17686366606564
-982.5710737506531
-1499.7528440079789
0.3230034394126704
-2.73493419658212
-429.8618050863141
-669.0103192609055
2585.9707251473737
1339.9728642949146
720.7961010907293
573.3507910231217
249.60643675494518
20.447357693758693
-10.163860736803581
-463.79846371868905
-1470.9829699981724
-3816.5790631583454
-658.5358947640029
-1321.968157591627
-1102.1573483792308
21.177803002594175
-49.10529650575173
296.5925108849243
152.38401118628184
301.83864096954176
182.7555708212683
-1308.7791081724924
-141.11594517005977
-742.8556443545418
-225.5750321487535
-55.53292148616475
-1266.9136679767048
-2356.4983594531222
-157.62457311897128
-99.20705696110448
-266.4370037058371
-144.48596465821294
3184.6751694000645
4683.0191703736755
5080.452702412836
3130.055543149939
2163.8409103779354
1847.4665489347055
1464.1808670125413
1089.4220754965077
631.4767528510109
427.44139365307956
390.17703094632947
158.55309532282905
231.28509448801452
716.2630070127412
90.69042566560196
-69.29235125606532
-456.8745926627704
1609.3375499941558
3424.760640288083
1493.4664153383658
741.5541612387556
514.3169721160169
198.60727296266032
111.3463748855923
38.67589980526
-0.6062198300682645
-9.667370464443566
-190.65052848681685
-280.61783871157195
-300.13960917894474
-618.5830257040708
-1207.1593731466805
-2355.4020706148285
-2647.7608288914703
-3956.9839754229324
-7520.39911433218
-648.1595173806699
-168.0497864168173
-7.417059729292476
-6.774830298438393
-243.6310587001269
-288.8032579110645
-333.5673859151004
-662.9809377119971
-2024.0082568556463
-542.3892621737177
298.45477119783936
227.0043957177354
22.762124552709913
12.553783262379593
-32.120558634436506
-170.61145493440964
-320.2293858543867
-656.7871789023563
-1661.1519227294427
-3273.4144492143887
-722.372203950574
695.5555871965394
560.1498100043483
2171.85739829282
1211.5157792263756
121.4243830194172
-363.8863575717385
-1308.250085350449
-1874.2052045822495
-10.78480103307637
114.07466314137933
702.042253278628
5812.45129454189
5002.315707858217
2093.96929646661
1230.247900603454
540.9357874893269
169.59741046391918
7.068071970365252
-179.20368083628267
-571.4610682898937
-789.2020432057755
-2114.3065118458226
39.461024862520404
7.194411756452138
-151.29609785683488
2003.341190998969
600.2797870954295
18.633546820832642
-6.785012903739459
-19.97248850963351
-1.7371785169318106
460.03269136818915
40.39832796767273
0.09575800965180649
1375.772650898892
2620.796954095733
1902.7461226045025
1534.6203004131062
1218.4341359759796
981.4716716073551
1163.6521182200759
290.88442737156834
279.6090414636569
121.76252792204193
107.59060127290233
23.890515436485167
14.32674326396716
-1.7636186625235157
-103.25475012888937
-113.32068490850145
-238.3909256454941
-577.6776627989066
-288.24530380025635
-1139.1355090772227
-1150.0010156582696
-1147.3858472040952
-1619.6782734588355
-1678.88526044502
-1488.8004982041473
-3323.4119353676365
-2215.0928187377012
-1387.0579640995215
-146.6779326206726
-473.74465348213386
-0.37100777466074947
686.8506502937172
8.779948006106736
-358.65455397293675
108.94060819694317
629.8570315035121
418.5532443825532
292.9658306786132
861.5915098051719
353.3122023105919
268.0258281886545
764.2633669821582
97.4330013985623
83.0242840175743
327.6979243926875
244.1432942787742
54.0816152953835
529.5680454784729
133.65917498623858
-166.71235243840817
-53.91119547741676
-581.6936049020173
-2369.186600812959
-1224.017427529374
-1318.8993456769163
799.1160919302774
834.879378877425
-77.60545603466375
-185.22356880155178
1664.11360066944
2096.4153180700423
1292.4139952412916
641.9981845344042
134.21412763867522
258.51059187352155
12.329593630581586
-0.24551490867963538
-33.97728005886634
-54.02461683296639
-19.3594902401286
-179.44176622406374
-650.5798313712116
-924.392594472173
-1828.7488111794619
-2735.2356922867866
-4279.755679479502
175.3472349646639
1232.9856638141368
221.81345334201953
569.95714335414
-116.01545852877288
-903.6884086924864
-3174.9390198865904
-267.2992217096676
162.42659019589908
-201.66143131256442
-1434.5868883761264
231.83428545207485
66.57120812096457
-209.0929200288297
80.85433966267274
104.11170939998058
-271.2025987675222
4384.649888770545
1608.12672019749
831.3360144013454
93.90746122472822
-24.104252139190717
-222.14296698647587
1694.8028524240897
9984.374871182272
4024.7967019059524
2116.99809238604
1594.096564859601
773.8839745987711
373.1176236249097
0.28567863678982086
-11.500100777147594
-222.804801566075
-654.9603358164094
-1315.0215221097249
-795.550085588676
-52.55391175309602
-275.98926136248116
-784.4911271030422
-1877.518309925923
-4050.444910083482
-1821.621778230536
-2167.52701062897
-3494.9411606528556
-625.5040320240071
1783.4808613051816
1059.6683671694545
628.873618393842
24.917530177107583
-236.39117295155046
-629.3824235562183
2080.227695285218
3689.6485024802205
1175.3354745657227
442.2024722586622
110.33804345406111
0.4434352391199502
-339.6365542325167
-1084.6703256462893
-2175.7495540190757
-5113.205130173312
-525.127913424669
1521.9356027940075
65.42551169715746
-230.94068324251091
-1747.2363221523904
-1526.1203035735023
-530.0577648686724
-1112.617564428112
646.1424611206551
469.6806865223095
-237.41322789846234
-2209.922130528633
-2300.641391233185
-1145.4846510226866
-699.6595085971619
-393.025552157438
744.1393435213523
453.93166934934925
496.24434079437435
710.0717421999307
2583.5247244435072
4770.253847412234
1871.5020115560892
341.2905766711424
-15.355608217366678
-389.2954371878698
-2442.505508888692
-2724.8302489820985
-5.732941657398737
626.8033768564796
65.48327400050309
10.335428555048061
2006.2666284528718
3524.944051338952
2158.2454727412933
1053.8536864537332
1748.630327791399
1317.4328004645783
724.8899899704388
291.1268480195839
26.537005461880838
-29.11768395669901
-541.3973336403667
-1278.540395681242
-637.1891052016692
4.662839429960066
9.967448213125895
-10.111631475244588
-190.91277012680314
-805.4798566441884
-1753.585774438273
235.71540166048953
258.1958759080016
-76.85219031663641
26.537451354059794
1269.9233717202308
351.37722838899697
249.77714769544863
74.07557491755666
1213.53331456831
3963.7215599694828
2814.0545291354993
2289.7178234183702
2093.611440797237
1558.4470854816466
1734.4705341241533
537.6644291391858
716.4634461961331
551.9871517846417
399.08613950278294
260.80051438928024
201.42775139380473
66.21519542864353
6.397389578862083
5.671059943452605
-28.88997066990781
-57.054209995934386
-234.4539680219244
-422.228203330939
-722.3595601597219
-707.1808615641182
-487.66795105730057
-740.0145873609679
-828.6698111157466
-862.7684957847008
-1251.0228938958958
-2467.421873685962
-4226.488772636305
-6706.812251463937
-6390.953623836018
-1432.6700714469598
-360.80425706670934
73.00934807425428
511.1766625458789
280.0255717557521
-0.047685311505232655
-160.7566451044022
-538.2889013077428
-10.186458455609216
131.84037824969002
-1503.8516946131183
29.730453382336506
501.3183358038485
484.9332505433151
446.61830406650887
928.1742500320037
1799.1572935776321
2784.8959408748483
1749.1643071150581
1109.424260071671
428.3739208868661
162.49882287694948
14.82929653671587
190.87599271769642
205.85105062140354
-3.006639197104759
-56.55127673955218
31.930969488408188
440.11472488436664
19.53859762071354
2291.40477041326
3938.0207354214435
12263.725299289681
19568.65479996387
17027.498055429394
11155.488919237247
10338.922321512324
6279.841222939155
8754.718331801007
5679.144179665087
10203.746942885131
5047.987980410547
5927.792847260557
8168.837453131091
8218.463170555518
3959.349003035135
3044.8684106939872
5432.99546517437
3912.9794908162494
2538.197855994554
8534.659287972698
15219.145155052913
13376.726256254235
18173.443890478324
37903.21829561446
0
52935.12004729717
58317.427721712884
105859.2700928487
93078.93964706591
140142.1950921468
588368.2125806893
1802857.7159260858
-322229.76
-99812.75
-231186.88
-35455.4
-259814.48000000004
-834602.3200000002
-658538.98
-611070.1799999999
-529983.37
