20507.38
3786.129749817528
2154.1834526735
2058.973270126132
7945.09884988464
4361.449668652141
2997.0671793752445
975.2814427794256
2708.2848347182044
9556.443089111785
5941.857346796012
15290.354970888151
40495.91990830991
61629.119829101655
178565.594742294
-3608.29
-212811.46
-181329.76
2798.725562086915
1265.831128697911
951.5916218247935
177.4521775362255
293.08592325719553
624.7953490652717
130.65116616067235
-641.1298440632444
-1272.5497621111447
-4010.932083886011
-6215.72119845306
-3249.9339815791886
-152.3631639784439
3121.6618456220936
235.42069009882044
163.2277798460705
-0.3398255693286847
-850.3223559807377
-243.17306877596684
-1578.5935098646632
-993.700583221054
-287.6107619326257
-269.61299756864076
-16.2256903038747
2665.823644475223
5697.944128695899
3809.81753253079
3595.261491574598
4609.35379129497
3795.9746881652036
1985.8606534217095
1318.5012971106119
1289.359027019962
1220.5848279211466
470.2118564417955
534.284858719386
517.815348903684
5.960432642712418
-39.364500695820496
-25.59461775735146
-228.16085670786126
-1164.4295065293077
-1179.5487224517392
-1348.3248543188793
-14.051825565614502
-381.87812178942875
167.13990375712189
-16.537264980885396
1675.0492375196425
3231.9053612078287
6755.464402299401
17755.73339058918
8698.063971141159
21245.230279577903
23243.71318922352
12514.47125694446
12429.480480693588
10235.966354257767
17282.903809236646
8192.81183462106
10721.49989798668
13214.68459917045
32323.807132538892
20874.074827582113
17682.223110856474
27043.410194340817
189890.90863527256
118568.57960915579
280454.88224949304
262120.0803423202
308352.9992100615
283838.06211328093
468526.44114001264
-224587.62999999998
-91282.42000000001
-27556.780000000002
-76259.24
-16007.73
-10430.2
-15057.639999999998
-23201.359999999997
-117233.85000000002
-76330.09000000001
-75911.59999999999
-54651.1
-47912.430000000015
-107894.46
-174742.82
-249624.04000000007
225513.22234003912
420299.75423562014
-600909.3
258563.9523263942
-29103.809999999994
-22648.62
-22131.289999999997
-15545.0
-27483.129999999997
-15169.65
-29765.46
-67289.25
-51415.89
-71345.64000000001
-381982.57
-344369.89999999997
-163913.99
-104784.2
-193207.58000000002
-64540.08
-45993.96000000001
0
0
0
0
0
0
0
0
0
-5990.239999999999
-74638.84
36417.80051962418
30269.633205623297
43787.21102325019
61717.972900700996
43651.90151483055
49063.058956430854
64517.93135716013
62985.57416713868
79125.15233382757
74188.81567642886
81855.71392865501
85270.91375021875
88098.3940708414
105446.13021200054
133359.00776681406
148262.38495649444
169230.48515255132
237380.89724839595
376860.90703985986
-615436.59
-472498.52
152122.31776754977
136451.17823319242
137547.5622664602
200409.74909375346
255771.34522886274
350400.26865033095
-813040.13
-598441.64
-623256.16
177102.16748618986
-846119.0700000001
488.870918907722
4846.653481203077
3543.0793947262755
1300.295331304397
623.553156557631
452.90884162529187
24.81226739843045
4.3239204440499295
-71.21569177593801
66.56950416293057
145.23419081633241
-13.79136308159464
-96.22492578400532
-290.15682122481456
-363.01832770778304
-185.530157830961
-280.373258135446
-250.54700116833993
-167.74335359154244
-86.20124155104271
-189.06329159628893
-893.2199699843463
-1828.5986947710712
-3667.8993516011997
-2290.7459764703767
-129.9225959482007
-202.00043919183912
0.7869275729661003
-790.0157999507351
-2987.0430289266938
5069.153704182974
3918.450194270034
2034.8977586852084
461.2898912411563
1119.3776441262005
1081.9966329643466
4010.8601529327125
11954.46567022565
7841.565395133378
8602.727116223756
12874.611471344915
14918.931897496088
12949.940245412728
9352.360282024278
14990.01858238368
11135.623559651733
11616.515047703679
11556.65090149481
11767.987567765587
3805.2429682903253
2968.843437987667
8295.1664164781
5226.451947948114
5277.434979053932
6568.278683940627
5878.818280571425
27096.4515121546
47652.37318291716
55159.98214183464
78781.07621480078
86429.65640727524
74258.49711917056
72561.58501064927
95777.54805321831
130554.11363940733
153078.88486887777
126027.86912256395
138436.65561508463
112101.31194347821
167433.4201004291
166653.1224830807
233512.56004458404
-135353.24000000002
-39423.770000000004
-831191.9500000002
372043.92618620116
-685438.02
-734681.75
-365507.49000000005
-421973.23
8177.866725751154
2672.282282018232
1138.715937354933
-16.11134980574941
-1345.7918866531982
423.19456822977537
1495.434528619095
1039.2159498488243
5118.910345669461
1186.116773906855
1248.7802854938582
334.5896438967469
323.39177306316685
125.81756890082245
207.44696734189384
2592.5762882249455
490.47415147955076
94.75051496892789
661.9799743673042
3286.4584761710485
924.1998815904267
1937.1262990399396
2099.410427796927
1017.0479063189082
1036.2012575864417
1193.8921339098897
1459.9556859027457
10643.993721841294
9902.76582630936
11745.792016709227
92846.24129412018
146593.67668445915
159983.27833377913
217812.61924213273
551131.8013995793
684420.9504389667
-733820.5199999999
-732919.64
-176699.78999999998
-146680.33000000002
-355107.86
2584.361802788221
161.9582024965833
703.5459790526336
562.8570925244303
217.26364909342928
999.6766073666283
212.90621760183402
-177.9292725623793
-1005.5908534412815
-155.7284591758599
-49.474640054733904
-256.0998608079148
2753.102366744881
1574.3210658093183
2116.2964306282
1435.0997992608657
-126.47872499906896
-984.80861665012
-95.30993437452459
64.47699740924749
-735.4066703518404
-1227.0868687350971
-713.3114927813594
-408.2821602366421
-2126.982499697618
-1429.3911243142836
1255.853056798584
277.0056835094391
249.2726360757823
347.35585788896213
295.28424458129433
2094.1253170132586
2556.1714357657515
297.2734283904291
396.2405487229539
316.98103452595876
7349.218227009022
3811.514775010256
1699.3384399526842
290.4639187331933
916.0093657534832
1307.2112489404974
4663.348429415579
11413.707046266289
15368.801413272931
21483.313291662984
39268.32265892974
82950.87573231461
321871.0516815073
-486786.42
-30272.61
0
-357.45
-2183.29
0
-221.0
-246.96
-2169.79
-2446.58
-2623.96
-2090.51
0
-3596.6799999999994
-52839.969999999994
-8171.01
-2751.8199999999997
-11693.14
-12096.96
-9899.36
-13494.51
-42911.65
-19309.46
-28324.81
-14021.849999999999
-25550.449999999997
-20009.05
-13981.0
0
0
-376.01
0
0
0
0
0
0
0
0
0
0
0
0
0
0
0
0
0
0
0
0
0
0
0
0
0
0
0
0
0
0
0
0
0
0
15703.670000000002
13426.767129956785
7870.3488443986835
4989.764958903172
2116.178821170235
2863.468933481472
7125.4120163134485
5208.185723341008
-3897.6326750594453
-4286.7049288750995
-8402.309431488166
-1290.7995328809832
-369.3053936148241
-18.123511689240626
-1245.162777789257
-59.83673785511966
604.3648013155241
486.50219081042565
-7.398945299596733
-1435.0616046686132
-215.50390559317748
-183.3593721580024
1297.566112666298
463.5192640627347
497.068665210358
27.975487240948347
791.9198714923349
70.27500605962673
230.98718170212203
245.88259528259408
843.1035419678949
235.8512615951131
-454.64357747015737
-1186.6377971693873
365.7078691536569
233.1095834759468
3397.0523901807064
126.67693186506514
18.901333947912164
-426.9323284120982
-589.594790272396
-276.2326256692985
1183.8043849920691
1150.2838348108958
531.2407017994956
-1784.9824489912462
-20.30798067333619
-132.835159575114
372.6401727244396
1591.6543948114604
2277.5634524504258
8036.265835409693
22837.960201758797
64358.23571321026
-206.58
-11192.98
0
-122261.51000000001
4669.981226327288
2576.1284255096202
1434.2825005403615
632.0582826105538
203.68850163406069
8.742895728815192
186.76223010418644
-27.182060770127087
-230.78029383859914
-855.6856986803045
-977.4662945267423
-6.683392744112551
-947.7746934355482
-191.08561083053596
-370.8063724534379
-1969.3851987073242
-5373.5941666849685
-7875.5166988036035
-3161.30005191546
0.8469056125530708
-3.8770908337991568
34.995438571577125
896.4700620434471
-35.74941246159715
160.13789550357887
394.5779993203704
28.67305954314318
139.9253503577657
-94.61165795961274
50.699315963421256
27.928655296480784
-53.98254722363525
144.90878339154358
589.9070191458804
0.12331192099265824
-2.350607997300564
-52.165428267466865
7.7051675788188145
-69.80716465232751
-42.37001235004644
-921.9735327752569
-460.3229919101825
-58.66118188390128
145.06145990708947
991.3193881418194
1459.4757853958745
3.7859560844868447
-549.2669019252471
-0.005931941967956064
-242.50821847914517
-1080.4319648882663
1021.8694557182363
319.2644856911535
-14.857149526421761
-24.14970160716007
-1.7860519234625722
-7.334784508411252
1570.4785915834955
175.07788481872063
201.0848886578526
-8.251187300679405
-53.025712219244454
644.9001319617081
584.412713435577
10.141787998778398
-918.1368146241025
-1740.1779738196358
0.010683850928673893
43.07690603008262
-20.385011154881376
-327.8344683489028
-208.05948018046206
-243.42779375369574
4.418772007556716
-224.41036268740206
-0.012087271393822397
-164.7621897160255
-965.262714569453
0.04402390567938472
258.3806308708115
34.89798916903878
458.0517898880644
4281.417361685009
2307.377450468076
227.74388724703698
298.20713876333855
1280.9251571114044
428.4813099317787
874.69849875312
3359.293287281419
2988.7721015657735
5176.43812005803
3748.067795537914
4879.518482097388
5361.110789965442
6122.672244007613
13972.674545503385
19899.995566890233
53263.97975587849
112007.71809216408
199131.01149288105
176295.2109110542
206788.13099746907
208472.4667637237
250955.2247015263
272841.07903173746
282000.8835887675
315318.4198071976
386694.6637010448
892793.6273176328
-400053.18
-5168.07
-20328.11
-358354.16000000003
441445.6772370144
-426814.08999999997
-250925.68000000002
-375514.14999999997
-208614.29
-187472.46
-116620.10999999999
-115064.59000000001
-108575.04000000001
-508490.55
-329991.7
-1211.67
-1363.1100000000001
-219846.08
-254416.25
0
0
0
-1308.42
0
0
0
-403.75
-19291.58
-195868.05
-162226.49000000002
4119.424599175936
1295.1108348223972
-153.56321293572577
368.0211855958903
156.1723902414928
148.48414472829342
5.432066092710583
83.53143567545338
-37.416739418968376
-10.90324690823117
-54.164818170979736
-26.308936744569554
-288.8835896425628
-638.5092017137844
-503.8978869886418
-591.6717101047302
-2052.8295491947556
-6716.7922479669705
-998.0612929930421
-256.0747448860236
0.01143910331021365
559.8902404226742
-10.662663246813786
410.4120374384391
5559.333363367622
1319.458764134289
78.58149871570745
28.75444647035543
92.08679910441832
-3.0162946186737862
-308.76145206995045
-94.85213765322428
1774.0470604034967
954.5747771306878
194.84599944569993
1.260857316739289
340.89748621393886
154.57132587804938
-234.76731843755735
-1176.825360458424
-713.7481488463741
263.6335493957699
202.8142812199186
-528.8614466312724
2.166604983145739
-131.51047191665907
-795.1858004156409
-228.06894247780295
-134.53917262225306
499.77846914123654
47.40336584321171
173.22873921822503
242.06444282697356
1357.9041347839009
4065.110647712475
2196.349343212031
1930.7733468048896
1486.2860030697284
345.9862261420975
212.73928221244896
2299.872827053567
897.8167994379166
479.1735783943085
86.03419554694074
128.63300102243102
12.71102221847501
26.561529944085414
997.993328076161
2062.212364613097
811.7228048767861
808.9201326650639
0.3342648980621865
-88.42165914333253
0.025815006262498205
8.846266479902031
51.40075006831924
423.55674517016956
1082.4743233932966
97.64131211408986
890.3826192405652
-58.45073792584449
-153.86603735188672
-942.2579732288291
2508.897147756017
3627.694049759323
971.1495704023066
1901.6983503448894
1135.6496585453185
3553.4430566726883
1645.814095204452
901.0207980078329
320.23699694185467
2331.455173586111
1.5773935682706288
1010.9324119241446
2345.344554421613
3145.688037943381
2298.278501449844
4541.01945516348
7766.7814394270235
7691.481288198362
16482.676491556304
70658.51186669206
75088.84816896521
171385.17426528948
230173.05239195266
242182.82592958258
244610.29472662281
-285759.32
-227090.49000000002
406918.0737151382
-504586.15
260883.6053909963
-506605.33999999997
-68846.51
-57874.240000000005
0
0
-394570.59
30571.726033787636
38810.13945069692
-99977.31
-79559.37000000001
3179.0589375246154
2348.004079116479
1995.7336356783696
1109.5341684107323
283.80984365353464
618.4951649719785
797.0903729596365
1328.7536546227493
974.9310971570178
690.7186973422063
1882.009289615642
891.8147234600345
22.40024002145988
-0.28352356892971886
222.59143765616773
145.98947773185458
-12.912872035943735
-410.41440626801034
-752.4103671171559
297.1912593888826
562.1380428247293
218.4575665174265
167.87024186083886
0.00014939228613612145
-57.109450125738405
-561.562928020301
-418.7582022435726
-171.21254523843984
-1.674029036473018
-10.503666996076817
-786.7292504778616
-547.7783228765561
-135.32908533168495
0.3296844730729558
0.238020835204548
-56.76749166976915
691.1356951780016
1694.1728074758753
930.5440118291675
280.38798017334756
722.8460196686797
190.49309047605877
93.7627976164061
1164.7486433716203
646.4153011696703
37.93270634999285
483.26109435868307
432.0727031080871
70.52768266195157
602.4097364794734
-34.17930392718435
-65.01985648877081
123.4369875255147
1005.3082696382683
922.3704623194222
313.88715204856766
633.8402609740185
137.151678140137
134.66567226156997
192.6006214911628
-22.02490179917869
1116.9051518523524
8392.220984319229
7604.739810279658
3774.219369424456
5036.43983547977
7994.202730401629
13325.861551092117
22058.31755722842
18281.68651760357
18652.363818567603
33065.333459759655
60700.26362691294
-464114.4199999999
-26.201412482956357
-500.15150110118077
-994.2271319464295
-1258.970292398162
-56.71105831120164
-109.9859179374422
-130.91636789473978
-189.754287411082
-81.91039566511196
106.50938643248865
271.0680300268565
190.56212167866838
377.4146168416827
456.80253172399955
10.247164469982552
-33.10785179156352
20.22186053634332
447.0113498185876
1698.0523631429937
315.25717334837395
-12.05670200109668
-653.9416897310502
-3204.2289201422177
-2079.4118819019986
449.53739360818986
-114.02455272344602
49.64804869370239
-168.67381544055218
-1387.6807726900947
0.37799088031012784
-30.590836824148187
-975.7625030638495
-0.7723550163991957
1189.230961471264
-19.09534741354878
-469.6947941964321
-22.72893195186476
-59.83793686021265
-274.1509138679047
12.402000986675526
195.30216501298088
-19.34972663909616
361.7645828386228
36.222478537639134
58.54613972037909
193.86720506851265
-116.54205316455432
-125.3621834918844
1121.1913026425225
-38.45625293261865
-853.5170238843422
-106.9850414676093
-1196.0611352082742
746.1730812564622
332.13222142071726
2.829276823589538
10.039767291261379
550.3397835503428
344.1946250460819
206.51356282348215
4309.7831081183485
7610.396278805307
2933.304412638508
5272.813103201082
4348.373563142079
4500.864242485706
3488.852382218244
4837.763717682363
1061.0061422335204
1685.9595157064302
292.17081217218396
344.8065504600887
2143.911124628172
4592.442887702135
1513.5149026539705
2536.2640040709994
1789.85184912516
4167.386035981328
24106.295243850447
21851.03635818681
20073.546392879805
17011.084940599772
93621.86286348617
194119.82500680565
215713.68091646588
308514.66417633137
353515.30318354804
-358324.18
-356923.10000000003
-117787.92000000001
-237320.75999999998
-98431.45999999999
-128676.29000000001
254061.0053250535
105213.42834264076
-442165.08999999997
-110575.31
18658.669442493294
22290.75175625656
29573.03879047602
24784.06009889257
27758.373992450794
29002.031482405735
104410.36343991017
-422063.36
836.285704536346
-730.7065049798582
-218.21418214211263
-839.7937113051319
-624.0385583213535
-1872.7857125344854
-3039.3653702882243
-3174.0264563993364
-754.628126722286
725.4706062951556
892.7732471701818
322.7325929691985
697.6267634484539
152.99706265242014
-18.852242465717
-256.5638300025929
-305.3854017864138
123.56269264156113
-51.69391577683173
124.95127930379842
-0.1799486701054263
-169.18655137492732
-1007.052507381135
154.09188601126425
194.33653249081001
-152.84266821236207
859.3713054723058
48.066380605810224
-1629.7188595158696
-94.95777076610106
-0.0030215781181422152
-31.26883541786078
35.94981448323113
3973.730959287042
3435.222172507377
4377.20806662078
1913.6423668058655
1154.8556814355447
1112.063346811781
253.10206961037227
443.817962779912
56.71273769837224
-7.537168441321298
-111.00811532109358
93.65239768111951
90.87579387336007
106.62475705724
189.04825152031736
260.3581859647455
487.8265233058704
930.1516037311407
170.17453108113298
-38.71163941503372
194.78653897419258
-105.62202746143123
-18.949165958563317
-253.1075722671186
-840.9879847323286
-1263.3193781127525
-2862.5189752887627
-2895.3776407441806
-3318.6717325248765
-5538.66083376648
-655.6083683069219
-156.0411875364743
91.11504684250275
2397.6131340052107
801.9766658300571
96.44230169737244
-0.5169044206218174
-3.781095467325205
-57.30164094475075
-838.1767429985454
-1074.2710589487324
8942.065252485661
6715.348469344874
2943.1109020072263
591.22047562669
1062.3438856868745
107.85758467590983
592.1792953962805
1707.3646070247494
2816.498039248441
2840.293282107394
1973.6669722914953
1021.4222401925961
708.1909904362747
699.0239843644331
566.5236755620814
499.332133984869
48.38206413010385
360.70390259536646
41.81212135338566
401.6982618418414
67.70029712916245
-4.013642905699513
-29.43260145509655
1.1008857586499399
17.307732208859992
0.9691361964456274
-41.281538604709084
11.799653120023805
-120.31725687475296
-0.5783706726154154
-14.290876990815999
-0.004524962146252983
-155.36303332768608
-3.750580369484842
-10.769085941895073
-54.87273390577131
-0.8145577961177454
-376.84722336563016
-192.115584695596
-185.06541750639445
-157.6556078947562
-446.2072787845871
-104.60261600736101
-304.87255828640633
-226.88004949492043
-584.9299126078977
-633.7955015919906
-1095.2532848972714
-1360.4571186546495
-1414.2870439120886
-1015.1271924746018
-732.9451628176339
-298.43472919102817
-763.6841753894727
-1366.0659922692782
-29.302926750997422
139.27473575175128
714.9515896595991
136.35328920980623
158.05143901454653
-3.879711527746731
17.734889923919326
1.073565872275245
-190.77219951349156
-48.218595624456775
-241.86965726017553
-275.50962949182735
-205.63596046973993
-365.8700991996372
-723.6329086840318
-994.4470055874662
-548.3505242460403
-2530.106619609885
-7496.848612295484
-8718.501064095295
-44.91293115830679
797.7437026119562
230.25683568989328
78.16184052924748
101.97810336230114
-105.08296751853648
-78.74849280198366
-32.31592931939901
-103.23063711026799
116.5776555263184
3384.042875793556
3528.1861418452972
1832.0577218911646
1800.024538099772
723.3646482869282
286.8946447532023
181.32029280833697
9.204669472592254
5.863855606869938
-18.392839548931377
-207.0410066240971
-35.10058685488131
524.8758908910845
1217.4632084112752
3631.6627174013856
1620.3511124825293
860.8893945378667
209.3097271104863
-120.09318482987786
-126.21696182175567
-559.5607654545211
-1393.7076913107921
-1658.9873286605216
-1816.9346230127044
-445.39297618677125
161.0292585086698
3641.4365340920917
1792.1284252284736
924.1066195885661
1847.638273728207
3564.609614353606
2222.017969350428
2838.583342555182
9498.511801904739
7958.652647599281
2959.2031964077346
4621.6640758737285
9179.26542738298
3283.1791999479774
6529.703366144542
9256.267879800454
7551.680924408106
4846.688301528192
4410.640407353459
8120.377810229549
10967.481008428318
15213.104135227157
18153.917340018917
18608.946450804044
20089.68800649001
22376.572619772498
31486.6321601199
35399.27025775032
36495.53507843634
32872.41137212648
36793.64790858463
40316.16945854642
48263.33519378407
49177.98951022244
65080.42303008404
43516.14090101093
154230.77144668973
-182333.45999999996
-101526.36
-190370.21
-205724.74999999994
-33748.53
114370.0862633553
154647.69808721257
-506327.3
-135131.67
-450.07
-60619.91
50633.19465422795
39718.66209755473
65017.49589051355
53635.51132745375
67905.30636151314
96422.8424398199
-216221.63
-38734.439999999995
-75012.15000000001
304138.6232600034
337388.11491209513
261900.01175264316
-212993.39999999997
-199147.11000000002
-241661.82
-390086.44
-327369.47
26767.606009154217
16764.56655072851
11213.283843597097
20868.990143032122
19484.25642548161
25496.36158675584
17011.08979751667
24163.281705845624
24583.44733623804
31618.603893205916
45977.76136637233
150409.80955130284
-625690.6399999999
203.30977852371126
55.66991057432887
10.165862961030582
-41.72464094139028
-41.42805165248559
-208.8237172952471
-129.8303392583058
-111.26771182482078
-614.1479117252708
-738.1174905350107
-196.67747473436768
-913.4262072088254
-1645.9441244640652
-2844.6609863151016
-2111.2931025155017
-2168.58111706667
-460.9328833626076
-1894.8421122485904
-5693.519144525426
-12296.943746112658
-2243.9479322048746
78.13940167174111
555.4033789850887
976.880040091084
66.91933066735025
-111.53159372384252
-1163.7660936635677
-1076.9632875124225
-857.9197242042501
90.48693204849957
4630.670423172067
1922.777076881553
686.8425473678336
786.0148290463312
161.55477000677513
-23.502258418850975
-58.708583313732554
-933.765988233604
-779.1789792766606
-120.84177967461036
-18.24467295426982
-0.1157110778721353
-187.09731486955258
-650.4272026924943
-482.99140943456524
-1856.879122586548
-25.307765937343554
4015.8895928769425
1455.1337290680112
930.7735859584031
409.2641211609115
19.327744583452727
34.560699334417535
80.25797628901412
-0.7067007090983254
-25.46439933025369
-94.36126839130743
-359.75226408756726
-1074.9027452458943
-331.67850977011466
424.24622571674337
26.46076123309181
70.07464023514964
4.864993551678814
-140.58192404229987
-1101.8460873998783
-2205.591105322388
336.0661224997697
788.0159816528212
432.1337345406031
300.2604488856423
366.5169504015605
-56.57280515788344
-565.7438063127333
-109.80011024542819
-257.6690590176117
-305.69532175032714
-66.03341084277203
1253.0459417771801
371.0292454459418
1.1548991969836433
-826.4251803228723
-714.2073244524252
-86.80892036018912
-473.63913857312417
-0.36155720380125433
1529.3871381659194
597.6605947356443
334.9387774240763
91.87285341849542
-83.93472121854765
-1012.2090484810107
-2761.0174370811974
-176.3791315803942
1364.6002280152031
57.90605763033727
-165.42053191234461
-249.21710005831318
355.9325016814658
324.902386933697
1443.1281858460104
217.14801493676148
-150.34468839397525
-187.26123671497655
-1532.2948102583764
-875.3238090549951
665.2491096723046
320.9773728201177
1006.9260264389738
1817.2686370875879
715.9826453694341
256.65910678666296
84.522663483153
32.21842791646968
-58.13024647344277
-836.6998744688339
67.10412579754993
292.56330509203747
23.504676427801822
1.9665751499775763
-190.67963211990482
-807.3514419886671
-1549.7216391654447
-3583.699371835208
-5069.031915071784
-1.4721304848386252
-0.17497914436964696
1518.0017283787708
2573.054780866055
665.3880940568931
-10.145106602462846
242.21570017826073
17.295264349506024
-80.28129459272573
-413.0106320104653
-521.9633474326274
-1122.956790762821
-4284.482927633584
-4471.928021978794
16.05525992933156
460.5176477789497
14.657567616554111
310.2679994953437
1205.0709848710228
1391.9292349396148
759.8127198062431
117.31582860495179
-57.98181115364893
-40.875875904747474
640.3025009624582
306.04054198751624
779.2770107861318
690.896543801899
479.9889693133231
261.03858553959526
137.6316980817677
15.911494584363247
82.87723044862585
14.553586526468573
24.783407384568342
163.6353126885821
2065.246045198951
3312.635145505994
1470.6725913567136
672.428209529803
297.64008758251305
125.93988974245721
88.7821274474004
157.33871960359656
33.71018287393408
-7.3623119264030255
-2.988985223752846
-2.202659503059395
46.20062718632888
114.0795465723152
-21.972234330336182
-44.14105118370227
-89.5108674069877
-234.20744563587667
1249.7714283695705
846.3883131191967
346.69563210252045
220.5315158073758
163.84592551884205
320.9546580550675
155.85743322703723
-6.624893908791909
-90.80163386942331
-107.30639135203467
-333.27008971301257
-278.18810816761413
-249.6010661967533
-370.13657916750543
-297.08978311159865
-300.60188129103705
-601.0295870204915
-532.8632665513504
-705.59588244063
-332.52220729283397
-185.13260827144222
-526.3549599563075
-36.446445996229265
-618.45651608636
-484.9461095637195
-167.2484500548564
-37.98377506746483
-41.56299992326995
-87.38681887046789
-836.7749954505118
-468.86328539785166
-13.386308705372974
-26.03145584081855
-311.88344222995465
-1272.653766347522
-2939.1818215349404
-2894.349425423198
-948.4987746932296
1.0587611595309525
-110.25543554409708
1561.3393140787127
6267.276329086451
1835.7244996092074
1488.773724963679
1074.685201001013
258.72321724471414
154.7760140858826
2.6920655439745325
23.949168004175608
-30.27113264932195
36.06216343510729
-4.95682315020531
3.1417114816415093
36.38179913539932
-72.67561165821445
-34.900277735839325
-6.456125802348748
-94.50464603960654
-438.2585739481382
-1443.5156099512863
-4062.2567611736717
-1010.8421340598363
-2.0403044527543432
15.403137408096491
-43.066047164379164
-2411.153143215023
2286.57237848735
621.0751727076392
95.55056889780515
-93.39967374756188
-0.17025146702244864
125.11309494863642
-28.26974501461777
145.37821698185297
270.0597417977722
1.1735663166710386
-19.412194923218543
-407.17594818033666
-458.914617747898
-1805.392401626149
223.54570771952336
1087.3239014430467
534.3829487094157
244.6309423320676
852.9882957372756
186.24441536092755
-56.790520858965515
-87.43360390415549
173.78682888567457
34.6698181310348
-11.835954927193729
-93.57030204735567
-139.93719999507155
-888.7458920678895
-2313.9886926350046
-19.563250004441947
661.8118626635047
16.75267794070066
-5.673611667186793
-569.5188417587503
-40.43806936522093
93.20485541691089
27.882733760879432
-59.818812300389396
-14.621063307303789
-36.01674575860332
-0.869716656640098
105.1866633209543
446.9395527068329
-119.96667373093307
-641.471213902492
4544.558580725859
2214.297867272572
1821.4628232932046
937.6863152067147
443.8620787024198
85.78769104905231
3.3585615684008765
6.355492016856917
-9.191688317097924
491.5071095382598
1512.2836501816253
975.3337796305503
319.69537706239885
748.9095783148817
197.8976842435715
65.27943957120861
48.88577972268152
58.62986437755865
-18.023065142983103
-113.87126766504163
-418.8655235016271
-153.55532537739163
-127.20624415012594
-0.41315710627151475
0.01326938953748838
0.8948344874395021
6.185628045602791
-25.04630250155369
-195.03391991143857
-594.9598895132015
-451.85228999647575
-1.8030551692767949
230.31511241833408
90.84224634403942
28.622413691146647
105.08527394467735
-79.68787091863027
-53.64371843089027
-344.1491962926254
-1111.1117250949096
-968.3331078421028
-505.3844601923749
-891.4485976906448
-666.8573347503444
-687.0685214659466
-569.3730635471242
-768.5833768767377
-543.0108443183967
-340.46712531854035
-547.5874755913818
-516.7377201655378
-1310.1747973488964
-2618.579381797172
-2476.02091932001
-1702.3965565110634
-2022.8674740908837
-3086.8010899239284
-289.10986792621907
4.893917617933483
-1207.8495202311112
1882.7775910412108
170.64293753720756
-212.26391602286208
-427.4560917296234
198.41169165799744
193.1297589209608
-584.5366684254927
3.6865693261486965
-1082.7438730667068
-2.9254124462630466
19.30340302646684
69.00335731338174
476.7113678586086
-10.6346603593414
35.144908919907095
-76.49259470973183
-102.2242538448054
1049.8457191662026
1497.5733929887326
-2.836808620043115
-201.5494262446344
-5.8610949889921065
722.1378110262897
-98.17849021321277
332.2139333960911
987.214872422693
-50.530286779026696
-215.19954833822482
-114.74722542177005
593.8473721637403
640.8030608932412
281.92395416815947
-8.181181544593965
-151.87729096770306
-0.4525519787081118
-153.16914662536402
242.18329345269166
146.0714784223976
-720.0279655326876
358.03156839253154
1027.6326270775244
54.29770044801067
-293.71748023821937
-231.75764694522857
-1076.5825172634263
135.59570443742302
256.95087232733783
-43.20288220779118
-1578.3379013076997
1566.1041737289358
578.1484481485603
313.73957308792126
-80.63406247936848
28.080970096230185
-5.396913212383143
12.891499447425332
-182.77205664533972
-16.424577451287742
67.6153492965844
183.81693213307688
104.522301284629
1916.5029481730066
427.88542968178837
0.039347625684892806
1.6379324638455544
-5.575276894543428
-2137.925272958926
-2414.2789166640196
18.374571530016418
417.4614344005415
470.28652797069867
119.6444620859868
476.55846003904026
62.443621525820554
33.408182735866355
2058.6924554025472
4837.229574675451
1279.9499485899967
92.13037735196033
98.46430400154674
498.80171247169767
227.46349680509832
7.810061942667381
11.377755517349811
-1.018793112201667
-22.453006514036993
-43.48845792361632
-152.67148957152327
-501.49228225340005
-699.5660149699515
-961.9413872814432
-2449.454736690637
-2828.1133652358135
-927.4291464930348
-192.88994607752718
-0.559997901895449
10.124038967415716
-4.770757703634371
-9.397388494372983
-520.3964004206425
2558.217036198488
524.4695785821489
22.23402139466212
33.77303806524963
278.44833198654095
-1.6630442163630328
-1058.8672804452094
-2209.3339900800474
-1691.2739268672292
-523.3841868838379
-67.80853837798756
535.2744525597072
846.3715896885052
1358.752748501803
750.333018702619
-17.360912789607575
29.507755377171925
107.95159089073638
5093.045460789521
6458.04809470748
6175.917921159306
3786.3128249631504
2541.196061939568
1739.3563779230462
619.6402160575567
501.3317248926367
127.84158869946008
30.696970341083322
155.13687429994013
57.40903533748103
-14.67060681328477
45.682248462237006
-184.53478157683864
-373.4479093282075
-715.0187870850768
-218.22160893701025
-730.4802300285683
-475.1782508852025
31.135522194530843
-43.08062966129394
44.483016103620876
-21.688683262731644
-365.99794129297584
-113.55171523270077
-502.5971262264169
-1671.7365873208348
-632.3443705894032
559.1103101343109
314.74766822443166
219.80568547149096
167.28848565294894
182.5080028405979
273.5037903645864
70.56378135424336
-156.9607334727935
-228.556117983687
-119.44677385956928
5.55893727057944
1.694149783491285
-0.6171889203376116
-92.54839349625739
-363.4056780432516
-648.0953685869652
-775.2522708540315
885.4227696448409
174.25562035369705
-129.7954634667406
-371.2635815134072
-237.49202153075382
-222.6693397476499
-155.8873894997383
-256.50286939388644
-361.21551036662976
0.7028245502993109
148.83186048402152
245.41811252170257
138.91912403864944
179.9669081797906
86.44221692454647
89.11792545544144
124.73774991216791
-29.226315789654343
57.65333963672139
567.2104619205861
1911.3505731619266
564.1433843175422
534.6820064529301
170.5111126923644
0.08186295783899172
4.91393004157125
-0.707314062774788
-384.49058649114727
-1313.6137816233713
-148.69303546968783
-32.486339079062596
-46.96739984153463
-100.24125746019257
-142.24385532786619
-392.3069436852388
-322.64503034769166
-915.7892612420696
-1404.5089377734816
-1432.33911660744
-1035.8439067138772
-628.1111489442933
877.1411398414674
354.40586605808693
42.08426591533927
9.839603637891877
-1245.088902361556
-1339.766113213897
552.2936172002989
2078.6512204464348
607.7222842532279
170.964752766149
0.34128156425536077
-112.66814613948472
-425.5690758188876
-2164.510006807966
-252.38499684901709
283.9093064279958
1754.967631247595
863.4363528015641
9.263178618901117
-771.4972988721429
-616.312884443235
-577.9458842172862
-140.1314992969715
76.27348641621735
-161.12338613631292
-402.17689545704576
651.0404643732887
1835.1133728827085
957.0592782012586
1214.832040466979
718.722153872354
397.3673550642803
715.2013507573181
626.4254895918643
160.44195468999868
0.25119974428261427
0.25931923348260366
-4.817140104240771
-136.49296111117505
-96.88615739494995
-361.10814522969474
-947.2983844129051
-317.7286579846724
-371.51509553769904
-1009.991134998718
-1561.590980910634
468.2492905667093
316.7024392211561
31.658227112488998
155.61008840796953
141.17095280095077
102.69189695533743
15.523128325393024
-2.4736379282156614e-05
-201.02173432828374
-382.57923739413
-607.3674130243687
-1085.1403025064217
28.759225819207696
2538.0500148489714
1388.8308042725218
413.75747511367763
5.054479877642226
-5.626797108086071
-69.38724776928547
-201.54892396210064
-173.06056493712597
-541.1504339044589
106.21317256804998
903.3660561737449
1063.6099152099387
-26.208472356267833
-154.23247559932955
-1099.7557339623734
-1285.3708048772692
-728.6345367883894
2.0607794144325964
50.014021819532566
-117.5552613973751
278.52760362421986
605.8810688024676
1203.4649955897842
251.6990276643894
363.2256572613134
325.23393869849497
259.15679522388666
251.25601532966226
249.99360872822413
102.6903833514481
125.81765139226566
75.16089485721696
100.1287667680924
30.535591916884925
-0.28076874553331777
-3.4552616229221544
-14.228241864334349
-141.66204574427238
-631.4314368545587
48.8456964548569
200.1977854137166
262.6647938103297
0.1513817294381315
-308.357885083827
2.408379448570559
1360.1599892555562
797.0369278758458
505.9806179689546
402.73870222154767
90.08848536193209
50.99401130081256
1.7884820562941597
-116.5267442261592
-92.27463522464653
-145.8488816523621
-301.99394206150635
-381.18298133760226
-656.6217215153631
-960.5284650815802
-1972.5859065642157
-628.619021846843
-158.16835811476022
-27.00049947972318
-83.60990739200741
-12.272264908025353
-17.542501017933695
-102.79641212429728
-33.77980901097943
-28.286615004787887
-124.59978524530158
-271.31379146908785
-276.7890003258683
-528.2289633364646
-235.40952916799677
-6.933130924010643
168.85898842577944
212.90741779007126
223.12097426389664
511.74638360272945
109.76241972797988
15.560851064490308
704.7169514020425
523.0542143456735
-0.0031577365107850093
-163.8245099595675
-454.1495273361263
-476.94460279812915
-632.1176480665024
-110.65889452402901
-196.69114984049645
-183.86954605142512
-192.86607130875288
-1095.6026686545802
-247.98560195851135
-364.8341735956997
-2102.450058907355
-4865.031433974264
81.11556741658147
-0.0158886014182349
-98.4421570069218
-59.26712081058935
-348.80582384273504
-1480.5519020661804
-3217.4032668680866
-640.5683173699992
400.05792087085575
3030.2883712555285
301.92578004542037
88.13288732888999
94.59971074309853
-23.67497078976248
-508.12640571600207
267.22756331266044
2413.1761628359964
249.68868038779652
26.36028067415982
-69.17370086430398
-270.7388428009595
9.146945558025447
-42.20395119177219
-50.96367487262289
0.1261429724432213
4.951112808687921
-16.58481810960199
-167.6233361326232
2.2341647841440557
-387.4645016558828
936.795379984576
597.458385588995
21.768358778857966
-9.359665694929888
74.36632553334094
1308.5624137071734
775.2391468995754
0.0670398016516714
-0.0011189127886975566
40.29145478237704
-10.866863880375544
-885.7930497967488
-1794.8516486207993
-184.90266471309243
0.3058005145994503
-111.29521150235475
-0.3982713082208436
6.8877489349371075
-73.9853250162904
-856.0272495148574
-74.79606256006812
1181.669342786416
2.603253011818178
793.3181671889971
687.7597267653975
-23.430702138635716
-701.9550625716639
-392.7669019189715
-515.3581361006474
-51.83756421377258
-13.204934839758476
-8.795141879759441
-82.17917096958674
-68.8855281615097
0.4388542241141593
-54.43424867163761
390.33310239991084
-0.04210681698546192
-9.831379600621812
40.67543578356056
-35.832023401084
33.71369676320275
1.904796855516031
-1.150986715513419
-0.32221841559189646
62.28444392544089
-128.59095622778065
-243.4336513516688
-37.33145339917327
459.2109805555622
1514.4419931520072
115.66197519651489
1069.8107553586983
404.4094940010659
0.3161018704435472
-735.411708375794
-624.0626590290217
-135.29610059645057
-881.7884969525379
-1.2507103138029478
-150.4324831504731
-1205.4150547602155
-507.3005777766398
-700.8927169651724
880.4253336321931
35.69056523646373
-496.22977499584556
-369.72789265113715
-330.0903626871585
-0.04152458964189388
-97.70491924248492
-274.9212686823284
-314.0839284620027
104.80732731808926
-76.72095919647971
-108.38303214988925
660.7841278718752
179.10396709445507
-61.79729503246424
-1393.6416541979681
279.2726367541284
9685.036553986298
5374.892628260779
3024.0273698310657
3431.3037678231562
3938.6739085144845
2780.738678417906
1172.4532892441794
560.7670435605992
421.8524970273642
1664.082865753502
1526.2006179187306
882.7621398723928
1991.4437466713623
1098.2163641742802
1352.7605589960044
943.4535230884846
1863.407864454427
392.59111159577543
131.3375778511716
0.01449155653035715
-191.465500912039
-82.62823351492423
-158.1927328315959
-849.6435237108279
-2104.423223281935
-1417.4158884309684
-457.30029655873284
-382.00304661701733
-381.8458548980408
28.09886349953556
383.89353160429914
1.4826500261046007
146.6184001152596
113.4693084761817
3984.9237158769247
-17992.149999999998
207.84963565199493
0.1553266608021067
24.84750438959584
53.73041701075479
-101.69035162035891
-786.1146219440899
-680.2081388306965
69.65105196780597
31.996781477327765
-18.38127327072418
-11.009037515186003
-1.3344114137368093
-209.65658253905752
-300.4332679710466
-22.69203501370561
-26.601633122864605
22.715026983647363
689.3327701628929
552.5158669103259
314.38862388484006
-208.2998701463078
165.44051380076397
37.80578632792516
-959.4058066807187
-648.8409314760991
34.36204588521924
20.842366509431795
358.4074266919313
740.730621787868
234.84227423646175
2128.9184906218015
-57705.240000000005
-18273.4
-440.22
-533.26
-4154.1
-4984.96
-721.7
10038.6273303925
687.0158027717549
2377.9900817399175
572.6102235063275
321.25618568596883
668.7136503138424
991.6163561067594
63.258810299497455
248.0651652720947
137.5781061965489
6.635668555619709
-63.86402332015536
-238.57064810600875
-199.75495605807833
-328.75298690922114
-952.9054939038514
-1249.3590801407045
-140.7669253736646
-86.9894699709732
-6.179271036290791
3361.0117841732517
2298.420410753658
422.9657287993127
113.67012543843086
-1.795657148015761
-349.3985881817297
-1556.6527932962385
-508.98324408964527
-367.1504584996474
-165.3857294059369
-1438.4463064732913
-204.79626127329095
284.667443109229
3063.9758303551102
2104.9733876319983
1861.2055299588646
1289.409364242576
878.6643443403946
206.6050481477084
168.9194083386984
36.83631354420066
-59.422950072376686
-105.77365660089005
-205.26791741994765
-313.5926455355534
-439.23629202617906
-206.09977911736502
-52.58623483137268
-400.0173164545089
-1488.1144921406542
-2130.6896395778585
-3386.594749691322
-3694.1153376554244
-4030.717127893248
-3647.4858241842535
-448.5001846735707
-2065.4254340469115
11.836367608749054
1162.485205273616
813.0616285756373
97.44141853736272
5.823440039730258
-164.77971778087306
-1174.3305090684862
-2168.9706789958605
-75.15732053058078
714.2182239493206
180.89255335080497
-100.1884764325204
-630.2823897517961
-0.5896523118164116
204.90757530873827
30.104445137819035
-359.59940495370495
-129.71076310145372
243.3571606254559
79.09521449635143
-62.807645078391
46.129950000054414
1179.1354447211972
123.1053581570384
576.7864561477469
2155.070012186716
960.9085339730242
175.59269361240138
33.770902095389076
-112.24981424721479
-681.4053515900646
-2411.16831905822
-156.62605072898725
223.56879985980729
-11.261935867993687
276.75447526358414
0.030948278929105177
-1285.2729609985856
-405.7661069728657
-318.95239666024986
147.4588586346132
372.1882907610866
2380.067058057546
1122.6346933395491
980.4092212763211
592.8243000711093
600.585732031459
230.09094888493524
180.60567574298892
73.11376962742847
132.90245398105725
-0.744741179418056
-341.1108816776922
-17.16354910748069
8.962299141558521
-147.73140676405714
-285.80042652433895
-692.2702195618258
-1691.8118136085009
-53.16522520837203
373.9573187601517
133.83330033880253
-1.1636917062223875
69.8540812854254
-232.2893992406504
-879.8196622276587
292.4071008881233
2636.8999416745437
2436.1776624039594
703.2303622706912
36.69262175997571
33.36369574645996
66.06110531302514
-97.33970349483144
-1644.1953991344208
-1587.319490258076
-2075.6684001058256
762.102343263904
320.1450569753797
-144.4042854837026
-795.9854330635201
-683.3026246843764
-7.249522673864361
-1170.698163292895
-724.792729120692
-143.2178820195722
652.6002841197169
148.4477988956374
9.744099742379557
-9.75368209806924
-334.2061966329725
57.782284120911996
-58.66884635808101
-33.08740336077335
2049.9789878908427
558.6073579764932
30.916849567051695
42.900274128170835
-328.3628127857887
-589.9381198442802
351.0247950514046
-176.8435291357562
-224.9115539530016
-89.1576006449304
149.79178952088662
1685.7885415703317
891.2559896002349
462.1024571939963
183.76937985589458
17.076628834126893
270.4702386547338
15.466015447824805
-99.24679052320548
-49.244067939004324
-176.47489621822606
-594.8983927127564
480.9390343906169
2690.8798030266594
1667.3795081289845
610.4564708758344
271.10728275198835
78.3969159669762
42.144853322334555
777.3612432939652
225.84997128221926
86.26713338766031
805.8804678366009
312.96394150330525
278.73385858245456
81.91464172883553
1.0673483403282065
-188.49662915216823
-510.48690124305585
-90.66255340636134
-43.2681088097646
-338.5977422417536
-824.166793029325
-1762.5749457315737
-3644.4243839224036
-4750.296576728473
-577.5043356740193
124.1476713662161
1113.0731596517314
208.46529441350629
2.9188985868249704
-380.10049833573873
0.6941488616879649
-72.60176600121167
-181.6095731009578
-239.40697752336467
-425.0187605755485
-36.57994870936937
1917.0993521466185
3339.326305854247
829.370841401369
470.7424797112895
237.88552333441746
499.85523898308566
315.33833902886755
197.61509569410356
2.6485626337375576
-50.40182777924528
-354.80431658769004
15.623331718951295
305.74990579080225
247.70843072613047
349.24035737908025
485.58963288537547
33.37178278582447
-1.202617153285854
-163.52275690771341
-786.9449206317076
-193.69453309995947
-379.7847628753085
-382.13236088179104
-860.0859259882155
-1444.9782632989493
-997.4465875929384
-1625.00569687628
-2312.147623997233
-2060.1828255091823
1615.6188581880579
506.43397003404573
-6.118757098206073
-638.4999094593252
110.51180828318499
-51.501340529836185
-44.333710981361754
8.444358103703998
-0.15936052706359582
11.260454343206252
36.46101666823565
-1169.2255057398315
46.4031951838606
1596.629778986743
187.6666708884787
100.6012363060625
-95.37632716186246
-1886.072095637952
1794.5226496186574
1644.4786408335372
889.0795347237945
183.2215921582906
170.0076440861943
-0.8328196473424181
-214.39541079821058
-637.499351036756
-1885.999207535565
-1103.8304382266356
-144.86115486388135
-22.174742195947942
-30.671652937024568
161.09996686022697
311.67679208583223
159.3151922532155
655.4223548038774
1498.442791619973
170.36285470342423
-133.9495548540874
-823.8728404047765
-140.3445052613177
733.7434177032547
-59.55864691905347
31.95092081619154
159.9600719892147
-89.24538544116062
102.8534480984146
-2.6876050591073164
-65.82480257791578
-143.45331325805765
-705.0109908350319
-69.80158319915117
524.9132134947481
-116.28096253378257
-506.03494322071884
-160.17180631573436
13.458391066430853
-26.36927190973474
40.45534421427074
-1.4827354144103475
-54.4937667255532
0.512414562613027
854.8980067411442
215.88097964165377
389.1873772640671
4.482978908803176
-215.72099239566091
-243.18873289585923
-798.7731289006654
-1394.3743434365542
-1763.2368315855783
-732.6436928199669
-25.112085838607126
882.8240782686725
260.0882846556784
4.991136398151351
-155.9749836001539
-976.9633149196652
-864.8856332006491
2.2240329665982923
18.58988995510187
87.00977379818693
350.5966580323137
1799.4845098836147
1843.4493305796534
603.0362633005166
0.04831015610863419
-343.27741577920335
1232.935060094918
1653.3459595626168
417.5597215334949
-13.628012979337148
-64.02921229807501
-66.03003006567118
-497.60062124657475
-1017.7867572527186
-3283.7081755614718
-3210.001794684309
-0.029234340867333872
814.2131631431973
276.4088344277952
4.268655007180656
-32.000730579067
601.2200247635549
-1.6174190211245139
-198.59342124048774
-1288.8409031416863
-1293.8959812562628
-2170.251270278456
1372.4921646921414
1614.1481435422224
2262.4996133765294
2075.5618147315768
1417.9930275199297
659.2258764486278
295.39352462279487
477.9248670709883
411.0467099496907
1340.030417281247
636.1688899910023
361.10920535353637
788.5775568965469
1057.8546249273577
375.4421756207942
143.24923876243992
209.63506632188367
1015.6897638956392
702.230296733905
348.6850557102948
10.645380877352547
3.310089843297459
0.8240341319791358
-235.9558093720504
-776.2788522242424
-1489.850127729865
-34.531922994445765
-181.40025987678536
-197.3620270113165
-299.069140392329
-481.74144700404685
-946.3569262903275
-830.7394330114396
-1284.963117218714
-2093.210114728607
-2768.8762645727375
-3353.0818415675826
-5327.19398168326
-135.6000692692209
1.7943392455721237
-446.525798198469
-2882.9092145711857
-2289.6643621977482
-121.83446789351719
714.6375753059206
1877.8058862823293
835.1035348210299
89.98144627158038
-75.54210771702542
-531.9815401494675
-1924.0155444088955
-2107.3646983218805
-20.152709108529557
2.068008847646517
281.18412206418805
508.7119076832705
357.2967125944019
41.14384157493932
142.10489862186694
-2.732867789448968
-303.6519803289204
71.90071993110016
-16.93664356451019
-448.486245422305
-183.69225064649163
659.3580111701754
3392.934296971964
1076.7219468942355
18.146395926423764
-266.60334459634043
-3.5384736422360916
-1094.0693538438804
-173.19830967282851
-633.5070634153169
-442.725293040943
519.7121120084807
1096.2111376716337
235.22651719860534
93.14405314057747
-372.2249027528542
-51.173645672888924
-254.9786674344578
38.72340818547691
707.5072003782537
-1.4733081038878424
-13.84904285370124
-94.14316110558238
-798.7037756349895
-310.26217847220323
-14.310271094974588
1923.185031694377
759.867031778011
126.41253116324222
-636.4751058653492
-446.19531112924767
58.99745681676683
-275.6242761245307
389.3649438072258
893.5529261971352
1265.9156000530002
34.70663742356328
-152.6999098675363
-1101.5841262865515
-5489.890801209858
-2101.067642449796
390.38569213389775
3587.851146341449
5199.784705040165
3659.5670232377656
1939.6364192423744
1017.7070031809434
475.2740036958363
317.0358288275974
109.63460686512187
87.39254287640179
244.04695234505937
303.8339059388444
149.42834076837593
49.136764250417514
-339.1450163691354
-706.8846622346168
-760.337153988097
-12.161869198183453
3396.354325815122
1059.7500468290073
517.6114485103947
48.86414754935399
7.617348648558359
-12.222635850804611
127.07167975895858
3.651133474630038
-9.216657817125403
-115.33074757858788
-439.16573318470074
-1515.9351776313065
-2551.091883985132
-2132.438366972643
-1882.0635531147118
-636.548513056614
-880.7709352944398
160.5748522161278
132.0690203001356
73.89125337431742
29.203814229748986
-120.70814487326307
400.1265505449842
678.868711722623
-95.1707215595887
-1016.0543192634148
-112.06888005060513
-47.62219812318622
-63.61568636080259
64.04921195486365
224.00878107182885
88.54394646086257
0.5966500321238506
-0.013982151947231378
61.642813093019264
1053.7753419221467
1578.502759962378
1233.2820468445093
1184.2939051753888
390.66805434693913
1.8961974822208287
-314.4317519750624
-262.47500496153805
-709.8100017484655
-673.1020270310663
636.0839183330525
343.73342623629344
16.59791003439474
-50.174995673909834
-392.23200417862563
-709.0672156758098
1.3184120358972247
708.1687118984913
141.6926287104754
-2.7808784581814106
-572.2463855497539
-1472.7222166991057
-1987.600371817574
-143.28045652286238
6.994364172902386
1437.4239368206581
226.07213056185066
-48.09638531480722
-869.0576587307953
-1879.463191341269
-2.1300111448914127
68.19730257675214
821.7844792660051
318.7298757221259
-224.3473985083314
106.93765379051742
614.2404613477432
204.26765730244318
79.78599509131377
-13.744651923560568
-589.6047668927035
-1598.0925075940522
-926.4585297914305
-1428.7115890446353
-1210.1632347674627
318.45017527590346
95.03415561942128
-1.4101217513555708
2039.568808990113
7031.6031327436895
2156.59372032776
1832.6697963449194
538.6187258687276
127.49814588205925
39.85120530370325
-146.23522916755337
-366.956784717095
11.712046940154632
-116.60535956872538
1.2958085587471684
264.27078698637536
796.75528739705
132.7904121802253
125.26312507611085
113.51574169360406
-3.7324242858611196
-84.34448336281682
-15.95281352765104
-55.626547202008425
-16.923989988738867
-10.34613433849032
1023.9113217597084
111.13483418111333
6.18201000103397
-320.35509829006827
-410.946965521548
-20.12768240152455
-318.6448236506078
-1329.1257624693474
-746.0314672104687
-119.05421880575128
-1701.736887207531
-0.5968274458287363
-278.64812146677434
-1514.4025409721291
15.466910936847269
181.812731670582
716.8110005259493
2579.7772687873694
2030.976958209808
886.912299848344
134.640607701725
123.46185000586676
-4.577103272608159
-383.92148720312736
0.0726337621611203
6.205915804532918
-0.7560783487444017
80.60855944945983
35.70241979804344
143.25354774186084
489.9494248830009
868.4240331510366
1053.0970240123468
1362.6947655994086
177.23880782984367
-33.52498989284912
-51.594920790647926
-1.2760590746564948
-0.7598903895548756
-48.65190319812593
-187.9710394631058
-531.7239837160499
-236.74186552790184
-69.796853206547
-313.6374373386285
-752.8048341143779
-1329.1188235468767
-1097.1926004556651
-146.10701217521267
-349.8780962340918
809.2462513760013
2240.53146300121
1509.143515074413
2124.849136585429
732.5924412848642
139.6601777443399
0.933489999242745
233.65186561249007
87.04692896356096
64.74707555634696
4.285172029843543
596.0023466205441
2756.29856937429
8351.368956518489
18298.116480617282
15308.895588475267
24673.940852927997
33571.023550678656
34270.10418600907
46409.97111329351
64722.53522494083
70536.29278776082
75081.02848043082
92810.15380575051
105685.08545877083
108596.29163399103
118881.93659426487
106313.40587653258
177188.34182990488
172618.3472279501
228391.8361120787
265078.3563777314
320999.4470821338
344964.089088117
324387.32240131835
394546.1837044234
417312.9870912612
385838.091892768
436793.1614861463
445703.1546820373
467095.63652960333
629360.8133705867
815271.300541143
1216620.068475887
1406067.7879880432
1334964.7303017685
1316895.707701847
1428277.6485628746
2233087.678479291
3079703.604603919
3707502.3741489565
-2732585.31
-2996151.4799999995
-1669863.3399999999
-1446332.59
-1103083.24
-1056610.2899999998
-913505.84
-904091.78
-694010.01
-687809.95
-588504.8700000001
-441120.4000000001
-564031.1
-656575.4299999999
-671815.3300000001
-802842.34
-740000.9999999999
-569743.17
-468980.38999999996
-367206.95
-335814.81999999995
-343691.77999999997
-291896.93999999994
-311315.07999999996
-267170.2
-232818.55
-198633.45
-223114.31
-168098.99
-172276.46
-156426.49
-167541.03
-109867.13999999998
-124604.87999999999
-26532.08
-93605.78
-63746.229999999996
-41454.59
-37045.64
-18239.56
0
0
0
0
0
0
0
0
0
0
0
0
0
0
0
0
0
0
0
0
0
0
0
0
0
0
0
0
0
0
0
0
0
0
0
0
0
0
0
0
0
0
0
0
0
0
0
0
0
0
0
0
0
0
0
0
0
0
0
0
0
0
0
0
0
0
0
