2945.2099999999996
6084.004122589567
3998.3597791230427
2108.8509211054306
1460.0598819031025
2047.5735277754873
823.1914743961207
886.0337173526752
921.496367309907
2727.640035872134
5390.715120457247
2747.637193838963
1357.5907169861266
681.0100406366773
455.57195860049933
74.39907164504606
8.432470276968445
-2.408042296454412
-47.26686949092461
-289.1616190385587
-620.0674756666989
-650.0492911094051
-1110.4719648200203
-295.0583564165628
1349.9114029960704
1663.8800717370232
214.2600013718131
154.64587578693227
1250.5500863153204
210.09751151097922
55.54016237307142
-23.90000995586665
-425.09137410512045
-852.8532132220064
20.618962961995997
182.15611090896556
25.87020264949519
-111.5225601161849
-72.08018859461328
-311.3778296182868
-1028.5123576774445
-5.372359748945661
707.6959103850838
4498.333791076446
2495.298290299501
1148.2611118132404
704.1248425566957
431.2339522723367
221.8947206394559
1.551693819869793
-14.582234871142605
-119.17513050123037
5.139465816318559
-0.9267702285350545
-249.78190391150733
-187.99866267198013
-424.9074344811204
-1100.4203109791495
-2776.19614512037
-3463.68806083104
-754.3301214030369
95.28567076824605
-231.24107535348082
-647.1657607881964
46.84447000506488
213.84676793980992
-146.39954678485392
-536.1897139737307
-756.6797381032458
-1247.2220803914604
-203.02706788513007
52.346469975077625
407.0161085476424
2518.6581803457493
4865.611813992693
607.4950852355076
1453.029782146511
789.7835837794245
895.3734118304741
565.2214656125321
758.5013852463494
414.99824451863395
133.99809381801097
23.626268587841952
4.324076318725263
-21.85171308120883
-156.17977183479636
-724.6573904011495
-695.4243736004354
-1505.580858933612
-1271.7344773507052
-6.626136057308835
101.93748910805205
-591.5180392981405
-804.178500100474
-166.85656687453283
-3.586801445281354
9.876108130555487
75.63807379510644
1876.4324830147439
2813.3826941338675
1727.9861276107836
904.892173658175
896.4492039099846
199.40135519803698
356.46894408715076
234.02507667770627
223.83215533221417
115.5982312958775
79.75833765396861
109.72987904838493
62.880671910210914
21.89108801736786
-2.584898565563747
-11.035295235500755
-103.92208244727615
-172.4512141145596
-64.14370199360943
-243.54398383654478
-362.7906996483863
-565.3092116137419
-1566.8849285296835
-1408.3023182388574
-2847.045705718803
-2402.9805298380215
-606.0166125211691
444.5439466722238
365.2091091590533
54.69214366520994
270.75037004468834
28.964977587086874
-84.69568250787036
-198.03997612615652
-422.7261461210352
-510.96773448514614
-1106.6982499777428
-1953.747030807901
-1840.1363562303977
-1118.4029342602125
96.17393099646239
185.25911253989977
621.4100298170613
92.86375605960097
0.6361473143957541
-53.69744934719604
37.18260084365954
379.05917381199055
145.39114265882367
-31.595022313505098
-143.64619592036837
184.11664792089493
496.819194012766
232.63531526587917
5.027976757323948
-162.17898275422826
-397.87359402673457
385.8810707274614
151.96835751268569
432.5689924058604
259.29799836213465
0.04709518830239732
2.520173088602581
4.715413391074612
-49.467518022224986
-576.6302211817292
-1110.974704002206
-309.9167725533246
-263.2666505159308
-531.7762632926617
-370.83544186981555
500.69006688986315
953.6070522443947
201.4488121714779
72.08293365307824
-183.47361948157206
-0.13862213075633092
4.56418862467123
-38.78910171174629
-265.656359925389
-354.6432331842457
-241.494850081319
-273.64349248998025
-9.66619856356305
487.4376138507391
340.5741655870538
1094.6020733778992
244.56932255483787
-13.908237220361352
-1079.2612492564654
376.7542574002417
-38.327013965386634
-0.2475389614107363
-159.9583359901564
-996.213166991327
-1281.9375713870577
180.42931579569432
-54.11521622893176
-634.8868340931756
-11.973382670808796
17.14412353225878
2762.4830640858804
3343.9510669702413
2825.7379869306565
1728.4390471858592
767.9213527829395
146.63238759674024
446.298622842995
585.7156884752837
547.5371192558337
871.2628653987513
1053.3855500186087
617.1989027744087
811.4794792084441
174.2217756401447
-17.230307689883297
-259.9861520286089
-1284.6254096435916
-593.2796984856047
-335.20334177969744
-440.1167636074044
-137.08994801593968
-102.97954326429942
-92.93446418275627
-167.71840239656416
-268.56840506958014
-343.8646639061819
-521.91788135094
-635.2702372626154
-1134.6951413610443
-1335.3908804683924
-343.67405440699656
-234.78948073419582
3.6193147196441853
30.51649491375636
9.725727493430028
0.3116563567900825
365.90050712048935
1016.3273916570868
1490.9907175515827
743.2185888834993
28.46779716625579
-109.76797839269275
-542.4650708613625
-6.415809840170365
139.7550472590538
29.334434856009903
-30.20358675926599
33.71090937430516
43.10284058080124
69.79371478008176
65.16427500264102
239.2206619590222
627.3191131947355
206.47690016391894
394.98048809817243
37.19871376008145
32.228109558961805
88.35226679132901
1.4513791293292546
7.081351429547123
-1.4408790367757303
-80.66107288162787
-143.47074072000322
-81.15647309394005
701.573572657928
1525.5838043988813
905.7354387268025
754.4502458301129
319.67953605237693
2.707420508025608
-11.507927322583084
3.6191986017527293
3.386532482491667
-0.2156570258712166
-12.437409448533737
-71.80629602059804
-104.35932584502238
121.36260201134598
83.22443998532336
106.05316518646121
146.38956586669036
117.21003123915392
141.18478726822227
176.19690084196725
139.8124789432353
24.75403120042325
0.0019888478454456755
49.301085303309705
1.3664197919830436
30.826795280229607
-14.610440355254276
1.5520246378046756
-9.031456410673302
0.622668747884545
-0.0011623831009767629
54.85404516428877
58.36179573156196
-23.882544000094278
-10.910071605460288
-8.97751606903288
31.068296608441884
6.745880922478371
-23.4974147441418
-1.744792841239609
-12.606952678063104
3.2810799748540833
-30.29463304316658
17.10511523743254
0.1592302135709539
-11.59573280778658
1.0344799724892795
-6.114526897433846
9.519830189789612
-33.140673754611825
-9.717274101378248
-24.61874548102427
-79.2501120739646
-5.66720478765091
-0.07392931846820669
-3.999162103000945
-16.527612978336087
-19.424670886497424
-116.69669030399334
-117.27049948011282
-227.772083619368
-127.91687219054128
-257.6337356085064
-165.75465079363704
-620.6761034982039
-687.3278623061672
-1106.2137780296334
-912.0611825783586
-381.5282476400163
-118.87297450762101
-393.21375765912137
-473.8713623007103
-990.6020380438506
-955.3048061284564
-210.19517238923328
344.2312963037883
413.97103800447553
228.39676957565
116.80560994576012
19.27406769153496
-13.844730139889869
-340.2035505025936
-220.6635481280948
-459.0339585106525
-76.00106100577607
-13.343649120057187
-250.32276937229798
-428.6445716637787
333.36512602794227
303.0356771217143
24.856928250310453
-487.9793601819044
-755.1731198948346
-187.91225004836937
-52.44037877425582
-544.5707268082494
405.7146501534402
190.20799101890353
130.89080474818618
831.2751639494616
8.665038683280905
-485.7756805155492
-68.9946436025999
-284.58288280299865
-219.3202777795171
134.3278878422709
188.3321157634677
148.96977824229657
231.10139438333744
10.526949104703863
-4.059647340989896
-109.6618961384324
79.78305788779585
100.93605523560998
116.62438718100967
303.8612418532076
1764.4487073175387
1097.0148674956208
527.6309674894609
60.99898108029678
38.63839848139162
213.36545733138806
176.6660032941928
57.150456516166344
-18.21057704467188
-111.21463344991822
-75.79394332436891
-19.189919833599507
-28.796607044382966
421.3512211867447
182.28163193582813
0.0014373734481659282
0.47693115905670863
-110.12145306145675
43.20636658887908
25.805555075563326
-30.01883426872958
-513.400229044133
-1224.6224023033803
-743.8811893854435
-313.2179498557262
-466.67068767809434
-529.0869948899261
-453.4519802469532
-222.06661568312063
-580.5407594753665
-1061.7162090543707
-1649.082861593902
-60.0490445307053
-3.274822462126469
-33.133294255820466
335.13353207509766
310.82313633593344
-111.86967530652555
-100.18944353518856
-0.16762866123159678
1404.965478493358
4201.655424391176
629.090984409239
-6.611732378945591
-300.46893565404315
-392.6340072352849
1506.47166310704
63.88244889191
-427.4109850014827
-617.6874737645048
-1671.4666813096542
-2305.944481273632
-697.2291799691282
288.9330334009915
1265.5610929636036
754.1465324302695
207.72140022141224
-24.274289790358967
-314.6191079733476
-241.37496719718126
-3.09734502009471
26.868038608836276
-89.96133420589939
79.01882981632981
86.88793412893128
263.11755061290006
151.87967104138363
9.14838501715612
-214.98293215037995
-900.2687501095714
-339.9267560855008
188.69313636318913
93.02085962161235
-100.63151295683693
-131.01863409737655
55.357639655346645
460.59251967133116
386.5421348652467
549.084437814068
748.4693623956641
1321.988913578582
1300.6778775649377
789.4569728979459
974.9350262093776
479.49375528490526
402.9967535334398
259.48192508648657
546.8409446683287
351.26586886802795
270.31544886783206
233.04571519648704
180.3769241991099
19.941081559860358
0.9680932521626138
91.02800372761543
70.77765345241158
28.046072381682045
38.61978536479013
28.908923309677853
3.1613064666802373
56.39277235335624
24.16746818687264
104.58668172952474
7.20811968957706
18.014550155634975
21.047522848378414
54.7917679847482
18.46810223417183
29.677376842772254
124.39955874317872
40.18114125132919
1.2423273650195688
16.976532598093844
-0.01780128455807603
-35.38176603765904
-220.55533109767532
-304.8116735051898
-161.2181956479646
-39.086610475574275
-23.013923426092237
-21.407891025410784
-1.2599197764635326
51.11512194633661
80.17083539436273
104.17559853883799
100.41593336723517
66.99914027359472
164.8007522088845
68.87460902449554
68.3733431994795
16.22902867233796
7.331258446080767
0.15929424397174632
-1.5888975148940159
-10.438781366154245
-0.050713510439054386
-3.7264630105992165
0.40666843171187117
0.03872988681155711
0.2559076720880503
-2.7727968845819477
-35.34506819090442
-9.976455018673514
-38.060758267140834
54.847512879681034
-15.915679030834301
-11.926215192672851
-106.6749777472695
-174.20080774180062
-347.9942644686205
-416.58211050422995
-268.38913000395115
-748.8506845387982
-761.0382864679946
-703.4517936369261
-958.3475967928464
-774.7600936927629
-730.7731140293741
-1337.0403019031594
-1565.5680739463555
-2033.4261192118138
-1322.1347794212468
-741.570168427327
-889.116498003173
-552.5929096503953
261.44453990704284
3291.0694154282546
5932.2687481325365
3336.745221244455
1553.8045263183444
1701.8077463935288
1527.564754947015
1071.9964453462871
382.7860551109102
62.84588920865512
-0.020532775206769327
-62.20757812844248
-213.63717899797666
-240.29668949999908
-361.11992147424405
-310.95631587614736
-187.1171746512679
-363.26656732212905
-283.565461318413
-658.9297808728202
-1293.7753695357478
-2275.3575303664256
-3228.5856082448727
-4516.310405364274
-3546.195728443609
-3522.830661701156
-1773.7694872283978
0.016469392455880312
299.1583384042111
-46.36408866251948
-393.27761346759553
9.479937523010324
3.495003936501341
2557.3949589690333
1565.6306959294636
14.955217935107381
-3.0548199817836146
203.17127792784163
9.410982695661977
-66.13581654840489
372.2404965403797
839.5125683730633
9.88053237226051
15.434821432241174
2535.2713165371056
1844.7113237892213
801.5283287802522
307.2453343153065
0.7886529554291779
4.850780196331317
-225.5436956008748
-386.2871345498063
536.6678962297444
2676.6361132217576
1397.329807044854
457.3816253332133
41.866607821438386
0.7168284455608109
40.51844169190178
543.3822646853964
526.5135806823959
225.07744965666754
-1.2163167969096735
-19.89265019266948
-61.64218341977448
-340.12727579838895
-571.5596671513283
-1360.7895826353194
-2345.4364221222395
-2680.5925415257293
-6662.597811437374
563.3394791130636
77.94123966540243
-55.10447271165151
-739.2271793747749
-500.7359939341447
-3.9057807343407456
1.69538569096796
-402.8786854692993
-1423.2645454100789
-1474.5080235194348
-5.5259033252313845
-40.027075629372995
-772.393540480107
-116.4420125597
19.691494299855417
-59.43391515479147
162.6164262522525
386.5705422780684
-370.52375287980965
-8.93415375374547e-05
-7.4176704728969485
193.09637100335246
3.2484621388752557
3804.1167578554423
3701.1287480972774
1072.6131503883926
46.3008132338658
44.44558830540011
-17.028337023596574
26.09317470998662
-3.0335072949678494
-176.82450031813906
-1135.1527778638742
-2999.4777519630034
-5732.905737088837
-383.7877648460688
202.35383403628072
-1.7293452306256765
-1.5424732345978045
-0.6958133488426226
17.23099841246047
1.193460435766501
-77.0775960629265
1960.4229504871173
539.1172425836075
23.45140899135103
-9.967638791794283
-1.40676457414292
227.66241703921742
-152.80259232657363
-776.658192750423
-0.2166878207749209
1.204576563766196
-520.0064323879167
-2012.1303392305838
30.48376249711734
-271.6604322355066
-516.9944507476048
-1142.8860339435562
-1220.347462449699
2043.5304128592393
1883.4834828673477
1803.4942457114964
2095.0139542367824
2140.0487264924222
932.6386555713801
92.63079211385795
-239.2468469529603
-840.8814257528804
-4.532165052042921
131.1939026034492
-13.206124973177761
-0.550582640751049
466.90771123798015
372.4212129334783
-727.2007178409269
-707.697018410074
-69.5287157964682
-136.11727142389756
-3.968512009208709
-585.5652900986763
-1015.7003167068085
51.18907500357001
1334.9436120611642
4857.793834755045
1599.6221204164563
165.73044741586173
-8.209883320872944
-337.3223248057453
-96.70648646358754
1096.3826045444125
428.82690350423337
-305.69485014417364
-0.9970693780554134
253.01490349191414
471.7417052762918
269.1906817813182
20.12221649125246
-16.448875139516183
-443.33015475574956
-747.4589169807491
0.7156710272839046
97.02748077510834
487.6372074101394
3.9676601045788455
-1120.543441793112
144.05370311794695
2068.9319231413037
1695.7752754249611
805.5259456336703
227.45111547452
91.93984157167259
92.69156542493766
-3.4803757696779227
379.63076555254554
212.24612663889178
179.04968602242775
151.80224376673252
1.764645330810312e-05
-75.35125542784313
-464.6353173747608
-636.5760334556007
-187.86779909878092
-94.37482367074783
-394.6424957718796
-198.96974494612948
-522.1111376057161
-795.8225572065796
45.00214216676259
3166.555525863482
1638.186694256827
980.0365332752635
605.7003951953307
430.86795030930716
599.2289375644165
458.91645530452143
313.2383608558889
330.51522078261775
239.99966327128408
137.33262501887225
138.54040038339377
35.43292964553563
40.29672625766602
26.894932124619185
11.0271379218911
-0.5545730816350345
-12.316942040285682
-5.068157517343963
-181.63818839497844
-36.19073609399792
-85.07045968346983
-142.9971529837341
-56.37660672802265
-200.52486441295454
-429.4761998258764
-253.93153650894104
-502.7553904571614
-479.6996958042892
-688.6830008744813
-907.515520567453
-1145.170652960879
-56.69134980789775
-50.52588309880481
-1583.1930509601875
-905.67116744066
-222.84643551554433
-679.8641789118174
-1519.4545037879143
-62.99004444915097
9.06351812254999
-30.635852984258907
185.41580958486898
2.8834345172257683
-97.64207271513746
-11.807441954592022
-408.833973705673
1658.4933670392911
1404.9225956310802
1020.5395698012023
671.5130464136867
279.66751736427375
23.969228742592197
-11.785148847586367
-96.43079920536658
70.77806848155116
-4.023735543436031
-3.133500725838862
-8.97160697981954
403.5149234697916
-7.510937148612408
-50.48209606451931
17.96022395153087
179.5863707333665
-14.368759023686128
-171.58885014129726
87.3440862889269
50.43176778681645
37.239153452549246
17.693631205645712
47.98842734650383
851.3538922259484
1984.9069560343696
969.0889683132006
3.5324038481768425
74.16646069999433
359.85161892702104
117.70966880173776
-2.5151593906296412
-487.57221160848246
-1125.018280204617
-259.66285830582234
-245.6557288386564
292.43026049876596
186.51026474749622
98.01190788070744
0.1237609685227141
-92.1554020913261
-256.27831568260274
-329.28777301941983
-1872.654108562477
-1723.76099063652
1.6169439780656287
2234.2390260369298
2778.298192372431
1166.8148506955604
1012.4455040318361
516.9404962679623
251.23562224260104
91.08346631662577
36.79152727487815
32.35039984743732
73.00254582833338
46.13950549114634
-20.53651908841904
-39.85515071764075
-179.77345708015145
-513.7175929285954
-599.8126776790893
-284.5840844473848
-628.9254843880028
-764.6423566763547
-937.8307686010421
-1715.4883625730442
-1805.4754094436034
-1947.2463897068071
-2608.4747605901366
-1565.4857853880026
27.93020258976884
21.04819100839703
228.29742413383542
1293.7255810081574
1266.6005784715885
18.735660189792934
-391.8862985807393
-1426.0671401317245
-2469.2984730637572
472.1436991577932
-2.0188654570985363
-455.69703594200905
-8.824873828491462
207.84894913064295
-8.493579026252917
-827.8693693748522
326.1656425539875
732.9604914630463
550.3247049868685
512.0467187676684
288.1414531388957
93.42486536271407
57.64856873567048
43.50244879745071
884.8524840432239
1168.2102194875822
543.7050046732736
289.45276614351496
252.62080572522362
147.8335755754356
268.0386187281545
254.64816769414975
217.59028611659335
320.9037291178798
137.87401894593057
168.3823721802703
168.56724073597601
47.951906345870384
28.15239014126576
7.419820635844308
17.393644345943944
56.876951811927704
0.018807390079750703
28.632267201219577
22.219129680409328
-4.63614961032658
51.42613108841498
-2.6578666056858156
1.8675080289993455
-0.33774098342472614
-12.589864488847702
-9.39078508884819
-61.005206688708725
-104.7514621362093
-239.58424535214317
-210.0814878233841
-451.98369340839025
-376.99302762173204
-422.1692258075409
-556.4464517743553
-660.8470750273716
-510.0227949675402
-539.4683809836267
-419.21679308542093
-244.28677218226528
-525.3048324617605
-1156.6460905890383
-574.8941752689242
-1037.8390825370266
-1479.8910921114757
-165.66626311133484
187.85616527633883
1637.3792636965466
189.58956134593757
113.86672440290462
61.02600773260273
263.3958418984534
-86.74050241235861
-249.33125953297326
-151.26184978964744
994.2811471212946
3207.3851278351567
3321.0118783858725
1555.1418913416328
1536.4522791018567
805.7091335464273
651.8172525232253
556.4023439909587
533.4410253336393
298.8099253762982
573.3383319144598
281.57470363336273
178.64032763568844
99.45701577366029
106.39906796086484
83.90162440118027
-278.42148952164564
-0.34659480908809887
-3.615818933589713
-27.895014925373058
243.26281566947256
142.0258594919929
72.60789231097309
17.22526364756688
0.8326359513102597
114.56151298214553
57.40014116513824
-0.13720100400245855
0.9388188603050404
-0.0020909684109249567
-39.235569644454166
-43.272938719213414
-68.10015669206456
-42.41842283938003
-273.5521706709095
-276.46580049400666
-304.09426443318023
-655.9678082107341
-881.7768818340178
-1162.9845030316635
-1397.259938950433
-2078.895248217848
-3059.2406407289013
-4276.87152915733
-5121.358413578733
-5270.09642828879
-327.62702659561154
-193.35034199303678
-84.06148508362719
0.013249114389067364
504.4382869600297
294.7541819926571
39.275903775321794
-62.629692100424236
-32.044082680068335
72.55307223287173
3404.2330317492188
1030.9373686416743
302.150379455248
96.23032071738369
431.8591020121537
157.74542590224095
-0.021579912125395798
-781.9777841740383
-676.6219701142314
-187.65529969520446
-152.3547352377654
-11.987702111750341
-37.75842573224049
-373.31790828873125
-594.2603216796892
144.69016285769442
1418.8944952651518
174.67038877617918
-0.7146834804901235
-952.036438399251
901.4767889308878
4986.670465122505
3169.048366087283
2272.3331851416397
1416.4601316534129
1177.9141540548603
572.2943090275061
635.6966280648135
404.522770799563
415.78415279540013
631.4025826055941
469.31700627908197
419.75068052152903
537.8399828606873
460.229374249609
344.7862947433464
405.94727357233273
130.08569906049098
25.858010452485644
21.410005929909076
-6.629208978477028
42.01111104917689
10.685861120552348
-0.3835853520480135
-56.960111009613414
-44.42200767128013
-99.00005570573657
-51.54412993436301
-185.69911301837791
-256.68836592260516
-337.7182723099832
-461.71795162752295
-407.0216756369432
-478.6747200542642
-705.7077312097555
-549.2820904911823
-553.4650298143713
-361.5650414860084
-705.6088819208717
-507.9691633637356
-992.8840527046186
-1315.1456503732475
-1486.3255641479614
-1601.6512474311887
-1513.8218301549255
-919.1189864622846
-1547.7658200524538
-2050.338939643813
987.183064756766
257.3593815049277
-0.9764841217489796
-584.447923693005
116.09781211421912
1992.814940589629
80.0376678658665
-197.44103696985405
1363.5850155257156
763.5692644308228
242.51504319265064
-0.8073796284605207
-76.78826672704425
-277.4333312094193
-1592.0060250932272
7.411367579767929
102.27122958885607
-288.2914570422577
-1636.2368504976835
-2057.4216222359146
1.0275019187344014
3013.6967891755467
1654.738442240152
1597.8364517612154
3307.27012760965
1407.8116051499194
691.2280927060565
149.117044903377
-7.370460372261537
-87.30526050128626
-692.2931553606791
-1403.161916305318
-177.22232192528202
847.0178754119119
855.3231318261039
462.5584738375256
226.14566418104562
146.25005234081965
46.01505242434541
-10.415094005540393
-79.33288598963422
-252.20097121930286
-253.54786211225712
1032.838563766687
94.97828249929756
52.91814093321888
1.1653591079580434
115.14216947734909
37.562453879743444
30.07496580263861
-0.9519713337622692
-3.3751425002325712
-391.86451626739097
-431.1492362223187
-42.195262189511965
1139.8069277669301
873.189712252193
742.4058634791525
479.5326763292576
326.3831243978368
69.67081332718764
10.407218753014382
-17.109869066399618
2.1192230791848283
7.441799813411186
-12.812440008248382
-24.359839379282725
-200.0792836294766
-260.845268472771
-521.435042676084
-940.2642749375254
-1560.1054409726833
-1316.1755268728668
-2181.5690241930797
-3005.9106193667953
-4634.634880319173
-2696.764945707414
-244.82988880269656
-654.700461275296
-1580.6309282160544
-1892.8375334746036
-1752.0068132068538
-403.51218360392613
-102.63382257033942
-52.25569575543511
30.383207268175795
-803.5230459621739
38.63765074058577
48.46489322901599
1465.5895455578366
2509.1576223536313
363.6563784237598
-52.66235197844438
-0.062027566406861266
-175.32752032414518
23.909176497350607
589.1330886484203
1332.0254594129915
281.6353953795726
615.746842553851
123.32452013787966
-110.75052089924313
-1686.5525682304683
533.5163085395928
1024.2348764153876
-76.63876282346995
-273.80029359350226
-165.22845174079748
249.74087288637247
439.15641406659927
2.40673051581799
-11.139763923606214
1761.8633961799896
1663.896728853057
627.0530633249489
-2.0010718753046373
-966.7450694276923
-2229.682058560969
229.92394260463055
395.8620293920466
162.55764622645677
4.914719677768612
-47.154782271144285
0.5413458867239327
1137.8626736969454
65.99693289634402
833.1380339488751
1381.3976112189653
42.9007532652296
-68.22049429091206
-763.7234010338129
-2714.4777607710043
-3245.0001375090396
25.350437420329573
164.43764167462575
502.11499545834715
819.8667229244932
359.0572588250979
-0.14198203489337524
-6.500197582373371
-59.471645669508554
-91.5485449603296
-241.04744383819107
-362.7649691989898
-555.375699269715
-1130.1643391401647
13.359146164008575
685.4874179904316
1987.4850488802028
1058.7898421147738
829.1918578397809
144.22374603275628
149.2282105007578
6.935154556822902
34.78678369782468
-24.303945188909875
-297.0025080185428
-790.4806855011263
-1290.6472135783279
-1438.7827899383592
-1323.4801589146173
-1405.880884051644
-551.2057698416529
1906.5571227138971
1190.1325359068585
279.1698952761672
8.570381580081182
329.2666247796166
618.3214079800143
7.714508421242013
2.140125733034437
-133.18484954507522
-57.36662665877786
857.4521334056894
377.6695279978919
-9.178331373954068
-168.22612491758144
-501.34761429468006
-270.29601768492756
1240.8733734954806
107.82931873928005
-99.80817665458764
-189.19983509625965
1663.0425410985142
264.0814624698601
-356.8964915172472
-643.7694179694422
-2557.00409056065
-41.49360841035373
13.697263259890672
-544.7353986639107
0.5478097190735838
45.86046191041605
-308.9102060262405
330.3120755750649
407.2693511555381
329.76509465183887
221.72515634861588
150.5089885210184
22.91336748232097
103.73576161279169
122.09115060626242
-418.5694683645431
-1690.90454322024
79.26426770839791
346.09031002769973
15.41314514741785
2.035161551245991
-122.46945042654437
-338.22595643407726
-748.009607733828
-2001.6209902336636
-1898.444325031458
-1782.425224201678
-247.25371230849026
399.4941641722567
-30.512634012373454
-29.831145135266986
-2.3172287942232614
-3.837987437036435
482.6105986802727
140.65513856485825
2021.6825377336972
162.58369118978018
-274.4861570458659
-16.478726367792262
122.82123073957973
-85.19461199973179
-1057.6668107490489
1.31834249153344
150.53483796732365
1301.4001301324256
1126.6840798622422
399.8640706090074
107.01858170114266
-29.285765496638927
-122.56240788556711
-975.8372714419692
-821.1312485648389
10.072695930329111
1197.4506195637223
256.45326752374217
303.19149403535243
4503.601032135694
2618.3808685192353
1283.7436644120055
1018.2865536700017
1605.3118263475685
834.9437037318968
1528.3012813987634
739.7808537627634
472.62829459210235
250.53768410233698
75.69021523468665
39.5542362577054
16.053828366530944
85.77726852994127
116.97135739343231
-2.4989371480556475
-204.6907011469116
-239.83796080509933
-595.6112646871882
-2196.133560794012
-2248.4399160785297
-1570.9299939901066
-1480.846876880721
-3141.042467224856
-646.222064084919
-1254.4368528259652
-481.1659454935757
157.96140546515298
1232.065649801583
447.23078205844735
173.99494465244604
8.8476270679286
-4.246747658529557
56.96418961665183
443.0878330888431
69.13902111261154
-117.7075938052684
-1091.4417890148122
-1747.1295859990573
706.0863394270597
1093.6905596626307
-62.98887098174957
-610.2173388655675
936.7973528436509
910.5174800547761
209.09776276229988
56.12503768351043
99.12081072208133
73.74306090828554
189.5471105246637
69.36733553606544
-3.789921552237579
-30.412873195292857
-65.27861271607412
-240.5622316670258
111.47279993443742
421.1995124952248
1688.9482168424752
2280.0421952639326
1454.6499501789656
790.2941159342982
827.6150393823855
455.6280153396563
279.5803807260306
118.3314310746723
74.18142168909091
73.04807465897228
10.6598867542932
44.96507053067732
94.86750664537682
379.0525701862175
366.30706581227855
48.61235346590603
89.98490275675057
28.428199290315135
0.11313501652248018
5.271446175449276
6.483354461261331
1.0181626267470882
-8.75024988233718
-6.281993131599359
-48.43300205120513
-141.59255746533995
-119.27453079002251
-180.1509941670207
-236.68456523195883
-772.397502615656
-565.972020722939
-1042.5433268645097
-1871.0830051954495
-2598.095439149888
-3672.772146212864
-2508.9495754005443
-399.84574997085895
-71.65836712278931
-133.36204405386755
-316.57047267469943
-328.95854663407755
-481.4800224320669
-96.80167131968432
-602.5588145875051
-1224.453558627357
-1703.4434552281255
127.72788040068733
4.3674823104661105
-94.85682714075716
-813.9389103822934
-1034.0834230163605
42.23582480595866
68.62094690630835
312.9344219672044
271.58561070113825
-10.496253480700053
-9.777570506442077
606.5458203877756
163.6960744375181
-86.35756096853714
-1008.5478381839212
-17.01580176456857
79.76138777268525
-10.12757032112595
-163.00373128679428
-533.1430574011307
-908.5150254377693
-1721.1887923515524
7.284856069944013
321.2005282575894
-3.5471703306879556
-674.767809793765
-1510.366167619895
783.1659919028357
1603.3077412143584
2552.358058759639
2377.288913269167
584.9919668057571
172.31078732281338
525.9458081011546
83.54746037984513
-24.83338844623576
-98.85560627219242
-266.95502829602566
-1277.040196967258
249.36018531697587
-19.597208682518193
-369.8572308682148
2030.3732774545178
1810.3304676970274
318.7275556323932
-0.2073860471153791
-77.8618392721423
-340.2173797475695
-781.1365142682919
-4152.980299494218
-1324.1515542615084
-218.84723216633887
-51.394768096928104
20.29086079131758
2703.8390511662747
3095.1375435211903
1342.0196083143376
419.9679048929911
23.665442413603888
42.403753765802975
-5.206848231402167
-97.70488055136823
-417.5423260669632
-847.7517619846856
-1144.366584855878
-108.32807525940508
-613.8068525571148
-51.21421830957611
97.21777874711496
0.024090085375359352
1.1367530335953728
-130.69804115425796
74.99507756520532
831.290702928052
192.08388433532366
-20.802677801051626
-130.44567759411714
-480.4544604133164
-2662.955214233476
-319.35830731983816
-338.7228449574739
-1560.9869768535182
228.28872970699643
1303.001276460523
259.3376904569807
28.85565600949823
-62.62210055363139
29.111123468316222
-3.0651026638924765
-1591.660010955252
-0.0010596119160822606
1068.719136869121
2163.4253688225635
2541.392303828
2042.309276029002
2838.0295874384256
1728.7016086965368
1355.2916250287954
1326.3985846939393
919.5743154175188
467.00468981343846
469.6706261693034
175.94591527259485
45.721371200935806
91.28506449249443
41.21550677320204
3.929089638681142
-2.2045170902014366
-25.298335627130047
-12.915128684092801
-4.648706144555447
-61.98960947587188
-137.35130754186576
-194.37833402298347
-397.5720252549403
-591.2687516588054
-859.408018805985
-575.4928544105171
-1276.70556954008
-426.4627733502165
-384.59885312309405
-832.1181253305216
-673.6734429369446
-1329.7049340082563
-2027.2966728538518
-2028.2329042572364
-617.8910161639287
280.8696220179248
-494.4598668543007
-1269.3276286993448
-749.0317193581179
295.71522972346224
1034.4302467004559
612.9587877386568
24.579997857273426
-499.0483447093953
197.4155802270215
2265.489861306686
525.6538028647819
233.44441023675094
-105.27100528917603
-884.3033944987495
565.0439999382816
1506.0592905751314
639.9026755593272
150.08743057232064
225.14698466789707
555.5877318595697
434.54245303314235
381.9713194085561
25.25330639143656
-23.93512817985313
265.50983204959635
241.3475193923449
181.50643422263266
14.507542054564787
-3.044516197058586
0.440999244942224
-9.254982587662624
-94.36087914594017
-122.43726751015765
-191.7868284973455
-560.547502207289
-539.7632159844699
-1084.5535033355304
-680.2123433489268
995.9276937179106
2035.2800201792425
1169.5742056741765
1001.1476804908524
13.655537390728748
-108.69806518008298
-1264.068257069002
-730.0413359852339
-1223.3704329277987
-1073.7623545380684
536.4349260080903
-0.0005895566002322368
-735.603103859763
-20.66161704507844
-492.9419887190048
262.3442822143793
3053.3591561897524
306.9382981891201
-78.59009457005072
-806.6482174175485
-1943.711655270974
480.7277411872831
1560.6156527831768
1168.3208386607437
455.70195746769923
259.620049321951
145.91399685152024
15.525427442481082
36.48405633336978
157.8912526292013
324.642852670687
140.4293644198156
5.332379454485807
-2.860435588296522
-7.85160454816183
322.51387484482564
81.20460768948854
643.9976409689173
113.9318922656995
-5.712068374428394
-56.12515977855992
-90.52640711823604
-139.31663632633982
-253.42863940787998
-578.4915878313894
-265.63466018797396
-272.0727341617702
-280.2066100929543
-515.6603638400421
-1572.9448467025468
-3208.756283314274
-6557.015452111851
-2226.978562802242
563.3145667476051
1849.0117865244479
1984.3088393387711
577.3444011326612
1970.4116943950737
33.67456541892787
-507.83536381974113
171.33090481647935
2552.6734642436395
3508.885307967794
2588.3483519600213
1619.7904487060819
1306.3274729877458
1349.8570493208101
1481.9531149822644
613.9053823598526
548.5374060854531
462.91011712365054
336.7071899325805
98.39111733975764
142.84886999618223
90.75977557736877
28.70902165486715
-0.007691302027856339
9.179483846175575
-55.89148826841011
1.6323462224599805
-26.441202453305536
-85.40633789419724
-12.45775064526129
-186.87996553103898
-597.2453033481555
-325.10233406642794
-650.6314017404843
-1066.701924919074
-1665.7934318251257
-2505.494109680232
-4127.686924205545
-557.2711552928673
189.8864942543258
373.64379304796057
523.9138994663397
756.7848145134714
595.0274371107987
482.69557130763275
218.94157771179977
353.0050022737603
611.3728295288439
1700.2797122030536
1158.3174807058292
326.05777030976105
525.3108963392526
304.11880440223064
129.52448282390975
117.46392128121462
124.6099002740441
223.466718712379
8.032304245651016
26.35633373768106
15.136394436550473
7.380238787521831
0.6501179429174138
0.08727478582168695
-120.0396888829533
195.65352108198346
-285.5967095178627
-169.1580371541327
-176.75878722596673
2629.806848209097
8758.816313980282
16360.691642866323
37937.30646039003
45849.802825242674
65167.511385642945
70442.6312664034
89315.80386791393
127640.13034920715
135313.78732215022
179263.89700405393
216661.4532038184
235121.7333968403
259265.77651471298
360213.1777188931
379275.48970515747
265027.4067211368
241916.30141145614
250780.46074671863
284941.3429899516
378999.41443187534
378678.44811927143
404614.7013491016
504191.0647955819
475755.78251899465
520723.10669769184
555070.3296834299
544837.7640452392
564358.5597416527
555497.6306115361
630039.7257534344
720211.1732630846
824611.4632842245
779078.320974041
768003.8668321823
821755.0931836138
997254.455869931
1126386.254403092
1337509.3510521152
1754444.3936297616
-2664460.6700000004
-1793920.21
-1707198.8999999997
-1819382.17
-1560355.8699999999
-1559597.4
-1627368.78
-1545840.2000000002
-1345026.7500000005
-1115504.6800000002
-1243655.1899999997
-1013313.47
-41897.310000000005
