344039.68000000005
-134615.78
335748.670437239
-200168.01000000004
-42188.119999999995
-27894.97
-13312.5
-13312.5
-21545.17
-21177.43
-34489.93
-22937.71
-5202.42
-12165.119999999999
-9134.880000000001
-9380.04
-14337.3
-14705.04
0
0
-1269.96
-1392.54
0
0
-1269.96
-1269.96
0
-1392.54
0
0
-2539.92
-7864.92
266557.27802815323
265649.0111749115
285376.40659168875
-175989.21000000002
-89139.91
-78930.32
-90099.73999999999
-55703.09
-64798.990000000005
-36028.01
-12985.520000000002
-25575.160000000003
290500.02278181096
-129816.02
-60580.86
-55252.75
-27178.78
-35535.29
-47959.66
167683.44048369784
-116929.45
117870.39440784445
146324.50008927713
-197621.90000000002
-63627.43
-9508.050000000001
-10722.19
-10145.03
-48403.030000000006
-50679.99
-21746.99
-31448.299999999996
-32784.11
-35030.810000000005
-18892.82
-12093.01
5896.122112376539
1057.2698763006574
2190.57627333848
5457.296681315338
1426.3471436965974
57.40731532174985
467.2725083039341
2.9273511037590745
194.45284774503807
-56.539154926991976
-543.5523774557531
-41.57867111427267
0.19604530371291679
-154.34592470562387
1053.6140033758575
1847.9036800578388
2739.7767789495665
1587.692109991891
1064.645994992758
1188.6370025890212
1227.9718036420502
372.0805596712573
667.069515426552
268.05034913073865
200.79768920394196
373.9747877748388
255.03371431422698
24.49266596000202
66.2887100684335
0.2980575377379091
3.615856799831886
5.37954612152784
46.14469659463575
168.53455731930555
924.0221172653746
1181.071132811323
967.5544665706562
915.2196962266798
837.5548773086098
604.3631006891213
491.4424056135417
338.8664148893509
349.9823518136194
341.14712824238535
326.0034027317475
414.0115430948083
389.78844912822984
413.7645934273745
571.1255509379963
797.6125211778926
225.21230869340673
459.98016162540785
283.33463701705745
374.1148140372012
71.22149045071667
99.98671732603745
-9.881452164517103
-129.5120778920653
-533.6563797186876
-831.8524008378946
-1217.9124879929248
-1531.0585173801958
-1450.2218811877635
-1082.6520638186644
-683.733194272953
-823.3739991339733
-756.8933822893625
-887.5126838286151
-807.1386413492451
-1101.1387476341586
-1357.2102913374179
-1209.3852649342832
-1455.1267327144628
-1306.3898046807612
-206.10500554623434
-74.04807584795168
0.05819230648669089
6.8912108707186075
127.53995155859411
100.88952385782804
50.66993650388174
38.59236700169866
4.304018891531241
-2.873437563734785
-15.033857115472145
-31.648294431451177
-80.23793364759695
-186.47612677260645
-171.6327432279893
-90.79211061752635
424.4886833711676
636.4175297651111
928.5940866866141
302.2441576485563
68.48662643782126
8.717120571409808
0.002058779084762661
-10.664130509480025
829.9118631766803
660.6778318399241
254.8439029418647
141.08899165880362
105.76673179159889
36.49394688693272
1.2512908433475949
-54.396609419426106
-96.6966303158039
-209.13194688346601
-253.76409019685835
-721.005121867677
-777.5132692842099
-451.8946938290486
0.2703493088213218
1252.6704220224535
2240.2373398234995
608.2216325024859
134.3156401917201
0.21128913656337206
-5.363015068368781
-182.89063393160765
-722.1129574299039
-748.8162154547257
-1255.258803200396
-1916.2996476030476
-3710.5776943472597
-1028.3394200012376
-8.100175412405061
-1.5798864923240332
-636.7293964169314
-23.794026468153454
451.7563645471495
289.24261275272113
366.5134395802728
558.4232441587428
1492.459087427692
716.0291975910807
1849.8936001722304
1560.6707490832687
1044.6563318703088
182.83698802112647
-251.2181616910915
-627.1467297090552
-1084.990213974642
-792.6938791971555
-260.3945849581729
-222.20531775949556
-178.32070545541106
23.919349906930684
304.03313240394226
169.50436844905298
285.5509233843673
455.7752980207149
1113.6974615828185
2004.3955985405194
2284.1393861160686
1462.8943552441137
1171.7883326431918
683.7869039039645
628.4866606210195
325.74212798487633
334.65358716978335
97.79341313902887
25.206100595416626
-91.75104591492543
-103.55492483258503
-93.90610822486254
-149.9468165251892
-284.25208978930567
-584.1087877624307
-1171.6276951057573
-1734.350249544813
-468.12311047922117
-38.89860332452458
-889.4473621068427
-3131.1089816795347
160.8396040073115
2327.1395479008606
623.8778264431603
113.78355804130041
175.18467155101615
124.77381911678609
9.170732267268102
-0.46403092386758815
-0.0016975932237390857
-28.915080188450133
-3.530702088618648
-68.25742554463879
-68.41424185911681
-103.68086464322863
-191.1899898307083
-137.79584760997366
-174.01195927611644
-200.0519107563701
-168.99258880235854
104.57851917611133
1253.1637298806918
821.77783341857
758.8757934332378
325.7005021028349
730.730396393487
1354.7265337593847
132.8667675162479
8.301728084555382
-221.0582632738826
-285.62383226739655
-1341.286249939903
-1421.941332482182
-584.9776980360758
-524.4661616683959
-2318.5316648233043
-2128.60002521272
-268.912524107196
-401.78413824383676
4.959433853957036
1.9208716155495946
704.7709823630422
166.56976444767787
85.1091244991434
4.028692235671025
38.15916814948086
1.82553091010461
-100.38614741415736
-205.51690759935298
-361.8416066559969
-1022.3454243212755
-991.4916641214372
-847.5592144292846
-1689.776361274626
-246.0855887025901
-187.24505539016295
-265.8350417875365
-419.9944237929675
-731.3892884031497
-1850.9341037516317
-6117.59195084008
-3137.200689512156
-3302.1200000000003
-11763.429999999998
-23939.899999999998
5758.222968204478
2610.6386966535556
5855.669749048931
896.6255806372006
1427.041896857318
2366.58626234414
504.0937839877414
11.977376029228429
-647.3806148190913
-144.15652677318167
1526.6053238917557
378.3266973302179
-664.5360612588129
-1877.9471854993085
667.507528900493
1304.3707512635237
1065.474865365139
1352.7496669684567
137.38896844944202
637.405914366167
-206.2916928523382
-589.2648566906378
472.81205307018274
575.8296855513347
589.1471146749733
-393.6602349083399
2.545633288757328
-573.0453612418139
-724.9555477943645
272.9617133579252
3093.100154349314
4935.816666765044
2030.7872768380573
989.6973921886706
328.0255722923055
100.03587967515328
4.746861660062308
-176.7363295227788
-232.89097749769536
-1456.9564065123855
-2625.7407032584397
-2313.661943860186
-4887.841627905382
-1337.0165978076545
-1799.2578335270123
-13.54625062826299
815.7557323277595
2040.7816209966695
2431.794525270492
2239.312097405711
1265.4765300815338
1040.4987783048884
804.2098372231811
380.78424755322857
390.1579967714401
284.48809536139726
226.26995022637576
165.51205793666753
20.13502076333296
-0.009102340159054072
247.90302080315936
288.0207705949216
195.25734941381185
86.31041209805939
12.102927404692174
80.45891601114043
9.736933703025302
-9.531858252970338
-57.191719494158534
-1.9896878321730092
-55.628813330245265
-121.8058405161374
-282.4704992657514
-455.3254975524301
-1196.228642930756
-2282.210480141286
-2978.5205430970964
-2069.8881970405087
-1647.119480371297
-109.58813800576715
-3.8702985393950864
-37.04465536519194
-52.02481755200904
-86.66894120661084
-131.30555002596836
-387.3382127711409
-687.3258543845938
-953.8799658871749
-1088.5270284476053
-1000.8846208297217
-869.9318228780801
-308.45821403266757
-537.0610208481531
-75.66601919438077
72.65064552031146
25.087497960088445
976.1196082738524
4795.224452590073
12229.168763439047
7398.148760830228
7075.821209129227
4568.416183302626
3294.210901525659
1272.1754616922822
2307.4213796738013
52.6121303302225
352.27110118631566
1132.0776399641863
2217.446042818724
2361.4910008603056
1160.0098319682027
625.2816146758478
964.6567210062419
809.8056763045035
309.0826540005437
-162.030773492683
-667.5167048590961
-85.29047122489942
-777.3255606110703
-1896.8961897286244
137.16698897521195
2742.192243769789
10305.355698695927
6110.454769685554
9064.620154497143
346.6042171234926
-2787.24
-5733.25
0
0
0
0
0
-176119.71999999997
3196.944470568157
932.9813233774744
494.6377435409283
2642.6884946998157
1191.5647511050952
-38.587887655931695
-1020.1276764338205
0.21473110565791376
1413.2644768447708
47.244498020702935
-33.4381786302367
-362.92713818550754
-305.53540085905456
-100.0008874451819
-136.51182548450504
-356.5628430227131
28.07426842653652
77.29683294095742
401.71414046822366
35.34624166207211
-914.4600369633383
-2236.8955722681067
-4409.605251487739
-592.1999513736577
34.421230028345384
386.1947094552173
840.9638665991274
-1.029377548819303
-630.148700124695
728.1315313118755
4271.997628160717
3531.960345288621
3318.9175561356196
2896.5336781971087
1957.4295025535985
1837.024020386182
1432.2714506338984
877.0639071582087
500.1922528536753
506.8938918487196
224.0632784191771
171.2710766503685
62.270802583775364
16.58484651529447
72.0706731230581
80.12200366586083
16.311535042207502
-1.0706872124548963
-90.90991854194368
-127.5444865789351
-70.91688665397236
-310.82065041467683
-432.4056943966515
-494.98608808443
-713.9151635576725
-967.336845948302
-330.8676812288523
-155.0716984805553
-324.70053720716976
-382.1583890338942
-588.7885388068214
-1178.4595247240954
-2392.241049721584
-605.6812575566007
-291.08118311050185
-135.6795156469196
-776.9045160941641
-1042.7335447743862
-6.106387738143648
-13.2598327454645
-480.842123710506
-498.8298952403078
-2454.3287602589467
265.83748391225964
2055.2989289935945
1533.2624819191853
2897.6830719836166
2439.6342281861203
801.4209317232925
81.02097981025585
-69.56189365743137
-291.8217124496356
-1211.6611780902522
-1541.6863308556306
-157.7875753055305
472.8366683299706
158.1229041208118
-108.41016876304268
67.60995564856721
108.87185753737043
-1.9000957053601304
-23.36395922241188
-287.8884119940843
31.30290028754694
193.37002979148903
99.93329195466221
135.07265598472998
-204.38540131652806
11.790776287011346
602.7544151037133
31.582269311421722
335.0376905057562
-121.31781162202338
-1464.8850283106287
340.09060492614253
12.893281576856863
295.2166859387009
1456.2448409514313
0.004955841886342627
-428.9166996396563
678.1241306492063
27.700296253555795
-576.6101323659007
-245.22762040727588
-3817.4544318936255
-3869.727473469483
-134.97035227782885
-575.7808210983139
117.52336352088057
148.21079707140888
757.9792557717992
292.82723875771626
-8.392460199008113
-867.6800631978234
27.917705125129963
309.5908638757789
1226.16611361686
985.2802452789716
526.1614324352751
476.5481008573481
42.970740366727014
6.928851957163595
-47.14308179699913
2.2969306948735615
7.810293830814707
-44.45561764038644
-342.5858907736386
-594.216914254977
18.47436245151704
-521.4257117672612
-515.9058445401889
-242.74278130203103
-138.74946047689855
0.9161575231476347
32.32500971200623
49.37420404709309
100.41404131856525
515.44529201992
576.1465428953422
221.53215280818216
81.32059021435907
0.013170948753382664
13.585354072809855
394.5267173139151
155.64370467927822
1067.7753379601563
486.00735303681523
50.1362146662876
51.01933301336118
560.2603422118458
-42.95584264704425
-1510.6359086647108
-302.9453605815214
-44.262584429742155
-442.8856824206492
-274.99610724269525
744.1609081015993
-67.67978792959154
-1723.0987947131923
-2824.6749071229915
1345.944773100818
1328.398807931365
1326.0009000666414
1221.6100074813626
1014.6968873472499
1038.302068128731
681.6771972278768
820.1315185413912
1032.6331826477722
815.4870517181698
442.4657444574991
673.9362237801191
280.01694410386733
197.79199932862556
179.88680463952858
78.74844945985285
49.69050019457138
98.8904544767673
43.74278494919681
5.675738491735193
6.09618326105306
0.48891011819426894
-10.68164578870708
2.125477603885683
-29.489431670805345
-45.17786490898564
-30.9311636252342
-1.0133034396203426
-7.702094601692788
-12.741961956309847
-63.23724099491159
-88.84978950729001
-119.79645381881912
-474.505551046065
-320.0774288920053
-408.0421705617641
-1292.572744192295
-1642.4425373815695
-1228.9620160505597
-1028.2299012249912
-867.0319961852676
536.1257330985627
-96.99905545817276
-141.95108212137865
-621.6715455521556
-116.47747284997585
-115.05922108126583
268.0273627634973
581.1861845788623
968.9179450919389
1087.9468804426147
903.555188079439
1032.197045311288
849.2988178945402
811.5317990293809
646.115520049621
393.52198761242755
354.32163646951835
403.1812460597685
96.57951497760907
163.1890757392027
207.32862549249353
74.61390051044279
274.897945031038
172.49351104551639
30.890414387779447
176.91878954261395
50.30971585029623
126.1750883994599
0.2775657794393929
-43.74455290052221
-65.38545132488012
-65.23368104224775
-11.769014074338743
-238.58160791490187
-256.0634411224088
-77.57907941150546
-16.931566217409067
-65.10914319785799
-31.86906224024459
-7.418830719951545
-81.91509974169668
-39.82208667974028
7.52699204501274
12.36558028744845
12.504799714148316
0.16234883442485082
7.045425672641525
8.636259302708634
-1.749258706783198
3.944112338369978
632.5812817774345
733.5207524434824
2259.4838959167737
3174.3020945018
2712.7134320197542
3026.0905856801483
4192.958032244658
6562.768414245251
4510.312384092004
6595.623916903913
5623.369646050656
7271.380352519704
4922.574829758806
9851.885081004824
5090.970670487033
13646.332364810345
5832.299848963723
7190.2110049891335
11931.803079203473
11878.131988871115
7159.29297991537
14371.492487457623
8599.900843586223
11159.160448755676
8685.459513039936
10812.028073031026
13171.9012735498
8132.847614213665
6381.833450602089
6515.964738609577
5573.266453234056
3659.9386191579115
606.0969067717549
8036.815502628335
28853.40326212484
51104.12125941152
61032.94614511578
88600.16573057073
186547.6381447321
165238.85007793678
-194150.36
-161361.96
276013.52681892604
-224608.88
155476.82719271124
199365.96354550685
-156561.41
-94604.11999999998
-86160.24
0
-15757.43
-104541.57999999999
229998.1463554313
-85208.95
-76693.72
-86974.93999999999
-142541.57
-69340.07
-63854.27
-24338.350000000002
-43006.41
-49867.340000000004
-89229.81999999999
-43850.96
-53420.74
-40574.15
-30788.68
-40352.19
-41912.6
-46815.59999999999
-13072.09
0
-23081.64
-71985.61
17926.3341345335
7892.680698222299
5709.318078419727
6671.668949173701
26915.84470200295
22529.17588020347
34453.38606711317
-52711.840000000004
-23510.82
34580.59448991517
76640.97177702114
-230905.62
1870.7640388924326
712.6603606809015
1102.6354648698725
3308.0147261166585
3533.7524717778283
5733.21928274798
1094.0561596948585
43.72461675105142
688.0643794881053
-388.9282613192621
839.5131025846941
11.402327177682748
-608.2434116027216
-784.9984987087558
-1104.928271498079
27.523654015355028
-124.22257139519203
-333.4257284726169
-320.9921253652873
-535.7072446068204
-1780.7164322845583
-650.2801312343055
-323.8276220368111
-0.10563408555379948
-90.67653627937321
-26.47773680614702
1123.2691607679058
803.9230325322073
-42.43214601023146
-1540.5846466696757
-327.3646082946743
-1.422032387064408
0.025771600162361092
939.2841066332408
1050.8677083389541
1672.8191895523023
478.75357749245654
-272.4589761132268
18.231309631065578
22.338015440955864
-431.48533426242943
-957.8492433368942
-894.7083185825977
384.40663499069234
1242.9235718080567
814.9347138386264
1700.5119705762795
1625.3649202563977
1452.9500404012526
834.4643649294237
171.1063770970904
-0.007037866419485359
-91.1288903513794
-144.32511290712563
-203.71107490132775
-670.1112934590138
-1019.0950209472937
-1654.2821626436614
-1802.4399759036162
-1954.4462437425552
-1987.8593913046197
-3736.105942920164
-0.25855420280509533
1057.7396517489337
2227.1424217772756
694.3467115679412
13.970146984320948
-200.17752175378013
-688.5429895864849
-25.081365632222546
-86.56016039706313
-579.8529037761472
23.00995975140512
1163.1247752145598
-306.77792602382596
-7.371567987420094
4.638688710505021
-939.1222566286895
56.16426515372065
166.42006434409802
97.05905323707002
530.9450407003727
4317.666882825717
2465.866225170432
1211.7137670576326
669.6585216593854
397.43240632651583
61.46978888743413
0.3433059558750241
-18.736983962974623
-25.700605097796053
-81.55641410905115
-230.67496578414233
-278.27893932954964
184.81449665519625
381.3708556233976
311.9063380366563
528.3022682827097
655.1860095262615
371.159829887661
61.73920147527153
-2.2923049868217653
-101.06992163011776
-324.9692271291917
-870.1987030476043
-1669.070977793042
-2295.9827084370254
-1672.6168167629821
-2588.1675524428683
-4309.786983515483
-1741.7825145519607
-20.391901390580976
426.08246610835374
542.7344428309068
383.0261245050688
413.140304633503
295.2297618542856
9.715595754921765
59.30101084128181
8.59730350670536
-87.03245631400063
-54.737056553789685
-3.5126895066301773
473.83116026644973
1787.0733161191333
1176.5386022604087
816.0571037797127
921.1654098199199
239.49037014635348
51.6500167427148
87.86687081218898
15.124241855105533
-1.1643809772054472
-111.92751476864841
-17.65873035752758
-65.1684721716834
-130.14698223130364
-822.6656416789701
-812.3405312006378
-1108.7398198978271
-1324.9150933044898
-1486.0163763273554
18.439640908255758
5613.764842286498
1838.1064506150233
173.06625884203768
220.22750101804087
-73.96826907016505
-102.84007733028584
1207.9103566498352
364.5247353531675
549.8813678372658
335.13936193457386
1137.1637943649819
1343.7793178688225
1843.084428622335
1314.580205375994
6046.7594422409875
254.97574274589874
9094.428069579826
1676.4243044902914
19.67221846101592
1784.6575035176786
49.092678130692626
1992.8676615210359
4748.146407166513
1716.460885838093
572.7354865060133
1287.591356144168
310.89258362175156
627.9911804683281
-26.37794157321333
-4.643217792107327
70.00414454884127
10225.031923902197
9780.492645487415
11971.027182882177
13266.401715002314
20874.649128888963
17149.553045367178
24184.86265997024
46804.38976875004
106214.37349560327
-309847.79
-15193.310000000001
-11169.45
-16006.939999999999
-78931.6
49374.85090118236
19982.82211709916
-23566.940000000006
-15068.310000000001
-11481.259999999998
-112635.27
1569.9544770276502
0.11819341009195813
-2185.291415113667
-190.60298856796632
-139.5113147879933
-18.476227502561883
-10.089783201397154
-87.9509688889458
-547.4402023705481
40.95674983782907
98.14050297801448
-15.519449475339558
-304.7702410476711
-21.742350115337103
655.3942810905896
-166.19250018203024
-175.35744163337262
1909.0871591352857
1131.7182354199122
-7.147173665189031
3.4337848013821985
-35.551186067230304
-70.05353617411885
-30.766534212278238
168.36483069387594
-158.26608784412608
-0.6784943844245824
952.1932195883204
-50.360923824455
42.545164043165556
159.79065141708512
362.9702808936322
0.016745058687202462
250.29228336236784
-302.14680908191235
505.3682269855438
443.51787616368165
131.22875084989823
743.3845837900823
10.60180906168737
-287.8568130784987
-1955.5604844918844
-606.3386401069112
-499.75406702273517
-1.6850345755982463
108.49619353121145
122.2813421105936
-675.431936758918
-158.89033077429787
-12.893359409411136
-1046.612083010224
-942.7611203460525
450.5519806933547
118.67902165436523
86.37642662406759
154.85136179429622
175.9582807296494
549.5595876559626
43.167043116324905
130.52662010485136
381.69534731546514
71.9002228163725
0.9545656210434168
139.70561987740973
1206.7992190970563
790.1802858085954
75.2755130669999
2.581065654014475
-246.47177564166836
0.10631752045127604
-155.11582935746108
-200.65506957651212
-25.012087712671807
-176.5184466151208
-218.7813260894043
1092.5545525203913
236.7836297184831
-9.424939499064727
-254.9998793250278
-558.8345222871529
121.40267198722378
33.771033257263085
-77.30437944799756
-112.91055609570053
-132.8178262879143
-918.970500906324
495.0670460737391
359.2925303840989
-378.48910617672396
-143.50533917987664
-1444.7304946082809
-672.1855560859797
10.400702317551904
2545.7088285595282
2211.384525615469
2009.2824763613958
1553.9157716227048
1232.8372321658067
1033.166153000166
434.0179395086762
301.2856259578333
324.9290027927284
126.37029381256875
110.00051603679108
-17.253935532879193
-20.600033579449782
-326.3598221885339
-217.60312107300234
-174.14802566663238
-262.43435124424025
-625.0890048267997
-618.1647942868728
-871.3527165214844
-1588.291668183332
-1739.293533473589
-631.7575058791076
10.756184665432388
227.9520996652553
224.7544254273226
610.348351019203
137.44185098184053
107.52602530095322
544.8064340120125
-407.71910863540813
-829.1266410483865
3253.275302952002
1291.8696343192773
573.6353458461354
191.19037254285902
-64.02290062353342
-643.3747615718169
-1856.6870751131075
-2019.212051033051
-2291.511402339769
-263.31638372814376
-69.37987321734693
0.5475294167961822
0.13429508325382897
116.57076341895193
4.908828075942985
8.418799776057869
-48.509341499829176
19.129099055934493
2720.2021543664905
606.4256407767848
0.012854761078674238
-1147.1495870610445
-36.55073049768313
0.007787930182414669
2829.4815839550515
818.4735401260584
121.17383429466356
-63.59001774241609
-376.82160759172314
-1676.8687617187688
-1273.5876725099374
-80.3499736620505
-119.74540577150336
-407.7118761794449
1969.3748818807092
2120.4830684220115
408.12230364083774
21.38060954372551
151.37756415147038
3881.4103461474424
3072.533756449325
4068.8326687848776
2982.661725321241
1004.1600493068152
803.2624612536458
257.5165572627011
75.4847928881425
-87.02341081217209
-849.9035089878603
-133.67651451111885
-202.87260564120493
-669.8009266538278
-2249.857515621288
-886.0244334018
-1256.6079122792205
-954.8587488351124
-2290.0975903828785
-355.87240340812036
524.4973546199619
193.74187842727756
-14.575235144773425
-18.424186697859717
-3.40128263243569
-41.13090602512835
-951.1959462745976
-812.793407953126
-3302.9237472294244
-2073.221342074615
-282.93743735916775
1156.213280157244
2.1649796198556057
-254.66694518092348
55.92281887984346
-9.398306059220857
-53.35820350694253
-12.53730155519346
-8.758603421487535
-407.7631880468771
-182.217656786706
164.78717517284278
11.862476868154614
-2.676879968841071
-182.94638818651435
-772.4075115404953
-270.2317033655899
460.6139069077183
190.4397411390485
-33.714958795422554
-1041.4865090330984
-103.54987467999987
1152.6811667186105
2642.8979165941055
2064.7025988641576
716.5966159430066
393.93072010723
27.555842289311574
-344.81842523434887
-607.9924175039862
-935.0574948317058
-623.4977516517033
600.2216903112192
186.2913500697319
0.35260406313753856
0.011424874542825323
18.468678384587157
309.53226635761973
-166.06011895832722
-369.3674648682214
28.58510913770612
78.90639346185351
-1098.2371079126049
2.2700243546959897
-2.132538106527567
-11.732942778476712
62.73580270272483
-365.24317177076875
143.69743190251808
-75.47073824177997
-1027.2437781029225
-606.0737910519211
9.858416069486886
236.85908621136426
-400.6333737880026
-1254.0590765368195
-419.2367014962595
443.19556154685074
9.506319052652856
-5.700515452976789
223.06535004918362
225.67884231368876
5.498103427600312
696.5328781821543
168.16040906585326
-838.745240308777
77.08967845160304
1103.5794256388717
1439.3973550798555
693.3126851171651
330.6353641730578
103.58519011025982
35.02505891816896
-56.690361873853384
-252.52852698601453
-293.52712052765185
871.4201059569702
2.5653366826007256
-63.631465127757465
2.963070855001386
367.0889124009347
483.48879057873506
-13.665587359150233
-689.5744058006368
107.67708353485739
1300.208469607027
966.2988733648112
354.38469488157307
273.24921582560455
2.069849972842442
-12.472324090368044
-699.2946379437959
-510.84510461341654
-9.372909644780737
1124.9434574360125
456.7247402130385
443.1159551314647
94.35882388719311
-2681.0172019584984
0.2516878725119206
522.3848758955419
149.6517456170637
46.49687440336218
-29.80877714448588
101.51264177545724
388.9281344029131
76.7530279768279
90.15693168775874
-68.17784190460496
-41.2202221008469
173.196441359404
5948.254298368018
493.8283336222081
25.876013827781215
1696.1109059142286
589.9672646983653
814.0970813508305
295.47471418413517
-14.265482791189866
-33.09013627309718
-2.625951864682979
271.6848860235265
11147.780808395877
28714.498409668016
58173.28415136878
-250004.12000000002
0
-666.79
0
0
0
0
0
6277.385217276666
394.2719113608434
1031.9195831374484
1119.726503402584
5552.750937652651
1203.2123144442594
82.52803606405543
9.408437216788007
-856.7840128333438
-1098.7777767482435
190.6391537142185
416.36518585772853
-39.286489000025405
-119.44501250859052
-365.77778054806936
-1393.7222118542845
-11.229221315536432
-497.3265898638073
-89.34070176093675
-975.4310036492406
1312.8028408061512
659.7703629558838
2166.011231475855
5978.763538879986
3892.1913032286384
4391.3237714775605
2182.8942829272646
1495.358564097258
1391.4988794226713
880.2443464368348
934.8933917247406
865.183691021374
802.1640151845634
323.995010230103
168.05873424653586
203.9714902560433
191.48286011882954
86.99059250701474
6.12285670046698
-52.10421112948139
-62.53950520224006
-8.161769588273843
-16.81696499097947
-35.43755980544924
-270.4477388365488
-329.4034568349299
-466.9978723964993
-797.0101179960091
-1050.0621281899887
-1505.9539921741116
-2207.213130698715
-2516.0421616230046
-3698.0745241121886
-1788.0011315241018
-75.91885309187684
-140.169354340366
-104.66611610008752
847.3749849536005
4155.392364690944
2651.1853257956263
1259.0020469764054
1895.4874582329658
286.63120202373943
-2.1288863260073487
-159.94039672772885
-1893.628063140427
-3983.0729301583156
-3000.3189046387415
-2643.683497838967
932.035922713348
-0.7201468240022324
-491.7133362696279
-1535.260724127561
-197.2136511167559
493.3469283698816
-76.71774930630055
-2428.532991961178
-412.0246637746129
536.9447433170628
605.7728564587542
1715.9969440976881
1715.095661380076
2758.6271269388208
1935.7890078944922
1284.6246427875803
907.5191362300097
650.6829252341206
418.0477918420613
540.008821330046
288.7508713499159
105.9276374640605
23.11312090224522
-33.86735978420602
-463.8833247734775
-318.45841804062724
-464.4082989466207
-532.1917552030081
-1417.5233891590701
-3094.412361614889
-1636.0500228857813
-2633.8765118666774
-255.17127204367708
3162.5352626454014
968.8177282281534
85.71043118148646
-745.6015459428272
-3001.307602551232
-281.07633905749975
810.1620231668694
218.11197816993425
-14.413531340678492
182.82585380500942
36.07204679051082
-0.22909024510020376
99.39460816709197
-32.52899137991183
-183.38911195813978
-581.2263793542631
-1348.6705692894488
-1735.4220495139375
-1651.6097867246258
-400.7906498570868
-0.9102575202548508
-52.662267998743246
3739.276786807486
2134.0328898279604
485.4894279798775
-0.38531913935630574
-361.5119918320084
304.68774289161587
1732.590305874266
1439.2988648213584
712.4320503199069
197.79476647151625
22.575814151595672
-108.3407121023327
366.92681773722836
6414.738741856341
2414.5277244985946
880.9261659433087
106.29635093780611
-63.02154812039828
-152.18640608121603
-460.77611382716134
-1325.042108588043
-1093.846752999903
-2773.7009770200325
-1416.8361841640765
1802.005857791774
2990.815963955157
4109.1349798307165
1949.6157597548224
1014.4667072332933
816.9053488839435
146.61551783996453
163.71749895813466
11.583001068022948
-302.97600545224975
-310.8743570330424
-350.6188259803536
-250.4284459012676
-111.55505965996292
-45.39044547061578
-181.10473873801075
-476.11324400413116
-1603.8183339177428
-444.7770525764377
-251.59296421561157
-51.004738177768665
-325.585488034974
-663.5643894739728
-726.2114814026545
-1000.234434764755
-8.695394741618301
-143.48671315849523
-1395.4500289683338
-3445.2692375259494
-707.8030321651938
123.90433853360307
840.5969455484753
5515.911331501468
2400.1351479085765
563.6967911690631
62.305455499037514
4.207422480439941
-65.58658326046609
-779.5330476043264
-821.5559209714456
-2146.614702961645
-986.1988851935612
-204.09104651139026
-1003.9161430974382
-2062.4109469986643
-3475.0758018061874
-43.40811193176756
0.40534222626673694
-351.88116557314646
-159.1300287082668
-1055.71901989307
83.76407771774596
-58.313798869884266
-119.54561862225016
81.98195468043495
1003.5928283294438
375.22166496279124
152.40554971880437
144.87664311983693
251.5985514847011
105.08696070774796
253.92992439860254
112.11908814353154
77.8586407234095
1064.601495762659
1299.3243696484978
1292.237968262687
971.2576135809434
851.5689566928902
624.5576044939004
826.8726701876102
642.6409520000351
424.6485262258094
778.2873215814868
698.3859950689812
1215.3454326898523
1204.7925925422871
592.5332232020846
767.1515970097278
198.8191434671636
187.41589472154507
177.43926231666237
132.25405096190906
122.69807439302873
42.1074624681653
75.87413629270127
57.577834445912174
109.28126448537554
17.508133560084598
8.275843164260786
10.875352049602773
23.103495863176494
-0.20112090339479277
72.55417225490903
-2.252671427827095
1.231647891956419
-28.616532442037432
32.83682271797535
-12.492628067478686
-19.02884931593684
2.5737854948126433
-13.78158561675273
0.0938354393508259
-8.308107211532253
-19.54775411754652
-16.75909701731875
-14.150319491957978
-25.33456657206351
-0.9598142151463791
-71.44356869855365
-8.825729932570315
-2.382696189919026
0.7223684966040238
8.951820164539592
11.070324523699028
0.22914269161958664
1.8898718238593755
8.488834895796115
-39.496272406724515
-48.008000353164185
-58.22759453870361
-169.34957295670642
-108.89364564428593
-33.50563424597827
-137.5825864320488
-111.3151675237515
-45.128713945908004
-246.21609026726114
-187.56923099596935
-35.66581128171324
-45.33413095961167
-88.7171620519238
-81.06099769684928
-29.598109185028566
-188.91603011735418
-142.82307698242485
-77.67969787100473
-40.93032578104287
-135.4587525880794
-48.2832574274956
-7.540295966163295
-0.6261420637887182
-5.835258549133981
-25.31197958423839
-0.19950760253521233
50.15031913380748
876.5690127414241
2508.145891060585
2607.5912733133746
1736.566897977233
1299.7846744931744
696.4774532815779
379.1125565241708
306.31010959516925
249.1987225156219
186.25084769326713
166.14356876553182
34.283861077473986
3.6210168337350086
-0.005787469738323032
0.2591536312872754
2.042873974960268
-7.293284700452794
-37.519880131667456
-1.0030541513166498
-6.027949256643766
-13.998004200047411
-1.3737619193855268
-0.4731034985157874
-82.56195628252851
-6.091037075417737
-54.64715895720697
1.4334262328206826
-20.220598109785378
-30.827793224817434
0.14359487600927487
-47.49766933413272
-6.8091382551445205
-0.7732380501425224
-28.82182562651645
0.7332661206656665
-19.989263229954883
-9.565929493195455
-81.72331517371651
-25.537626416855748
-37.7495864437624
-29.830633424457687
-34.599167004704306
-135.85202968591256
-45.72336893944317
-299.5607787663952
-36.807866705705855
63.293827612561415
1.7863168910250655
-124.21024975895784
98.4243262795979
255.08879294221228
73.71351477245729
61.75294467656511
-9.91011531521772
-332.1715439588571
-1602.6599090192713
-2658.2372866873857
-2249.801396813641
-1491.127947943092
-727.9224830016781
-348.4330057574681
-1711.6969317186092
52.229856011817176
45.76928754896404
954.3453173274132
1544.3283501542005
1490.8977688240311
746.9123966668483
517.6183125747035
507.43282490233776
291.6827559899309
163.48017049040806
113.07510532016853
44.4975857346815
31.917378701266383
15.443673670787968
-1.9570368333163188
0.04554019278428782
-43.64298033041754
-9.575128257399957
-117.4385579795414
-511.8381088180806
-290.4160684910763
-261.3091069891455
-179.08677520700428
-271.91357992328494
-115.166702944259
-478.64671416695603
-334.24769010795023
-778.8958360408401
-860.171935682128
-1574.1127981083646
-1688.4177043159032
-269.87825378072824
0.0002077389708219197
458.3340314044185
1052.1722445235903
595.3580400513167
684.1608965443095
635.2119034622627
595.5563086146824
692.5953106961786
456.4808847155555
248.79547787578682
227.1791197149941
240.3930685443035
141.15178944569004
70.73933646407949
108.39964096095738
108.86146871205325
0.25217550588217286
0.4453715697847691
-0.38456293671053765
-37.36191490662269
-50.991211320156054
-12.964505932672125
-17.527850486958204
-0.6171318320764609
-39.67899820502831
-2.0026983849984403
1.7884868869858468
233.9867799849619
307.7029351868207
155.77343025062697
135.24103399707496
26.360105272094156
76.79855527092238
39.89313279695265
37.7291485063885
76.99768738238485
85.40639158818648
11.149288450365264
121.54278921153121
20.353730402074124
68.21099002875417
97.96982582659908
46.330862218892655
33.52179341333027
38.83371676869939
93.8633054012781
19.75657335717895
0.878290398416183
15.142313393167782
16.267892695820734
-6.8003479529613
-15.694677252053195
0.007521154636048242
-23.084017662763348
34.03481464217838
0.6712012925910762
0.3750311817308497
-0.2723003998581227
-3.116788752108689
-29.067824991680936
-82.5511586290765
-0.5743711101547051
-10.553689850957968
-13.806238858593318
-0.033207031559699465
2.2977619605742743
3.531147379941715
-33.398360157259816
3.169191170789406
-12.972970179628186
-63.68359281870327
-24.731011848943226
-83.58963626455278
-87.0930152024411
-15.914410612662197
-0.0105492451971376
-8.68723465318929
-58.38851739061876
-3.923821452144277
-34.90784276822902
-16.62489424993828
-43.471699728475784
-13.09038983066658
-25.531899739047
-79.93580352680257
38.424954978729716
2.030660468066342
-28.08384670677617
-128.90505459037732
-121.02839705900433
-153.2459824974932
-297.73574567605726
-365.7683613121993
-486.5533351394818
-941.104924999932
-1207.3973951368175
-1844.1134113253888
-207.51418749600253
0.008710794770917988
195.89695141447163
331.2182454660728
485.3556975478386
485.4290634858877
408.64834629692507
388.198717811875
367.7011236999325
525.5587706991238
371.6791482973057
390.1884752877053
215.12962114496045
276.97639556917966
165.89861729027837
277.40209793749267
164.41728411130256
292.34827534567046
34.35202307247936
25.330219061737296
14.352190904392486
3.5693507638823467
17.5750702731621
1.0531558607107976
-29.327590533426218
-34.05934206528575
-124.10725047452428
-77.03733071791494
-73.97532746970995
-295.9515992927237
-107.15344420240848
-217.24969277214765
-301.0615705350905
-264.18573542020795
-762.9639173723784
-630.1707323552504
-611.4409870540569
-890.2025750174256
-383.54957048273667
-378.72615947382735
14.293313101390373
340.0499290992201
311.2711355788572
328.30116849511523
235.7309187003992
0.8875224761706377
50.48819631324483
24.68547061473065
1.8683396756126316
-25.880072876441673
-17.985502704807548
-35.98973495542401
-101.77356129185432
-168.21642689605196
-76.90006619231983
-305.4020013516695
-461.1501909088062
-574.7192113818567
-777.1751334801708
-586.7333101094317
-362.6422653825074
350.1753956882346
483.50540631229285
498.81119948710574
276.41839927916385
433.7501837972318
287.78530199336717
319.4198849516928
287.73610006339914
319.4686921121897
320.98992301112156
219.90214455459804
512.7924459369823
388.10069744524094
469.59636216115206
437.9605381619003
194.1000419809576
139.458548625942
103.54361696889202
149.4260158826311
59.83228344839404
92.23093139941814
60.586482793891555
51.244215877588005
1.868461098939056
24.91321081397256
-2.0140065528346756
-19.80189410234097
-71.12265961979989
-83.31906386461227
-52.739167038109336
-271.740291086113
-549.9123874848628
-807.7643971331004
-681.7206992632614
-1294.6397133089406
-1440.7040570560278
-1663.72277215056
-2032.3114793958994
-3019.075575094481
-3223.343534784905
-3491.151004636069
-1478.9932817671524
211.4809593175973
2285.673687333288
2245.983322638668
679.447413429717
362.06644315914355
667.6056491865241
402.2166150538251
149.83924256733775
126.1181684096061
54.77231079120047
19.562099145366368
-36.81246874042224
-1.2967287040257764
-103.93876483135229
-206.412636725134
-204.0920447377722
-290.35434471037087
2372.610229480801
3614.0428965685783
3469.0608711019795
2184.156341701948
1752.516975183491
849.9498607081924
240.69142552502265
18.57842264024575
215.83788170918024
18.045463259823777
2.686824249957653
-24.796713653130528
-8.749529935242027
13.297640725511325
-0.4284901804728094
-75.30223074680566
-555.1081603966288
-547.3214226197689
-217.41334409507965
-475.03648840106075
-400.3636273248601
-699.8039222985241
-804.7329255734228
-1025.263859956178
-1442.100869944296
-1925.9121868119848
-2875.7620042897697
-3998.052720756365
-4664.658713691839
-4939.086035239696
-1885.2520942286542
175.95771079528478
1398.2456921543699
114.01126220192798
-28.67213796894379
0.4995894577230301
164.33448905882986
1394.1329540777313
1095.6473449543819
538.8079465735922
1300.7125027497507
3181.606016703312
1955.8554819059345
1505.6224164811977
616.5301956369736
600.2858616485091
369.62951037253436
41.98275117339331
-28.491706529049534
-132.9767380821779
-398.6297082535184
-1074.8730911563966
-532.2862754515156
-44.129572427913544
-84.90718219024014
-236.72426769273892
-206.99400722966226
-5.64963036383405
48.008246983974864
-177.0893840505069
-1597.906128671018
-5831.37123516791
-150.96734500699807
143.40649238818395
2512.38587466193
1556.8224901175595
239.07409608536454
36.622483191301924
32.86240356256611
8.684082268179491
-1016.6737954686012
-3744.228745861901
-2417.7327015437677
1101.8508861150522
109.7747622731707
-320.4261534358779
1786.359864975414
2531.093341187241
1062.9206222831383
299.8761548837962
-7.301117728273298
-419.6672307692314
20.187570368803726
2061.277420740105
1840.6243939698056
1113.8271093131814
969.0241327015696
720.4633903695737
289.6476679752866
40.85961862318786
-3.1783296740848925
-56.65011085918344
-656.854186515425
-381.9403281363532
-323.34430356587234
-350.1682123269073
-740.5912463877422
-1552.7702452209987
-1794.2593016381838
-379.21116855996513
-181.6104705961606
-377.98688219603287
-365.49319635443607
-173.48500498211598
-0.018035568521661674
45.949536407290786
132.85272206242632
-695.7619400699972
271.91450458156606
1734.26726920614
2210.9607477664304
2073.285894636687
1270.208773223237
802.665744469494
198.3667622543702
1.6334279952205382
-169.31015967231883
-590.5066967566067
-1529.8711600762224
-4322.298431510088
-1502.165786289645
53.26295681821165
19.54670605422241
31.901826566682075
0.6440648135970222
-57.20130906247744
-140.20304669869668
-255.15049528270993
-353.49585492190215
-415.7031580665449
-456.2842740354487
-429.35845954110147
-100.03136648085744
458.9858698029394
744.8573910903687
1155.8936186316944
510.3019815419334
835.9070900912748
639.1977131859655
437.6296201806105
649.6503618974816
261.61635378871387
327.7728566581004
266.35399612531955
176.3397413814783
311.80063347581273
122.41841402377004
51.14566255211572
142.31663718122513
23.22749660669094
75.44043500458866
1.2777384071250308
3.674484888501114
13.007312814508294
-0.2626694049129302
2.265339361277952
1.5772445215224824
-7.69837342961721
-3.791176006729021
0.6061311399642695
-23.369791190768776
-4.891362833673672
-22.496027082275813
6.462390424033497
-2.298943581222882
-0.14091376912505937
-25.674417284430703
-16.728209659378702
-14.510184653599977
-14.958682707620687
-14.109939262603234
-63.5580123887624
-19.752308025450677
-9.023977382362933
-3.3849628722846608
-0.05617668008717239
-12.506598633500527
-22.28105261145885
-19.535570732460762
-30.27053846431003
-106.00328235602468
-36.41038463327581
-22.789843944661314
-0.15715117251407412
-118.39219657567794
-152.45863948673772
-130.40467107368735
-265.8784045890812
-256.6638995849204
-262.671483665271
-550.2755057838244
-463.0175025605507
-503.77957991187225
-513.2615007263219
-524.861996933196
-458.139716761395
-210.78850912381367
1.9732520564438611
341.03091124331894
1860.2456710429797
1543.0046011921013
1268.3671411416867
654.6649189350353
325.0002400902935
346.56884059554284
243.3727372648656
95.23417330879836
28.88516151359846
4.728775424004237
34.66370416467396
-27.26108276605711
-68.69238766622755
-199.82989230764798
-159.77608648881449
-442.7273663050147
-722.1790794467973
-1110.968984316612
-1160.9967711051468
-94.37323003035351
-12.884666799579916
-34.170281918232995
248.68051576525235
1027.278674789692
672.2558746424229
822.9485621566839
1086.1733628843833
476.39296780055736
544.412407704288
424.5946198677814
101.51113770636778
319.3341113460697
148.6758754650857
95.03681626117123
33.271922529983
39.894489689023644
-7.2716439361147085
31.061417057036866
1.3149882515224571
27.932984493222893
-13.783942232545403
20.521950619252657
55.60847528339698
21.046508237142046
3.1655883388433286
3.2574909796620646
-6.6648384704116035
0.027362309971943277
-9.81471936008861
-1.326073511422196
-1.5393960902653048
-3.0815782762083703
-40.48350214611486
-70.73835811634865
-32.668500957448515
-86.52502725396337
-31.27233516181344
-29.812433613393246
-3.9875330338295085
-77.27556995953385
-10.710935654996534
1.1911442297387957
12.7648034754957
34.12942966612112
61.441653133760894
98.30505562317735
145.30202556429094
90.00131539625038
20.27445836173164
176.066273710192
34.89015865368161
11.941720567758692
43.60293787520908
99.3305293611493
8.508810978399566
63.1113092411893
48.30933462398443
38.537358363359715
4.93487396610946
4.258591179298436
-15.315022599925612
-10.277426419378076
-16.496061018547874
-34.28713673975318
-271.07165601895844
-134.96385751767332
-192.05103729034624
-243.41063603000023
-463.07999019771523
-452.5762122076519
-682.8103302360666
-543.0156135127831
-1122.3987351451729
-1038.4324261041852
-1474.6317900490044
-972.810509797172
-1184.4108881129862
-838.9438473285404
-717.3634386312633
-0.28456430405915045
893.4064290527144
128.35250930240647
4.518748822388035
59.55147427559425
275.77747144157115
180.742773718494
-3.130791344021255
-95.69969566725219
-419.76653878244593
-1025.3818010076648
-1926.690225107664
-639.3227884894219
-45.06197864297624
-0.43837606661475065
20.451989569516854
2.9588523066110852
37.416754801768825
2.3449766179038383
208.02057596936731
1077.3929946789256
1131.4310088989644
1321.095113086008
644.9318875031875
706.2112992151965
379.68315700398364
483.68866990191896
458.38021893725704
461.89382873208996
517.896593432304
315.605914989995
382.79643400169425
288.94803080973344
227.11085386710403
293.21048506346926
369.21974192807363
80.74183457621666
76.0885977751283
144.48896454958543
-3.723874332809928
107.06009533909861
21.449052347549866
153.21161834076162
67.56380133612599
0.6405968388691261
3.211724096326824
-9.753260002009384
-2.2481791577314367
-21.622351722525394
-21.924275017577244
-101.58793034495575
0.7919447286951965
-23.836050591010647
0.07219118726071015
-3.9873454749836483
-3.093844473459126
-0.9024407879269409
-939.2293273411375
-2463.9637282240174
-3867.967286182602
-6099.300274826583
-6911.710409847161
-5892.057349755056
-3377.5170359482913
3098.81323388742
21907.640142899294
23174.4187755655
46886.399543302796
54970.24120826511
60642.17372738665
63134.69148429507
78040.90990714938
80116.35559395552
96886.68500571448
111201.41667845182
103972.69417731598
120942.84839923849
152330.14846773035
156395.72983085248
162252.7865217722
261881.2129944903
321213.70267054497
426142.7027098306
504504.37698867626
652589.9912141175
687989.290785363
667936.6882824234
598624.6462851255
546215.6869526668
615820.2577346623
536135.3256171783
493652.58013920154
517626.4982629438
501831.1283613766
544815.3012065431
564462.6816115951
602191.2357650193
661088.7149959031
710946.0994879972
772336.3574655065
856643.1234045473
1089859.647104025
1291384.6078965613
1885733.5976602621
-2473213.89
-1599840.9500000004
-1164434.6100000003
-792486.8
-796302.5300000001
-597588.3700000001
-483024.00000000006
-629651.2100000001
-640716.5100000001
-594477.0600000002
-797809.24
-763436.5
-810264.4900000002
-875119.8200000002
-801209.2
-639347.1799999999
-509700.5800000001
-454614.70999999996
-334898.19
-388793.11999999994
-356256.64
-336940.26
-334099.25
-305513.66000000003
-202809.87999999998
-89816.24
-56061.90999999999
-43889.659999999996
-51011.12
-100572.22999999997
-109140.59000000003
-87040.02
-52384.06999999999
-51470.96
-34763.130000000005
-39349.16
-22388.199999999997
-10284.2
-4153.42
-1527.36
0
0
0
0
0
0
0
0
0
0
0
0
0
0
0
0
0
0
0
0
0
0
0
0
0
0
0
0
0
0
0
0
0
0
0
0
0
0
0
0
0
0
0
0
0
0
0
0
0
0
0
0
0
0
0
0
0
