20077.38
10555.904040541645
7201.049188426955
5887.235248083672
3534.766357997621
2946.0909363877026
2091.2728244763566
1893.098494242029
1248.7998074481193
1275.1337217550617
1127.1542486597416
602.9596992519578
522.390908035892
828.8450461177652
453.19416805031324
223.05740436542035
61.49710742541469
7.898023890893715
-48.07219815123048
-168.19154992659992
-390.2406183734427
-766.1662077180156
-800.3319962058495
-1305.2501061506455
-890.3147797472568
-929.7760396721898
-1175.6834517323364
-16.998590541110282
270.2052924721945
628.7321162594383
397.2025139591047
256.3559331624056
-0.9839401201424862
-78.92788507881335
-257.7951511066583
122.46683658345269
705.1186713632221
323.97272956408824
361.82015697461554
171.0229200984977
-0.12216167351832367
-1.098405613112577
261.3542737584679
594.4348533860859
688.4335590613084
293.10249599649353
197.40155493193794
189.42239681983725
60.285767714033625
3.9629279664822854
-43.3752646937789
-5.685231973777125
-57.43716278943832
-237.3470489930745
-359.35474987323613
-597.2437371184571
-820.8557537816041
-1718.9506890286084
-287.3509723994975
-60.87330858113309
-149.88556587068535
-675.8432971908074
-1434.5696709973236
-340.44902940608824
-6.568578280773581
6.510464094003571
9.456323253493025
170.1730752618264
1083.2500458824352
1072.667701544404
755.6588601333792
429.9786904789648
138.91203006415316
31.933585124126683
0.4974670414063477
-83.59750477862667
-190.10107200103465
-108.14743750959495
-148.07713171109026
-20.840595522694844
994.7742674567658
323.2372993384621
-3.7810700656658804
-407.6125590136802
1146.998183065406
973.1472537503878
250.8440100283778
-114.54963830328899
2925.5459887049874
1159.7411167950177
676.3614948888454
1015.385368499523
629.5002104826923
210.79731451706
129.6117312726173
11.122376370150356
324.25964821722164
366.4010996848824
252.0566334794053
51.197342698412285
14.026809389592987
-12.268532869368974
-4.523476396232068
10.829601006219164
-545.0662541205388
-150.9453017761666
-15.716654750319567
3.722679758642029
-10.587705858879112
40.02570604887929
28.304235470106445
-5.211829373872707
-73.81069165099198
-21.86674935086574
-61.44653474989179
-273.0580719162584
-98.14436659538724
-164.68231967155012
-739.9016033744656
-558.7927585724351
-1954.6951121679526
-2508.581780090131
-2259.3057242727255
-1784.5048154206816
-2439.3568267750247
-2245.429915087322
-1958.5744117647087
-2339.15464074626
-3097.5787900867435
-1563.7826691203754
-1733.463990392533
772.7321793203944
290.9711891148522
-534.9805752241614
0.8021736612531483
3159.5881764822216
931.6977465182147
61.3663440845045
-292.29001231957955
-264.476136361308
-165.39829596414836
-588.732192134784
-33.01377594063398
252.1750110513165
277.0114878921956
453.21664188657894
398.21703091537756
126.8126444399796
236.69904573058506
326.24064538739646
268.7788611045071
184.28421440653847
182.9861844102884
307.6869548428772
263.289813848997
281.6770108003259
2808.9137097535267
1141.5102203882052
305.0161540131369
1.4510221429145078
21.622942161779772
31.219745760252355
-14.365527451205008
24.43737648251104
587.5265570024624
233.9985928375595
9.01262587237559
-88.81597137637873
-187.30061924538316
-572.634455702293
-1062.6311606862214
-830.3965248683662
240.65537042899106
2609.131781933108
1674.2123100882966
596.914142171757
539.9995223355043
525.2944013245362
21.900323615744817
145.27273064123113
3.928631093393883
0.3032489445425798
-4.585074318244012
-19.551507827784107
-124.75472831610846
-162.81138422122075
-361.13165687014293
-410.8015001280519
-549.362145488509
-599.8457664188554
-846.6316174234281
-1047.0177254776145
-1640.3334226245913
-1891.6334360580067
-1775.287190710655
-2365.633888881991
-2989.2093533419866
417.5828053994473
-10.255137918648614
-5.680765805239235
15.658543727887373
1127.1819269349126
-0.092920411355509
1125.9286282676042
478.2662692886279
99.23091518300402
-3.18411283032651
-0.0013102382167286919
-16.87743134320711
-656.4279718307813
-2604.6559050545147
-216.43473223302215
-826.6521485339215
-295.16269441951715
121.70633530604182
4193.448761172552
7040.139172438009
3421.0306517177787
2096.3424179910753
1206.6693280751867
1215.4194810756924
580.7918315903291
528.9948367270857
298.7564567020921
89.08867170418061
0.4142298476880869
-4.030502211462603
-13.13132346542352
-95.26619622576426
-175.90607379684124
-407.0845342485486
-915.5352613473642
-1353.9065223080322
-1809.8570917671334
-1358.6363783859567
-10.593454656411787
-482.861451017259
-795.0743260639559
-24.424188946328414
167.92537468877993
3828.4209554555473
1664.9650837651525
681.2043458043634
353.0881724269293
76.19437144120486
63.985537701609694
3.127171487078482
-2.2936036311817656
0.6741084279916264
-106.02035395642497
-201.98542766342248
-464.6263434659721
-271.8219447753535
-38.604596308861225
3.7798762865449618
-77.52862847547536
58.65015252544862
-34.75058292630821
-30.9640659496198
-112.38893150131989
-140.93135253527936
-1.421936191701753
1255.7234013074954
78.72719071545974
-56.32504368530725
-368.1433473932338
-904.0967559029974
-1220.3747364158805
-807.4121985760221
162.20153969553084
144.95483493042684
175.64849342855896
40.904832948544744
0.7743527089110618
-45.97669445253146
58.86153396620833
690.8542047237403
57.64264289275964
-81.55562838266897
-101.61831560874205
-529.6099432976896
-1309.373249706944
-1423.261469370068
2907.2463068386464
1817.2322258639742
1050.362664230283
940.0225836279726
254.82045149463247
113.18684051912442
0.3322817416674668
-220.7686420959059
-383.5606636622772
-887.3433675247331
-9.613192419255013
29.156190371329316
-99.09713525083049
-20.632023133331707
-219.850452425397
-301.5252021731638
-242.88969800451133
-987.0116719955527
-1922.494522234578
-860.0578139003925
-4.022169825302657
152.6698223441859
207.26928548464042
1513.4138122959876
4084.562565188446
2457.8588571012087
1789.1894190630342
692.1590379729175
595.2058670780874
314.72377974683513
98.95298334820146
-6.075945319872677
-48.05897552939809
-103.71317989987817
-345.2587290721922
-565.29105808879
-1249.1225821883922
-603.389235733456
-75.53287823218388
-5.83593028856053
23.582035527238006
1809.1735937434178
1091.059714677273
927.1942289948295
476.88724460527646
350.5401208117509
426.0110557170067
119.15692699140877
108.77850684981632
50.57774776406219
-32.50904001208676
-43.025615904968554
-43.10794646637133
-78.27383348123134
-110.61963074401066
-405.1464618114105
-355.0286981593835
-665.3013481111358
-496.2997974473786
-588.0200123376743
-889.9373670891373
-1306.8976653552677
-890.8266680831658
-401.90468811195706
-745.0839111576564
-1404.2519219289516
-2604.985513347503
-2530.4327483742663
-166.06741043093848
264.4013553005609
454.6111366287755
525.39373730082
146.55299040622754
154.96428834711975
141.46590777648285
1327.4009514480222
1136.2553857277253
80.77586960582826
-89.19606816138187
-642.9085379522386
-66.96006487854899
158.8812472105184
-104.52051004956597
-43.554696663334724
296.7718192087888
2689.9393972217495
3782.979406126995
2174.8472742111817
1382.6903509535528
681.7435704867712
384.07913931004884
174.4465952652148
36.558469561380036
2.0154556002285577
-46.85428556164026
-277.8876886181778
-397.84389794922106
-115.87207972638973
-192.13762868506814
-375.5577637317149
-483.6301059409536
-1866.202658223461
-2083.5399445004914
-297.88373611358
-12.790125220067768
-83.96000942581495
-865.2140450517568
-31.227864460488078
233.32739686748226
1107.132991627228
708.5904516917257
425.0443043645469
42.822517252785126
24.815854201702848
-4.175782582835935
-24.038978809090988
-274.68085818420815
-530.2751081711397
-706.8010811198868
-339.68062704610935
0.3602064877528333
-0.0010033194623801918
-3.1550447188443256
1084.538423950711
192.06906059439152
-0.3325365530104672
-461.08037097175384
-394.97756839353315
-179.12544248725993
-366.4498958469188
-138.03553199160353
54.06571087216242
7.147009437567268
975.9417470054296
1007.7526976395121
862.7667848111951
-25.192286849875817
-159.57759965378307
-538.284380560468
-1549.7719787857693
-1754.7574325011988
-1234.5742903351165
-49.090543982620304
517.3039283733199
1899.1023331293331
1270.8984461723524
612.6673387703842
289.05218199470966
97.99822089620977
0.6774824998156781
96.96068695430466
528.4092312712191
190.59182235126906
413.30803836240335
394.3463649923436
1028.278416293248
521.010752128889
61.30356878158139
8.508582102629106
-1.8666501732059015
-129.56751314538135
-183.53896926232133
-247.14416626190197
-190.5518881319579
-313.5669332439311
-157.50827502309693
-137.95313645751236
38.550269566278175
-75.03221599775256
-204.03630011882552
-24.375506621033633
-63.126797043737525
5.203216781034692
-4.939268459634995
281.7267447947423
767.9291881222913
677.3756542950935
1097.36750000397
805.8324387402802
839.2712272993833
754.4484415437815
979.1564258297572
840.8271912951458
490.6709728570264
423.048778707445
11.804735205996451
97.08150141304921
165.1043796337822
69.54894969108548
0.009819313630245467
-42.05406331407995
-328.2896711034351
-349.08987295366853
-520.7141729929144
-242.74140523593363
-137.2833664736857
-50.35767917202912
-99.2299016035606
-85.77308300373822
-4.317457870941225
-45.51965688688559
0.4241142158374046
-4.716580410748659
70.16467926296605
42.12221787295257
24.091368886546025
4.016628411123384
-2.303608177268644
-12.54946996364447
31.871992558498057
-0.16686763509764238
-27.00107578547978
-37.32878717754543
-59.88087258874481
-53.65511507880728
12.996349033627233
9.075307130014277
11.22156539061805
7.961064728836484
32.38043885249405
0.13361766547652965
28.603024479856266
11.746636569234706
60.32453775549776
3.7138794685706165
84.94460008041786
15.266638452951634
58.23035024500668
25.329574309081814
0.5031514590695377
-0.44562379435634675
18.749682184621292
0.3407536137116627
12.944751430810463
14.594219314733735
-2.5695262714841064e-28
0.9043115382070482
9.113959110994637
-0.5140262582216981
9.096287487460007
0.4598580735496191
-24.275535918386357
-0.5362180013507556
13.63805896911563
3.2798333467022243
14.046621157079256
-6.073424204777826
2.3736150288921345
47.37049742712094
31.61220283535787
-2.5822410812219694
-10.303050495121687
4.9599471698227235
-37.87168741939304
-83.03561483348628
-189.4046723451971
-105.48444920951822
-485.0305630777676
-715.088114404322
-1215.4774457283347
-1101.46703708671
-1332.2773641782494
-1126.4005202707378
-467.1563982025391
-593.9563402480113
-809.9404908291729
-1297.1550807340618
-2351.846462813388
-2580.8818762037954
-880.0368773342394
-18.997405752746534
430.5514730349437
3788.5641600262607
2123.594515068995
437.5022280094426
-159.44123832932064
215.6258131314726
32.22182527886452
-69.47043826560369
-741.4503643042095
-6.419367356732163
1732.705559402652
1227.9655019764348
615.8237070518715
801.5138123110262
1070.0763939582048
877.7624038621866
504.1651733649656
639.2800513943458
440.53866947164283
100.85860632836203
134.4604674857112
45.61323038365858
107.01001258539829
118.84172168421189
9.634267321804012
-1.856435043134974
-76.48945180949379
-13.296122304350705
-55.40620134715326
7.010472508211592
-6.90460089324514
-23.716012052448576
-45.339740249995025
-106.70938822501685
-263.31081892096324
-164.09756737676776
-589.8143348987612
-439.50124812681014
-810.1195073981803
-1449.6175102008015
-1287.0405662887397
-471.27275698709366
-928.4682927141444
-966.4883921389429
-727.8758436308101
-779.2156775756713
-721.5813391524969
-367.09732373113064
-242.79928908052892
-249.3019221561768
-403.5024480363114
-107.31855226713535
-146.80373107329552
-434.8117362449175
-945.4240489952153
-473.9557002434033
-775.2926758089534
-323.05586044284115
-312.3550080012507
567.6807995912629
-10.686064231095976
22.755684597925462
12.723889238210381
29.191763586037176
5.8892150476441305
-31.53796622370739
629.3305345745598
31.90184578670774
-105.68724150858345
-28.19370152372387
119.77964688009467
-12.676994498056002
201.93601916823513
-128.28913503969721
-495.69190269618457
47.741798666876804
686.9185386516365
28.167946336311662
236.25019039246246
817.0851507359855
480.16731283741996
313.20012457525104
12.928172575792715
21.008200049837484
821.586931489702
1373.435660137121
1311.875082820703
888.1357718738426
650.5652123514038
61.63956102304048
-93.23989073003418
-553.5103664428796
-522.3735517850125
-742.3878406979624
-178.23437843305183
-208.24879305513775
-83.48351536721101
-349.721523796629
-473.9271961718346
-479.1088837931397
-0.16631038987774832
4.394778999266022
531.2777323384485
360.99062726913235
-68.86703464768055
-578.2404556156876
-1418.3719340686807
-2293.577823761387
-1661.5475756405924
50.27648736048533
-377.6183812305982
-753.3016481000491
287.1176161149076
575.3144637738543
44.15012727699635
-130.7589264625175
289.1740301231869
1604.6777409112294
87.16565211912761
-7.107591187475362
125.94861869279313
2715.016684265396
2824.4282648995877
1415.1900733384132
830.3943293511213
357.6512436672072
9.77247470633621
3.294779428622805
-78.05243823719394
-355.2137064601579
-1361.407348085295
173.3968989804598
20.89478748708895
-454.84271710100774
-1.7832823521354304
446.66232461083354
-32.1954896364759
-797.9498057615876
-3121.075901002978
-2.448764826995711
171.94815470220794
-5.440560534204315
-719.4643179228402
-576.2107683723237
195.2346228718897
-143.56795557762783
44.951522349803824
-26.26448360096987
-86.09654184218618
1571.3614916299498
2490.3213840602693
1573.96033592537
874.7946161143894
406.5150877625768
255.98161899734393
64.44005499189893
-49.19829865378294
-192.44733109512845
-502.9393122191565
-772.9361204178018
-1394.278030950092
-2715.7277175503395
-600.1762831965667
-504.3008049586517
-380.0129368236808
468.80228512451674
4421.154598882786
1255.4484242098224
434.48002227112465
-71.71727178815848
-113.31644138502298
-398.4345161118763
-1500.8106933638767
-37.68082782113429
-20.147996272899427
-1488.2099284904225
-1798.6260880188152
278.00552657035814
794.2878513798933
652.6851228159222
669.0148774392312
571.5027354066383
6.274902824187279
-418.4248663244006
-900.1607668309164
-1182.389429467687
-89.66878260401063
18.56377500046773
1615.492991366077
907.9812202703831
279.1528275698776
-13.224668787718477
-770.3837916062056
-1055.8189851561583
-28.43908213768794
-265.41775373012945
-1087.5959365567585
-92.96908696468864
-116.61137036784339
-654.96517373755
-377.7100685853403
-163.29774669588795
18.046185490812228
1350.2012374291512
2110.430123784142
1848.7928852612285
1200.7106361126505
1148.6057817708008
1734.944797109336
1575.8641579512723
1478.4549943219336
1907.2045994747536
1411.701435698541
1305.0010953996248
917.939361745414
594.4877451605279
399.67671728446896
144.10746521702612
137.9440323719913
41.14302859501366
111.50108557741336
14.971353770483011
122.03198289888155
50.52954575490976
38.1995641538348
-3.932143153814194
-8.518455639914768
-43.98491500997785
-112.86458553326277
-230.37617973811453
-403.2671483809254
-332.02776883753256
-338.7506318854996
-601.8478603031258
-573.0579974586253
-1359.4381066165313
-1070.0191269454529
-1513.6090714453962
-1726.042691791762
-2377.5004765471276
-1494.126591973518
-990.4465047436997
-452.0417595935399
45.267604363160316
410.54566072069343
-22.444573581658382
-382.7621675916555
-131.51595991031033
819.9180990299324
818.79114349029
9.975956832863869
111.98524840256677
1040.2833939245688
526.6495941993049
73.20954077055362
-0.013531839897249957
-267.13180357153396
-659.5435873747646
-1303.9889506311526
-1096.6149529739407
-824.1200398764763
210.5433542680615
-0.13142213262473967
-13.78725783842528
167.5333800045707
-77.1630883435044
-1277.5945223549008
-1612.668761427858
-402.8572673196365
438.1164495642123
3244.7931367787196
4293.299539822726
2604.1645163734697
1905.6500779653863
384.3780830625006
500.5920629119871
236.41746970976249
290.0823493999293
128.07135384338824
40.251937516789404
1379.173636240989
3257.386041253651
2002.128463464824
734.533606629153
432.46939533477314
59.965535600837086
0.48215112369137414
-4.726458157783942
-73.42933620759597
-114.86331995958221
-206.18865909764827
-659.2689690280498
-322.62943230031556
-150.54046535147847
0.4356053313475111
1.9401133063428944
-305.9434727005331
-811.9090005168346
-2962.167467902493
-2031.0133543422296
-3027.18203388872
-2493.959268621805
2464.521227486107
717.0816020850065
-7.871290080649278
0.16949877942417946
-38.848952635042785
222.87511393272302
366.5373769337024
294.4409582445416
18.40466807881747
-29.397490626749946
-28.17383339225419
-325.474166282493
-68.3018803883955
25.234962675050568
245.30376876269077
1897.7456072823566
622.0936899107714
177.4620856701683
95.26552407405381
32.231207343701456
272.0341969641326
252.61158405805259
-98.76924165748183
-52.37870096138235
0.0975248747149174
15.85377648155209
-10.669744454969516
-3.335409092248947
1.7936215973382075
479.40782049468953
409.4631425436261
541.0143365904322
258.042808422172
107.66344553843815
306.27311824750177
133.54237609004355
37.918885586843516
16.02498215517624
6.64647522079755
366.8504662308566
371.1679879186497
176.5278428686807
50.578936927602385
90.77142545764046
7.538530841373202
104.43963736851721
11.450008755751485
14.748583165392294
86.04516115354733
-4.850112902239333
-1.983730097227395
0.7115670435717312
0.08775197490335178
-32.19688337779645
-18.69997443464729
0.4428722849219089
-11.044921967938762
-58.92573820861338
11.890049269206123
-18.183618967384664
-20.647161806499742
-35.79338885677538
-1.015024658963024
-34.83520184944575
-52.52533031553012
-25.39654591470712
-0.11519572317360904
-0.005716098398003043
-1.5341062346637213
2.3239896838044674
20.652812983794725
35.789930262272954
43.94156944230424
20.633459558088063
51.8039572452177
42.54937843245048
120.84579744969712
24.964903228526634
71.93310162474934
8.78061975409119
16.706841815710284
-0.006239389100525133
-53.932341825733104
-71.24816438778228
-67.32513658167434
-105.21411661955227
-58.93889686765104
-339.8840977258143
-141.7658579658276
-117.17086648528247
-246.493187761245
-117.27306811057557
-304.8245249594387
-288.1442302465962
-251.91638746380036
-389.9061209678461
-518.2229709019268
-758.0193435204841
-1277.5107063619103
-1593.9364030681038
-1379.5074172991572
-1403.2688231550248
-23.389166396587317
670.9364268092479
28.46691161870644
-62.45019115936751
-124.25051740063206
-400.59555266753057
-1334.0650347039398
-2543.5491587913457
-3881.828813742105
-648.1779537394763
-550.0815999020788
152.9278002083044
-201.7756479068833
-2825.094591512089
72.32961454181822
3582.9325320070693
1057.3917766338204
571.5204841144852
121.55133396218201
-119.75460858889821
-1855.2409352761779
-1265.8552502269167
-263.30003466458095
-1757.845179028871
23.198430266206024
448.80922934915685
141.85789007409548
129.24635588183452
1694.0210855533146
1281.3340653031319
744.7878689283119
461.66323985624985
317.17835386551565
0.36906602134392347
97.80322385327085
898.5782575230427
9.455492479780112
3.116956162153038
-19.89184691196019
1.3306711204749742
-311.3361576784228
-755.8711778987881
26.866135672059038
1605.107288051323
1187.1769541177796
674.0321769788392
58.321629320353054
-41.352243571758606
-0.8221947238898863
101.88767202112413
275.8730475022589
94.08907230515229
41.31177199202375
-30.510728745690503
-379.9113970488243
-748.587026696948
729.011139602105
276.4072597518646
-121.8696926084638
-847.4965248071821
4.364926792796515
90.72968113274169
40.53709048960898
2.3915160276435863
-45.47873031536942
-455.8609695026804
-912.9584322828603
-1565.6970894650033
-3391.600854006503
-1860.8095734178378
5.358316324094685
1.1891359784267455
5.894155251328413
62.780508055477185
-16.418617845569564
0.13121708776437027
-8.64793330247917
-3.7282948703182055
1.9383631368523568
-191.63050209200622
-1637.0103121441343
-1130.6278957548118
-109.79418632198771
-21.78916796758525
11.021166611223023
4.669482360286114
473.6802433066003
1145.1925057930912
350.7572290692472
20.81800849773155
3447.3764328481957
981.8587653123479
179.06382236677146
34.93533252488605
27.288016142266397
-71.39955944278765
-730.8727442317456
-254.7815512303162
-210.80471773214748
165.7930747251161
3166.7417448607976
3663.794616945597
3454.5524721784313
1596.2495287808204
1287.9302571299022
978.7745053186957
685.1197409350725
547.0545105107784
177.72230774899873
130.54783009175856
89.13250591946094
139.99040196507434
-0.43997017967930124
-28.633131261251318
-16.47463414576361
-54.31136329282503
-205.0459067823721
-314.2257187486041
-495.42706779008535
-1224.2741264069532
-1533.317259493013
-2184.385005640581
-1423.8754686964758
-1879.6585918415835
-2420.5935754319526
-3813.7160024776595
-2911.0115792860925
-1918.1431517214314
-1695.8588459155615
-0.003683791628369013
5943.937278033565
2647.673307662244
1069.5435461896493
458.85729931549486
101.86926977374588
3.457023835410059
-43.31498558282623
-138.0762191085916
-254.4818601755614
-672.7574762237717
-1576.5699738347594
-245.0551943130315
-369.8097022318336
-404.9818435857055
-78.50788261798012
85.29999712024984
-468.82630427162337
-2346.314416892241
-36.343893497368555
-594.4356610592745
138.44650890997076
684.3061170842527
1423.885818561162
847.8369859238267
385.63356010979766
19.514786817056162
33.11788700254837
2215.243176366848
876.4572162585359
4.076377080939475
9.848375028487993
-33.28245229841796
232.25802075625418
18.94918642941874
-183.9955017317429
-109.9891378916381
-331.1539673672511
372.30501877606736
301.4978673008172
7.325943875688011
-69.18281382224657
-587.9223188665462
-1580.5212933421158
-4380.689995866369
-3337.6330839832162
-80.3071846849958
224.26163567286034
707.8169197776417
490.9819464402168
1157.1998966861522
208.8381773868885
-35.3697433612704
-39.48138985054996
-153.9810432347582
89.5564936778715
50.905215931474594
72.09383591003228
27.967478981909654
0.5433651186445538
25.2781325129194
46.87967254721789
311.77483890746237
303.61186172836597
565.2753163043876
220.29950758676014
4.218728334530307
-28.754784932926498
-855.6391002067288
-3279.044061473639
-2870.133477752228
-865.8628637238482
-149.82789658386753
820.2283738314022
1804.037782497817
2154.4149508662485
3062.7285147388875
3168.9508929735507
2821.923419148123
2692.812494149738
3938.487703569756
2589.8899641442104
1049.7212060836105
882.9631537356254
326.4739704012871
142.71305564948455
10.046289371626461
-49.47639602015589
-160.40300987157713
50.23483760759221
17.038185384820792
26.581860791513975
2.612247425412573
-0.9378711965810711
-39.54553503167906
-2.0646258954932457
-24.382411262874243
-89.40177270879812
-440.23123402325666
-221.87483450598563
-334.4837395658196
-295.8264085637219
-519.086045488689
-1042.4327120492703
-1182.3290073894623
-1884.2615493440908
-3615.771463573822
-373.20776923870693
-823.808150833802
-2183.096274351603
-3223.0504194927184
-5415.929711608904
-3567.3012511632446
-978.6774018710037
-0.2871929871246758
46.93381487664785
356.1739940086555
939.8633123066122
591.1331045001839
954.7228942874726
995.8517601909913
1237.51583284616
69.46489645432749
-31.685896160102153
-29.390902880154403
1010.6204250048856
5519.011830867765
2481.228030276356
1732.7117167078309
1250.9065608341893
766.2152750541272
399.8715620271591
880.6385762735362
484.8564373873037
158.99709209096102
182.09146833686412
0.1705243726324479
-238.45485937508218
-751.044976262498
-1640.1571091050491
-4008.8843163108677
-7496.690540178479
-2568.384025657054
-622.7799902933746
-89.26526384987605
5.476278134674409
-19.538111965731314
174.6116633076561
209.3213258362225
-5.592408491735225
-315.02616150330766
-1373.6392560779116
-2625.3296732478775
-1232.6035075556695
-243.75942148859087
-237.28899199791482
-1025.5307496580167
0.11078208881736246
959.0594942695474
4350.471655296171
2569.655969317456
3582.89027493713
1944.2261003930487
2031.3060842327754
1052.8418454654766
1282.8369968117945
992.7623122258602
918.8861972057302
653.4428378962475
230.78054826862822
66.5231122816624
46.31521454367677
-6.8720857021838775
1.0303573540410504
58.76175751319518
1433.7423341093631
1097.1984499171629
398.1740956605917
29.770273728728792
-0.00038552581866314086
-45.39604914900255
-80.46170855568576
-285.5138398898484
-648.9451716493325
-1653.6616518600022
-1903.4849615660419
-629.740841681942
-93.47926722842172
-573.0189135215264
-1194.1642554175144
-1123.6479332267606
-884.5042249760526
-701.572871262609
-214.43070437201075
185.59628326723146
126.90875414288799
1300.9525668734525
1484.6691986656388
1431.5960714165215
582.3398295582108
410.5941359539554
393.6666834697931
348.5489965299451
435.69154206371076
760.5723835257905
1346.056268343721
1263.7084184328692
1135.7593490141865
544.6747597109695
387.84943746209854
258.1113466477092
240.6597646450231
-2.000761854835422
0.5614697932249963
56.10936102626074
448.0904562636324
279.9474880882644
287.31149456083944
90.79485924979006
-21.819434586421842
12.69863576959126
-14.576536132020394
-22.56907762952922
-25.344704680038564
-40.41929641382609
-522.0833191095844
-474.42930208936946
-427.56711593453304
-388.25726252060997
-577.8050909806964
-892.1764658199553
-1256.7960571080487
-2058.8025912869953
-2697.9263384678425
-3280.49582853504
-4618.752736669558
-1135.593813175809
764.9471371046841
1005.5278121467387
563.4354930380781
531.6686965848326
184.14691021444088
27.27538130995556
16.111555299394986
-84.84405930539411
-421.8786110403901
-388.2198800917954
-171.85731733417475
22.084311508060857
988.8006863386572
278.3989966733677
82.18793227225657
30.02737333516414
-12.4764300268325
-33.10635782452782
10.363963298028395
-0.1342367345945387
102.12671386298939
455.43559643438203
203.89602401384846
13.333286993481307
7.0600248723110495
-7.479772032405165
-138.8487209215774
-189.33979819475866
-267.96396744145807
-433.030845526274
-168.0202061081115
27.247988333375538
61.2484997842878
0.0015719416589517119
-134.18688254706868
-320.0842700854813
31.278910245984186
153.2647655003578
-3.0448178927531098
-208.7223900983317
-474.2221155529418
-213.14668129888247
-135.49462404169057
-788.571206808364
-1674.4128082453208
-3093.492688033204
-1951.3774015247197
984.6742388648415
540.1638742265741
1057.102284098578
188.01827990061656
0.12901983877642495
-23.98472498220776
-326.7904349010352
-533.5713987430884
-1110.2347977893419
-2180.990001646148
-4738.809599177564
-7132.59133812027
-965.9285339841388
-57.6454529738665
1384.8164250423345
2795.715530007243
1826.377610955552
1275.9203942461731
181.65272180276077
-27.42570624931639
-348.4366003713652
-88.54551941055638
1.849804272626585
762.565156272879
680.3062123445875
69.29817856499785
1423.474845384201
2794.0911368203383
1399.2888935633432
1126.299965972527
827.2839986724098
298.44492597572093
192.57380165007984
44.556433392856576
0.03591133425622292
73.4165179883294
-3.888621254253553
-64.33518593607056
-124.96269492853543
-266.97757356796336
-712.9200020689264
-1380.6043286984072
-1510.1426817643815
-2102.4811933120336
-4434.366812732465
-4115.813268948863
-376.6263352068397
3585.0765514101554
438.8566406701212
219.82006004586134
-1.3976880961323481
-392.7954357909708
-4.648154257577804
1189.423697992572
1246.0765752230134
707.7641250955168
-299.52883344005045
869.354908902714
428.2647320648728
1960.4299839378828
447.54251238269353
4210.566517193758
4337.166866636344
6959.780938801524
10304.389743828731
10489.066577370191
26823.93237140725
46420.519998127565
62689.58986724855
121740.33553034475
-426369.22
774.3486731508331
-25.285501828747684
-946.779486283032
-1286.3807200316137
-157.01434922208796
-4.554569307477621
-680.7978576079852
-816.6905296844516
-642.6415288648868
-1053.4492139107226
1098.6620561482973
4600.100964813398
4294.867592223667
3175.268349763517
3398.138905725692
2802.9149394662863
2681.6390478935027
2175.863757533455
1463.5303689360744
1495.8720393347044
861.7456433031757
894.7810914993927
733.647453059329
785.8604964591367
713.6191683837042
576.2537522306334
410.93498526170583
382.6052660702608
248.52929214205994
174.20184035071713
150.50476176043043
76.10882155096138
33.52777877848585
17.68414577554013
3.2643752144227944
0.011127950716895908
-16.87397711855523
-22.833369392724617
-113.98683240920532
-48.520962950048954
-116.3547138744969
-179.51630837937594
-217.97842931289284
-505.4736933935243
-818.3574913974428
-831.2403358085242
-1425.6707289512929
-2361.907022497374
-3659.394553366134
-1390.8472736595145
-863.1818360811562
-525.6847494967178
-538.3175572243636
-655.7660270278099
-591.2250606980441
-589.3499446849858
-31.63111546922248
1118.7827995987504
517.7855066219014
188.56381092522773
49.99112549631184
113.07978509614308
11.197089200996208
-23.123622304860152
-324.59062214298814
-890.7777060116739
-339.1102824808981
-1.7760085227005449
1508.425069017028
1832.6370906153384
595.8317010495309
313.6838415285324
2971.51569731824
2323.421342740226
1375.4054587349035
835.310999947124
794.4504900840153
592.8511444556678
225.36165633467033
218.07060696130623
149.8303623004374
8.34470835614268
-0.35390878987634267
-26.435002532139798
-88.80382678974952
-169.8005548419027
-307.65100131362914
-566.4438999856371
-768.4439120028546
-766.7410495669234
-935.5112143205664
-1399.593927110137
-368.6750054534104
-232.41234166577345
20.176533311707125
0.44603038204752643
-14.666614301453205
-84.27134408762424
-263.7474353342071
-254.05853023008143
-235.14569309365123
465.1655322701016
969.3886249959057
475.23655444749625
-17.397144904858713
-421.24228624959017
-428.0895776014166
-378.5341652445444
-240.25354788859795
74.16638166195638
80.71756664327054
-3.024246877892432
-17.915247722823764
118.16745808445984
634.2026649749669
589.798849927513
715.9133888478709
137.59451107768496
37.456650318121284
23.442328440319667
-80.87084105168387
-219.38937640183326
-721.7525828265842
-874.6442104925135
1345.642755796236
1484.939653235179
1241.016633946874
818.9946871925923
1594.4058295058676
1108.21977771177
601.1999836577932
305.3408858057333
219.43775302581054
53.01388715584968
8.207610927621886
-2.8707656792593674
-65.91015798760789
-205.1717249312014
-214.651552907978
-274.72899870597837
-593.6424132809274
-591.04110775465
-1034.384853992053
-1700.6836599329008
-662.6138760876589
-1497.4744781330726
-3053.006903527041
-3285.2756853125284
-421.27094767845364
74.29285205595693
-247.6252174081311
-137.42457938812154
26.227117218793932
896.7324628207323
1581.9660463173968
0.28667383733050184
-171.80167597146297
-818.0848176817913
-378.84180789115976
-163.8648035179455
2.2146566620821857
224.3328190024903
801.7722669590325
719.1412913317865
403.912476026602
214.31364008593118
107.67092930462785
34.60470870172045
30.026276044024
-30.160622027319143
-1.4852300466470116
-90.31644450363586
473.9128808553015
2139.0978108640443
1086.13007806232
410.56452215454493
99.72767339548498
57.55217240867983
-5.456115365348527
-96.25686981290593
-65.74056634229447
0.4281037862262535
-162.75768453417334
-420.5960473528749
-197.94966651480496
-569.1942320387129
-1361.6754034562114
-1254.8874651158712
-1229.811306639012
-1452.7679316769375
-1365.0935069056459
-2475.652868484959
187.6225478496833
-72.74517592145992
-1062.5644010201888
-4021.6570961867596
-3960.2915373250257
0.14171807858060614
-11.699754260283774
1865.5966902512446
2215.506342587607
4.250253116654543
-114.14630244255291
-42.2799495723657
-836.9483776155739
0
-19749.97
-44.608402893259736
-8.606095826438928
-1291.4370214895584
-1611.8983546572813
1410.270592567214
250.13057825771764
269.49379874054466
23.365481853628303
393.37937412596693
199.21730632461592
-308.1210352130055
-642.7794911742201
300.93697009260995
10.924130574064556
1955.787815386721
741.4785177243098
-261.7426578013684
-3193.148996593709
324.3689781562439
847.0195068544427
602.9974382759865
-12.619702237837418
323.95876491550297
2674.326490613715
4531.1900864813815
2136.457021216949
768.6392987180105
76.8976707425534
-39.768525880335794
-155.1346460490298
-374.6996850355223
-2109.3036809479336
-682.0099775310841
-145.75749621233467
-192.49145437914729
335.30652893781485
423.0352490882388
4.197345298369987
3.893515961695688
51.40771889395868
1867.1293698408567
755.8041084070936
50.60878084166444
-138.7637281164193
-688.3203403297501
-446.46279099869633
-126.52339617227558
21.100677248136467
-17.284854924022028
-195.48130766713322
-106.11527154009153
-15.286764392421883
-118.3301679149861
-240.44328492514842
-269.5116344880949
-136.49986625735804
-779.130266638777
228.14818690808397
1718.4401339704925
2797.252964147341
2428.7762967776052
687.8795582515685
436.6428709350274
-1.675741405211764
-1235.2146569137099
-130.67549216128089
2904.9274733298425
1649.8382445321217
772.915399785209
229.8889182709073
52.46646325912815
-68.53383915338037
-328.62832619409255
-1249.2472475054697
-2667.0184991321385
25.492090894491426
128.15553266036727
436.2161153928162
497.9569156803608
62.38158328396256
-88.06069397464323
-521.0724640086338
-395.3722253701975
-152.2217377606646
672.2783576029136
51.26211762842423
87.0519073448837
-14.574705161354117
-196.76284016083554
-1103.6986542410496
-64.0240776471924
640.6382973177556
2177.0820031902226
534.9753180994783
116.51829755857727
157.26015673799105
8.555641077719532
-33.03338562967231
-74.3340728826376
-371.8113045492839
-95.94909670998595
-1343.5295768934434
-4743.522627455683
38.67959101772759
350.34982542058845
0.004648700598081549
-154.54516133259352
-326.9803481863247
-150.31703586652375
106.23259489970512
315.8012806987563
287.39209154537025
-49.25706010492354
-169.21250450995598
-16.62795939640661
-675.6969485466161
-457.0442034714538
-236.16057039870378
-144.58225369924673
234.91541383225098
-1.3285417168908737
589.7624520583581
793.1103945133588
401.0555042506059
97.33600676272881
-37.64785069368945
-80.00080248820645
-70.09937293062288
9.916682273906687
934.124807543895
1955.3877368996666
1109.6950578091814
618.4820180964122
227.60960580826105
94.36746580090211
-10.262936208921122
-395.6125687021224
-1366.4923870739103
-1939.4656348113836
-2255.5848058076526
-391.3956920490068
0.07086515903980153
-608.818037983433
-1195.1712374054023
10.38381305537343
106.77242360120377
-224.25447617345975
-1040.7806497772528
-825.4657591047107
-14.641695651297375
64.05445455001576
-10.405262194495608
-107.24407164325305
26.4886770658257
402.7979105509474
-3.729896956243046
-217.37697489900273
-221.98669211454077
-43.926866379287304
-13.64078662026816
-97.4768569464429
-0.8531555185186046
-154.91108074680525
-286.7152342728041
-451.61494258086407
-2490.3254291397448
-1707.6890064428153
-210.93099918301795
1053.7030146614447
1838.166398190667
2149.984595224498
738.5650718919626
0.44847205677532886
4545.360449823137
5489.42129397574
4215.044247605164
3699.0510764976752
2398.171110299646
1861.319173606451
1934.3505903471096
1254.1594212515483
1126.422238266723
1001.054180985348
543.5171538802416
613.3932967085376
709.9386546773001
612.4472336855133
411.78819815996485
312.107042535394
228.90392567432482
297.24894815294726
221.66327554681317
84.52119383319183
96.82066253976444
314.61241222173607
55.485248965683866
45.79239783651683
164.5229796710227
149.67403435345005
233.1509476955539
67.85014431438401
39.51904884665344
-111.3947540167681
-353.85828460546315
-567.3375309042682
-1331.6764317305624
-2601.031528619614
-211.92772506788035
-145.0756189267908
-74.37535295408665
-35.991198725733
-80.11178072929815
-101.71165818436607
-3.6614920275350262
-146.89404116598388
-119.32166093945864
-55.83745537677976
-82.36828591227237
-72.28228913557818
-151.54873901005996
-248.70296505232236
-187.2461809985635
-756.4692927398871
-699.2537546172637
-1589.225916955694
-3168.8105833652944
-4137.133568926964
-147.49925584994156
425.56091949870023
1.9282628656727996
-179.83856439127626
-114.77107209859945
263.20199388910777
322.1610364709069
327.24539445038624
336.8970246161725
190.96359732359497
58.868038023187225
0.010576510377400357
29.37882821347608
-0.2818448269681972
-26.504111333690037
-70.24555284021528
-193.97928388227692
-441.4838450273429
-2.2156288667865702
34.44135898962732
814.7044067569427
537.2421926531981
281.6593291908862
38.7276014294227
-15.6293414623952
-344.0820310314267
-834.8656854129978
-865.7294775250039
-0.1743806100153306
-9.204880607796541
-5.69192480589967
-42.89140171345079
100.11232795322012
117.29099028576174
254.4597593342129
362.902132998334
235.55307926679941
718.982879333852
1007.2345233566706
877.8250923121881
921.6520735049828
261.6176932973323
144.74535134384877
72.62256040408255
48.41723038000741
20.920978442842088
15.88474330112102
5.868983605904441
11.78651735601532
5.319988753951428
-26.885020434701975
17.718177083682107
0.8121903258266253
11.955080253440872
-18.83954845658238
2.2823087576747425
-0.04622897773237518
-2.993979382729575
-3.6583628183458097
0.07315754395370014
11.381572717146353
-7.713274028952386
0.22685456000624493
-19.56223026787072
-114.33227553618171
-130.5524597221802
-199.1924359662623
-553.6377019365382
-748.0131226580422
-192.60229444503491
-18.396669439663786
-1.9459435289021711
-6.830203187323803
67.321817293565
127.53411134903644
849.0130645080307
406.4674917601305
502.030658159497
190.58101594557374
492.45558665420884
31.307118047189668
18.875293985831544
-15.789648562313523
-10.769921775701325
-39.927787664467395
-2.3241095085496077
2.1112483857152355
0.011816208169989276
0.3999638207358354
-0.6165779873196747
7.698802632360519
32.35137182110276
46.8838880556007
161.32082925627458
201.5747420639476
164.74380753913474
688.6972805557654
332.465366669533
262.24158150267647
225.43127319545388
29.304738907379896
0.012609895426186036
-12.816808044897071
-135.3154993857958
-51.083367489497114
-505.994247594428
-354.36507095571517
-143.8186954140123
-465.3175953721351
-478.2996104009649
-614.9571236239552
-827.756390255488
-113.45501736333352
-10.946201904405783
-71.00883801215062
-18.880622996442515
-0.3659605228769721
2.207359486091497
12.16921760472987
1.8216951033059647
-20.363545207929707
-0.15552621918883888
-17.230496873875868
-25.543150781020284
-3.487337363810105
-37.310979697880114
-0.49448368759274636
-6.185938202422226
-0.41313843491154556
-21.58787652784923
-28.58088764745149
-97.42396599253323
-80.56765423260964
-180.90820161863587
-179.13548056465024
-294.78024619043765
-401.3218631703553
-515.7411081256124
-574.6700463694375
-43.74913555419362
312.09691294384874
152.06373446645082
390.118645786287
441.3973423495037
278.65184105163854
246.44853122957312
59.50037461401203
128.8037240102696
26.405726646539513
4.5203918145593605
-39.370216272870444
-75.39094913512918
-134.47925007287176
-324.38674417239844
-348.1097948322523
-513.485720623721
-462.66746995811457
-293.7329881981295
-442.7024436267409
-265.93319527388337
-583.2764439619095
-1040.1493258225069
-712.2813315127754
531.9417614032246
727.8168573529156
373.2253535281513
63.71423069568404
-17.797983355855038
-195.56462443004503
-488.3838404892809
-871.9038028240784
-869.044160873263
-679.7913562245252
-1104.427435415279
-704.8943529926908
-296.8586267283515
-940.6018982952612
-0.01575087034086494
-13.143354971335404
87.36966668494328
106.02061855168975
283.07791556283195
224.05160175749137
-0.06929204690111836
-3.4162839904470514
1907.0112035973184
719.9501083285784
1256.8224888087796
171.74172926885558
-150.47568849369304
-796.4765991289746
-2372.9538057964946
188.42156792146164
384.3126482841603
403.86066460852146
45.4509480904046
-144.6741848349123
-1570.6661980488927
-2144.619974946122
-837.3575434105061
-741.877788420791
-39.047267405845815
704.7255056486747
764.3186181109968
2940.8288054739487
1105.1307317780083
1100.4682865391505
632.1551896691192
406.81719274125686
776.7598178506047
10.342909773589708
-44.94866393750646
-254.18535838698676
-1066.8910067487109
-8.842591873972822
7.525095420912762
1288.8946193000797
2563.895475053753
2293.5510224490645
1837.4483922775262
1801.4726861791796
932.9349343194357
629.0105289130848
140.33713848879424
188.05967748991208
71.57338076907028
108.73861322238173
73.74819269234429
103.5263092022137
116.08690010396383
91.29126611815059
138.9572775338408
249.73644872911936
24.26015789844039
2.253699787058873
-4.385422288182995
-137.53919863833585
-239.0356864016025
-299.3478653792693
-393.4215595364644
-351.087982150251
-13.410942477140118
5.380582015149869
51.564415802937205
1.884989475512346
106.34501097229587
-0.8780396427548913
8.403526161310507
21.45923109294708
16.925219441712798
11.482770963077758
0.45916678142496264
12.20230833924373
-2.07722656629394
3.7881542649261117
-0.6313935616074129
-8.217442854118957
3.014044216910448
-0.3557956774866592
-2.2433883189801724
-42.815595107028955
-2.9888735633212002
-1.4511772399843024
0.5716693912808061
7.176200262513884
59.27878099856417
60.92342783021346
233.4225810055051
48.210799714001766
109.05697086342887
11.074202816488897
8.809009125389572
3.103588589324084
-0.5203987188146092
35.639834808372996
45.71964228029916
339.57647750193564
231.92642479759866
118.03144981165093
23.406052502256998
-4.318795275910566
-14.699056441803076
-173.5050945654276
-496.09721888538957
-610.7047432544177
-870.8262056597952
-954.9804164468718
-1569.6861037547783
-2284.754291530886
-556.4434297883573
-427.10796197300294
-658.3810273315582
-501.87540656344544
-690.1110963370112
-753.4880514573592
-851.4194769925464
-195.41628526656663
1131.7075941015692
834.8681278855901
333.32131681298756
189.7621980466427
595.1210178258187
399.9937713801096
176.14408947186035
-0.0013613363856812438
-40.19127284487946
-114.54311304082238
-164.14853480699998
-730.1550981217927
-947.1381552737234
-2098.5977083803887
-1878.636473232062
-466.7899037706371
124.2342375885025
434.0280759609794
716.3510203270415
430.7923825341394
741.115799792547
598.1220772031685
276.644387742056
138.92343397385653
163.45916572466098
26.052401612394863
63.64896162753037
46.98548865662604
66.88973318399621
41.23937785762655
136.10165805785945
475.12072072493805
747.899868465882
464.2860468251592
376.74735806009164
279.4763376065092
188.16700382094962
93.90133770658446
150.40497912716654
176.78962132018745
201.04509086513707
134.25370959349993
305.7595864623625
228.42467474725936
203.46529287556626
73.67405511461712
13.9209077173689
-88.35313282029168
-27.030531362981186
-41.052365595148075
-266.58115171481916
-168.7538415490863
-173.9911767049806
-170.42029689095554
-166.03321950272243
-62.80233854074877
-53.528705430508666
-98.67559926602223
-47.201617054793026
-64.55799059266153
-150.686402205799
-209.9836289851078
-51.549272225480806
-60.961077601181806
-104.16951937813322
-119.63373857041208
-61.733726848080124
-1.947832411214783
-2.0281984067214323
13.38519855832249
13.873043163713788
69.28100103693275
-0.31305382561796236
115.76159574404572
-0.2307204175452207
23.66523995741562
111.63756238812927
18.39235983851547
24.19356292759592
209.4844995511757
146.3655690325745
292.7974014991248
29.691016301542724
60.67090593904463
-2.048223516137095
6.374452782783717
-7.855266886057547
-0.005073295471574427
-41.649096189409846
-95.01815917641268
-56.12982970015065
-75.35720942569667
-137.95771397722388
-151.2612981179568
-86.55091047833864
-184.01824367218467
-175.86825310870654
-5.922808123883151
3.768368134288266
3.627300248705301
31.192714157227073
4.3398633204247465
0.0009792229826262539
13.508139566914188
2.093814249245573
-1.2254017094243852
-2.9744341637293408
-1.6174587040560582
-86.70239689648572
-140.38725131818802
-133.8378927645815
-151.19416909701425
-118.89830668407085
-438.8641705866275
-412.78918711606207
-143.20450187688738
-543.2381401541077
-441.95009561629513
-36.442559245495715
0.8950594649415875
-33.75205807058758
-4.197715160116757
-192.70771680763875
-376.95589925996865
-550.4034003474702
-1205.8543502596858
-1583.6344006120728
-1469.6307063665713
-1772.5924129296989
-1900.1744508848378
-2253.5897320727445
-3543.8657712577196
-1979.618831021146
1213.7873682911822
1813.1002652032564
169.51766399273305
-82.4711611787724
225.8294902325761
1254.8761364050388
581.3363003767269
12.094474051468426
-125.36557710637648
130.87868222187308
706.9568372550332
311.56700002580124
31.850304870491883
-27.0581645663922
-418.2267558365711
44.25446709477496
1683.905675689804
653.0556329468551
54.75615316965479
3.0741571387640914
-1.7474911754133695
-262.71737431826557
-1416.7759925784349
-290.26989962820625
-2.490149650759494
697.9896382350961
6.966543371485484
-31.794946329777474
-97.32956401652586
-95.68722081958121
-216.5188073653366
-728.6353253967108
-259.1175396781866
-18.380893904892204
185.65441717849208
2.8574953427250103
-5.42261168362354
671.9632717600185
491.72192766982994
-3.5412201161554857
9.368022774570916
88.63287282993025
-10.722750346742801
-514.8912674560448
-1505.9372987073475
140.214673239555
2036.8406087845142
2188.091961735846
1488.5017571259095
907.9114357394584
581.3880145299092
246.72394773720077
273.3407594804019
7.142342907713566
-48.18735349787906
-232.71467039861517
-661.5000753216866
-1626.1175269253054
-10.112481880946287
30.810661472925275
-51.20031647591732
-692.9844124339392
-101.0515732686054
-101.54876795541772
-954.9418140896521
-350.01598165397536
739.6270878749069
948.5523356959357
400.76250167832535
424.32375679547135
479.33323902285446
243.75994302607393
352.06889042274327
232.52054618527458
346.27554401301086
219.51821073725566
143.8895309671302
33.8584447294431
120.18105463355222
55.24831572130627
149.59627316590104
371.44798404580274
1478.3132215298347
1852.8881332647093
997.0465514040279
419.75107850570885
226.12937257738065
197.77805881014314
118.63011544081016
20.771801059174294
37.693078285126916
47.962430706733755
-2.5381267780650876
4.002156763976925
3.0751842663860525
6.728969041178326
5.89637851852945
-33.6862729979523
-22.86760885190347
-6.399807114190394
-6.476425933141446
-58.77556430652691
-0.025254900201322924
210.86664575235972
131.39450327667714
10.549835311769545
22.93949734461223
9.993583262435209
-94.77764752224266
-336.43244007739617
-1233.3066260149276
-1697.0261509124434
-1648.2318960881028
-1338.4672974556618
-1542.7043721200505
-1079.8188587677575
-570.9456658494415
-408.99247129120664
-211.5610626993623
-200.93489703363548
-175.26333909189526
-46.954577286145266
-101.07767517900302
-0.0011548996152296773
-47.34594005981761
-103.32149748510366
-411.2869930803943
-128.57032595477216
258.8241242846828
190.3402548172225
121.22739581472975
156.06130794336028
21.84232901331185
22.654181317299848
17.6733265496199
0.40669295176168313
-55.1789189747449
-26.220852069157704
-19.716806758196658
-1.3926771025494775
-63.37343319916637
1162.1203389347354
1278.6551237150998
357.56929811822806
61.37037345885996
23.486283885593267
2747.007512432018
1430.9617386751852
808.8412090190427
467.1461247147954
343.2853677941302
158.01788789425012
77.41554993405151
45.888868230152234
0.302541692151546
-15.328851159986472
-91.52471899197448
-211.31771545711678
-347.9760885917647
-758.7264029640029
-834.9232191125343
-1504.9990432513287
-1647.5979030261378
-663.3631273142875
-447.0944297618554
-200.83303423316642
-84.1632677861126
-186.88666717880176
-115.41718355588253
-1015.73250037787
-683.5522788276727
-1429.8410668335325
-1209.2878563565012
-74.53038825463018
712.9092478894552
412.19853549409686
368.4476130113403
444.7763249799168
362.1619489603977
36.37061584793385
-102.48635772478332
-746.4254681735135
-1772.4561067568952
-720.3630694834177
590.1462434633538
7.85990922051677
-189.88752799386162
-266.51088373492576
-102.93275506293855
-17.811945460657515
821.3063801946045
137.39726174998364
340.6431587705231
221.36938038589247
72.28752884404719
-140.16351911390302
-744.660859464525
-663.8114652190272
-1034.0447038570323
19.205891577747174
264.8328631146762
1058.6489550317663
537.7940579470626
405.2038953460776
247.94164145107987
5.47463286715107
13.96133620586804
-124.48772071415567
-228.3248338583664
-961.3680647742368
-2242.41736364842
1107.9895580240043
2150.7892422406458
1312.3127499979628
389.1015964534635
157.20169220929495
489.7740257998296
284.2520147005623
57.01474174109683
255.31177236887174
639.7290977483531
441.44099012152196
474.8060719242277
567.2020326694333
300.95268695302747
103.4640362840214
21.36948591104546
17.610391828046495
-0.05067690850579514
-134.5050528639147
-87.22524134419311
4.778983870585877
-37.2231071452797
-268.06973583204734
-513.1072390821715
-1118.6964573575697
-1203.1336308828024
-746.956745227855
-887.9123038304542
-2261.0857636455385
-4630.29139972439
-3281.1251453171044
-440.6385585888089
-10.72161687647585
4.4517441141757805
416.41587657879313
-2.6441307669327863
55.85511533764124
90.23594420019344
-51.8491154272336
-18.538607010136726
68.84347381460971
-106.47966759392432
-614.0246800187717
-1232.2337940472194
-191.14778446878725
843.7309942095316
81.75949786699437
-308.53281373154823
-36.1141133398457
902.1371524813006
486.6119698592247
110.26486363115819
-37.77201596043953
-1541.3491252884198
-483.6899581784649
-4.987962084681784
-1.0930055238214005
3.4999382275265605
-433.75346559308105
-316.4162104975192
-240.8149629203754
208.64118753620724
458.79838201736817
660.3235576762477
-7.470434818091
-2.3723875790963627
284.3598948491175
-54.12279500876646
-124.62900899882258
-32.256482150679346
9.540963226638228
-1.596721411365781
-192.06758403536887
355.6256270276256
56.725618874232005
37.74419152607441
87.82607572219156
314.2234705848226
666.9070573970806
-25.263305180415106
-379.15506983513944
-1866.610719068471
-1474.3053136748163
1025.1755573957182
435.6904720026607
34.41878856718158
2120.1254889832194
419.61165461978084
-135.4934600700367
5.68170935939496
650.8418343453402
897.6679853693042
-0.915461850655654
-353.65606920174673
-2424.360822025128
-212.87724165240417
297.64954807780873
1119.2964025801775
840.6130553771708
142.95268411035084
-518.3251436385336
79.19745950812137
0.2255543366280475
-1044.579072020878
-65.10384571752691
-2.835341491690545
886.2392040899712
-7.663501215813885
-248.73067267041642
-797.2981561466931
1128.812751430819
58.943794969002255
0.1984700206640579
137.84375030539974
-172.14966648602865
-37.2660022389401
1001.046655094465
459.1649327477619
67.36168187603414
-445.627120559317
-354.77502248224783
-624.325191585879
155.55826590807192
-15.105667934081207
-1129.2363525660085
-330.517029688241
1636.5121237934532
2.091201632598037
-147.72124618046206
-437.12626373915236
-667.9100640339167
23.46933643912299
337.87445098774117
-19.757094933822927
70.23181808813064
-545.0911974376636
-2166.912708056494
-24.242984331155878
-496.69887935197653
-0.5537460870657392
788.1916188247442
-155.33411920453145
341.27403148862595
239.50592450907817
286.05101029427544
267.4503880869362
40.27675755960319
-2.6037380262915746
27.346035324913494
2.332394823231037
-64.13873709676157
-1310.5517169333916
-1028.7702782490398
341.72004053220337
2657.538044146825
603.5010338300999
-0.19466682768131136
-217.46318578298528
1691.6576425060962
1883.3813369329087
1207.1518657451807
185.82721605095787
-5.98877941580159
-5.914498571994146
-1.7963735101889307
-98.23395437456674
27.12597658835859
275.8940168366012
1249.2578887049408
1705.1095107735728
2684.661045022065
1384.2694720691456
1078.519779805482
627.7923693280092
102.78847740457093
-32.55682423952295
-100.52596609497424
-245.1822964587619
-467.1013920477999
-645.3913419482072
-1181.4862885688472
-857.5369491461659
-1228.3268529901666
-3983.0402341414224
9.212911003819414
2859.371541798646
1944.8861494228945
509.71288923804246
200.49690069478942
1472.987100507199
937.6502902420605
284.36467224474575
29.601963992438243
0.3500503991445484
-60.526345722585326
-412.8558738806849
-648.4931077648982
-826.7907737534922
-293.5724582480938
407.77608095688294
1380.6494838205715
63.015490644449386
-253.4354653997993
-973.8021180605381
-2075.8734432424835
-3043.493651477862
-2579.617849343863
-1958.1440446480747
-1672.8932726874218
-278.83249384661804
-15.14361492019137
133.07483384753897
987.8132523009199
2063.775805490917
3223.324073118654
2172.5945631723607
2344.2294537045377
570.3609689406214
276.36074221755246
267.5956597634757
86.03308512852841
358.60858901544566
134.91895688704795
-0.27393610318597394
159.9831394427737
32.30551032489318
977.1991940449768
366.25671899397446
59.65288565216177
0.0015854763110704942
-162.748053712393
-594.6812903543569
-1368.2964607452195
-2224.0187745812445
-201.1132505201281
-381.25097294250236
-138.75299342761014
678.6577049414477
671.4711335290898
667.8309171052568
566.2332914137834
856.4422318478042
924.3546860734683
466.4406562488513
437.60669275047474
577.458569354186
132.04803641254574
296.06989740983107
174.02445510001397
65.86095873982893
12.844927664631228
1.8002909544163401
14.175532373961518
23.743801230531613
5.1811593695217475
0.8216199452997804
-1.5452046806703836
0.677728040527471
-9.913828293944096
-9.07678286028533
-11.052351535768782
8.29220123471837
244.87675123643623
235.91647440608475
79.56187658367264
0.9109815986149734
-8.509878685321016
-41.23665227743962
-99.1895151845383
-180.2958151439534
-119.56758585559746
-151.84189679302756
-535.203920522798
-224.84888232564953
-531.4003833026629
-599.6917518668135
-619.4357455268383
-1312.3578993828614
-459.9580532226422
-32.952237817038935
11.477603180980424
34.92811677911071
-11.583880557504934
-19.49440267638027
-28.13120883018302
-49.0463063484518
-151.91499646649103
-278.9660226328414
-258.267704032918
-211.8528810260862
-1063.3913058552805
0
-698.0472221572202
-1137.2338529201656
-1508.691214359874
-755.3682723837983
-276.09049326582686
1.8259658739595714
394.82381195202845
4064.6108627925287
2245.7537396190874
920.9743977973158
137.28791760318842
102.24154436922072
85.03676607528335
-45.024966593163754
-90.28488130049332
5.8866544449934395
-2.254208850856516
-653.5090568747307
-664.0405368736061
3572.170420646534
2907.716608603836
1492.5929887563925
1363.7295053592707
1236.3289416917119
803.7055544633747
351.8985445259153
319.510526328735
354.92246071511744
289.21559577484174
212.3559583751733
312.652031686667
133.70288747353192
22.804438896583527
25.70699324112349
8.727034433145354
0.5213940359223085
103.0592912838508
25.541779624393875
65.01788967049366
0.9688520988807451
42.72582248900977
0.12600508868948762
58.20851253113403
7.846812653861204
-0.005856435707732864
51.102664402398496
-2.4007300232387676
61.49213864365528
25.3025637423462
1.1704750287061008
68.56233054632607
42.60654079207608
14.405740679818576
62.84467320894257
66.77369571987123
58.20223551692533
17.85130869606105
-1.4650217233351606
-190.2749866668164
-609.3277849448029
-334.06443889971695
-355.71254778682083
-414.253370863989
-142.07046490420743
-291.8597103908498
-201.1318194056301
-219.29623363576587
-161.23665810863292
-34.752888555514005
-15.19329728019638
-83.57438854146045
-1.9043914743048287
1.0393613278834064
-0.35116925973936114
2.0548433216164326
22.455918549346986
53.6941439973789
111.54728474626015
265.43305163005925
309.5244271368839
4.271472812986644
625.3290500761275
131.3597609589698
167.17628223893374
188.40642564029906
247.17072637534645
336.5272646275418
83.24849502125656
64.79205778871903
160.9292737240482
-1.338244718888117
117.6541033351524
15.867192807110985
36.59001580124409
17.051699119468815
135.07794630255302
9.175048213611175
29.368487162551443
1.0887374795019356
20.22530630655899
-16.83907896168513
-1.502482074188414
4.615422707981541
3.287320935988107
-2.3107511066430404
3.718853080954884
-77.81861402953898
-238.44372307113687
-541.0648911864236
-926.1002686768664
-1169.51234408178
-476.3737812299625
-426.2706835813575
-472.18769628626114
-775.563030225921
-848.0068732706836
-781.6134278232331
-67.24388648683818
-338.72230036606936
-370.41549594906536
-567.7843662943717
-806.4688601752899
-1552.0344050917345
-1307.9957124194395
-1869.0665309793287
-3393.5958183805806
-2643.093249225614
156.53266481845927
3048.018190227896
997.2736681894776
104.38708785440961
20.409391233508867
-136.39105674020186
-457.3571232950172
-1945.8919957873468
-4410.8717994812
-6461.566672524525
-3261.932207485197
-401.6464397602879
440.6338944237203
135.80757248657073
540.1179776578608
124.29016332950708
156.08968987224353
30.630159553927037
-11.045007783010995
-72.96927942367962
-173.8582932858411
-766.4769535011733
-2289.536609617332
-1859.0983735082002
0.0017531040224532494
2781.098387768322
955.2318992807774
19.543288908700596
15.615692240003327
-257.2936140101515
-1918.1319446487296
-1105.2175611110902
82.0429777015434
2704.6567008058573
1300.8880056806602
567.8026208385579
-2.077350325204888
-693.0432480558519
-658.1166227968052
166.6906885678005
4331.178354718123
3646.8003604541977
1464.430079844462
606.865904332015
230.31264507780867
-0.2883529428296777
-2.118692193527998
-110.63424581144571
-635.7985178991698
-1017.65667655796
-717.2391391667582
-520.4406847514174
-119.25418980925033
-277.7677494009298
390.69565855563707
56.24326790300949
-187.00072187159088
-726.2957045281858
-2068.4797768058734
576.5654985841197
913.6085431391701
741.3353927124834
934.2330338378707
3.0632742667612476
-239.13511523257205
-399.87294784280334
218.79326889562887
-39.04807202606406
-279.72002015496906
-482.2237563010701
-1888.6984892450857
-6558.714442984925
-1635.3795825469424
-199.930934335582
916.5941560153053
4316.52507801964
1062.561373941503
28.536241167650957
-546.4038880704514
21.89781429631418
318.2862593219538
1935.4074004865747
2419.3837252313574
297.44693182694664
29.426411931332712
-93.88015986517652
-831.066699760411
-283.4183605341237
504.87872613158765
2076.5738875553075
1707.4511929833475
924.7831479248123
383.65324822567675
176.05191514152784
0.43570480314113635
-61.02687241975828
-213.7095559276214
-777.3119583187133
-1311.4818149163245
85.92102231132479
202.08355032182976
-89.98379837171044
-402.1289012288698
-1430.8988620884663
728.9586112995491
1427.4991615835797
7.141843791234693
-139.0389393545072
-536.3986056471973
-0.27216160370849424
673.4908784887425
-0.016021432360517347
-170.469805080528
-1417.9317861105803
-3179.8268981941255
369.18975527236614
302.9658379984778
-1.1197317934911637
-155.74630711435077
-115.28544296531162
-0.41484512208618857
-19.10059052709776
-180.28111429169434
-90.83015499287521
-55.81954783582795
1699.0277856828397
1061.7883343022852
-24.069404342860917
-381.68946610029525
-5.822981999758954
-59.14372963086136
-192.24587071048413
23.33156994692323
-98.09710578010562
-142.76123214083765
-42.79838911280973
-681.6720975959846
-522.2923098937335
425.5516952198669
1507.8757997415744
174.0663317411247
-0.5165576686631994
208.9151588116095
-45.744472130380004
-782.8204721056381
-1170.024450663373
461.3153627048895
429.90880335328137
-1.261353645112877
-151.3705887774827
-0.1298623620295412
-517.213258770216
-2584.718533183728
-1706.5425827066065
-126.66543947868644
2338.170286759491
3097.9322752843564
2876.3633460185547
2674.9943413171977
3087.418243102713
2125.5210097817194
1435.3069294695522
1103.28389494031
590.7534490696773
496.29528393218555
382.3431995023533
194.38182602808416
141.9572931773025
17.17888486667379
-10.064327696241627
-0.4216392793116155
-7.510461050036962
-122.45697076096374
-97.70229348699432
-230.71740535448896
-496.2324289977722
-645.8999521892448
3.2767915532501073
236.28780649135362
8.66063541230142
-28.960519862197053
-251.9226130477325
-991.34803948255
-806.5737612383831
-738.3278572712106
-1038.8889376392603
-1632.913625429685
-143.0330759812598
-0.15333706559957316
349.09572610121575
201.59824933951109
1162.3119146667864
1587.0489521581687
524.10069045058
244.4224580803768
18.091527509833377
-0.24249033324119265
-68.72429309167775
-112.44080535061653
-378.8416366045709
-387.8100455285209
-473.10777601044373
-10.898347939673277
-309.7912654245014
-1357.6387555209528
-3033.4113746788244
-1368.9476505289501
-1298.476908771902
930.1707207651721
703.605229615293
189.62331390690505
112.57839081679576
1976.3855289608694
287.7280827868839
81.83439270370833
223.8028474226248
-3.3337440568990733
-717.1492009282058
-360.96837923417394
238.44561618822848
-1.3951591226754938
-173.12910399452687
-25.565558941250668
28.58277082552077
-0.0020379182806039174
38.5953674108039
-213.49739383035705
-1603.5094897635881
300.38832126993464
20.144170557899454
740.2609516844735
986.2379386958869
1451.0680766011437
836.9624830918856
90.55594957102026
-4.216125462182813
-198.02765326021157
-980.9955546417559
-435.0665380147127
231.0281544693484
3.282422137124641
8.127671827667523
-111.28647555654415
-10.76676489745747
1227.4866356252337
343.72587265640163
29.361301742984985
-58.82095885346911
-449.7829393341219
-953.508712400666
-1720.2502421388076
-10.036026161041551
-151.17638379007255
-368.54820656795494
-21.60827922199865
59.99374767559746
-784.1060300545143
-386.75913862130716
-369.8478889708286
482.21149566147403
693.968276557779
1432.3486676147095
1280.6548313857465
456.861411288552
18.636895657592042
105.7861536816328
1575.198756224151
2547.099188821437
956.6258757007918
643.1064484153851
431.24309290956455
185.96746888200596
108.29306459938567
5.377713568556169
-121.87446987326521
-521.753143138151
-671.0792194361703
-1253.7999319394119
-1627.372332763402
-1902.8176646153684
-1626.2010542699177
-3398.189651879127
-1411.4309033771888
0.036502568079295666
663.7950622326962
63.39827181575316
-804.0587429694456
-194.9984184796611
-107.81560603830869
56.34473627483278
965.6289305562207
2873.527741538774
1627.4047770593988
1473.2534733342331
598.0270874320602
320.8626885686947
108.24428637874739
5.7763184784654555
-44.17197585213733
-15.856553714822185
-223.81332978954507
-287.40280340457514
-293.4841190316685
-453.2896456849526
-864.1910721991874
-1691.7460877821713
-2755.7205623981295
-166.68569029683886
-44.69124859473484
298.04094067771234
-2.015683507837914
172.5778683757475
-0.06541859315042217
-53.42759072604282
-340.9405141087434
-170.47184922540322
-14.306527648256003
22.25462130234674
-293.3710321541664
1509.161956067338
1704.1716190799411
1246.3425592794285
204.67689261100927
-1.7231288587586155
346.5002711523613
-0.7947401250187507
-574.1732249706525
-6.79770134632817
25.77089003775998
-363.807530239123
-2002.4911903507718
-94.46491149318204
404.77540564598814
777.4513873575247
168.60835744558267
96.67195574571832
167.27564820643389
18.64062526949941
433.08294546785186
1170.9829800662424
697.6129727724518
120.73324445149395
6.0868425671129405
-61.930637218348
-89.60846095645414
-313.6766066770878
-1072.2340749391635
-2169.6062735634596
3.5772531191588466
-218.93154511506816
-1351.7798351678875
-68.62838619012466
1125.0049628503875
272.09580643738866
-7.441034173689594
-440.9598953906704
-1951.4277751505092
-2.3401456880822282
162.7498256461954
-4.119400321769331
5.890011805232835
-0.5860568089690756
416.61966499746813
4031.386125294651
2926.6321159290947
2192.0800854757335
1875.850072654958
1609.844763024001
2410.400276239551
1162.7827348484843
706.8392856974623
850.5798126779935
396.7950423477712
548.7210590684731
533.3781340637323
334.7048508097522
51.3106000098919
69.89993221285697
35.91233630002587
-0.5383522161328267
-17.83848338718134
-44.51145801265116
-103.85239652415108
-266.33572331008054
-284.791897842924
-493.73591671224807
-476.8946762221833
-844.5156872342081
-1313.6399342355114
-1884.1687604288732
-2533.956454747058
-2694.256538434187
-4475.0759506474205
-1589.230863807567
94.59958633172391
52.46894556904433
-153.85612336150487
-56.20732791768917
-364.34144612079547
-1007.13057638195
-2463.9141633040517
-4334.898785828184
-1656.0385275354404
147.19155514049453
-71.07297248576396
-311.1542922849891
-900.068174932364
26.284968275653274
1097.9512331306262
1968.8918892845993
1989.6963422974095
579.3345435471219
195.19744310669859
-6.614581604825739
-269.6778145923199
-1464.4226363641837
-1329.9893205636217
-162.06645806441992
-240.1551980981283
-937.0540321065262
-1791.9587282460143
237.11328685979416
1190.3412090093693
-541.8805888336296
-645.4714858439263
-46.77459411074628
2157.2004644310637
340.3874632533446
-543.4942970807596
-6.18725041026868
118.92659336775822
35.91983056278586
-253.6671063319502
-1831.1439539585767
708.875567675018
173.68932446617498
852.000744178757
192.67938691157468
82.37766768978625
202.38729607287186
1590.110769644054
265.3865498614498
-158.0416737103746
-1966.9871229689543
-353.34204267786856
157.0621241373697
28.41001628860854
-8.019513205404795
-377.2398362776646
-1778.1562880292413
-2476.7649450445847
-54.91334892887753
4038.4711121880355
129.30714512559274
612.7419207058116
1255.4532769497077
1038.9340983643197
3568.8336108614717
2581.138250098481
1818.053019504816
1154.1049089474104
712.5057687547632
411.19226735324276
115.4708287405828
42.72498445581032
-16.67236913232193
-1.5658166373672144
-134.38430100707768
-229.02758623020264
-79.07520086165374
-19.35079748942726
-738.0264763391378
102.87917965271998
4030.1958521155357
3387.671106793313
1877.327726496955
534.1723054278281
322.4288309463084
128.04463935950622
605.119674530617
627.9411435078778
113.37636376911829
-6.552227774000104
-86.1250033780418
-62.52648859506248
-634.5554987477059
-277.9791902617401
-8.914409600033217
11.936143971205917
-289.33741265264644
-419.9260892563894
-1098.9307099853527
-1771.6936442374065
-314.0884017720798
-148.34644677993253
80.3135747205219
1344.3779831879535
510.62687698103
366.2092538862536
110.67832126385179
47.0295753305282
28.646030226457448
-0.6042711188793529
-1.2665594961667712
-0.552321798104545
84.38308443217919
109.94776630007433
3.9584610123233563
-30.04633568179663
-56.10273544038304
-217.60943731440273
-82.53693232877723
-78.16480225693834
-185.48600186124224
-272.0326684745213
-175.07417807400472
49.16958375062703
-4.54084306632118
9.746793226366837
-285.119548385233
-854.9681613482842
-700.203438862011
-88.62435651153463
276.3650048994203
155.33019886948404
16.48918761937577
-42.71082706651004
-15.442711110544945
144.38883160599667
70.5178985316664
0.10068906107163031
-33.569333070057546
-225.82394951806887
-292.3135852655737
-863.1654323030459
-759.2510201841434
-1436.199392418545
-988.4193401520434
800.214588769474
351.5022830669511
-7.331047519033744
175.17566614004608
1602.7025607677635
570.6608164919274
212.83894873461117
20.016500960263894
-7.829181976696654
-73.7611274879227
0.033398040389877676
58.54243386987552
0.3641491101217918
-81.08696467277927
-20.479525282672626
-8.5553106721839
-245.1449290146789
-1056.3349463249174
-2350.873817257407
-6613.026541968906
-910.6700116300283
-404.93399477041555
281.66935587439025
534.5675271613393
1662.2304344426263
1170.2855318823736
447.1932436224547
150.1288509883935
350.63639484284806
1049.3884819343693
8.081105416858938
-317.43095565280504
14.843351077723586
-19.94798569954896
-1715.0113631187453
-648.8305327252212
1527.2240147882792
1622.7799195603425
877.4251536495751
463.1811310337133
209.79750758874476
178.63245919163955
12.930914714873559
-31.311511192245224
-350.6972967926816
-174.43760873674807
-340.0611270537286
-763.106139830749
-1378.6760298868653
-469.40207336119204
-780.9865818232958
-428.5094675719095
-757.6498075945215
-1370.8165073694772
-2192.3680296024722
-1829.025930979278
366.07206392850594
7.759342658565675
-86.83936879181365
-1.2841456173111037
-199.1634582011028
-15.993762271977818
792.3529367169026
3225.981339433925
1258.201973984495
191.74695727126186
-58.87703200369359
-882.3030692821198
-1862.7055196932076
-614.0572692160009
-808.366209825032
2624.9082397964717
183.18494051675648
-297.99305114446827
-131.41835642747313
-14.647156271520998
-397.90361991135427
-13.055105782534067
0.42194769324837855
-200.1380688262328
-570.8462391766026
-412.09893725979475
-1.8640551127265819
998.6810524056639
656.806877998961
183.38891175464647
103.84798392795652
-9.806453860320403
-165.66456434530474
-116.0637432669818
-176.1339122302659
909.3724221789123
1125.138155543502
833.7585281951219
543.88392739907
105.05799134256901
-39.634772320976786
-142.27042988121713
-149.2828746926752
44.17801034001424
8.3668224418813
-99.11735120402123
22.00621068375602
995.0505643237957
1579.499755031655
246.1694574318691
49.195833416812945
-794.3770495239767
-483.6735093128226
928.9256103630146
127.81169724554172
-59.22142815662644
-180.64722565845923
44.822942430239095
16.343978846556347
2.3177575490125526
-623.1656977181744
1395.7134222216082
1084.9574080301895
698.5652974331897
447.8983152500466
17.984277765107834
178.46418688043457
29.479016547280672
34.833875466319164
412.2132212315898
1874.7947400096477
407.08414433474434
148.9577735939228
-710.4528804938997
-1360.3648788370797
-316.2429931325854
2156.1538858906224
3768.996714245873
24784.071758070935
-87540.57
3199.316881604208
1735.832202575475
587.29730317831
500.14108481394857
1036.8608409985086
1054.177154273057
1098.6015891184184
754.6116824701214
312.06364244255445
46.263766966267966
-86.94416937359969
-283.69360800837734
-977.4844545143185
-1077.0997317933554
-1823.0137812760165
-31.85213211064632
-6.961056241859164
-156.14486453105616
-0.9321013350926022
149.360624789315
6.982807569843173
-106.88679762520843
-689.0308505253597
-1345.464805090306
-3136.390522185107
-1369.4407895582642
304.0701750720091
342.58560251127517
52.91629254244032
10.438163261919442
-37.726291267347975
-357.0064458322762
-1291.5889363083834
-3044.9189543637176
-46.78426198435578
18.16611362615856
-57.804105559521275
-125.41750139366242
-60.403413196807655
32.2566450845924
582.5536253558759
3565.2374717555076
2953.249419428639
2738.714137493111
2597.2323888610804
1736.4052258325894
1361.441917091519
778.1765433647955
900.8758382528501
866.36641601521
703.3091936635617
435.0917783545234
418.11523487253396
435.4673214880304
314.8924448227734
18.601550252876017
-139.3989953677512
-189.656394066808
-463.20765867497323
-353.4063418455407
-564.4567274678881
-866.354582316416
-1435.5739145988186
-3473.1640093353944
-3661.852611747726
72.02495251476995
2075.1523406536157
1563.3879928690606
856.3574888822442
608.5020173436151
1454.9046946646235
1584.1639434675715
1998.52283169751
904.0528407249134
152.9734599229794
12.780552421519713
-96.60126846285758
-43.068609150512245
177.04277604780708
561.2513182249737
468.2473012673315
67.87483038867212
94.67331652557037
4.5585487624296634
19.194477657843407
-3.0499255470330136
7.416157470660478
-23.451606108897785
-49.48801445929273
-162.68762746344962
5362.536875407508
15674.678712050025
25078.966630595583
28360.15869868214
52209.221694470456
68238.89315519528
87471.67228055568
106518.2158728062
129726.02791641356
145435.07059087136
170343.02820926064
200437.18391370264
196663.1733718137
187342.18992693466
238026.77077161448
246835.66153528253
298670.8742600308
329067.4212489827
345426.8382570584
397437.18351065915
466591.90271891723
494992.691291954
533132.0449343745
559138.7903141193
546284.0973813195
570784.4344416105
620998.8552074982
646451.2190595975
710102.3091239027
773780.5344982515
792493.7662266964
856201.0966784211
927597.8302109056
1097576.943091733
1284344.10804097
1186007.4921157586
1265861.162081592
1474775.0949255773
1800697.5159118753
3057480.6505089365
-2437864.9
-1728060.1999999997
-1438335.69
-1323911.1299999997
-1404411.82
-1284073.0199999998
-1103439.21
-1069192.99
-1032664.6400000004
-1159731.24
-891154.13
-915915.0399999999
-783235.1499999999
-893652.8099999998
-936251.9299999999
-870625.11
-638958.56
-601485.3899999999
-518038.7799999999
-405938.82
-308516.52
-269709.02
-245109.23
-249662.21999999997
-176741.94999999998
-203146.52000000002
-157250.87999999998
-119196.16
-132679.85
-114011.92
-93310.86
-95553.15000000002
-90462.44999999998
-76990.58
-69921.1
-57710.57
-40912.340000000004
-30394.51
-23854.85
-7706.53
0
0
0
0
0
0
0
0
0
0
0
0
0
0
0
0
0
0
0
0
0
0
0
0
0
0
0
0
0
0
0
0
0
0
0
0
0
0
0
0
0
0
0
0
0
0
0
0
0
0
0
0
0
0
0
0
0
0
0
0
0
0
0
0
0
0
0
0
